0.03571428571428571 2.692725
0.07142857142857142 2.692725
0.10714285714285714 2.692725
0.14285714285714285 2.692725
0.17857142857142858 2.692725
0.21428571428571427 2.692725
0.25 2.692725
0.2857142857142857 2.692725
0.32142857142857145 2.692725
0.35714285714285715 2.692725
0.39285714285714285 2.692725
0.42857142857142855 2.69638359375
0.4642857142857143 2.69638359375
0.5 2.692725
0.5357142857142857 2.692725
0.5714285714285714 2.68906640625
0.6071428571428571 2.6854078125
0.6428571428571429 2.6854078125
0.6785714285714286 2.6854078125
0.7142857142857143 2.6854078125
0.75 2.6854078125
0.7857142857142857 2.68174921875
0.8214285714285714 2.68174921875
0.8571428571428571 2.68174921875
0.8928571428571429 2.68174921875
0.9285714285714286 2.68174921875
0.9642857142857143 2.68174921875
1.0 2.68174921875
1.0357142857142858 2.678090625
1.0714285714285714 2.678090625
1.1071428571428572 2.678090625
1.1428571428571428 2.678090625
1.1785714285714286 2.678090625
1.2142857142857142 2.678090625
1.25 2.678090625
1.2857142857142858 2.678090625
1.3214285714285714 2.678090625
1.3571428571428572 2.678090625
1.3928571428571428 2.678090625
1.4285714285714286 2.68174921875
1.4642857142857142 2.6854078125
1.5 2.68174921875
1.5357142857142858 2.68906640625
1.5714285714285714 2.68906640625
1.6071428571428572 2.68174921875
1.6428571428571428 2.68174921875
1.6785714285714286 2.678090625
1.7142857142857142 2.678090625
1.75 2.678090625
1.7857142857142858 2.678090625
1.8214285714285714 2.678090625
1.8571428571428572 2.67443203125
1.8928571428571428 2.67443203125
1.9285714285714286 2.67443203125
1.9642857142857142 2.67443203125
2.0 2.67443203125
2.0357142857142856 2.67443203125
2.0714285714285716 2.67443203125
2.107142857142857 2.6707734375
2.142857142857143 2.6707734375
2.1785714285714284 2.67443203125
2.2142857142857144 2.6707734375
2.25 2.6707734375
2.2857142857142856 2.6707734375
2.3214285714285716 2.6707734375
2.357142857142857 2.6707734375
2.392857142857143 2.6707734375
2.4285714285714284 2.6707734375
2.4642857142857144 2.6707734375
2.5 2.67443203125
2.5357142857142856 2.67443203125
2.5714285714285716 2.67443203125
2.607142857142857 2.678090625
2.642857142857143 2.68174921875
2.6785714285714284 2.678090625
2.7142857142857144 2.67443203125
2.75 2.67443203125
2.7857142857142856 2.6707734375
2.8214285714285716 2.6707734375
2.857142857142857 2.66711484375
2.892857142857143 2.66711484375
2.9285714285714284 2.66711484375
2.9642857142857144 2.66711484375
3.0 2.66711484375
3.0357142857142856 2.66345625
3.0714285714285716 2.66345625
3.107142857142857 2.66345625
3.142857142857143 2.66345625
3.1785714285714284 2.66345625
3.2142857142857144 2.66345625
3.25 2.66345625
3.2857142857142856 2.66345625
3.3214285714285716 2.66345625
3.357142857142857 2.66345625
3.392857142857143 2.66345625
3.4285714285714284 2.66345625
3.4642857142857144 2.66345625
3.5 2.66345625
3.5357142857142856 2.66345625
3.5714285714285716 2.65979765625
3.607142857142857 2.65979765625
3.642857142857143 2.66345625
3.6785714285714284 2.66711484375
3.7142857142857144 2.66711484375
3.75 2.66711484375
3.7857142857142856 2.66711484375
3.8214285714285716 2.66711484375
3.857142857142857 2.66345625
3.892857142857143 2.66345625
3.9285714285714284 2.65979765625
3.9642857142857144 2.65979765625
4.0 2.6561390625
4.035714285714286 2.6561390625
4.071428571428571 2.6561390625
4.107142857142857 2.6561390625
4.142857142857143 2.6561390625
4.178571428571429 2.6561390625
4.214285714285714 2.6561390625
4.25 2.65248046875
4.285714285714286 2.6561390625
4.321428571428571 2.6561390625
4.357142857142857 2.65248046875
4.392857142857143 2.65248046875
4.428571428571429 2.65248046875
4.464285714285714 2.65248046875
4.5 2.65248046875
4.535714285714286 2.65248046875
4.571428571428571 2.65248046875
4.607142857142857 2.65248046875
4.642857142857143 2.65248046875
4.678571428571429 2.65248046875
4.714285714285714 2.65248046875
4.75 2.65248046875
4.785714285714286 2.6561390625
4.821428571428571 2.65979765625
4.857142857142857 2.66345625
4.892857142857143 2.66345625
4.928571428571429 2.65979765625
4.964285714285714 2.65979765625
5.0 2.6561390625
5.035714285714286 2.65248046875
5.071428571428571 2.65248046875
5.107142857142857 2.648821875
5.142857142857143 2.648821875
5.178571428571429 2.648821875
5.214285714285714 2.648821875
5.25 2.64516328125
5.285714285714286 2.64516328125
5.321428571428571 2.64516328125
5.357142857142857 2.64516328125
5.392857142857143 2.64516328125
5.428571428571429 2.64516328125
5.464285714285714 2.64516328125
5.5 2.64516328125
5.535714285714286 2.6415046875
5.571428571428571 2.6415046875
5.607142857142857 2.6415046875
5.642857142857143 2.6415046875
5.678571428571429 2.6415046875
5.714285714285714 2.6415046875
5.75 2.6415046875
5.785714285714286 2.6415046875
5.821428571428571 2.6415046875
5.857142857142857 2.648821875
5.892857142857143 2.648821875
5.928571428571429 2.65248046875
5.964285714285714 2.65248046875
6.0 2.65248046875
6.035714285714286 2.65248046875
6.071428571428571 2.648821875
6.107142857142857 2.64516328125
6.142857142857143 2.64516328125
6.178571428571429 2.64516328125
6.214285714285714 2.64516328125
6.25 2.6415046875
6.285714285714286 2.6415046875
6.321428571428571 2.6415046875
6.357142857142857 2.63784609375
6.392857142857143 2.63784609375
6.428571428571429 2.63784609375
6.464285714285714 2.63784609375
6.5 2.63784609375
6.535714285714286 2.63784609375
6.571428571428571 2.63784609375
6.607142857142857 2.63784609375
6.642857142857143 2.63784609375
6.678571428571429 2.63784609375
6.714285714285714 2.63784609375
6.75 2.63784609375
6.785714285714286 2.6341875
6.821428571428571 2.63784609375
6.857142857142857 2.6341875
6.892857142857143 2.6341875
6.928571428571429 2.6341875
6.964285714285714 2.63784609375
7.0 2.64516328125
7.035714285714286 2.64516328125
7.071428571428571 2.64516328125
7.107142857142857 2.65248046875
7.142857142857143 2.65248046875
7.178571428571429 2.648821875
7.214285714285714 2.64516328125
7.25 2.6415046875
7.285714285714286 2.6415046875
7.321428571428571 2.6415046875
7.357142857142857 2.6415046875
7.392857142857143 2.63784609375
7.428571428571429 2.63784609375
7.464285714285714 2.63784609375
7.5 2.63784609375
7.535714285714286 2.63784609375
7.571428571428571 2.63784609375
7.607142857142857 2.63784609375
7.642857142857143 2.63784609375
7.678571428571429 2.63784609375
7.714285714285714 2.63784609375
7.75 2.6341875
7.785714285714286 2.6341875
7.821428571428571 2.6341875
7.857142857142857 2.6341875
7.892857142857143 2.6341875
7.928571428571429 2.6341875
7.964285714285714 2.6341875
8.0 2.6341875
8.035714285714286 2.6341875
8.071428571428571 2.6341875
8.107142857142858 2.6415046875
8.142857142857142 2.6415046875
8.178571428571429 2.64516328125
8.214285714285714 2.64516328125
8.25 2.648821875
8.285714285714286 2.6415046875
8.321428571428571 2.6415046875
8.357142857142858 2.63784609375
8.392857142857142 2.63784609375
8.428571428571429 2.63784609375
8.464285714285714 2.63784609375
8.5 2.6341875
8.535714285714286 2.6341875
8.571428571428571 2.6341875
8.607142857142858 2.6341875
8.642857142857142 2.6341875
8.678571428571429 2.6341875
8.714285714285714 2.63052890625
8.75 2.63052890625
8.785714285714286 2.63052890625
8.821428571428571 2.63052890625
8.857142857142858 2.63052890625
8.892857142857142 2.63052890625
8.928571428571429 2.63052890625
8.964285714285714 2.63052890625
9.0 2.63052890625
9.035714285714286 2.63052890625
9.071428571428571 2.63052890625
9.107142857142858 2.63052890625
9.142857142857142 2.63052890625
9.178571428571429 2.6341875
9.214285714285714 2.6341875
9.25 2.63784609375
9.285714285714286 2.63784609375
9.321428571428571 2.64516328125
9.357142857142858 2.6415046875
9.392857142857142 2.6415046875
9.428571428571429 2.63784609375
9.464285714285714 2.6341875
9.5 2.63052890625
9.535714285714286 2.63052890625
9.571428571428571 2.63052890625
9.607142857142858 2.63052890625
9.642857142857142 2.63052890625
9.678571428571429 2.63052890625
9.714285714285714 2.63052890625
9.75 2.6268703125
9.785714285714286 2.6268703125
9.821428571428571 2.6268703125
9.857142857142858 2.6268703125
9.892857142857142 2.6268703125
9.928571428571429 2.6268703125
9.964285714285714 2.6268703125
10.0 2.6268703125
10.035714285714286 2.6268703125
10.071428571428571 2.6268703125
10.107142857142858 2.6268703125
10.142857142857142 2.62321171875
10.178571428571429 2.6268703125
10.214285714285714 2.62321171875
10.25 2.62321171875
10.285714285714286 2.62321171875
10.321428571428571 2.63052890625
10.357142857142858 2.6341875
10.392857142857142 2.63784609375
10.428571428571429 2.63784609375
10.464285714285714 2.63784609375
10.5 2.63052890625
10.535714285714286 2.63052890625
10.571428571428571 2.63052890625
10.607142857142858 2.6268703125
10.642857142857142 2.6268703125
10.678571428571429 2.6268703125
10.714285714285714 2.6268703125
10.75 2.62321171875
10.785714285714286 2.62321171875
10.821428571428571 2.62321171875
10.857142857142858 2.62321171875
10.892857142857142 2.62321171875
10.928571428571429 2.62321171875
10.964285714285714 2.62321171875
11.0 2.62321171875
11.035714285714286 2.619553125
11.071428571428571 2.619553125
11.107142857142858 2.619553125
11.142857142857142 2.619553125
11.178571428571429 2.619553125
11.214285714285714 2.619553125
11.25 2.619553125
11.285714285714286 2.619553125
11.321428571428571 2.619553125
11.357142857142858 2.619553125
11.392857142857142 2.62321171875
11.428571428571429 2.6268703125
11.464285714285714 2.6268703125
11.5 2.63052890625
11.535714285714286 2.63784609375
11.571428571428571 2.6341875
11.607142857142858 2.63052890625
11.642857142857142 2.63052890625
11.678571428571429 2.6268703125
11.714285714285714 2.6268703125
11.75 2.62321171875
11.785714285714286 2.62321171875
11.821428571428571 2.62321171875
11.857142857142858 2.62321171875
11.892857142857142 2.62321171875
11.928571428571429 2.62321171875
11.964285714285714 2.62321171875
12.0 2.62321171875
12.035714285714286 2.619553125
12.071428571428571 2.619553125
12.107142857142858 2.619553125
12.142857142857142 2.619553125
12.178571428571429 2.619553125
12.214285714285714 2.619553125
12.25 2.619553125
12.285714285714286 2.619553125
12.321428571428571 2.619553125
12.357142857142858 2.619553125
12.392857142857142 2.619553125
12.428571428571429 2.619553125
12.464285714285714 2.619553125
12.5 2.619553125
12.535714285714286 2.62321171875
12.571428571428571 2.6268703125
12.607142857142858 2.63052890625
12.642857142857142 2.63052890625
12.678571428571429 2.63052890625
12.714285714285714 2.6268703125
12.75 2.62321171875
12.785714285714286 2.62321171875
12.821428571428571 2.62321171875
12.857142857142858 2.62321171875
12.892857142857142 2.619553125
12.928571428571429 2.619553125
12.964285714285714 2.619553125
13.0 2.619553125
13.035714285714286 2.619553125
13.071428571428571 2.61589453125
13.107142857142858 2.61589453125
13.142857142857142 2.61589453125
13.178571428571429 2.61589453125
13.214285714285714 2.61589453125
13.25 2.61589453125
13.285714285714286 2.61589453125
13.321428571428571 2.61589453125
13.357142857142858 2.61589453125
13.392857142857142 2.61589453125
13.428571428571429 2.61589453125
13.464285714285714 2.61589453125
13.5 2.61589453125
13.535714285714286 2.61589453125
13.571428571428571 2.61589453125
13.607142857142858 2.619553125
13.642857142857142 2.619553125
13.678571428571429 2.619553125
13.714285714285714 2.62321171875
13.75 2.63052890625
13.785714285714286 2.6268703125
13.821428571428571 2.62321171875
13.857142857142858 2.619553125
13.892857142857142 2.619553125
13.928571428571429 2.619553125
13.964285714285714 2.61589453125
14.0 2.61589453125
14.035714285714286 2.61589453125
14.071428571428571 2.61589453125
14.107142857142858 2.61589453125
14.142857142857142 2.61589453125
14.178571428571429 2.61589453125
14.214285714285714 2.6122359375
14.25 2.6122359375
14.285714285714286 2.6122359375
14.321428571428571 2.6122359375
14.357142857142858 2.6122359375
14.392857142857142 2.6122359375
14.428571428571429 2.6122359375
14.464285714285714 2.6122359375
14.5 2.6122359375
14.535714285714286 2.6122359375
14.571428571428571 2.6122359375
14.607142857142858 2.6122359375
14.642857142857142 2.60857734375
14.678571428571429 2.60857734375
14.714285714285714 2.6122359375
14.75 2.61589453125
14.785714285714286 2.61589453125
14.821428571428571 2.61589453125
14.857142857142858 2.62321171875
14.892857142857142 2.619553125
14.928571428571429 2.619553125
14.964285714285714 2.6122359375
15.0 2.6122359375
15.035714285714286 2.60857734375
15.071428571428571 2.60857734375
15.107142857142858 2.60857734375
15.142857142857142 2.60857734375
15.178571428571429 2.60857734375
15.214285714285714 2.60857734375
15.25 2.60857734375
15.285714285714286 2.60857734375
15.321428571428571 2.60857734375
15.357142857142858 2.60857734375
15.392857142857142 2.60857734375
15.428571428571429 2.60857734375
15.464285714285714 2.60857734375
15.5 2.60857734375
15.535714285714286 2.60857734375
15.571428571428571 2.60857734375
15.607142857142858 2.60857734375
15.642857142857142 2.60857734375
15.678571428571429 2.60857734375
15.714285714285714 2.60491875
15.75 2.60491875
15.785714285714286 2.60491875
15.821428571428571 2.60491875
15.857142857142858 2.60857734375
15.892857142857142 2.6122359375
15.928571428571429 2.6122359375
15.964285714285714 2.6122359375
16.0 2.61589453125
16.035714285714285 2.6122359375
16.071428571428573 2.6122359375
16.107142857142858 2.60857734375
16.142857142857142 2.60857734375
16.178571428571427 2.60857734375
16.214285714285715 2.60491875
16.25 2.60491875
16.285714285714285 2.60491875
16.321428571428573 2.60491875
16.357142857142858 2.60491875
16.392857142857142 2.60491875
16.428571428571427 2.60491875
16.464285714285715 2.60126015625
16.5 2.60126015625
16.535714285714285 2.60126015625
16.571428571428573 2.60126015625
16.607142857142858 2.60126015625
16.642857142857142 2.60126015625
16.678571428571427 2.60126015625
16.714285714285715 2.60126015625
16.75 2.60126015625
16.785714285714285 2.60126015625
16.821428571428573 2.60126015625
16.857142857142858 2.60126015625
16.892857142857142 2.60126015625
16.928571428571427 2.60126015625
16.964285714285715 2.60857734375
17.0 2.60857734375
17.035714285714285 2.60857734375
17.071428571428573 2.61589453125
17.107142857142858 2.6122359375
17.142857142857142 2.6122359375
17.178571428571427 2.60857734375
17.214285714285715 2.60857734375
17.25 2.60491875
17.285714285714285 2.60491875
17.321428571428573 2.60491875
17.357142857142858 2.60126015625
17.392857142857142 2.60126015625
17.428571428571427 2.60126015625
17.464285714285715 2.60126015625
17.5 2.60126015625
17.535714285714285 2.5976015625
17.571428571428573 2.5976015625
17.607142857142858 2.5976015625
17.642857142857142 2.5976015625
17.678571428571427 2.5976015625
17.714285714285715 2.5976015625
17.75 2.5976015625
17.785714285714285 2.5976015625
17.821428571428573 2.5976015625
17.857142857142858 2.5976015625
17.892857142857142 2.5976015625
17.928571428571427 2.5976015625
17.964285714285715 2.5976015625
18.0 2.5976015625
18.035714285714285 2.5976015625
18.071428571428573 2.60126015625
18.107142857142858 2.60126015625
18.142857142857142 2.60491875
18.178571428571427 2.60857734375
18.214285714285715 2.6122359375
18.25 2.60857734375
18.285714285714285 2.60491875
18.321428571428573 2.60491875
18.357142857142858 2.60126015625
18.392857142857142 2.60126015625
18.428571428571427 2.60126015625
18.464285714285715 2.5976015625
18.5 2.5976015625
18.535714285714285 2.5976015625
18.571428571428573 2.5976015625
18.607142857142858 2.5976015625
18.642857142857142 2.5976015625
18.678571428571427 2.59394296875
18.714285714285715 2.59394296875
18.75 2.59394296875
18.785714285714285 2.59394296875
18.821428571428573 2.59394296875
18.857142857142858 2.59394296875
18.892857142857142 2.59394296875
18.928571428571427 2.59394296875
18.964285714285715 2.59394296875
19.0 2.59394296875
19.035714285714285 2.59394296875
19.071428571428573 2.59394296875
19.107142857142858 2.59394296875
19.142857142857142 2.59394296875
19.178571428571427 2.59394296875
19.214285714285715 2.60126015625
19.25 2.60126015625
19.285714285714285 2.60857734375
19.321428571428573 2.60491875
19.357142857142858 2.60491875
19.392857142857142 2.60126015625
19.428571428571427 2.5976015625
19.464285714285715 2.5976015625
19.5 2.5976015625
19.535714285714285 2.59394296875
19.571428571428573 2.59394296875
19.607142857142858 2.59394296875
19.642857142857142 2.59394296875
19.678571428571427 2.59394296875
19.714285714285715 2.59394296875
19.75 2.590284375
19.785714285714285 2.590284375
19.821428571428573 2.590284375
19.857142857142858 2.590284375
19.892857142857142 2.590284375
19.928571428571427 2.590284375
19.964285714285715 2.590284375
20.0 2.590284375
20.035714285714285 2.590284375
20.071428571428573 2.590284375
20.107142857142858 2.590284375
20.142857142857142 2.590284375
20.178571428571427 2.590284375
20.214285714285715 2.590284375
20.25 2.58662578125
20.285714285714285 2.59394296875
20.321428571428573 2.59394296875
20.357142857142858 2.59394296875
20.392857142857142 2.5976015625
20.428571428571427 2.60126015625
20.464285714285715 2.60126015625
20.5 2.5976015625
20.535714285714285 2.59394296875
20.571428571428573 2.59394296875
20.607142857142858 2.590284375
20.642857142857142 2.590284375
20.678571428571427 2.590284375
20.714285714285715 2.590284375
20.75 2.58662578125
20.785714285714285 2.58662578125
20.821428571428573 2.58662578125
20.857142857142858 2.58662578125
20.892857142857142 2.58662578125
20.928571428571427 2.58662578125
20.964285714285715 2.58662578125
21.0 2.58662578125
21.035714285714285 2.58662578125
21.071428571428573 2.58662578125
21.107142857142858 2.58662578125
21.142857142857142 2.58662578125
21.178571428571427 2.58662578125
21.214285714285715 2.58662578125
21.25 2.58662578125
21.285714285714285 2.58662578125
21.321428571428573 2.5829671875
21.357142857142858 2.5829671875
21.392857142857142 2.58662578125
21.428571428571427 2.590284375
21.464285714285715 2.590284375
21.5 2.5976015625
21.535714285714285 2.59394296875
21.571428571428573 2.59394296875
21.607142857142858 2.590284375
21.642857142857142 2.58662578125
21.678571428571427 2.58662578125
21.714285714285715 2.58662578125
21.75 2.58662578125
21.785714285714285 2.58662578125
21.821428571428573 2.5829671875
21.857142857142858 2.5829671875
21.892857142857142 2.5829671875
21.928571428571427 2.5829671875
21.964285714285715 2.5829671875
22.0 2.57930859375
22.035714285714285 2.57930859375
22.071428571428573 2.57930859375
22.107142857142858 2.5829671875
22.142857142857142 2.57930859375
22.178571428571427 2.57930859375
22.214285714285715 2.57930859375
22.25 2.57930859375
22.285714285714285 2.57930859375
22.321428571428573 2.57930859375
22.357142857142858 2.57930859375
22.392857142857142 2.57930859375
22.428571428571427 2.57930859375
22.464285714285715 2.57930859375
22.5 2.5829671875
22.535714285714285 2.5829671875
22.571428571428573 2.58662578125
22.607142857142858 2.58662578125
22.642857142857142 2.590284375
22.678571428571427 2.590284375
22.714285714285715 2.58662578125
22.75 2.58662578125
22.785714285714285 2.5829671875
22.821428571428573 2.5829671875
22.857142857142858 2.57930859375
22.892857142857142 2.57930859375
22.928571428571427 2.57930859375
22.964285714285715 2.57930859375
23.0 2.57930859375
23.035714285714285 2.57930859375
23.071428571428573 2.57930859375
23.107142857142858 2.57930859375
23.142857142857142 2.57565
23.178571428571427 2.57565
23.214285714285715 2.57565
23.25 2.57565
23.285714285714285 2.57565
23.321428571428573 2.57565
23.357142857142858 2.57565
23.392857142857142 2.57565
23.428571428571427 2.57199140625
23.464285714285715 2.57565
23.5 2.57565
23.535714285714285 2.57199140625
23.571428571428573 2.57199140625
23.607142857142858 2.57565
23.642857142857142 2.57930859375
23.678571428571427 2.57930859375
23.714285714285715 2.5829671875
23.75 2.58662578125
23.785714285714285 2.58662578125
23.821428571428573 2.5829671875
23.857142857142858 2.57930859375
23.892857142857142 2.57930859375
23.928571428571427 2.57565
23.964285714285715 2.57565
24.0 2.57565
24.035714285714285 2.57565
24.071428571428573 2.57565
24.107142857142858 2.57199140625
24.142857142857142 2.57199140625
24.178571428571427 2.57199140625
24.214285714285715 2.57199140625
24.25 2.57199140625
24.285714285714285 2.57199140625
24.321428571428573 2.57199140625
24.357142857142858 2.57199140625
24.392857142857142 2.57199140625
24.428571428571427 2.57199140625
24.464285714285715 2.57199140625
24.5 2.57199140625
24.535714285714285 2.57199140625
24.571428571428573 2.57199140625
24.607142857142858 2.5683328125
24.642857142857142 2.5683328125
24.678571428571427 2.5683328125
24.714285714285715 2.5683328125
24.75 2.57565
24.785714285714285 2.57565
24.821428571428573 2.57930859375
24.857142857142858 2.5829671875
24.892857142857142 2.5829671875
24.928571428571427 2.57930859375
24.964285714285715 2.57565
25.0 2.57565
25.035714285714285 2.57199140625
25.071428571428573 2.57199140625
25.107142857142858 2.57199140625
25.142857142857142 2.57199140625
25.178571428571427 2.5683328125
25.214285714285715 2.5683328125
25.25 2.5683328125
25.285714285714285 2.5683328125
25.321428571428573 2.5683328125
25.357142857142858 2.5683328125
25.392857142857142 2.56467421875
25.428571428571427 2.56467421875
25.464285714285715 2.56467421875
25.5 2.56467421875
25.535714285714285 2.56467421875
25.571428571428573 2.56467421875
25.607142857142858 2.56467421875
25.642857142857142 2.56467421875
25.678571428571427 2.56467421875
25.714285714285715 2.56467421875
25.75 2.56467421875
25.785714285714285 2.56467421875
25.821428571428573 2.56467421875
25.857142857142858 2.5683328125
25.892857142857142 2.57199140625
25.928571428571427 2.57199140625
25.964285714285715 2.57930859375
26.0 2.57565
26.035714285714285 2.57565
26.071428571428573 2.57199140625
26.107142857142858 2.5683328125
26.142857142857142 2.5683328125
26.178571428571427 2.56467421875
26.214285714285715 2.56467421875
26.25 2.56467421875
26.285714285714285 2.56467421875
26.321428571428573 2.56467421875
26.357142857142858 2.56467421875
26.392857142857142 2.56467421875
26.428571428571427 2.56467421875
26.464285714285715 2.56467421875
26.5 2.56467421875
26.535714285714285 2.561015625
26.571428571428573 2.561015625
26.607142857142858 2.561015625
26.642857142857142 2.561015625
26.678571428571427 2.561015625
26.714285714285715 2.561015625
26.75 2.561015625
26.785714285714285 2.561015625
26.821428571428573 2.561015625
26.857142857142858 2.561015625
26.892857142857142 2.561015625
26.928571428571427 2.561015625
26.964285714285715 2.56467421875
27.0 2.56467421875
27.035714285714285 2.56467421875
27.071428571428573 2.5683328125
27.107142857142858 2.57199140625
27.142857142857142 2.56467421875
27.178571428571427 2.56467421875
27.214285714285715 2.56467421875
27.25 2.561015625
27.285714285714285 2.561015625
27.321428571428573 2.561015625
27.357142857142858 2.561015625
27.392857142857142 2.55735703125
27.428571428571427 2.55735703125
27.464285714285715 2.55735703125
27.5 2.55735703125
27.535714285714285 2.55735703125
27.571428571428573 2.55735703125
27.607142857142858 2.55735703125
27.642857142857142 2.55735703125
27.678571428571427 2.55735703125
27.714285714285715 2.5536984375
27.75 2.55735703125
27.785714285714285 2.5536984375
27.821428571428573 2.5536984375
27.857142857142858 2.5536984375
27.892857142857142 2.5536984375
27.928571428571427 2.5536984375
27.964285714285715 2.5536984375
28.0 2.5536984375
28.035714285714285 2.5536984375
28.071428571428573 2.561015625
28.107142857142858 2.55735703125
28.142857142857142 2.561015625
28.178571428571427 2.5683328125
28.214285714285715 2.56467421875
28.25 2.56467421875
28.285714285714285 2.561015625
28.321428571428573 2.55735703125
28.357142857142858 2.5536984375
28.392857142857142 2.5536984375
28.428571428571427 2.5536984375
28.464285714285715 2.5536984375
28.5 2.55003984375
28.535714285714285 2.55003984375
28.571428571428573 2.55003984375
28.607142857142858 2.55003984375
28.642857142857142 2.55003984375
28.678571428571427 2.55003984375
28.714285714285715 2.55003984375
28.75 2.55003984375
28.785714285714285 2.55003984375
28.821428571428573 2.55003984375
28.857142857142858 2.54638125
28.892857142857142 2.54638125
28.928571428571427 2.54638125
28.964285714285715 2.54638125
29.0 2.54638125
29.035714285714285 2.54638125
29.071428571428573 2.54638125
29.107142857142858 2.54638125
29.142857142857142 2.54638125
29.178571428571427 2.55003984375
29.214285714285715 2.5536984375
29.25 2.55735703125
29.285714285714285 2.561015625
29.321428571428573 2.561015625
29.357142857142858 2.55735703125
29.392857142857142 2.55735703125
29.428571428571427 2.5536984375
29.464285714285715 2.5536984375
29.5 2.55003984375
29.535714285714285 2.55003984375
29.571428571428573 2.55003984375
29.607142857142858 2.55003984375
29.642857142857142 2.55003984375
29.678571428571427 2.55003984375
29.714285714285715 2.55003984375
29.75 2.54638125
29.785714285714285 2.54638125
29.821428571428573 2.54638125
29.857142857142858 2.54638125
29.892857142857142 2.54638125
29.928571428571427 2.54638125
29.964285714285715 2.54638125
30.0 2.54638125
30.035714285714285 2.54638125
30.071428571428573 2.54638125
30.107142857142858 2.54638125
30.142857142857142 2.54638125
30.178571428571427 2.54638125
30.214285714285715 2.54272265625
30.25 2.54638125
30.285714285714285 2.54638125
30.321428571428573 2.55003984375
30.357142857142858 2.5536984375
30.392857142857142 2.55735703125
30.428571428571427 2.55735703125
30.464285714285715 2.5536984375
30.5 2.55003984375
30.535714285714285 2.55003984375
30.571428571428573 2.55003984375
30.607142857142858 2.55003984375
30.642857142857142 2.54638125
30.678571428571427 2.54638125
30.714285714285715 2.54638125
30.75 2.54638125
30.785714285714285 2.54272265625
30.821428571428573 2.54272265625
30.857142857142858 2.54272265625
30.892857142857142 2.54272265625
30.928571428571427 2.54272265625
30.964285714285715 2.54272265625
31.0 2.54272265625
31.035714285714285 2.54272265625
31.071428571428573 2.54272265625
31.107142857142858 2.54272265625
31.142857142857142 2.54272265625
31.178571428571427 2.54272265625
31.214285714285715 2.54272265625
31.25 2.54272265625
31.285714285714285 2.54272265625
31.321428571428573 2.5390640625
31.357142857142858 2.5390640625
31.392857142857142 2.54272265625
31.428571428571427 2.54272265625
31.464285714285715 2.54272265625
31.5 2.55003984375
31.535714285714285 2.55003984375
31.571428571428573 2.55003984375
31.607142857142858 2.54272265625
31.642857142857142 2.54272265625
31.678571428571427 2.54272265625
31.714285714285715 2.54272265625
31.75 2.5390640625
31.785714285714285 2.5390640625
31.821428571428573 2.53540546875
31.857142857142858 2.53540546875
31.892857142857142 2.53540546875
31.928571428571427 2.53540546875
31.964285714285715 2.53540546875
32.0 2.53540546875
32.035714285714285 2.53540546875
32.07142857142857 2.53540546875
32.107142857142854 2.53540546875
32.142857142857146 2.53540546875
32.17857142857143 2.531746875
32.214285714285715 2.531746875
32.25 2.531746875
32.285714285714285 2.531746875
32.32142857142857 2.531746875
32.357142857142854 2.531746875
32.392857142857146 2.531746875
32.42857142857143 2.531746875
32.464285714285715 2.531746875
32.5 2.531746875
32.535714285714285 2.53540546875
32.57142857142857 2.53540546875
32.607142857142854 2.54638125
32.642857142857146 2.54272265625
32.67857142857143 2.5390640625
32.714285714285715 2.5390640625
32.75 2.53540546875
32.785714285714285 2.53540546875
32.82142857142857 2.53540546875
32.857142857142854 2.53540546875
32.892857142857146 2.531746875
32.92857142857143 2.531746875
32.964285714285715 2.531746875
33.0 2.531746875
33.035714285714285 2.531746875
33.07142857142857 2.531746875
33.107142857142854 2.531746875
33.142857142857146 2.531746875
33.17857142857143 2.52808828125
33.214285714285715 2.52808828125
33.25 2.52808828125
33.285714285714285 2.52808828125
33.32142857142857 2.52808828125
33.357142857142854 2.52808828125
33.392857142857146 2.52808828125
33.42857142857143 2.52808828125
33.464285714285715 2.52808828125
33.5 2.52808828125
33.535714285714285 2.52808828125
33.57142857142857 2.52808828125
33.607142857142854 2.531746875
33.642857142857146 2.53540546875
33.67857142857143 2.53540546875
33.714285714285715 2.5390640625
33.75 2.5390640625
33.785714285714285 2.5390640625
33.82142857142857 2.53540546875
33.857142857142854 2.531746875
33.892857142857146 2.531746875
33.92857142857143 2.531746875
33.964285714285715 2.52808828125
34.0 2.52808828125
34.035714285714285 2.52808828125
34.07142857142857 2.52808828125
34.107142857142854 2.52808828125
34.142857142857146 2.52808828125
34.17857142857143 2.52808828125
34.214285714285715 2.5244296875
34.25 2.5244296875
34.285714285714285 2.5244296875
34.32142857142857 2.5244296875
34.357142857142854 2.5244296875
34.392857142857146 2.5244296875
34.42857142857143 2.5244296875
34.464285714285715 2.52077109375
34.5 2.5244296875
34.535714285714285 2.52077109375
34.57142857142857 2.5244296875
34.607142857142854 2.5244296875
34.642857142857146 2.52077109375
34.67857142857143 2.52077109375
34.714285714285715 2.5244296875
34.75 2.52808828125
34.785714285714285 2.52808828125
34.82142857142857 2.531746875
34.857142857142854 2.531746875
34.892857142857146 2.531746875
34.92857142857143 2.52808828125
34.964285714285715 2.52808828125
35.0 2.5244296875
35.035714285714285 2.5244296875
35.07142857142857 2.5244296875
35.107142857142854 2.5244296875
35.142857142857146 2.52077109375
35.17857142857143 2.52077109375
35.214285714285715 2.52077109375
35.25 2.52077109375
35.285714285714285 2.52077109375
35.32142857142857 2.52077109375
35.357142857142854 2.52077109375
35.392857142857146 2.52077109375
35.42857142857143 2.52077109375
35.464285714285715 2.52077109375
35.5 2.52077109375
35.535714285714285 2.5171125
35.57142857142857 2.52077109375
35.607142857142854 2.5171125
35.642857142857146 2.5171125
35.67857142857143 2.5171125
35.714285714285715 2.5171125
35.75 2.5171125
35.785714285714285 2.5171125
35.82142857142857 2.5171125
35.857142857142854 2.5244296875
35.892857142857146 2.5244296875
35.92857142857143 2.531746875
35.964285714285715 2.531746875
36.0 2.531746875
36.035714285714285 2.5244296875
36.07142857142857 2.5244296875
36.107142857142854 2.52077109375
36.142857142857146 2.52077109375
36.17857142857143 2.52077109375
36.214285714285715 2.52077109375
36.25 2.52077109375
36.285714285714285 2.52077109375
36.32142857142857 2.52077109375
36.357142857142854 2.5171125
36.392857142857146 2.5171125
36.42857142857143 2.5171125
36.464285714285715 2.5171125
36.5 2.5171125
36.535714285714285 2.5171125
36.57142857142857 2.51345390625
36.607142857142854 2.51345390625
36.642857142857146 2.51345390625
36.67857142857143 2.51345390625
36.714285714285715 2.51345390625
36.75 2.51345390625
36.785714285714285 2.51345390625
36.82142857142857 2.51345390625
36.857142857142854 2.5171125
36.892857142857146 2.51345390625
36.92857142857143 2.5171125
36.964285714285715 2.52077109375
37.0 2.52077109375
37.035714285714285 2.5244296875
37.07142857142857 2.531746875
37.107142857142854 2.52077109375
37.142857142857146 2.52077109375
37.17857142857143 2.52077109375
37.214285714285715 2.52077109375
37.25 2.5171125
37.285714285714285 2.51345390625
37.32142857142857 2.51345390625
37.357142857142854 2.5171125
37.392857142857146 2.51345390625
37.42857142857143 2.51345390625
37.464285714285715 2.51345390625
37.5 2.51345390625
37.535714285714285 2.51345390625
37.57142857142857 2.51345390625
37.607142857142854 2.51345390625
37.642857142857146 2.51345390625
37.67857142857143 2.51345390625
37.714285714285715 2.51345390625
37.75 2.51345390625
37.785714285714285 2.51345390625
37.82142857142857 2.51345390625
37.857142857142854 2.5097953125
37.892857142857146 2.51345390625
37.92857142857143 2.51345390625
37.964285714285715 2.51345390625
38.0 2.5097953125
38.035714285714285 2.5171125
38.07142857142857 2.5171125
38.107142857142854 2.5171125
38.142857142857146 2.5244296875
38.17857142857143 2.52077109375
38.214285714285715 2.5244296875
38.25 2.5171125
38.285714285714285 2.51345390625
38.32142857142857 2.51345390625
38.357142857142854 2.51345390625
38.392857142857146 2.51345390625
38.42857142857143 2.51345390625
38.464285714285715 2.51345390625
38.5 2.5097953125
38.535714285714285 2.5097953125
38.57142857142857 2.5097953125
38.607142857142854 2.5097953125
38.642857142857146 2.5097953125
38.67857142857143 2.5097953125
38.714285714285715 2.50613671875
38.75 2.50613671875
38.785714285714285 2.50613671875
38.82142857142857 2.50613671875
38.857142857142854 2.50613671875
38.892857142857146 2.50613671875
38.92857142857143 2.50613671875
38.964285714285715 2.50613671875
39.0 2.50613671875
39.035714285714285 2.50613671875
39.07142857142857 2.50613671875
39.107142857142854 2.50613671875
39.142857142857146 2.5097953125
39.17857142857143 2.51345390625
39.214285714285715 2.51345390625
39.25 2.51345390625
39.285714285714285 2.52077109375
39.32142857142857 2.5171125
39.357142857142854 2.51345390625
39.392857142857146 2.51345390625
39.42857142857143 2.51345390625
39.464285714285715 2.51345390625
39.5 2.5097953125
39.535714285714285 2.50613671875
39.57142857142857 2.50613671875
39.607142857142854 2.50613671875
39.642857142857146 2.50613671875
39.67857142857143 2.50613671875
39.714285714285715 2.50613671875
39.75 2.50613671875
39.785714285714285 2.50613671875
39.82142857142857 2.50613671875
39.857142857142854 2.50613671875
39.892857142857146 2.50613671875
39.92857142857143 2.50613671875
