0.07142857142857142 1.2951421875
0.10714285714285714 1.2951421875
0.14285714285714285 1.2951421875
0.17857142857142858 1.2951421875
0.21428571428571427 1.2951421875
0.75 1.302459375
0.7857142857142857 1.30611796875
0.8214285714285714 1.2951421875
0.8571428571428571 1.2951421875
0.8928571428571429 1.2951421875
0.9285714285714286 1.2951421875
0.9642857142857143 1.2951421875
1.0 1.2951421875
1.0357142857142858 1.2951421875
1.0714285714285714 1.2951421875
1.1071428571428572 1.2951421875
1.1428571428571428 1.2951421875
1.1785714285714286 1.29880078125
1.2142857142857142 1.29880078125
1.25 1.29880078125
1.2857142857142858 1.29880078125
1.3214285714285714 1.29880078125
1.3571428571428572 1.2951421875
1.3928571428571428 1.29880078125
1.4285714285714286 1.2951421875
1.4642857142857142 1.29880078125
1.5 1.29880078125
1.5357142857142858 1.29880078125
1.5714285714285714 1.2951421875
1.6071428571428572 1.2951421875
1.6428571428571428 1.2951421875
1.6785714285714286 1.2951421875
1.7142857142857142 1.2951421875
1.75 1.2951421875
1.7857142857142858 1.29880078125
1.8214285714285714 1.29880078125
1.8571428571428572 1.29880078125
1.8928571428571428 1.29880078125
2.4285714285714284 1.331728125
2.4642857142857144 1.29880078125
2.5 1.29880078125
2.5357142857142856 1.29880078125
2.5714285714285716 1.2951421875
2.607142857142857 1.29880078125
2.642857142857143 1.29880078125
2.6785714285714284 1.29880078125
2.7142857142857144 1.2951421875
2.75 1.2951421875
2.7857142857142856 1.29880078125
2.8214285714285716 1.29880078125
2.857142857142857 1.29880078125
2.892857142857143 1.29880078125
2.9285714285714284 1.29880078125
2.9642857142857144 1.29880078125
3.0 1.29880078125
3.0357142857142856 1.29880078125
3.0714285714285716 1.29880078125
3.107142857142857 1.29880078125
3.142857142857143 1.29880078125
3.1785714285714284 1.29880078125
3.2142857142857144 1.29880078125
3.25 1.2951421875
3.2857142857142856 1.2951421875
3.3214285714285716 1.2951421875
3.357142857142857 1.29880078125
3.392857142857143 1.29880078125
3.4285714285714284 1.29880078125
3.4642857142857144 1.29880078125
3.5 1.2951421875
3.5357142857142856 1.29880078125
3.5714285714285716 1.29880078125
4.107142857142857 1.29880078125
4.142857142857143 1.29880078125
4.178571428571429 1.29880078125
4.214285714285714 1.29880078125
4.25 1.29880078125
4.285714285714286 1.29880078125
4.321428571428571 1.2951421875
4.357142857142857 1.2951421875
4.392857142857143 1.2951421875
4.428571428571429 1.2951421875
4.464285714285714 1.29880078125
4.5 1.29880078125
4.535714285714286 1.29880078125
4.571428571428571 1.29880078125
4.607142857142857 1.29880078125
4.642857142857143 1.29880078125
4.678571428571429 1.29880078125
4.714285714285714 1.29880078125
4.75 1.29880078125
4.785714285714286 1.29880078125
4.821428571428571 1.29880078125
4.857142857142857 1.29880078125
4.892857142857143 1.29880078125
4.928571428571429 1.29880078125
4.964285714285714 1.29880078125
5.0 1.2951421875
5.035714285714286 1.29880078125
5.071428571428571 1.2951421875
5.107142857142857 1.2951421875
5.142857142857143 1.29880078125
5.178571428571429 1.29880078125
5.214285714285714 1.29880078125
5.785714285714286 1.2951421875
5.821428571428571 1.2951421875
5.857142857142857 1.2951421875
5.892857142857143 1.2951421875
5.928571428571429 1.2951421875
5.964285714285714 1.29880078125
6.0 1.29880078125
6.035714285714286 1.29880078125
6.071428571428571 1.29880078125
6.107142857142857 1.29880078125
6.142857142857143 1.29880078125
6.178571428571429 1.29880078125
6.214285714285714 1.2951421875
6.25 1.29880078125
6.285714285714286 1.29880078125
6.321428571428571 1.29880078125
6.357142857142857 1.29880078125
6.392857142857143 1.29880078125
6.428571428571429 1.29880078125
6.464285714285714 1.29880078125
6.5 1.29880078125
6.535714285714286 1.29880078125
6.571428571428571 1.29880078125
6.607142857142857 1.29880078125
6.642857142857143 1.29880078125
6.678571428571429 1.29880078125
6.714285714285714 1.29880078125
6.75 1.29880078125
6.785714285714286 1.29880078125
6.821428571428571 1.29880078125
6.857142857142857 1.29880078125
7.428571428571429 1.32075234375
7.464285714285714 1.29880078125
7.5 1.29880078125
7.535714285714286 1.29880078125
7.571428571428571 1.29880078125
7.607142857142857 1.2951421875
7.642857142857143 1.29880078125
7.678571428571429 1.29880078125
7.714285714285714 1.29880078125
7.75 1.29880078125
7.785714285714286 1.29880078125
7.821428571428571 1.29880078125
7.857142857142857 1.29880078125
7.892857142857143 1.29880078125
7.928571428571429 1.29880078125
7.964285714285714 1.29880078125
8.0 1.29880078125
8.035714285714286 1.29880078125
8.071428571428571 1.29880078125
8.107142857142858 1.29880078125
8.142857142857142 1.29880078125
8.178571428571429 1.29880078125
8.214285714285714 1.29880078125
8.25 1.29880078125
8.285714285714286 1.29880078125
8.321428571428571 1.29880078125
8.357142857142858 1.29880078125
8.392857142857142 1.29880078125
8.428571428571429 1.29880078125
8.464285714285714 1.2951421875
8.5 1.29880078125
8.535714285714286 1.29880078125
8.571428571428571 1.29880078125
9.107142857142858 1.29880078125
9.142857142857142 1.29880078125
9.178571428571429 1.29880078125
9.214285714285714 1.29880078125
9.25 1.29880078125
9.285714285714286 1.29880078125
9.321428571428571 1.29880078125
9.357142857142858 1.302459375
9.392857142857142 1.29880078125
9.428571428571429 1.29880078125
9.464285714285714 1.29880078125
9.5 1.29880078125
9.535714285714286 1.29880078125
9.571428571428571 1.302459375
9.607142857142858 1.302459375
9.642857142857142 1.302459375
9.678571428571429 1.302459375
9.714285714285714 1.302459375
9.75 1.302459375
9.785714285714286 1.29880078125
9.821428571428571 1.2951421875
9.857142857142858 1.2951421875
9.892857142857142 1.302459375
9.928571428571429 1.29880078125
9.964285714285714 1.29880078125
10.0 1.302459375
10.035714285714286 1.302459375
10.071428571428571 1.302459375
10.107142857142858 1.302459375
10.142857142857142 1.302459375
10.178571428571429 1.29880078125
10.214285714285714 1.29880078125
10.785714285714286 1.29880078125
10.821428571428571 1.29880078125
10.857142857142858 1.29880078125
10.892857142857142 1.29880078125
10.928571428571429 1.2951421875
10.964285714285714 1.29880078125
11.0 1.29880078125
11.035714285714286 1.29880078125
11.071428571428571 1.29880078125
11.107142857142858 1.29880078125
11.142857142857142 1.2951421875
11.178571428571429 1.29880078125
11.214285714285714 1.29880078125
11.25 1.302459375
11.285714285714286 1.29880078125
11.321428571428571 1.29880078125
11.357142857142858 1.302459375
11.392857142857142 1.29880078125
11.428571428571429 1.302459375
11.464285714285714 1.29880078125
11.5 1.29880078125
11.535714285714286 1.29880078125
11.571428571428571 1.29880078125
11.607142857142858 1.29880078125
11.642857142857142 1.29880078125
11.678571428571429 1.29880078125
11.714285714285714 1.29880078125
11.75 1.29880078125
11.785714285714286 1.302459375
11.821428571428571 1.2951421875
11.857142857142858 1.29880078125
12.428571428571429 1.29880078125
12.464285714285714 1.2951421875
12.5 1.302459375
12.535714285714286 1.29880078125
12.571428571428571 1.2951421875
12.607142857142858 1.29880078125
12.642857142857142 1.2951421875
12.678571428571429 1.29880078125
12.714285714285714 1.29880078125
12.75 1.29880078125
12.785714285714286 1.29880078125
12.821428571428571 1.29880078125
12.857142857142858 1.29880078125
12.892857142857142 1.29880078125
12.928571428571429 1.302459375
12.964285714285714 1.29880078125
13.0 1.29880078125
13.035714285714286 1.29880078125
13.071428571428571 1.29880078125
13.107142857142858 1.29880078125
13.142857142857142 1.29880078125
13.178571428571429 1.29880078125
13.214285714285714 1.29880078125
13.25 1.29880078125
13.285714285714286 1.29880078125
13.321428571428571 1.302459375
13.357142857142858 1.29880078125
13.392857142857142 1.302459375
13.428571428571429 1.302459375
13.464285714285714 1.302459375
13.5 1.302459375
13.535714285714286 1.29880078125
13.571428571428571 1.302459375
14.107142857142858 1.29880078125
14.142857142857142 1.29880078125
14.178571428571429 1.29880078125
14.214285714285714 1.29880078125
14.25 1.29880078125
14.285714285714286 1.29880078125
14.321428571428571 1.302459375
14.357142857142858 1.29880078125
14.392857142857142 1.29880078125
14.428571428571429 1.29880078125
14.464285714285714 1.29880078125
14.5 1.302459375
14.535714285714286 1.302459375
14.571428571428571 1.29880078125
14.607142857142858 1.29880078125
14.642857142857142 1.29880078125
14.678571428571429 1.29880078125
14.714285714285714 1.29880078125
14.75 1.29880078125
14.785714285714286 1.29880078125
14.821428571428571 1.29880078125
14.857142857142858 1.302459375
14.892857142857142 1.302459375
14.928571428571429 1.29880078125
14.964285714285714 1.29880078125
15.0 1.302459375
15.035714285714286 1.29880078125
15.071428571428571 1.29880078125
15.107142857142858 1.29880078125
15.142857142857142 1.302459375
15.178571428571429 1.302459375
15.214285714285714 1.302459375
15.785714285714286 1.29880078125
15.821428571428571 1.29880078125
15.857142857142858 1.29880078125
15.892857142857142 1.29880078125
15.928571428571429 1.29880078125
15.964285714285714 1.29880078125
16.0 1.302459375
16.035714285714285 1.302459375
16.071428571428573 1.302459375
16.107142857142858 1.302459375
16.142857142857142 1.302459375
16.178571428571427 1.29880078125
16.214285714285715 1.29880078125
16.25 1.29880078125
16.285714285714285 1.29880078125
16.321428571428573 1.302459375
16.357142857142858 1.302459375
16.392857142857142 1.302459375
16.428571428571427 1.302459375
16.464285714285715 1.302459375
16.5 1.302459375
16.535714285714285 1.302459375
16.571428571428573 1.302459375
16.607142857142858 1.29880078125
16.642857142857142 1.29880078125
16.678571428571427 1.302459375
16.714285714285715 1.29880078125
16.75 1.29880078125
16.785714285714285 1.302459375
16.821428571428573 1.302459375
16.857142857142858 1.302459375
16.892857142857142 1.302459375
17.464285714285715 1.2951421875
17.5 1.29880078125
17.535714285714285 1.29880078125
17.571428571428573 1.302459375
17.607142857142858 1.302459375
17.642857142857142 1.29880078125
17.678571428571427 1.29880078125
17.714285714285715 1.29880078125
17.75 1.29880078125
17.785714285714285 1.302459375
17.821428571428573 1.302459375
17.857142857142858 1.302459375
17.892857142857142 1.302459375
17.928571428571427 1.302459375
17.964285714285715 1.29880078125
18.0 1.302459375
18.035714285714285 1.29880078125
18.071428571428573 1.302459375
18.107142857142858 1.302459375
18.142857142857142 1.29880078125
18.178571428571427 1.29880078125
18.214285714285715 1.29880078125
18.25 1.29880078125
18.285714285714285 1.302459375
18.321428571428573 1.29880078125
18.357142857142858 1.29880078125
18.392857142857142 1.29880078125
18.428571428571427 1.302459375
18.464285714285715 1.302459375
18.5 1.302459375
18.535714285714285 1.29880078125
19.107142857142858 1.31709375
19.142857142857142 1.302459375
19.178571428571427 1.302459375
19.214285714285715 1.302459375
19.25 1.302459375
19.285714285714285 1.302459375
19.321428571428573 1.302459375
19.357142857142858 1.302459375
19.392857142857142 1.302459375
19.428571428571427 1.302459375
19.464285714285715 1.302459375
19.5 1.302459375
19.535714285714285 1.302459375
19.571428571428573 1.302459375
19.607142857142858 1.302459375
19.642857142857142 1.302459375
19.678571428571427 1.302459375
19.714285714285715 1.302459375
19.75 1.302459375
19.785714285714285 1.302459375
19.821428571428573 1.302459375
19.857142857142858 1.302459375
19.892857142857142 1.302459375
19.928571428571427 1.302459375
19.964285714285715 1.302459375
20.0 1.302459375
20.035714285714285 1.302459375
20.071428571428573 1.302459375
20.107142857142858 1.302459375
20.142857142857142 1.302459375
20.178571428571427 1.302459375
20.214285714285715 1.302459375
20.75 1.33538671875
20.785714285714285 1.302459375
20.821428571428573 1.29880078125
20.857142857142858 1.29880078125
20.892857142857142 1.302459375
20.928571428571427 1.302459375
20.964285714285715 1.302459375
21.0 1.302459375
21.035714285714285 1.302459375
21.071428571428573 1.302459375
21.107142857142858 1.302459375
21.142857142857142 1.302459375
21.178571428571427 1.29880078125
21.214285714285715 1.29880078125
21.25 1.302459375
21.285714285714285 1.302459375
21.321428571428573 1.302459375
21.357142857142858 1.302459375
21.392857142857142 1.302459375
21.428571428571427 1.302459375
21.464285714285715 1.302459375
21.5 1.302459375
21.535714285714285 1.302459375
21.571428571428573 1.302459375
21.607142857142858 1.302459375
21.642857142857142 1.302459375
21.678571428571427 1.302459375
21.714285714285715 1.29880078125
21.75 1.29880078125
21.785714285714285 1.302459375
21.821428571428573 1.302459375
21.857142857142858 1.302459375
21.892857142857142 1.302459375
22.464285714285715 1.302459375
22.5 1.302459375
22.535714285714285 1.302459375
22.571428571428573 1.302459375
22.607142857142858 1.302459375
22.642857142857142 1.302459375
22.678571428571427 1.302459375
22.714285714285715 1.302459375
22.75 1.302459375
22.785714285714285 1.302459375
22.821428571428573 1.302459375
22.857142857142858 1.302459375
22.892857142857142 1.302459375
22.928571428571427 1.302459375
22.964285714285715 1.302459375
23.0 1.302459375
23.035714285714285 1.302459375
23.071428571428573 1.302459375
23.107142857142858 1.302459375
23.142857142857142 1.302459375
23.178571428571427 1.302459375
23.214285714285715 1.302459375
23.25 1.302459375
23.285714285714285 1.302459375
23.321428571428573 1.302459375
23.357142857142858 1.302459375
23.392857142857142 1.302459375
23.428571428571427 1.302459375
23.464285714285715 1.302459375
23.5 1.302459375
23.535714285714285 1.302459375
24.107142857142858 1.302459375
24.142857142857142 1.302459375
24.178571428571427 1.302459375
24.214285714285715 1.302459375
24.25 1.302459375
24.285714285714285 1.302459375
24.321428571428573 1.302459375
24.357142857142858 1.302459375
24.392857142857142 1.302459375
24.428571428571427 1.30611796875
24.464285714285715 1.30611796875
24.5 1.302459375
24.535714285714285 1.30611796875
24.571428571428573 1.302459375
24.607142857142858 1.302459375
24.642857142857142 1.302459375
24.678571428571427 1.302459375
24.714285714285715 1.302459375
24.75 1.302459375
24.785714285714285 1.302459375
24.821428571428573 1.302459375
24.857142857142858 1.302459375
24.892857142857142 1.302459375
24.928571428571427 1.302459375
24.964285714285715 1.302459375
25.0 1.302459375
25.035714285714285 1.302459375
25.071428571428573 1.30611796875
25.107142857142858 1.302459375
25.142857142857142 1.302459375
25.178571428571427 1.302459375
25.214285714285715 1.302459375
25.75 1.32075234375
25.785714285714285 1.302459375
25.821428571428573 1.302459375
25.857142857142858 1.302459375
25.892857142857142 1.302459375
25.928571428571427 1.302459375
25.964285714285715 1.302459375
26.0 1.302459375
26.035714285714285 1.302459375
26.071428571428573 1.302459375
26.107142857142858 1.302459375
26.142857142857142 1.302459375
26.178571428571427 1.302459375
26.214285714285715 1.30611796875
26.25 1.30611796875
26.285714285714285 1.30611796875
26.321428571428573 1.30611796875
26.357142857142858 1.30611796875
26.392857142857142 1.30611796875
26.428571428571427 1.30611796875
26.464285714285715 1.302459375
26.5 1.302459375
26.535714285714285 1.30611796875
26.571428571428573 1.30611796875
26.607142857142858 1.30611796875
26.642857142857142 1.302459375
26.678571428571427 1.302459375
26.714285714285715 1.30611796875
26.75 1.302459375
26.785714285714285 1.30611796875
26.821428571428573 1.302459375
26.857142857142858 1.302459375
26.892857142857142 1.302459375
27.464285714285715 1.302459375
27.5 1.302459375
27.535714285714285 1.302459375
27.571428571428573 1.302459375
27.607142857142858 1.302459375
27.642857142857142 1.302459375
27.678571428571427 1.302459375
27.714285714285715 1.302459375
27.75 1.302459375
27.785714285714285 1.302459375
27.821428571428573 1.302459375
27.857142857142858 1.302459375
27.892857142857142 1.302459375
27.928571428571427 1.302459375
27.964285714285715 1.302459375
28.0 1.30611796875
28.035714285714285 1.30611796875
28.071428571428573 1.30611796875
28.107142857142858 1.30611796875
28.142857142857142 1.30611796875
28.178571428571427 1.302459375
28.214285714285715 1.302459375
28.25 1.30611796875
28.285714285714285 1.302459375
28.321428571428573 1.30611796875
28.357142857142858 1.30611796875
28.392857142857142 1.30611796875
28.428571428571427 1.30611796875
28.464285714285715 1.30611796875
28.5 1.302459375
28.535714285714285 1.302459375
29.107142857142858 1.30611796875
29.142857142857142 1.30611796875
29.178571428571427 1.30611796875
29.214285714285715 1.30611796875
29.25 1.30611796875
29.285714285714285 1.302459375
29.321428571428573 1.302459375
29.357142857142858 1.30611796875
29.392857142857142 1.30611796875
29.428571428571427 1.30611796875
29.464285714285715 1.30611796875
29.5 1.30611796875
29.535714285714285 1.30611796875
29.571428571428573 1.302459375
29.607142857142858 1.302459375
29.642857142857142 1.302459375
29.678571428571427 1.30611796875
29.714285714285715 1.30611796875
29.75 1.30611796875
29.785714285714285 1.30611796875
29.821428571428573 1.30611796875
29.857142857142858 1.30611796875
29.892857142857142 1.30611796875
29.928571428571427 1.30611796875
29.964285714285715 1.30611796875
30.0 1.302459375
30.035714285714285 1.30611796875
30.071428571428573 1.302459375
30.107142857142858 1.30611796875
30.142857142857142 1.302459375
30.178571428571427 1.302459375
30.214285714285715 1.30611796875
30.785714285714285 1.3097765625
30.821428571428573 1.302459375
30.857142857142858 1.30611796875
30.892857142857142 1.30611796875
30.928571428571427 1.30611796875
30.964285714285715 1.30611796875
31.0 1.30611796875
31.035714285714285 1.30611796875
31.071428571428573 1.30611796875
31.107142857142858 1.30611796875
31.142857142857142 1.30611796875
31.178571428571427 1.30611796875
31.214285714285715 1.30611796875
31.25 1.30611796875
31.285714285714285 1.30611796875
31.321428571428573 1.30611796875
31.357142857142858 1.30611796875
31.392857142857142 1.30611796875
31.428571428571427 1.302459375
31.464285714285715 1.30611796875
31.5 1.30611796875
31.535714285714285 1.30611796875
31.571428571428573 1.30611796875
31.607142857142858 1.30611796875
31.642857142857142 1.30611796875
31.678571428571427 1.30611796875
31.714285714285715 1.302459375
31.75 1.302459375
31.785714285714285 1.30611796875
31.821428571428573 1.30611796875
31.857142857142858 1.30611796875
31.892857142857142 1.30611796875
32.42857142857143 1.33538671875
32.464285714285715 1.30611796875
32.5 1.30611796875
32.535714285714285 1.302459375
32.57142857142857 1.30611796875
32.607142857142854 1.30611796875
32.642857142857146 1.30611796875
32.67857142857143 1.30611796875
32.714285714285715 1.30611796875
32.75 1.30611796875
32.785714285714285 1.30611796875
32.82142857142857 1.30611796875
32.857142857142854 1.30611796875
32.892857142857146 1.30611796875
32.92857142857143 1.30611796875
32.964285714285715 1.30611796875
33.0 1.30611796875
33.035714285714285 1.30611796875
33.07142857142857 1.30611796875
33.107142857142854 1.30611796875
33.142857142857146 1.30611796875
33.17857142857143 1.30611796875
33.214285714285715 1.30611796875
33.25 1.30611796875
33.285714285714285 1.30611796875
33.32142857142857 1.30611796875
33.357142857142854 1.30611796875
33.392857142857146 1.30611796875
33.42857142857143 1.30611796875
33.464285714285715 1.30611796875
33.5 1.30611796875
33.535714285714285 1.3097765625
33.57142857142857 1.3097765625
34.107142857142854 1.30611796875
34.142857142857146 1.30611796875
34.17857142857143 1.30611796875
34.214285714285715 1.30611796875
34.25 1.30611796875
34.285714285714285 1.30611796875
34.32142857142857 1.30611796875
34.357142857142854 1.30611796875
34.392857142857146 1.30611796875
34.42857142857143 1.30611796875
34.464285714285715 1.30611796875
34.5 1.30611796875
34.535714285714285 1.30611796875
34.57142857142857 1.30611796875
34.607142857142854 1.30611796875
34.642857142857146 1.30611796875
34.67857142857143 1.30611796875
34.714285714285715 1.30611796875
34.75 1.30611796875
34.785714285714285 1.30611796875
34.82142857142857 1.30611796875
34.857142857142854 1.30611796875
34.892857142857146 1.30611796875
34.92857142857143 1.30611796875
34.964285714285715 1.30611796875
35.0 1.30611796875
35.035714285714285 1.30611796875
35.07142857142857 1.30611796875
35.107142857142854 1.30611796875
35.142857142857146 1.30611796875
35.17857142857143 1.30611796875
35.214285714285715 1.30611796875
35.75 1.302459375
35.785714285714285 1.30611796875
35.82142857142857 1.30611796875
35.857142857142854 1.30611796875
35.892857142857146 1.30611796875
35.92857142857143 1.30611796875
35.964285714285715 1.30611796875
36.0 1.30611796875
36.035714285714285 1.30611796875
36.07142857142857 1.3097765625
36.107142857142854 1.3097765625
36.142857142857146 1.3097765625
36.17857142857143 1.30611796875
36.214285714285715 1.30611796875
36.25 1.30611796875
36.285714285714285 1.30611796875
36.32142857142857 1.3097765625
36.357142857142854 1.30611796875
36.392857142857146 1.30611796875
36.42857142857143 1.3097765625
36.464285714285715 1.3097765625
36.5 1.3097765625
36.535714285714285 1.3097765625
36.57142857142857 1.30611796875
36.607142857142854 1.30611796875
36.642857142857146 1.30611796875
36.67857142857143 1.30611796875
36.714285714285715 1.30611796875
36.75 1.3097765625
36.785714285714285 1.3097765625
36.82142857142857 1.30611796875
36.857142857142854 1.3097765625
37.42857142857143 1.3097765625
37.464285714285715 1.302459375
37.5 1.30611796875
37.535714285714285 1.30611796875
37.57142857142857 1.30611796875
37.607142857142854 1.30611796875
37.642857142857146 1.30611796875
37.67857142857143 1.30611796875
37.714285714285715 1.30611796875
37.75 1.3097765625
37.785714285714285 1.30611796875
37.82142857142857 1.30611796875
37.857142857142854 1.30611796875
37.892857142857146 1.3097765625
37.92857142857143 1.30611796875
37.964285714285715 1.3097765625
38.0 1.3097765625
38.035714285714285 1.3097765625
38.07142857142857 1.3097765625
38.107142857142854 1.3097765625
38.142857142857146 1.3097765625
38.17857142857143 1.3097765625
38.214285714285715 1.30611796875
38.25 1.3097765625
38.285714285714285 1.3097765625
38.32142857142857 1.3097765625
38.357142857142854 1.3097765625
38.392857142857146 1.3097765625
38.42857142857143 1.30611796875
38.464285714285715 1.30611796875
38.5 1.3097765625
38.535714285714285 1.3097765625
38.57142857142857 1.3097765625
39.107142857142854 1.3097765625
39.142857142857146 1.3097765625
39.17857142857143 1.3097765625
39.214285714285715 1.3097765625
39.25 1.3097765625
39.285714285714285 1.3097765625
39.32142857142857 1.30611796875
39.357142857142854 1.30611796875
39.392857142857146 1.30611796875
39.42857142857143 1.30611796875
39.464285714285715 1.3097765625
39.5 1.3097765625
39.535714285714285 1.3097765625
39.57142857142857 1.3097765625
39.607142857142854 1.3097765625
39.642857142857146 1.3097765625
39.67857142857143 1.3097765625
39.714285714285715 1.3097765625
39.75 1.3097765625
39.785714285714285 1.3097765625
39.82142857142857 1.3097765625
39.857142857142854 1.3097765625
39.892857142857146 1.3097765625
39.92857142857143 1.3097765625
