0.03571428571428571 1.7853937500000001
0.07142857142857142 1.7853937500000001
0.10714285714285714 1.7853937500000001
0.14285714285714285 1.7817351562500001
0.17857142857142858 1.7817351562500001
0.21428571428571427 1.7817351562500001
0.25 1.7817351562500001
0.2857142857142857 1.7817351562500001
0.32142857142857145 1.7780765625
0.35714285714285715 1.7927109375
0.4642857142857143 1.78905234375
0.5 1.80368671875
0.5357142857142857 1.79636953125
0.5714285714285714 1.81100390625
0.6071428571428571 1.800028125
0.6428571428571429 1.800028125
0.6785714285714286 1.79636953125
0.7142857142857143 1.7927109375
0.75 1.7927109375
0.7857142857142857 1.7927109375
0.8214285714285714 1.7927109375
0.8571428571428571 1.7927109375
0.8928571428571429 1.7927109375
0.9285714285714286 1.7927109375
0.9642857142857143 1.78905234375
1.0 1.78905234375
1.0357142857142858 1.78905234375
1.0714285714285714 1.78905234375
1.1071428571428572 1.78905234375
1.1428571428571428 1.78905234375
1.1785714285714286 1.78905234375
1.2142857142857142 1.7853937500000001
1.25 1.7853937500000001
1.2857142857142858 1.7853937500000001
1.3214285714285714 1.7853937500000001
1.3571428571428572 1.7853937500000001
1.3928571428571428 1.7853937500000001
1.4285714285714286 1.7817351562500001
1.5 1.7927109375
1.6071428571428572 1.7927109375
1.6428571428571428 1.800028125
1.6785714285714286 1.79636953125
1.7142857142857142 1.78905234375
1.75 1.7853937500000001
1.7857142857142858 1.7817351562500001
1.8214285714285714 1.7853937500000001
1.8571428571428572 1.7853937500000001
1.8928571428571428 1.7853937500000001
1.9285714285714286 1.7817351562500001
1.9642857142857142 1.7817351562500001
2.0 1.7817351562500001
2.0357142857142856 1.7817351562500001
2.0714285714285716 1.7780765625
2.107142857142857 1.7780765625
2.142857142857143 1.7780765625
2.1785714285714284 1.7780765625
2.2142857142857144 1.7780765625
2.25 1.7780765625
2.2857142857142856 1.7780765625
2.3214285714285716 1.77441796875
2.357142857142857 1.77441796875
2.392857142857143 1.77441796875
2.4285714285714284 1.77441796875
2.4642857142857144 1.77441796875
2.5 1.77441796875
2.5357142857142856 1.76710078125
2.5714285714285716 1.7853937500000001
2.6785714285714284 1.78905234375
2.7142857142857144 1.7927109375
2.75 1.78905234375
2.7857142857142856 1.7927109375
2.8214285714285716 1.78905234375
2.857142857142857 1.7853937500000001
2.892857142857143 1.7853937500000001
2.9285714285714284 1.7853937500000001
2.9642857142857144 1.7853937500000001
3.0 1.7817351562500001
3.0357142857142856 1.7817351562500001
3.0714285714285716 1.7817351562500001
3.107142857142857 1.7817351562500001
3.142857142857143 1.7817351562500001
3.1785714285714284 1.7817351562500001
3.2142857142857144 1.7817351562500001
3.25 1.7817351562500001
3.2857142857142856 1.7817351562500001
3.3214285714285716 1.7817351562500001
3.357142857142857 1.7817351562500001
3.392857142857143 1.7817351562500001
3.4285714285714284 1.7817351562500001
3.4642857142857144 1.7817351562500001
3.5 1.7780765625
3.5357142857142856 1.7780765625
3.5714285714285716 1.7780765625
3.607142857142857 1.7780765625
3.642857142857143 1.7780765625
3.6785714285714284 1.7817351562500001
3.7142857142857144 1.7927109375
3.8214285714285716 1.80368671875
3.857142857142857 1.8073453125
3.892857142857143 1.80368671875
3.9285714285714284 1.80368671875
3.9642857142857144 1.800028125
4.0 1.79636953125
4.035714285714286 1.7927109375
4.071428571428571 1.79636953125
4.107142857142857 1.79636953125
4.142857142857143 1.79636953125
4.178571428571429 1.79636953125
4.214285714285714 1.7927109375
4.25 1.7927109375
4.285714285714286 1.7927109375
4.321428571428571 1.7927109375
4.357142857142857 1.7927109375
4.392857142857143 1.7927109375
4.428571428571429 1.7927109375
4.464285714285714 1.7927109375
4.5 1.7927109375
4.535714285714286 1.7927109375
4.571428571428571 1.7927109375
4.607142857142857 1.7927109375
4.642857142857143 1.7927109375
4.678571428571429 1.7927109375
4.714285714285714 1.7927109375
4.75 1.78905234375
4.785714285714286 1.78905234375
4.821428571428571 1.80368671875
4.892857142857143 1.8146625
4.928571428571429 1.8219796875
4.964285714285714 1.81832109375
5.0 1.82563828125
5.035714285714286 1.8219796875
5.071428571428571 1.81832109375
5.107142857142857 1.8146625
5.142857142857143 1.81100390625
5.178571428571429 1.81100390625
5.214285714285714 1.81100390625
5.25 1.81100390625
5.285714285714286 1.81100390625
5.321428571428571 1.81100390625
5.357142857142857 1.81100390625
5.392857142857143 1.81100390625
5.428571428571429 1.81100390625
5.464285714285714 1.81100390625
5.5 1.81100390625
5.535714285714286 1.81100390625
5.571428571428571 1.81100390625
5.607142857142857 1.81100390625
5.642857142857143 1.81100390625
5.678571428571429 1.8073453125
5.714285714285714 1.8073453125
5.75 1.81100390625
5.785714285714286 1.81100390625
5.821428571428571 1.8073453125
5.857142857142857 1.8073453125
5.892857142857143 1.80368671875
5.928571428571429 1.8219796875
6.035714285714286 1.829296875
6.071428571428571 1.84758984375
6.107142857142857 1.84393125
6.142857142857143 1.84758984375
6.178571428571429 1.8366140625
6.214285714285714 1.8366140625
6.25 1.83295546875
6.285714285714286 1.83295546875
6.321428571428571 1.83295546875
6.357142857142857 1.83295546875
6.392857142857143 1.83295546875
6.428571428571429 1.83295546875
6.464285714285714 1.83295546875
6.5 1.829296875
6.535714285714286 1.829296875
6.571428571428571 1.829296875
6.607142857142857 1.829296875
6.642857142857143 1.82563828125
6.678571428571429 1.82563828125
6.714285714285714 1.82563828125
6.75 1.82563828125
6.785714285714286 1.82563828125
6.821428571428571 1.82563828125
6.857142857142857 1.82563828125
6.892857142857143 1.82563828125
6.928571428571429 1.82563828125
6.964285714285714 1.82563828125
7.0 1.8219796875
7.035714285714286 1.83295546875
7.071428571428571 1.84393125
7.142857142857143 1.858565625
7.178571428571429 1.8658828125
7.214285714285714 1.86222421875
7.25 1.86222421875
7.285714285714286 1.85490703125
7.321428571428571 1.8512484375
7.357142857142857 1.8512484375
7.392857142857143 1.8512484375
7.428571428571429 1.84758984375
7.464285714285714 1.84758984375
7.5 1.84758984375
7.535714285714286 1.84758984375
7.571428571428571 1.84758984375
7.607142857142857 1.84758984375
7.642857142857143 1.84758984375
7.678571428571429 1.84393125
7.714285714285714 1.84393125
7.75 1.84393125
7.785714285714286 1.84393125
7.821428571428571 1.84393125
7.857142857142857 1.84393125
7.892857142857143 1.84027265625
7.928571428571429 1.84027265625
7.964285714285714 1.84027265625
8.0 1.84393125
8.035714285714286 1.84393125
8.071428571428571 1.84393125
8.107142857142858 1.8366140625
8.142857142857142 1.86222421875
8.25 1.8732
8.285714285714286 1.8805171875
8.321428571428571 1.88417578125
8.357142857142858 1.88417578125
8.392857142857142 1.87685859375
8.428571428571429 1.86954140625
8.464285714285714 1.8658828125
8.5 1.86222421875
8.535714285714286 1.86222421875
8.571428571428571 1.86222421875
8.607142857142858 1.86222421875
8.642857142857142 1.86222421875
8.678571428571429 1.86222421875
8.714285714285714 1.86222421875
8.75 1.858565625
8.785714285714286 1.858565625
8.821428571428571 1.858565625
8.857142857142858 1.858565625
8.892857142857142 1.858565625
8.928571428571429 1.858565625
8.964285714285714 1.858565625
9.0 1.858565625
9.035714285714286 1.858565625
9.071428571428571 1.858565625
9.107142857142858 1.858565625
9.142857142857142 1.858565625
9.178571428571429 1.858565625
9.214285714285714 1.85490703125
9.25 1.858565625
9.285714285714286 1.8805171875
9.357142857142858 1.8951515625
9.392857142857142 1.917103125
9.428571428571429 1.90612734375
9.464285714285714 1.90612734375
9.5 1.9097859375
9.535714285714286 1.90612734375
9.571428571428571 1.90246875
9.607142857142858 1.89881015625
9.642857142857142 1.89881015625
9.678571428571429 1.89881015625
9.714285714285714 1.89881015625
9.75 1.89881015625
9.785714285714286 1.89881015625
9.821428571428571 1.89881015625
9.857142857142858 1.89881015625
9.892857142857142 1.89881015625
9.928571428571429 1.89881015625
9.964285714285714 1.89881015625
10.0 1.89881015625
10.035714285714286 1.89881015625
10.071428571428571 1.89881015625
10.107142857142858 1.89881015625
10.142857142857142 1.89881015625
10.178571428571429 1.89881015625
10.214285714285714 1.89881015625
10.25 1.89881015625
10.285714285714286 1.89881015625
10.321428571428571 1.89881015625
10.357142857142858 1.9097859375
10.392857142857142 1.92076171875
10.5 1.9390546875
10.535714285714286 1.95003046875
10.571428571428571 1.94271328125
10.607142857142858 1.946371875
10.642857142857142 1.946371875
10.678571428571429 1.946371875
10.714285714285714 1.946371875
10.75 1.9390546875
10.785714285714286 1.94271328125
10.821428571428571 1.94271328125
10.857142857142858 1.94271328125
10.892857142857142 1.94271328125
10.928571428571429 1.94271328125
10.964285714285714 1.94271328125
11.0 1.9390546875
11.035714285714286 1.94271328125
11.071428571428571 1.94271328125
11.107142857142858 1.9390546875
11.142857142857142 1.9390546875
11.178571428571429 1.94271328125
11.214285714285714 1.94271328125
11.25 1.9390546875
11.285714285714286 1.9390546875
11.321428571428571 1.9390546875
11.357142857142858 1.9390546875
11.392857142857142 1.9390546875
11.428571428571429 1.9390546875
11.464285714285714 1.93539609375
11.5 1.946371875
11.535714285714286 1.95003046875
11.607142857142858 1.97929921875
11.642857142857142 1.97929921875
11.678571428571429 1.97929921875
11.714285714285714 1.9829578125
11.75 1.975640625
11.785714285714286 1.97198203125
11.821428571428571 1.97198203125
11.857142857142858 1.9683234375
11.892857142857142 1.9683234375
11.928571428571429 1.9683234375
11.964285714285714 1.9683234375
12.0 1.9683234375
12.035714285714286 1.9683234375
12.071428571428571 1.9683234375
12.107142857142858 1.9683234375
12.142857142857142 1.9683234375
12.178571428571429 1.9683234375
12.214285714285714 1.9683234375
12.25 1.96466484375
12.285714285714286 1.96466484375
12.321428571428571 1.96466484375
12.357142857142858 1.96466484375
12.392857142857142 1.96466484375
12.428571428571429 1.96466484375
12.464285714285714 1.96466484375
12.5 1.96466484375
12.535714285714286 1.96466484375
12.571428571428571 1.96100625
12.607142857142858 1.990275
12.642857142857142 1.990275
12.678571428571429 1.990275
12.75 2.01588515625
12.785714285714286 2.01588515625
12.821428571428571 2.02320234375
12.857142857142858 2.01588515625
12.892857142857142 2.0122265625
12.928571428571429 2.00856796875
12.964285714285714 2.004909375
13.0 2.004909375
13.035714285714286 2.004909375
13.071428571428571 2.00856796875
13.107142857142858 2.00856796875
13.142857142857142 2.004909375
13.178571428571429 2.004909375
13.214285714285714 2.004909375
13.25 2.004909375
13.285714285714286 2.004909375
13.321428571428571 2.004909375
13.357142857142858 2.00125078125
13.392857142857142 2.00125078125
13.428571428571429 2.00125078125
13.464285714285714 2.00125078125
13.5 2.00125078125
13.535714285714286 2.00125078125
13.571428571428571 2.00125078125
13.607142857142858 2.00125078125
13.642857142857142 2.00125078125
13.678571428571429 1.9975921875
13.714285714285714 1.9975921875
13.75 2.01954375
13.785714285714286 2.0268609375
13.857142857142858 2.0414953125
13.892857142857142 2.0561296875
13.928571428571429 2.05247109375
13.964285714285714 2.05978828125
14.0 2.05247109375
14.035714285714286 2.05247109375
14.071428571428571 2.05247109375
14.107142857142858 2.0488125
14.142857142857142 2.0488125
14.178571428571429 2.04515390625
14.214285714285714 2.04515390625
14.25 2.04515390625
14.285714285714286 2.04515390625
14.321428571428571 2.04515390625
14.357142857142858 2.04515390625
14.392857142857142 2.04515390625
14.428571428571429 2.04515390625
14.464285714285714 2.04515390625
14.5 2.0414953125
14.535714285714286 2.0414953125
14.571428571428571 2.0414953125
14.607142857142858 2.0414953125
14.642857142857142 2.0414953125
14.678571428571429 2.0414953125
14.714285714285714 2.0414953125
14.75 2.0414953125
14.785714285714286 2.0414953125
14.821428571428571 2.03783671875
14.857142857142858 2.0488125
14.892857142857142 2.06710546875
15.0 2.1000328125
15.035714285714286 2.092715625
15.071428571428571 2.092715625
15.107142857142858 2.0853984375
15.142857142857142 2.08173984375
15.178571428571429 2.08173984375
15.214285714285714 2.07808125
15.25 2.07808125
15.285714285714286 2.08173984375
15.321428571428571 2.08173984375
15.357142857142858 2.07808125
15.392857142857142 2.07808125
15.428571428571429 2.07808125
15.464285714285714 2.07808125
15.5 2.07808125
15.535714285714286 2.07808125
15.571428571428571 2.07808125
15.607142857142858 2.07808125
15.642857142857142 2.07808125
15.678571428571429 2.07808125
15.714285714285714 2.07808125
15.75 2.07808125
15.785714285714286 2.07808125
15.821428571428571 2.07808125
15.857142857142858 2.07808125
15.892857142857142 2.07442265625
15.928571428571429 2.07442265625
15.964285714285714 2.06710546875
16.0 2.1000328125
16.071428571428573 2.11832578125
16.107142857142858 2.12564296875
16.142857142857142 2.004909375
16.178571428571427 2.1293015625
16.214285714285715 2.1293015625
16.25 2.12564296875
16.285714285714285 2.121984375
16.321428571428573 2.11832578125
16.357142857142858 2.11832578125
16.392857142857142 2.1146671875
16.428571428571427 2.1146671875
16.464285714285715 2.1146671875
16.5 2.1146671875
16.535714285714285 2.1146671875
16.571428571428573 2.1146671875
16.607142857142858 2.1146671875
16.642857142857142 2.1146671875
16.678571428571427 2.11100859375
16.714285714285715 2.11100859375
16.75 2.11100859375
16.785714285714285 2.11100859375
16.821428571428573 2.11100859375
16.857142857142858 2.11100859375
16.892857142857142 2.11100859375
16.928571428571427 2.11100859375
16.964285714285715 2.10735
17.0 2.10735
17.035714285714285 2.10735
17.071428571428573 2.1000328125
17.107142857142858 2.121984375
17.142857142857142 2.12564296875
17.214285714285715 2.14759453125
17.25 2.06710546875
17.285714285714285 2.06710546875
17.321428571428573 2.16222890625
17.357142857142858 2.1585703125
17.392857142857142 2.1585703125
17.428571428571427 2.1585703125
17.464285714285715 2.1585703125
17.5 2.1585703125
17.535714285714285 2.15491171875
17.571428571428573 2.15491171875
17.607142857142858 2.15491171875
17.642857142857142 2.151253125
17.678571428571427 2.151253125
17.714285714285715 2.151253125
17.75 2.151253125
17.785714285714285 2.14759453125
17.821428571428573 2.14759453125
17.857142857142858 2.14759453125
17.892857142857142 2.14759453125
17.928571428571427 2.14759453125
17.964285714285715 2.14759453125
18.0 2.14759453125
18.035714285714285 2.14759453125
18.071428571428573 2.14759453125
18.107142857142858 2.14759453125
18.142857142857142 2.1439359375
18.178571428571427 2.1439359375
18.214285714285715 2.1402773437500002
18.25 2.17686328125
18.321428571428573 2.1878390625
18.392857142857142 2.19515625
18.428571428571427 2.20613203125
18.464285714285715 2.19881484375
18.5 2.19515625
18.535714285714285 2.19149765625
18.571428571428573 2.1878390625
18.607142857142858 2.18418046875
18.642857142857142 2.18418046875
18.678571428571427 2.18418046875
18.714285714285715 2.18418046875
18.75 2.18418046875
18.785714285714285 2.18418046875
18.821428571428573 2.180521875
18.857142857142858 2.180521875
18.892857142857142 2.180521875
18.928571428571427 2.180521875
18.964285714285715 2.180521875
19.0 2.180521875
19.035714285714285 2.180521875
19.071428571428573 2.180521875
19.107142857142858 2.180521875
19.142857142857142 2.180521875
19.178571428571427 2.17686328125
19.214285714285715 2.17686328125
19.25 2.17686328125
19.285714285714285 2.1732046875
19.321428571428573 2.180521875
19.357142857142858 2.2024734375
19.464285714285715 2.23540078125
19.5 2.2317421875
19.535714285714285 2.2317421875
19.571428571428573 2.24271796875
19.607142857142858 2.23540078125
19.642857142857142 2.23540078125
19.678571428571427 2.2317421875
19.714285714285715 2.2317421875
19.75 2.2317421875
19.785714285714285 2.2317421875
19.821428571428573 2.22808359375
19.857142857142858 2.2317421875
19.892857142857142 2.22808359375
19.928571428571427 2.2317421875
19.964285714285715 2.22808359375
20.0 2.22808359375
20.035714285714285 2.22808359375
20.071428571428573 2.22808359375
20.107142857142858 2.22808359375
20.142857142857142 2.22808359375
20.178571428571427 2.22808359375
20.214285714285715 2.22808359375
20.25 2.22808359375
20.285714285714285 2.22808359375
20.321428571428573 2.22808359375
20.357142857142858 2.224425
20.392857142857142 2.22076640625
20.428571428571427 2.22076640625
20.464285714285715 2.2317421875
20.571428571428573 2.2610109375
20.607142857142858 2.13296015625
20.642857142857142 2.26466953125
20.678571428571427 2.26466953125
20.714285714285715 2.25735234375
20.75 2.25735234375
20.785714285714285 2.25003515625
20.821428571428573 2.25003515625
20.857142857142858 2.2463765625
20.892857142857142 2.2463765625
20.928571428571427 2.2463765625
20.964285714285715 2.2463765625
21.0 2.2463765625
21.035714285714285 2.2463765625
21.071428571428573 2.2463765625
21.107142857142858 2.24271796875
21.142857142857142 2.24271796875
21.178571428571427 2.24271796875
21.214285714285715 2.24271796875
21.25 2.24271796875
21.285714285714285 2.24271796875
21.321428571428573 2.24271796875
21.357142857142858 2.24271796875
21.392857142857142 2.24271796875
21.428571428571427 2.24271796875
21.464285714285715 2.24271796875
21.5 2.239059375
21.535714285714285 2.22808359375
21.571428571428573 2.25735234375
21.678571428571427 2.29393828125
21.75 2.17686328125
21.785714285714285 2.31223125
21.821428571428573 2.31223125
21.857142857142858 2.3049140625
21.892857142857142 2.3049140625
21.928571428571427 2.3049140625
21.964285714285715 2.30125546875
22.0 2.30125546875
22.035714285714285 2.30125546875
22.071428571428573 2.30125546875
22.107142857142858 2.30125546875
22.142857142857142 2.30125546875
22.178571428571427 2.297596875
22.214285714285715 2.297596875
22.25 2.297596875
22.285714285714285 2.297596875
22.321428571428573 2.297596875
22.357142857142858 2.297596875
22.392857142857142 2.297596875
22.428571428571427 2.29393828125
22.464285714285715 2.29393828125
22.5 2.29393828125
22.535714285714285 2.29393828125
22.571428571428573 2.29393828125
22.607142857142858 2.29393828125
22.642857142857142 2.2902796875
22.678571428571427 2.2829625
22.714285714285715 2.31223125
22.857142857142858 2.2610109375
22.892857142857142 2.3634515625
22.928571428571427 2.35979296875
22.964285714285715 2.356134375
23.0 2.35247578125
23.035714285714285 2.35247578125
23.071428571428573 2.3488171875
23.107142857142858 2.3488171875
23.142857142857142 2.34515859375
23.178571428571427 2.34515859375
23.214285714285715 2.34515859375
23.25 2.34515859375
23.285714285714285 2.34515859375
23.321428571428573 2.34515859375
23.357142857142858 2.34515859375
23.392857142857142 2.3415
23.428571428571427 2.3415
23.464285714285715 2.3415
23.5 2.3415
23.535714285714285 2.3415
23.571428571428573 2.3415
23.607142857142858 2.3415
23.642857142857142 2.3415
23.678571428571427 2.3415
23.714285714285715 2.3415
23.75 2.33784140625
23.785714285714285 2.3341828125
23.821428571428573 2.356134375
23.928571428571427 2.38174453125
23.964285714285715 2.39637890625
24.0 2.38906171875
24.035714285714285 2.3927203125
24.071428571428573 2.385403125
24.107142857142858 2.3780859375
24.142857142857142 2.37442734375
24.178571428571427 2.37442734375
24.214285714285715 2.37442734375
24.25 2.37442734375
24.285714285714285 2.37076875
24.321428571428573 2.37076875
24.357142857142858 2.37076875
24.392857142857142 2.37076875
24.428571428571427 2.37076875
24.464285714285715 2.37076875
24.5 2.37076875
24.535714285714285 2.37076875
24.571428571428573 2.37076875
24.607142857142858 2.37076875
24.642857142857142 2.37076875
24.678571428571427 2.37076875
24.714285714285715 2.37076875
24.75 2.37076875
24.785714285714285 2.37076875
24.821428571428573 2.37076875
24.857142857142858 2.36711015625
24.892857142857142 2.35979296875
24.928571428571427 2.3634515625
24.964285714285715 2.37442734375
25.107142857142858 2.4000375
25.142857142857142 2.3927203125
25.178571428571427 2.38906171875
25.214285714285715 2.38906171875
25.25 2.38174453125
25.285714285714285 2.38174453125
25.321428571428573 2.38174453125
25.357142857142858 2.38174453125
25.392857142857142 2.38174453125
25.428571428571427 2.38174453125
25.464285714285715 2.38174453125
25.5 2.38174453125
25.535714285714285 2.38174453125
25.571428571428573 2.38174453125
25.607142857142858 2.38174453125
25.642857142857142 2.38174453125
25.678571428571427 2.3780859375
25.714285714285715 2.3780859375
25.75 2.3780859375
25.785714285714285 2.3780859375
25.821428571428573 2.3780859375
25.857142857142858 2.3780859375
25.892857142857142 2.3780859375
25.928571428571427 2.3780859375
25.964285714285715 2.3780859375
26.0 2.3780859375
26.035714285714285 2.3634515625
26.071428571428573 2.385403125
26.142857142857142 2.41833046875
26.178571428571427 2.4293062500000002
26.214285714285715 2.32320703125
26.25 2.4293062500000002
26.285714285714285 2.4219890625000002
26.321428571428573 2.41833046875
26.357142857142858 2.41833046875
26.392857142857142 2.414671875
26.428571428571427 2.414671875
26.464285714285715 2.41101328125
26.5 2.41101328125
26.535714285714285 2.41101328125
26.571428571428573 2.41101328125
26.607142857142858 2.41101328125
26.642857142857142 2.41101328125
26.678571428571427 2.41101328125
26.714285714285715 2.41101328125
26.75 2.41101328125
26.785714285714285 2.41101328125
26.821428571428573 2.41101328125
26.857142857142858 2.41101328125
26.892857142857142 2.41101328125
26.928571428571427 2.41101328125
26.964285714285715 2.41101328125
27.0 2.41101328125
27.035714285714285 2.41101328125
27.071428571428573 2.4073546875
27.107142857142858 2.40369609375
27.142857142857142 2.39637890625
27.178571428571427 2.41833046875
27.285714285714285 2.44028203125
27.321428571428573 2.4658921875
27.357142857142858 2.4512578125
27.392857142857142 2.458575
27.428571428571427 2.44759921875
27.464285714285715 2.44028203125
27.5 2.44028203125
27.535714285714285 2.44028203125
27.571428571428573 2.44028203125
27.607142857142858 2.44028203125
27.642857142857142 2.44028203125
27.678571428571427 2.44028203125
27.714285714285715 2.44028203125
27.75 2.44028203125
27.785714285714285 2.4366234375
27.821428571428573 2.4366234375
27.857142857142858 2.4366234375
27.892857142857142 2.4366234375
27.928571428571427 2.4366234375
27.964285714285715 2.4366234375
28.0 2.4366234375
28.035714285714285 2.4366234375
28.071428571428573 2.4366234375
28.107142857142858 2.4366234375
28.142857142857142 2.4366234375
28.178571428571427 2.4366234375
28.214285714285715 2.4366234375
28.25 2.4293062500000002
28.285714285714285 2.4293062500000002
28.321428571428573 2.44028203125
28.428571428571427 2.48418515625
28.464285714285715 2.48418515625
28.5 2.473209375
28.535714285714285 2.4658921875
28.571428571428573 2.46223359375
28.607142857142858 2.458575
28.642857142857142 2.45491640625
28.678571428571427 2.4512578125
28.714285714285715 2.4512578125
28.75 2.4512578125
28.785714285714285 2.4512578125
28.821428571428573 2.4512578125
28.857142857142858 2.4512578125
28.892857142857142 2.4512578125
28.928571428571427 2.4512578125
28.964285714285715 2.4512578125
29.0 2.4512578125
29.035714285714285 2.4512578125
29.071428571428573 2.4512578125
29.107142857142858 2.4512578125
29.142857142857142 2.4512578125
29.178571428571427 2.4512578125
29.214285714285715 2.4512578125
29.25 2.4512578125
29.285714285714285 2.4512578125
29.321428571428573 2.4512578125
29.357142857142858 2.43296484375
29.392857142857142 2.458575
29.428571428571427 2.46223359375
29.5 2.49150234375
29.535714285714285 2.50613671875
29.571428571428573 2.51345390625
29.607142857142858 2.50613671875
29.642857142857142 2.502478125
29.678571428571427 2.4951609375
29.714285714285715 2.49150234375
29.75 2.49150234375
29.785714285714285 2.49150234375
29.821428571428573 2.49150234375
29.857142857142858 2.49150234375
29.892857142857142 2.49150234375
29.928571428571427 2.49150234375
29.964285714285715 2.49150234375
30.0 2.49150234375
30.035714285714285 2.49150234375
30.071428571428573 2.49150234375
30.107142857142858 2.48784375
30.142857142857142 2.48784375
30.178571428571427 2.48784375
30.214285714285715 2.48784375
30.25 2.48784375
30.285714285714285 2.48784375
30.321428571428573 2.48784375
30.357142857142858 2.48784375
30.392857142857142 2.48784375
30.428571428571427 2.48784375
30.464285714285715 2.48418515625
30.5 2.473209375
30.535714285714285 2.502478125
30.607142857142858 2.54272265625
30.714285714285715 2.55003984375
30.75 2.54638125
30.785714285714285 2.54272265625
30.821428571428573 2.54272265625
30.857142857142858 2.54272265625
30.892857142857142 2.54272265625
30.928571428571427 2.54272265625
30.964285714285715 2.5390640625
31.0 2.5390640625
31.035714285714285 2.53540546875
31.071428571428573 2.53540546875
31.107142857142858 2.53540546875
31.142857142857142 2.53540546875
31.178571428571427 2.53540546875
31.214285714285715 2.53540546875
31.25 2.53540546875
31.285714285714285 2.53540546875
31.321428571428573 2.53540546875
31.357142857142858 2.53540546875
31.392857142857142 2.53540546875
31.428571428571427 2.53540546875
31.464285714285715 2.53540546875
31.5 2.53540546875
31.535714285714285 2.53540546875
31.571428571428573 2.5244296875
31.607142857142858 2.5244296875
31.75 2.57930859375
31.785714285714285 2.60857734375
31.821428571428573 2.51345390625
31.857142857142858 2.57930859375
31.892857142857142 2.57199140625
31.928571428571427 2.57199140625
31.964285714285715 2.5683328125
32.142857142857146 2.56467421875
32.17857142857143 2.56467421875
32.214285714285715 2.56467421875
32.25 2.56467421875
32.285714285714285 2.56467421875
32.32142857142857 2.56467421875
32.357142857142854 2.56467421875
32.392857142857146 2.56467421875
32.42857142857143 2.56467421875
32.464285714285715 2.561015625
32.5 2.561015625
32.535714285714285 2.561015625
32.57142857142857 2.561015625
32.607142857142854 2.55735703125
32.642857142857146 2.55735703125
32.67857142857143 2.55735703125
32.714285714285715 2.54638125
32.75 2.5536984375
32.785714285714285 2.5683328125
32.92857142857143 2.61589453125
32.964285714285715 2.60126015625
33.0 2.5976015625
33.035714285714285 2.59394296875
33.07142857142857 2.590284375
33.107142857142854 2.590284375
33.142857142857146 2.590284375
33.17857142857143 2.58662578125
33.214285714285715 2.58662578125
33.25 2.58662578125
33.285714285714285 2.58662578125
33.32142857142857 2.58662578125
33.357142857142854 2.58662578125
33.392857142857146 2.58662578125
33.42857142857143 2.58662578125
33.464285714285715 2.58662578125
33.5 2.58662578125
33.535714285714285 2.58662578125
33.57142857142857 2.58662578125
33.607142857142854 2.58662578125
33.642857142857146 2.58662578125
33.67857142857143 2.58662578125
33.714285714285715 2.58662578125
33.75 2.58662578125
33.785714285714285 2.58662578125
33.82142857142857 2.5829671875
33.857142857142854 2.60491875
33.892857142857146 2.60126015625
34.035714285714285 2.648821875
34.07142857142857 2.64516328125
34.107142857142854 2.6415046875
34.142857142857146 2.6341875
34.17857142857143 2.63052890625
34.214285714285715 2.63052890625
34.25 2.63052890625
34.285714285714285 2.6268703125
34.32142857142857 2.6268703125
34.357142857142854 2.6268703125
34.392857142857146 2.6268703125
34.42857142857143 2.6268703125
34.464285714285715 2.6268703125
34.5 2.6268703125
34.535714285714285 2.6268703125
34.57142857142857 2.6268703125
34.607142857142854 2.6268703125
34.642857142857146 2.6268703125
34.67857142857143 2.6268703125
34.714285714285715 2.6268703125
34.75 2.6268703125
34.785714285714285 2.6268703125
34.82142857142857 2.6268703125
34.857142857142854 2.6268703125
34.892857142857146 2.6268703125
34.92857142857143 2.619553125
34.964285714285715 2.60857734375
35.0 2.64516328125
35.17857142857143 2.6268703125
35.214285714285715 2.7000421875
35.25 2.692725
35.285714285714285 2.68906640625
35.32142857142857 2.68906640625
35.357142857142854 2.6854078125
35.392857142857146 2.6854078125
35.42857142857143 2.6854078125
35.464285714285715 2.6854078125
35.5 2.68174921875
35.535714285714285 2.68174921875
35.57142857142857 2.68174921875
35.607142857142854 2.68174921875
35.642857142857146 2.68174921875
35.67857142857143 2.68174921875
35.714285714285715 2.68174921875
35.75 2.68174921875
35.785714285714285 2.68174921875
35.82142857142857 2.68174921875
35.857142857142854 2.68174921875
35.892857142857146 2.68174921875
35.92857142857143 2.68174921875
35.964285714285715 2.68174921875
36.0 2.68174921875
36.035714285714285 2.68174921875
36.07142857142857 2.6707734375
36.107142857142854 2.66345625
36.25 2.74760390625
36.285714285714285 2.648821875
36.32142857142857 2.74028671875
36.357142857142854 2.736628125
36.392857142857146 2.73296953125
36.42857142857143 2.7293109375
36.464285714285715 2.72565234375
36.5 2.72565234375
36.535714285714285 2.72199375
36.57142857142857 2.72199375
36.607142857142854 2.72199375
36.642857142857146 2.72199375
36.67857142857143 2.72199375
36.714285714285715 2.72199375
36.75 2.72199375
36.785714285714285 2.72199375
36.82142857142857 2.72199375
36.857142857142854 2.72199375
36.892857142857146 2.71833515625
36.92857142857143 2.71833515625
36.964285714285715 2.71833515625
37.0 2.71833515625
37.035714285714285 2.71833515625
37.07142857142857 2.71833515625
37.107142857142854 2.71833515625
37.142857142857146 2.71833515625
37.17857142857143 2.71833515625
37.214285714285715 2.7146765625000002
37.25 2.7439453125
37.392857142857146 2.8024828125
37.42857142857143 2.7878484375
37.464285714285715 2.795165625
37.5 2.79150703125
37.535714285714285 2.7878484375
37.57142857142857 2.7878484375
37.607142857142854 2.78418984375
37.642857142857146 2.78053125
37.67857142857143 2.78053125
37.714285714285715 2.78053125
37.75 2.78053125
37.785714285714285 2.78053125
37.82142857142857 2.77687265625
37.857142857142854 2.77687265625
37.892857142857146 2.77687265625
37.92857142857143 2.77687265625
37.964285714285715 2.77687265625
38.0 2.77687265625
38.035714285714285 2.77687265625
38.07142857142857 2.77687265625
38.107142857142854 2.77687265625
38.142857142857146 2.77687265625
38.17857142857143 2.77687265625
38.214285714285715 2.77687265625
38.25 2.77687265625
38.285714285714285 2.77687265625
38.32142857142857 2.76223828125
38.357142857142854 2.81345859375
38.392857142857146 2.81345859375
38.5 2.9049234375
38.535714285714285 2.88663046875
38.57142857142857 2.8902890625
38.607142857142854 2.8902890625
38.642857142857146 2.88663046875
38.67857142857143 2.88663046875
38.714285714285715 2.88663046875
38.75 2.882971875
38.785714285714285 2.882971875
38.82142857142857 2.882971875
38.857142857142854 2.882971875
38.892857142857146 2.882971875
38.92857142857143 2.882971875
38.964285714285715 2.882971875
39.0 2.882971875
39.035714285714285 2.87931328125
39.07142857142857 2.87931328125
39.107142857142854 2.882971875
39.142857142857146 2.87931328125
39.17857142857143 2.87931328125
39.214285714285715 2.87931328125
39.25 2.87931328125
39.285714285714285 2.87931328125
39.32142857142857 2.87931328125
39.357142857142854 2.87931328125
39.392857142857146 2.87931328125
39.42857142857143 2.87931328125
39.5 2.90126484375
39.607142857142854 2.9341921875
39.642857142857146 2.96711953125
39.67857142857143 2.95614375
39.714285714285715 2.9634609375
39.75 2.95980234375
39.785714285714285 2.95614375
39.82142857142857 2.95248515625
39.857142857142854 2.9488265625
39.892857142857146 2.9488265625
39.92857142857143 2.9488265625
