0.03571428571428571 2.62321171875
0.07142857142857142 2.62321171875
0.10714285714285714 2.62321171875
0.14285714285714285 2.62321171875
0.17857142857142858 2.62321171875
0.21428571428571427 2.62321171875
0.25 2.62321171875
0.2857142857142857 2.62321171875
0.32142857142857145 2.61589453125
0.35714285714285715 2.502478125
0.9642857142857143 2.58662578125
1.0 2.590284375
1.0357142857142858 2.59394296875
1.0714285714285714 2.5976015625
1.1071428571428572 2.5976015625
1.1428571428571428 2.5976015625
1.1785714285714286 2.60126015625
1.2142857142857142 2.60126015625
1.25 2.60126015625
1.2857142857142858 2.60126015625
1.3214285714285714 2.60491875
1.3571428571428572 2.60491875
1.3928571428571428 2.60126015625
1.4285714285714286 2.60126015625
1.4642857142857142 2.60126015625
1.5 2.60126015625
1.5357142857142858 2.60126015625
1.5714285714285714 2.60126015625
1.6071428571428572 2.60126015625
1.6428571428571428 2.60126015625
1.6785714285714286 2.60126015625
1.7142857142857142 2.60126015625
1.75 2.60126015625
1.7857142857142858 2.60491875
1.8214285714285714 2.60491875
1.8571428571428572 2.60491875
1.8928571428571428 2.60491875
1.9285714285714286 2.60126015625
1.9642857142857142 2.60491875
2.0 2.60491875
2.0357142857142856 2.531746875
2.607142857142857 2.59394296875
2.642857142857143 2.5976015625
2.6785714285714284 2.60491875
2.7142857142857144 2.60491875
2.75 2.60857734375
2.7857142857142856 2.6122359375
2.8214285714285716 2.6122359375
2.857142857142857 2.61589453125
2.892857142857143 2.61589453125
2.9285714285714284 2.61589453125
2.9642857142857144 2.61589453125
3.0 2.61589453125
3.0357142857142856 2.61589453125
3.0714285714285716 2.61589453125
3.107142857142857 2.61589453125
3.142857142857143 2.61589453125
3.1785714285714284 2.61589453125
3.2142857142857144 2.61589453125
3.25 2.61589453125
3.2857142857142856 2.61589453125
3.3214285714285716 2.61589453125
3.357142857142857 2.61589453125
3.392857142857143 2.61589453125
3.4285714285714284 2.61589453125
3.4642857142857144 2.61589453125
3.5 2.61589453125
3.5357142857142856 2.61589453125
3.5714285714285716 2.61589453125
3.607142857142857 2.61589453125
3.642857142857143 2.61589453125
3.6785714285714284 2.5536984375
3.7142857142857144 2.458575
4.285714285714286 2.60857734375
4.321428571428571 2.61589453125
4.357142857142857 2.62321171875
4.392857142857143 2.62321171875
4.428571428571429 2.6268703125
4.464285714285714 2.63052890625
4.5 2.63052890625
4.535714285714286 2.63052890625
4.571428571428571 2.6341875
4.607142857142857 2.6341875
4.642857142857143 2.6341875
4.678571428571429 2.6341875
4.714285714285714 2.6341875
4.75 2.6341875
4.785714285714286 2.6341875
4.821428571428571 2.6341875
4.857142857142857 2.6341875
4.892857142857143 2.6341875
4.928571428571429 2.6341875
4.964285714285714 2.6341875
5.0 2.6341875
5.035714285714286 2.6341875
5.071428571428571 2.6341875
5.107142857142857 2.6341875
5.142857142857143 2.6341875
5.178571428571429 2.6341875
5.214285714285714 2.6341875
5.25 2.6341875
5.285714285714286 2.6341875
5.321428571428571 2.6341875
5.357142857142857 2.4805265625
5.928571428571429 2.62321171875
5.964285714285714 2.6268703125
6.0 2.63052890625
6.035714285714286 2.6341875
6.071428571428571 2.63784609375
6.107142857142857 2.6415046875
6.142857142857143 2.6415046875
6.178571428571429 2.6415046875
6.214285714285714 2.64516328125
6.25 2.64516328125
6.285714285714286 2.64516328125
6.321428571428571 2.64516328125
6.357142857142857 2.64516328125
6.392857142857143 2.64516328125
6.428571428571429 2.64516328125
6.464285714285714 2.64516328125
6.5 2.64516328125
6.535714285714286 2.64516328125
6.571428571428571 2.64516328125
6.607142857142857 2.64516328125
6.642857142857143 2.64516328125
6.678571428571429 2.64516328125
6.714285714285714 2.64516328125
6.75 2.64516328125
6.785714285714286 2.64516328125
6.821428571428571 2.64516328125
6.857142857142857 2.64516328125
6.892857142857143 2.64516328125
6.928571428571429 2.64516328125
6.964285714285714 2.648821875
7.0 2.6122359375
7.035714285714286 2.51345390625
7.607142857142857 2.6341875
7.642857142857143 2.63784609375
7.678571428571429 2.6415046875
7.714285714285714 2.64516328125
7.75 2.648821875
7.785714285714286 2.648821875
7.821428571428571 2.648821875
7.857142857142857 2.65248046875
7.892857142857143 2.65248046875
7.928571428571429 2.65248046875
7.964285714285714 2.65248046875
8.0 2.65248046875
8.035714285714286 2.65248046875
8.071428571428571 2.65248046875
8.107142857142858 2.65248046875
8.142857142857142 2.65248046875
8.178571428571429 2.6561390625
8.214285714285714 2.65248046875
8.25 2.6561390625
8.285714285714286 2.6561390625
8.321428571428571 2.6561390625
8.357142857142858 2.65248046875
8.392857142857142 2.65248046875
8.428571428571429 2.65248046875
8.464285714285714 2.65248046875
8.5 2.65248046875
8.535714285714286 2.65248046875
8.571428571428571 2.65248046875
8.607142857142858 2.65248046875
8.642857142857142 2.65248046875
8.678571428571429 2.53540546875
9.285714285714286 2.64516328125
9.321428571428571 2.648821875
9.357142857142858 2.65248046875
9.392857142857142 2.6561390625
9.428571428571429 2.65979765625
9.464285714285714 2.65979765625
9.5 2.66345625
9.535714285714286 2.66345625
9.571428571428571 2.66345625
9.607142857142858 2.66711484375
9.642857142857142 2.66711484375
9.678571428571429 2.66711484375
9.714285714285714 2.66711484375
9.75 2.66711484375
9.785714285714286 2.66711484375
9.821428571428571 2.66711484375
9.857142857142858 2.66711484375
9.892857142857142 2.66711484375
9.928571428571429 2.66711484375
9.964285714285714 2.66711484375
10.0 2.66711484375
10.035714285714286 2.66711484375
10.071428571428571 2.66711484375
10.107142857142858 2.66711484375
10.142857142857142 2.66711484375
10.178571428571429 2.66711484375
10.214285714285714 2.66711484375
10.25 2.66711484375
10.285714285714286 2.66711484375
10.321428571428571 2.66345625
10.928571428571429 2.65248046875
10.964285714285714 2.6561390625
11.0 2.65979765625
11.035714285714286 2.66345625
11.071428571428571 2.66345625
11.107142857142858 2.66711484375
11.142857142857142 2.66711484375
11.178571428571429 2.66711484375
11.214285714285714 2.6707734375
11.25 2.6707734375
11.285714285714286 2.6707734375
11.321428571428571 2.6707734375
11.357142857142858 2.6707734375
11.392857142857142 2.6707734375
11.428571428571429 2.6707734375
11.464285714285714 2.6707734375
11.5 2.6707734375
11.535714285714286 2.6707734375
11.571428571428571 2.6707734375
11.607142857142858 2.6707734375
11.642857142857142 2.6707734375
11.678571428571429 2.6707734375
11.714285714285714 2.6707734375
11.75 2.6707734375
11.785714285714286 2.6707734375
11.821428571428571 2.6707734375
11.857142857142858 2.6707734375
11.892857142857142 2.6707734375
11.928571428571429 2.6707734375
11.964285714285714 2.6707734375
12.0 2.59394296875
12.607142857142858 2.6707734375
12.642857142857142 2.67443203125
12.678571428571429 2.678090625
12.714285714285714 2.68174921875
12.75 2.68906640625
12.785714285714286 2.68906640625
12.821428571428571 2.692725
12.857142857142858 2.692725
12.892857142857142 2.692725
12.928571428571429 2.69638359375
12.964285714285714 2.69638359375
13.0 2.69638359375
13.035714285714286 2.69638359375
13.071428571428571 2.69638359375
13.107142857142858 2.69638359375
13.142857142857142 2.69638359375
13.178571428571429 2.69638359375
13.214285714285714 2.69638359375
13.25 2.69638359375
13.285714285714286 2.69638359375
13.321428571428571 2.69638359375
13.357142857142858 2.69638359375
13.392857142857142 2.69638359375
13.428571428571429 2.69638359375
13.464285714285714 2.69638359375
13.5 2.69638359375
13.535714285714286 2.69638359375
13.571428571428571 2.69638359375
13.607142857142858 2.69638359375
13.642857142857142 2.62321171875
13.678571428571429 2.62321171875
14.25 2.6854078125
14.285714285714286 2.692725
14.321428571428571 2.69638359375
14.357142857142858 2.7000421875
14.392857142857142 2.70370078125
14.428571428571429 2.7073593750000002
14.464285714285714 2.7073593750000002
14.5 2.7110179687500002
14.535714285714286 2.7110179687500002
14.571428571428571 2.7110179687500002
14.607142857142858 2.7146765625000002
14.642857142857142 2.7146765625000002
14.678571428571429 2.7146765625000002
14.714285714285714 2.7146765625000002
14.75 2.7146765625000002
14.785714285714286 2.7146765625000002
14.821428571428571 2.7146765625000002
14.857142857142858 2.7146765625000002
14.892857142857142 2.7146765625000002
14.928571428571429 2.7146765625000002
14.964285714285714 2.7146765625000002
15.0 2.7146765625000002
15.035714285714286 2.7146765625000002
15.071428571428571 2.7146765625000002
15.107142857142858 2.7146765625000002
15.142857142857142 2.7146765625000002
15.178571428571429 2.7146765625000002
15.214285714285714 2.7146765625000002
15.25 2.7146765625000002
15.285714285714286 2.7146765625000002
15.321428571428571 2.64516328125
15.928571428571429 2.7110179687500002
15.964285714285714 2.71833515625
16.0 2.72565234375
16.035714285714285 2.7293109375
16.071428571428573 2.7293109375
16.107142857142858 2.73296953125
16.142857142857142 2.73296953125
16.178571428571427 2.736628125
16.214285714285715 2.736628125
16.25 2.736628125
16.285714285714285 2.736628125
16.321428571428573 2.736628125
16.357142857142858 2.74028671875
16.392857142857142 2.74028671875
16.428571428571427 2.74028671875
16.464285714285715 2.74028671875
16.5 2.74028671875
16.535714285714285 2.74028671875
16.571428571428573 2.74028671875
16.607142857142858 2.74028671875
16.642857142857142 2.74028671875
16.678571428571427 2.74028671875
16.714285714285715 2.74028671875
16.75 2.74028671875
16.785714285714285 2.74028671875
16.821428571428573 2.74028671875
16.857142857142858 2.74028671875
16.892857142857142 2.74028671875
16.928571428571427 2.74028671875
16.964285714285715 2.74028671875
17.571428571428573 2.73296953125
17.607142857142858 2.7439453125
17.642857142857142 2.7439453125
17.678571428571427 2.7439453125
17.714285714285715 2.74760390625
17.75 2.75492109375
17.785714285714285 2.75492109375
17.821428571428573 2.75492109375
17.857142857142858 2.7585796875
17.892857142857142 2.7585796875
17.928571428571427 2.7585796875
17.964285714285715 2.7585796875
18.0 2.7585796875
18.035714285714285 2.7585796875
18.071428571428573 2.7585796875
18.107142857142858 2.7585796875
18.142857142857142 2.7585796875
18.178571428571427 2.7585796875
18.214285714285715 2.7585796875
18.25 2.7585796875
18.285714285714285 2.7585796875
18.321428571428573 2.7585796875
18.357142857142858 2.7585796875
18.392857142857142 2.7585796875
18.428571428571427 2.7585796875
18.464285714285715 2.7585796875
18.5 2.7585796875
18.535714285714285 2.7585796875
18.571428571428573 2.7585796875
18.607142857142858 2.7585796875
18.642857142857142 2.60491875
18.678571428571427 2.60491875
19.25 2.74760390625
19.285714285714285 2.7512625
19.321428571428573 2.75492109375
19.357142857142858 2.7585796875
19.392857142857142 2.76223828125
19.428571428571427 2.76223828125
19.464285714285715 2.765896875
19.5 2.765896875
19.535714285714285 2.765896875
19.571428571428573 2.76955546875
19.607142857142858 2.76955546875
19.642857142857142 2.76955546875
19.678571428571427 2.76955546875
19.714285714285715 2.76955546875
19.75 2.76955546875
19.785714285714285 2.76955546875
19.821428571428573 2.76955546875
19.857142857142858 2.76955546875
19.892857142857142 2.76955546875
19.928571428571427 2.76955546875
19.964285714285715 2.76955546875
20.0 2.76955546875
20.035714285714285 2.76955546875
20.071428571428573 2.76955546875
20.107142857142858 2.76955546875
20.142857142857142 2.76955546875
20.178571428571427 2.76955546875
20.214285714285715 2.76955546875
20.25 2.76955546875
20.285714285714285 2.72565234375
20.321428571428573 2.6268703125
20.892857142857142 2.75492109375
20.928571428571427 2.765896875
20.964285714285715 2.765896875
21.0 2.7732140625
21.035714285714285 2.77687265625
21.071428571428573 2.77687265625
21.107142857142858 2.77687265625
21.142857142857142 2.78053125
21.178571428571427 2.78053125
21.214285714285715 2.78053125
21.25 2.78053125
21.285714285714285 2.78418984375
21.321428571428573 2.78418984375
21.357142857142858 2.78053125
21.392857142857142 2.78053125
21.428571428571427 2.78053125
21.464285714285715 2.78053125
21.5 2.78053125
21.535714285714285 2.78053125
21.571428571428573 2.78053125
21.607142857142858 2.78053125
21.642857142857142 2.78053125
21.678571428571427 2.78053125
21.714285714285715 2.78053125
21.75 2.78053125
21.785714285714285 2.78053125
21.821428571428573 2.78053125
21.857142857142858 2.78418984375
21.892857142857142 2.78418984375
21.928571428571427 2.78418984375
21.964285714285715 2.75492109375
22.535714285714285 2.77687265625
22.571428571428573 2.78418984375
22.607142857142858 2.79150703125
22.642857142857142 2.795165625
22.678571428571427 2.79882421875
22.714285714285715 2.8024828125
22.75 2.80614140625
22.785714285714285 2.8024828125
22.821428571428573 2.80614140625
22.857142857142858 2.80614140625
22.892857142857142 2.80614140625
22.928571428571427 2.80614140625
22.964285714285715 2.80614140625
23.0 2.80614140625
23.035714285714285 2.80614140625
23.071428571428573 2.80614140625
23.107142857142858 2.8098
23.142857142857142 2.8098
23.178571428571427 2.8098
23.214285714285715 2.8098
23.25 2.8098
23.285714285714285 2.8098
23.321428571428573 2.8098
23.357142857142858 2.80614140625
23.392857142857142 2.80614140625
23.428571428571427 2.80614140625
23.464285714285715 2.80614140625
23.5 2.80614140625
23.535714285714285 2.8098
23.571428571428573 2.8098
23.607142857142858 2.795165625
23.642857142857142 2.68174921875
24.214285714285715 2.79882421875
24.25 2.8098
24.285714285714285 2.81345859375
24.321428571428573 2.81345859375
24.357142857142858 2.824434375
24.392857142857142 2.824434375
24.428571428571427 2.82809296875
24.464285714285715 2.82809296875
24.5 2.82809296875
24.535714285714285 2.82809296875
24.571428571428573 2.8317515625
24.607142857142858 2.8317515625
24.642857142857142 2.8317515625
24.678571428571427 2.8317515625
24.714285714285715 2.8317515625
24.75 2.8317515625
24.785714285714285 2.8317515625
24.821428571428573 2.8317515625
24.857142857142858 2.8317515625
24.892857142857142 2.8317515625
24.928571428571427 2.8317515625
24.964285714285715 2.8317515625
25.0 2.8317515625
25.035714285714285 2.8317515625
25.071428571428573 2.8317515625
25.107142857142858 2.8317515625
25.142857142857142 2.8317515625
25.178571428571427 2.8317515625
25.214285714285715 2.8317515625
25.25 2.8171171875
25.285714285714285 2.70370078125
25.892857142857142 2.82809296875
25.928571428571427 2.83541015625
25.964285714285715 2.83906875
26.0 2.84272734375
26.035714285714285 2.8463859375
26.071428571428573 2.85004453125
26.107142857142858 2.853703125
26.142857142857142 2.853703125
26.178571428571427 2.853703125
26.214285714285715 2.853703125
26.25 2.853703125
26.285714285714285 2.85736171875
26.321428571428573 2.85736171875
26.357142857142858 2.85736171875
26.392857142857142 2.85736171875
26.428571428571427 2.85736171875
26.464285714285715 2.853703125
26.5 2.85736171875
26.535714285714285 2.85736171875
26.571428571428573 2.85736171875
26.607142857142858 2.85736171875
26.642857142857142 2.85736171875
26.678571428571427 2.85736171875
26.714285714285715 2.85736171875
26.75 2.85736171875
26.785714285714285 2.85736171875
26.821428571428573 2.85736171875
26.857142857142858 2.85736171875
26.892857142857142 2.85736171875
26.928571428571427 2.8317515625
26.964285714285715 2.736628125
27.535714285714285 2.85736171875
27.571428571428573 2.86467890625
27.607142857142858 2.87199609375
27.642857142857142 2.8756546875
27.678571428571427 2.87931328125
27.714285714285715 2.882971875
27.75 2.882971875
27.785714285714285 2.88663046875
27.821428571428573 2.88663046875
27.857142857142858 2.88663046875
27.892857142857142 2.88663046875
27.928571428571427 2.8902890625
27.964285714285715 2.8902890625
28.0 2.8902890625
28.035714285714285 2.8902890625
28.071428571428573 2.8902890625
28.107142857142858 2.8902890625
28.142857142857142 2.8902890625
28.178571428571427 2.8902890625
28.214285714285715 2.8902890625
28.25 2.8902890625
28.285714285714285 2.8902890625
28.321428571428573 2.8902890625
28.357142857142858 2.8902890625
28.392857142857142 2.8902890625
28.428571428571427 2.8902890625
28.464285714285715 2.8902890625
28.5 2.8902890625
28.535714285714285 2.8902890625
28.571428571428573 2.853703125
28.607142857142858 2.75492109375
29.178571428571427 2.882971875
29.214285714285715 2.8902890625
29.25 2.89760625
29.285714285714285 2.9049234375
29.321428571428573 2.90858203125
29.357142857142858 2.912240625
29.392857142857142 2.912240625
29.428571428571427 2.91589921875
29.464285714285715 2.91589921875
29.5 2.91589921875
29.535714285714285 2.91589921875
29.571428571428573 2.91589921875
29.607142857142858 2.91589921875
29.642857142857142 2.91589921875
29.678571428571427 2.91589921875
29.714285714285715 2.91589921875
29.75 2.91589921875
29.785714285714285 2.91589921875
29.821428571428573 2.91589921875
29.857142857142858 2.91589921875
29.892857142857142 2.91589921875
29.928571428571427 2.91589921875
29.964285714285715 2.91589921875
30.0 2.91589921875
30.035714285714285 2.91589921875
30.071428571428573 2.91589921875
30.107142857142858 2.91589921875
30.142857142857142 2.91589921875
30.178571428571427 2.91589921875
30.214285714285715 2.91589921875
30.25 2.78418984375
30.857142857142858 2.89760625
30.892857142857142 2.90126484375
30.928571428571427 2.9049234375
30.964285714285715 2.90858203125
31.0 2.912240625
31.035714285714285 2.912240625
31.071428571428573 2.91589921875
31.107142857142858 2.91589921875
31.142857142857142 2.91589921875
31.178571428571427 2.91589921875
31.214285714285715 2.91589921875
31.25 2.91589921875
31.285714285714285 2.91589921875
31.321428571428573 2.91589921875
31.357142857142858 2.91589921875
31.392857142857142 2.91589921875
31.428571428571427 2.91589921875
31.464285714285715 2.91589921875
31.5 2.91589921875
31.535714285714285 2.91589921875
31.571428571428573 2.91589921875
31.607142857142858 2.91589921875
31.642857142857142 2.91589921875
31.678571428571427 2.91589921875
31.714285714285715 2.91589921875
31.75 2.91589921875
31.785714285714285 2.91589921875
31.821428571428573 2.91589921875
31.857142857142858 2.91589921875
31.892857142857142 2.912240625
31.928571428571427 2.8098
32.5 2.91589921875
32.535714285714285 2.92321640625
32.57142857142857 2.92321640625
32.607142857142854 2.93053359375
32.642857142857146 2.9341921875
32.67857142857143 2.9341921875
32.714285714285715 2.93785078125
32.75 2.93785078125
32.785714285714285 2.93785078125
32.82142857142857 2.93785078125
32.857142857142854 2.941509375
32.892857142857146 2.941509375
32.92857142857143 2.941509375
32.964285714285715 2.941509375
33.0 2.941509375
33.035714285714285 2.941509375
33.07142857142857 2.941509375
33.107142857142854 2.941509375
33.142857142857146 2.941509375
33.17857142857143 2.941509375
33.214285714285715 2.941509375
33.25 2.941509375
33.285714285714285 2.941509375
33.32142857142857 2.941509375
33.357142857142854 2.941509375
33.392857142857146 2.941509375
33.42857142857143 2.941509375
33.464285714285715 2.941509375
33.5 2.941509375
33.535714285714285 2.93785078125
33.57142857142857 2.83906875
34.17857142857143 2.93785078125
34.214285714285715 2.94516796875
34.25 2.95248515625
34.285714285714285 2.95614375
34.32142857142857 2.95980234375
34.357142857142854 2.9634609375
34.392857142857146 2.9634609375
34.42857142857143 2.96711953125
34.464285714285715 2.96711953125
34.5 2.970778125
34.535714285714285 2.970778125
34.57142857142857 2.970778125
34.607142857142854 2.970778125
34.642857142857146 2.970778125
34.67857142857143 2.970778125
34.714285714285715 2.970778125
34.75 2.970778125
34.785714285714285 2.970778125
34.82142857142857 2.970778125
34.857142857142854 2.970778125
34.892857142857146 2.970778125
34.92857142857143 2.970778125
34.964285714285715 2.970778125
35.0 2.970778125
35.035714285714285 2.970778125
35.07142857142857 2.970778125
35.107142857142854 2.970778125
35.142857142857146 2.970778125
35.17857142857143 2.970778125
35.214285714285715 2.9634609375
35.25 2.86467890625
35.857142857142854 2.96711953125
35.892857142857146 2.970778125
35.92857142857143 2.9780953125
35.964285714285715 2.98175390625
36.0 2.9854125
36.035714285714285 2.9854125
36.07142857142857 2.98907109375
36.107142857142854 2.98907109375
36.142857142857146 2.9927296875000002
36.17857142857143 2.9927296875000002
36.214285714285715 2.9927296875000002
36.25 2.9927296875000002
36.285714285714285 2.9927296875000002
36.32142857142857 2.9927296875000002
36.357142857142854 2.9927296875000002
36.392857142857146 2.9927296875000002
36.42857142857143 2.9927296875000002
36.464285714285715 2.9927296875000002
36.5 2.9927296875000002
36.535714285714285 2.9927296875000002
36.57142857142857 2.9927296875000002
36.607142857142854 2.9927296875000002
36.642857142857146 2.9927296875000002
36.67857142857143 2.9927296875000002
36.714285714285715 2.9927296875000002
36.75 2.9927296875000002
36.785714285714285 2.9927296875000002
36.82142857142857 2.9927296875000002
36.857142857142854 2.9854125
36.892857142857146 2.8902890625
37.5 2.9927296875000002
37.535714285714285 3.0000468750000002
37.57142857142857 3.0073640625
37.607142857142854 3.01833984375
37.642857142857146 3.01833984375
37.67857142857143 3.01833984375
37.714285714285715 3.02565703125
37.75 3.029315625
37.785714285714285 3.029315625
37.82142857142857 3.029315625
37.857142857142854 3.029315625
37.892857142857146 3.03297421875
37.92857142857143 3.03297421875
37.964285714285715 3.03297421875
38.0 3.03297421875
38.035714285714285 3.03297421875
38.07142857142857 3.03297421875
38.107142857142854 3.03297421875
38.142857142857146 3.03297421875
38.17857142857143 3.03297421875
38.214285714285715 3.03297421875
38.25 3.03297421875
38.285714285714285 3.03297421875
38.32142857142857 3.03297421875
38.357142857142854 3.03297421875
38.392857142857146 3.03297421875
38.42857142857143 3.03297421875
38.464285714285715 3.03297421875
38.5 3.01833984375
38.535714285714285 2.9195578125
38.57142857142857 2.9195578125
39.142857142857146 3.03297421875
39.17857142857143 3.04029140625
39.214285714285715 3.04395
39.25 3.0512671875
39.285714285714285 3.05492578125
39.32142857142857 3.05492578125
39.357142857142854 3.058584375
39.392857142857146 3.06224296875
39.42857142857143 3.06224296875
39.464285714285715 3.06224296875
39.5 3.0659015625
39.535714285714285 3.0659015625
39.57142857142857 3.0659015625
39.607142857142854 3.0659015625
39.642857142857146 3.0659015625
39.67857142857143 3.0659015625
39.714285714285715 3.0659015625
39.75 3.0659015625
39.785714285714285 3.0659015625
39.82142857142857 3.0659015625
39.857142857142854 3.0659015625
39.892857142857146 3.0659015625
