0.03571428571428571 2.7293109375
0.07142857142857142 2.7293109375
0.10714285714285714 2.73296953125
0.14285714285714285 2.736628125
0.17857142857142858 2.736628125
0.21428571428571427 2.74028671875
0.25 2.7439453125
0.2857142857142857 2.74760390625
0.32142857142857145 2.7439453125
0.35714285714285715 2.7439453125
0.39285714285714285 2.7439453125
0.42857142857142855 2.7439453125
0.4642857142857143 2.7439453125
0.5 2.7439453125
0.5357142857142857 2.74760390625
0.5714285714285714 2.74760390625
0.7142857142857143 2.7439453125
0.7857142857142857 2.7512625
0.8214285714285714 2.7585796875
0.8571428571428571 2.76223828125
0.8928571428571429 2.765896875
0.9285714285714286 2.765896875
0.9642857142857143 2.765896875
1.0 2.765896875
1.0357142857142858 2.765896875
1.0714285714285714 2.765896875
1.1071428571428572 2.765896875
1.1428571428571428 2.765896875
1.1785714285714286 2.765896875
1.2142857142857142 2.76955546875
1.3214285714285714 2.7732140625
1.3571428571428572 2.76955546875
1.3928571428571428 2.76955546875
1.4285714285714286 2.76955546875
1.4642857142857142 2.7732140625
1.5 2.78053125
1.5357142857142858 2.78053125
1.5714285714285714 2.78053125
1.6071428571428572 2.78053125
1.6428571428571428 2.78053125
1.6785714285714286 2.78053125
1.7142857142857142 2.78053125
1.75 2.78053125
1.7857142857142858 2.78053125
1.8214285714285714 2.78053125
1.8571428571428572 2.78053125
1.8928571428571428 2.78053125
2.0 2.78418984375
2.0357142857142856 2.78053125
2.0714285714285716 2.78053125
2.107142857142857 2.78418984375
2.142857142857143 2.79150703125
2.1785714285714284 2.79150703125
2.2142857142857144 2.795165625
2.25 2.795165625
2.2857142857142856 2.795165625
2.3214285714285716 2.795165625
2.357142857142857 2.795165625
2.392857142857143 2.795165625
2.4285714285714284 2.795165625
2.4642857142857144 2.795165625
2.5 2.795165625
2.5357142857142856 2.79882421875
2.6785714285714284 2.795165625
2.7142857142857144 2.79150703125
2.75 2.79150703125
2.7857142857142856 2.79150703125
2.8214285714285716 2.79882421875
2.857142857142857 2.79882421875
2.892857142857143 2.8024828125
2.9285714285714284 2.80614140625
2.9642857142857144 2.8024828125
3.0 2.80614140625
3.0357142857142856 2.80614140625
3.0714285714285716 2.80614140625
3.107142857142857 2.80614140625
3.142857142857143 2.80614140625
3.1785714285714284 2.80614140625
3.2142857142857144 2.80614140625
3.357142857142857 2.8024828125
3.392857142857143 2.8024828125
3.4285714285714284 2.8024828125
3.4642857142857144 2.8098
3.5 2.8098
3.5357142857142856 2.81345859375
3.5714285714285716 2.81345859375
3.607142857142857 2.81345859375
3.642857142857143 2.81345859375
3.6785714285714284 2.81345859375
3.7142857142857144 2.81345859375
3.75 2.81345859375
3.7857142857142856 2.81345859375
3.8214285714285716 2.81345859375
3.857142857142857 2.81345859375
3.892857142857143 2.82077578125
4.035714285714286 2.8098
4.071428571428571 2.8098
4.107142857142857 2.81345859375
4.142857142857143 2.82077578125
4.178571428571429 2.82809296875
4.214285714285714 2.82809296875
4.25 2.82809296875
4.285714285714286 2.8317515625
4.321428571428571 2.8317515625
4.357142857142857 2.8317515625
4.392857142857143 2.8317515625
4.428571428571429 2.8317515625
4.464285714285714 2.8317515625
4.5 2.8317515625
4.535714285714286 2.8317515625
4.714285714285714 2.82809296875
4.75 2.8317515625
4.785714285714286 2.8317515625
4.821428571428571 2.84272734375
4.857142857142857 2.8463859375
4.892857142857143 2.8463859375
4.928571428571429 2.8463859375
4.964285714285714 2.8463859375
5.0 2.8463859375
5.035714285714286 2.8463859375
5.071428571428571 2.8463859375
5.107142857142857 2.8463859375
5.142857142857143 2.8463859375
5.178571428571429 2.8463859375
5.214285714285714 2.8463859375
5.357142857142857 2.84272734375
5.392857142857143 2.84272734375
5.428571428571429 2.84272734375
5.464285714285714 2.85004453125
5.5 2.853703125
5.535714285714286 2.853703125
5.571428571428571 2.853703125
5.607142857142857 2.853703125
5.642857142857143 2.853703125
5.678571428571429 2.853703125
5.714285714285714 2.853703125
5.75 2.853703125
5.785714285714286 2.853703125
5.821428571428571 2.853703125
5.892857142857143 2.8610203125
6.035714285714286 2.85736171875
6.071428571428571 2.853703125
6.107142857142857 2.8610203125
6.142857142857143 2.8610203125
6.178571428571429 2.8683375
6.214285714285714 2.8683375
6.25 2.8683375
6.464285714285714 2.8683375
6.535714285714286 2.87199609375
6.75 2.87199609375
6.785714285714286 2.87931328125
6.821428571428571 2.87931328125
6.857142857142857 2.8756546875
6.892857142857143 2.87199609375
6.928571428571429 2.87199609375
6.964285714285714 2.87199609375
7.0 2.87199609375
7.035714285714286 2.87199609375
7.071428571428571 2.87199609375
7.107142857142857 2.87199609375
7.142857142857143 2.87199609375
7.392857142857143 2.8683375
7.428571428571429 2.8683375
7.642857142857143 2.8902890625
7.678571428571429 2.8902890625
7.714285714285714 2.8902890625
7.75 2.8902890625
7.785714285714286 2.8902890625
7.821428571428571 2.8902890625
7.857142857142857 2.89394765625
8.0 2.8902890625
8.071428571428571 2.8902890625
8.107142857142858 2.89394765625
8.142857142857142 2.90126484375
8.178571428571429 2.9049234375
8.214285714285714 2.9049234375
8.25 2.90858203125
8.285714285714286 2.90858203125
8.321428571428571 2.90858203125
8.357142857142858 2.90858203125
8.392857142857142 2.90858203125
8.428571428571429 2.912240625
8.464285714285714 2.912240625
8.5 2.912240625
8.642857142857142 2.912240625
8.678571428571429 2.90858203125
8.714285714285714 2.90858203125
8.75 2.90858203125
8.785714285714286 2.9195578125
8.821428571428571 2.926875
8.857142857142858 2.9341921875
8.892857142857142 2.9341921875
8.928571428571429 2.9341921875
8.964285714285714 2.9341921875
9.0 2.93785078125
9.035714285714286 2.93785078125
9.071428571428571 2.93785078125
9.107142857142858 2.93785078125
9.142857142857142 2.93785078125
9.178571428571429 2.9341921875
9.285714285714286 2.941509375
9.357142857142858 2.941509375
9.392857142857142 2.941509375
9.428571428571429 2.941509375
9.464285714285714 2.9488265625
9.5 2.95980234375
9.535714285714286 2.9634609375
9.571428571428571 2.9634609375
9.607142857142858 2.9634609375
9.642857142857142 2.9634609375
9.678571428571429 2.9634609375
9.714285714285714 2.9634609375
9.75 2.9634609375
9.785714285714286 2.9634609375
9.821428571428571 2.9634609375
9.928571428571429 2.9634609375
9.964285714285714 2.9634609375
10.0 2.95614375
10.071428571428571 2.9634609375
10.107142857142858 2.97443671875
10.142857142857142 2.9780953125
10.178571428571429 2.9780953125
10.214285714285714 2.98175390625
10.25 2.98175390625
10.285714285714286 2.98175390625
10.321428571428571 2.98175390625
10.357142857142858 2.9854125
10.392857142857142 2.9854125
10.428571428571429 2.98175390625
10.464285714285714 2.9854125
10.5 2.98175390625
10.607142857142858 2.9854125
10.642857142857142 2.98175390625
10.714285714285714 2.97443671875
10.785714285714286 2.9780953125
10.821428571428571 2.9854125
10.857142857142858 2.9854125
10.892857142857142 2.9854125
10.928571428571429 2.9854125
10.964285714285714 2.9854125
11.0 2.9854125
11.035714285714286 2.9854125
11.071428571428571 2.9854125
11.107142857142858 2.9854125
11.142857142857142 2.9854125
11.178571428571429 2.9854125
11.214285714285714 2.9854125
11.285714285714286 2.9854125
11.357142857142858 2.98175390625
11.428571428571429 2.98907109375
11.464285714285714 2.9927296875000002
11.5 2.9927296875000002
11.535714285714286 2.9963882812500002
11.571428571428571 2.9963882812500002
11.607142857142858 2.9963882812500002
11.642857142857142 2.9963882812500002
11.678571428571429 2.9963882812500002
11.714285714285714 2.9963882812500002
11.75 2.9963882812500002
11.785714285714286 2.9963882812500002
11.821428571428571 2.9963882812500002
11.857142857142858 2.9963882812500002
11.964285714285714 2.9927296875000002
12.035714285714286 2.9927296875000002
12.107142857142858 3.00370546875
12.142857142857142 3.00370546875
12.178571428571429 3.0073640625
12.214285714285714 3.0073640625
12.25 3.0073640625
12.285714285714286 3.0073640625
12.321428571428571 3.0073640625
12.357142857142858 3.0073640625
12.392857142857142 3.0073640625
12.428571428571429 3.0073640625
12.464285714285714 3.0073640625
12.5 3.0073640625
12.535714285714286 3.0073640625
12.607142857142858 3.00370546875
12.714285714285714 3.00370546875
12.75 3.00370546875
12.785714285714286 3.0073640625
12.821428571428571 3.00370546875
12.857142857142858 3.00370546875
12.892857142857142 3.0000468750000002
12.928571428571429 3.0000468750000002
12.964285714285714 3.0000468750000002
13.0 3.0000468750000002
13.035714285714286 3.0000468750000002
13.071428571428571 3.0000468750000002
13.107142857142858 3.0000468750000002
13.142857142857142 3.0000468750000002
13.178571428571429 3.0000468750000002
13.214285714285714 3.0000468750000002
13.357142857142858 3.0000468750000002
13.392857142857142 3.0000468750000002
13.428571428571429 3.0000468750000002
13.464285714285714 3.0073640625
13.5 3.0073640625
13.535714285714286 3.0073640625
13.571428571428571 3.0073640625
13.607142857142858 3.0073640625
13.642857142857142 3.0073640625
13.678571428571429 3.0073640625
13.714285714285714 3.0073640625
13.75 3.0073640625
13.785714285714286 3.0073640625
13.821428571428571 3.0073640625
13.857142857142858 3.0073640625
13.964285714285714 3.00370546875
14.0 3.0000468750000002
14.035714285714286 3.0000468750000002
14.071428571428571 3.0000468750000002
14.107142857142858 3.01102265625
14.142857142857142 3.01102265625
14.178571428571429 3.01468125
14.214285714285714 3.01468125
14.25 3.01468125
14.285714285714286 3.01468125
14.321428571428571 3.01468125
14.357142857142858 3.01468125
14.392857142857142 3.01468125
14.428571428571429 3.01468125
14.464285714285714 3.01468125
14.5 3.01468125
14.607142857142858 3.01468125
14.678571428571429 3.0073640625
14.714285714285714 3.0073640625
14.75 3.01102265625
14.785714285714286 3.01833984375
14.821428571428571 3.0219984375
14.857142857142858 3.0219984375
14.892857142857142 3.0219984375
14.928571428571429 3.0219984375
14.964285714285714 3.0219984375
15.0 3.01833984375
15.035714285714286 3.01833984375
15.071428571428571 3.01833984375
15.107142857142858 3.01833984375
15.142857142857142 3.01833984375
15.178571428571429 3.0219984375
15.285714285714286 3.0219984375
15.357142857142858 3.01833984375
15.392857142857142 3.01833984375
15.428571428571429 3.01833984375
15.464285714285714 3.01833984375
15.5 3.01833984375
15.535714285714286 3.01833984375
15.571428571428571 3.01833984375
15.607142857142858 3.01468125
15.642857142857142 3.01468125
15.678571428571429 3.01468125
15.714285714285714 3.01468125
15.75 3.01468125
15.785714285714286 3.01468125
15.821428571428571 3.01468125
15.928571428571429 3.01468125
16.035714285714285 3.0073640625
16.071428571428573 3.0073640625
16.107142857142858 3.01102265625
16.142857142857142 3.01102265625
16.178571428571427 3.01102265625
16.214285714285715 3.0073640625
16.25 3.0073640625
16.285714285714285 3.0073640625
16.321428571428573 3.0073640625
16.357142857142858 3.0073640625
16.392857142857142 3.0073640625
16.428571428571427 3.0073640625
16.464285714285715 3.0073640625
16.5 3.0073640625
16.535714285714285 3.0073640625
16.607142857142858 3.0073640625
16.714285714285715 3.00370546875
16.75 3.00370546875
16.785714285714285 3.0073640625
16.821428571428573 3.00370546875
16.857142857142858 3.0000468750000002
16.892857142857142 3.0000468750000002
16.928571428571427 3.0000468750000002
16.964285714285715 3.0000468750000002
17.0 3.0000468750000002
17.035714285714285 3.0000468750000002
17.071428571428573 3.0000468750000002
17.107142857142858 3.0000468750000002
17.142857142857142 3.0000468750000002
17.178571428571427 3.0000468750000002
17.25 3.00370546875
17.357142857142858 2.9927296875000002
17.428571428571427 2.9963882812500002
17.464285714285715 3.0000468750000002
17.5 3.00370546875
17.535714285714285 3.00370546875
17.571428571428573 3.00370546875
17.607142857142858 3.0000468750000002
17.642857142857142 3.0000468750000002
17.678571428571427 3.0000468750000002
17.714285714285715 3.0000468750000002
17.75 3.0000468750000002
17.785714285714285 3.0000468750000002
17.821428571428573 3.0000468750000002
17.857142857142858 3.0000468750000002
17.964285714285715 2.9963882812500002
18.035714285714285 2.9927296875000002
18.107142857142858 2.9963882812500002
18.142857142857142 3.00370546875
18.178571428571427 3.00370546875
18.214285714285715 3.00370546875
18.25 3.00370546875
18.285714285714285 3.00370546875
18.321428571428573 3.00370546875
18.357142857142858 3.00370546875
18.392857142857142 3.00370546875
18.428571428571427 3.00370546875
18.464285714285715 3.00370546875
18.5 3.00370546875
18.535714285714285 3.00370546875
18.607142857142858 3.0000468750000002
18.75 3.0000468750000002
18.785714285714285 3.00370546875
18.821428571428573 3.0000468750000002
18.857142857142858 3.0000468750000002
18.892857142857142 3.0000468750000002
18.928571428571427 3.0000468750000002
18.964285714285715 3.0000468750000002
19.0 3.0000468750000002
19.035714285714285 3.0000468750000002
19.071428571428573 3.0000468750000002
19.107142857142858 2.9963882812500002
19.142857142857142 3.0000468750000002
19.178571428571427 3.0000468750000002
19.214285714285715 3.0000468750000002
19.357142857142858 2.9927296875000002
19.392857142857142 2.9927296875000002
19.428571428571427 2.9963882812500002
19.464285714285715 3.0000468750000002
19.5 3.0073640625
19.535714285714285 3.0073640625
19.571428571428573 3.0073640625
19.607142857142858 3.0073640625
19.642857142857142 3.0073640625
19.678571428571427 3.00370546875
19.714285714285715 3.00370546875
19.75 3.00370546875
19.785714285714285 3.00370546875
19.821428571428573 3.00370546875
20.0 3.00370546875
20.035714285714285 3.0000468750000002
20.071428571428573 3.0000468750000002
20.107142857142858 3.01102265625
20.142857142857142 3.01468125
20.178571428571427 3.01468125
20.214285714285715 3.01468125
20.25 3.01102265625
20.285714285714285 3.01102265625
20.321428571428573 3.01102265625
20.357142857142858 3.01102265625
20.392857142857142 3.01102265625
20.428571428571427 3.01102265625
20.464285714285715 3.01102265625
20.5 3.01102265625
20.607142857142858 3.0073640625
20.714285714285715 3.00370546875
20.75 3.00370546875
20.785714285714285 3.0073640625
20.821428571428573 3.00370546875
20.857142857142858 3.00370546875
20.892857142857142 3.0000468750000002
20.928571428571427 3.0000468750000002
20.964285714285715 3.0000468750000002
21.0 3.0000468750000002
21.035714285714285 3.0000468750000002
21.071428571428573 3.0000468750000002
21.107142857142858 3.0000468750000002
21.142857142857142 3.0000468750000002
21.178571428571427 3.0000468750000002
21.285714285714285 3.0000468750000002
21.357142857142858 2.9927296875000002
21.392857142857142 2.9927296875000002
21.428571428571427 2.9927296875000002
21.464285714285715 3.0000468750000002
21.5 3.0073640625
21.535714285714285 3.0073640625
21.571428571428573 3.0073640625
21.607142857142858 3.0073640625
21.642857142857142 3.0073640625
21.678571428571427 3.0073640625
21.714285714285715 3.0073640625
21.75 3.0073640625
21.785714285714285 3.0073640625
21.821428571428573 3.0073640625
21.892857142857142 3.0073640625
22.035714285714285 3.00370546875
22.071428571428573 3.00370546875
22.107142857142858 3.0073640625
22.142857142857142 3.01102265625
22.178571428571427 3.01102265625
22.214285714285715 3.01468125
22.25 3.01102265625
22.285714285714285 3.01102265625
22.321428571428573 3.01102265625
22.357142857142858 3.01102265625
22.392857142857142 3.01102265625
22.428571428571427 3.01102265625
22.464285714285715 3.01102265625
22.5 3.01102265625
22.714285714285715 3.00370546875
22.75 3.00370546875
22.785714285714285 3.01468125
22.821428571428573 3.01468125
22.857142857142858 3.01833984375
22.892857142857142 3.01833984375
22.928571428571427 3.01833984375
22.964285714285715 3.01833984375
23.0 3.01833984375
23.035714285714285 3.01833984375
23.071428571428573 3.01833984375
23.107142857142858 3.01833984375
23.142857142857142 3.01833984375
23.178571428571427 3.01833984375
23.25 3.01833984375
23.357142857142858 3.0073640625
23.392857142857142 3.00370546875
23.428571428571427 3.01102265625
23.464285714285715 3.01468125
23.5 3.01833984375
23.535714285714285 3.01833984375
23.571428571428573 3.01833984375
23.607142857142858 3.01833984375
23.642857142857142 3.01833984375
23.678571428571427 3.01833984375
23.714285714285715 3.01833984375
23.75 3.01468125
23.785714285714285 3.01468125
23.821428571428573 3.01468125
24.035714285714285 3.0073640625
24.107142857142858 3.01468125
24.142857142857142 3.01833984375
24.178571428571427 3.0219984375
24.214285714285715 3.02565703125
24.25 3.0219984375
24.285714285714285 3.0219984375
24.321428571428573 3.0219984375
24.357142857142858 3.0219984375
24.392857142857142 3.0219984375
24.428571428571427 3.0219984375
24.464285714285715 3.0219984375
24.5 3.0219984375
24.535714285714285 3.0219984375
24.607142857142858 3.01833984375
24.642857142857142 3.01468125
24.678571428571427 3.01468125
24.75 3.01468125
24.785714285714285 3.0219984375
24.821428571428573 3.02565703125
24.857142857142858 3.02565703125
24.892857142857142 3.029315625
24.928571428571427 3.029315625
24.964285714285715 3.02565703125
25.0 3.02565703125
25.035714285714285 3.02565703125
25.071428571428573 3.02565703125
25.107142857142858 3.02565703125
25.142857142857142 3.02565703125
25.178571428571427 3.02565703125
25.285714285714285 3.0219984375
25.357142857142858 3.02565703125
25.428571428571427 3.029315625
25.464285714285715 3.0366328125
25.5 3.04029140625
25.535714285714285 3.0366328125
25.571428571428573 3.0366328125
25.607142857142858 3.0366328125
25.642857142857142 3.0366328125
25.678571428571427 3.03297421875
25.714285714285715 3.03297421875
25.75 3.03297421875
25.785714285714285 3.03297421875
25.821428571428573 3.03297421875
25.857142857142858 3.03297421875
26.071428571428573 3.03297421875
26.107142857142858 3.04029140625
26.142857142857142 3.04395
26.178571428571427 3.04760859375
26.214285714285715 3.04760859375
26.25 3.04760859375
26.285714285714285 3.04760859375
26.321428571428573 3.04760859375
26.357142857142858 3.04395
26.392857142857142 3.04395
26.428571428571427 3.04395
26.464285714285715 3.04395
26.5 3.04760859375
26.642857142857142 3.04029140625
26.678571428571427 3.04029140625
26.714285714285715 3.04395
26.75 3.04395
26.785714285714285 3.0512671875
26.821428571428573 3.05492578125
26.857142857142858 3.05492578125
26.892857142857142 3.05492578125
26.928571428571427 3.05492578125
26.964285714285715 3.0512671875
27.0 3.0512671875
27.035714285714285 3.0512671875
27.071428571428573 3.0512671875
27.107142857142858 3.0512671875
27.142857142857142 3.0512671875
27.178571428571427 3.0512671875
27.357142857142858 3.04395
27.392857142857142 3.04395
27.428571428571427 3.04395
27.464285714285715 3.05492578125
27.5 3.058584375
27.535714285714285 3.058584375
27.571428571428573 3.058584375
27.607142857142858 3.05492578125
27.642857142857142 3.05492578125
27.678571428571427 3.05492578125
27.714285714285715 3.05492578125
27.75 3.05492578125
27.785714285714285 3.05492578125
27.821428571428573 3.05492578125
27.928571428571427 3.05492578125
28.035714285714285 3.04760859375
28.071428571428573 3.04760859375
28.107142857142858 3.0512671875
28.142857142857142 3.0512671875
28.178571428571427 3.0512671875
28.214285714285715 3.0512671875
28.25 3.04760859375
28.285714285714285 3.04760859375
28.321428571428573 3.04395
28.357142857142858 3.04395
28.392857142857142 3.04395
28.428571428571427 3.04395
28.464285714285715 3.04395
28.5 3.04395
28.714285714285715 3.04395
28.75 3.04760859375
28.785714285714285 3.05492578125
28.821428571428573 3.058584375
28.857142857142858 3.058584375
28.892857142857142 3.058584375
28.928571428571427 3.05492578125
28.964285714285715 3.05492578125
29.0 3.05492578125
29.035714285714285 3.05492578125
29.071428571428573 3.05492578125
29.107142857142858 3.05492578125
29.142857142857142 3.05492578125
29.178571428571427 3.0512671875
29.392857142857142 3.0512671875
29.428571428571427 3.05492578125
29.464285714285715 3.0512671875
29.5 3.04760859375
29.535714285714285 3.04760859375
29.571428571428573 3.04760859375
29.607142857142858 3.04760859375
29.642857142857142 3.04760859375
29.678571428571427 3.04760859375
29.714285714285715 3.04760859375
29.75 3.04395
29.785714285714285 3.04395
29.821428571428573 3.04395
29.928571428571427 3.04395
30.0 3.04395
30.035714285714285 3.04760859375
30.107142857142858 3.04760859375
30.142857142857142 3.04760859375
30.178571428571427 3.04395
30.214285714285715 3.04395
30.25 3.04395
30.285714285714285 3.04395
30.321428571428573 3.04395
30.357142857142858 3.04395
30.392857142857142 3.04395
30.428571428571427 3.04395
30.464285714285715 3.04395
30.5 3.04395
30.535714285714285 3.04395
30.714285714285715 3.04029140625
30.75 3.04395
30.785714285714285 3.04395
30.821428571428573 3.04395
30.857142857142858 3.04395
30.892857142857142 3.04395
30.928571428571427 3.04395
30.964285714285715 3.04395
31.0 3.04029140625
31.035714285714285 3.04029140625
31.071428571428573 3.04029140625
31.107142857142858 3.04029140625
31.142857142857142 3.04029140625
31.178571428571427 3.04029140625
31.214285714285715 3.04029140625
31.285714285714285 3.04029140625
31.357142857142858 3.0366328125
31.428571428571427 3.04395
31.464285714285715 3.04029140625
31.5 3.04029140625
31.535714285714285 3.04029140625
31.571428571428573 3.04029140625
31.607142857142858 3.0366328125
31.642857142857142 3.0366328125
31.678571428571427 3.0366328125
31.714285714285715 3.0366328125
31.75 3.0366328125
31.785714285714285 3.0366328125
31.821428571428573 3.0366328125
31.857142857142858 3.0366328125
31.964285714285715 3.03297421875
32.0 3.02565703125
32.035714285714285 3.02565703125
32.07142857142857 3.02565703125
32.107142857142854 3.029315625
32.142857142857146 3.02565703125
32.17857142857143 3.02565703125
32.214285714285715 3.02565703125
32.25 3.02565703125
32.285714285714285 3.02565703125
32.32142857142857 3.02565703125
32.357142857142854 3.02565703125
32.392857142857146 3.02565703125
32.42857142857143 3.02565703125
32.464285714285715 3.02565703125
32.5 3.02565703125
32.607142857142854 3.0219984375
32.714285714285715 3.0219984375
32.75 3.02565703125
32.785714285714285 3.02565703125
32.82142857142857 3.02565703125
32.857142857142854 3.02565703125
32.892857142857146 3.02565703125
32.92857142857143 3.0219984375
32.964285714285715 3.0219984375
33.0 3.0219984375
33.035714285714285 3.0219984375
33.07142857142857 3.0219984375
33.107142857142854 3.0219984375
33.142857142857146 3.0219984375
33.17857142857143 3.0219984375
33.285714285714285 3.0219984375
33.357142857142854 3.01833984375
33.392857142857146 3.01833984375
33.42857142857143 3.029315625
33.464285714285715 3.029315625
33.5 3.03297421875
33.535714285714285 3.03297421875
33.57142857142857 3.03297421875
33.607142857142854 3.03297421875
33.642857142857146 3.03297421875
33.67857142857143 3.03297421875
33.714285714285715 3.03297421875
33.75 3.03297421875
33.785714285714285 3.03297421875
33.82142857142857 3.03297421875
33.857142857142854 3.03297421875
33.892857142857146 3.03297421875
33.92857142857143 3.03297421875
34.035714285714285 3.02565703125
34.07142857142857 3.02565703125
34.107142857142854 3.029315625
34.142857142857146 3.03297421875
34.17857142857143 3.029315625
34.214285714285715 3.029315625
34.25 3.029315625
34.285714285714285 3.029315625
34.32142857142857 3.029315625
34.357142857142854 3.029315625
34.392857142857146 3.029315625
34.42857142857143 3.02565703125
34.464285714285715 3.02565703125
34.5 3.029315625
34.714285714285715 3.01833984375
34.75 3.01833984375
34.785714285714285 3.02565703125
34.82142857142857 3.029315625
34.857142857142854 3.02565703125
34.892857142857146 3.02565703125
34.92857142857143 3.02565703125
34.964285714285715 3.02565703125
35.0 3.02565703125
35.035714285714285 3.02565703125
35.07142857142857 3.02565703125
35.107142857142854 3.0219984375
35.142857142857146 3.02565703125
35.17857142857143 3.02565703125
35.285714285714285 3.02565703125
35.357142857142854 3.01833984375
35.42857142857143 3.02565703125
35.464285714285715 3.0219984375
35.5 3.0219984375
35.535714285714285 3.01833984375
35.57142857142857 3.01833984375
35.607142857142854 3.01833984375
35.642857142857146 3.01833984375
35.67857142857143 3.01833984375
35.714285714285715 3.01833984375
35.75 3.01833984375
35.785714285714285 3.01833984375
35.82142857142857 3.01833984375
35.857142857142854 3.01833984375
36.035714285714285 3.0073640625
36.107142857142854 3.01468125
36.142857142857146 3.01102265625
36.17857142857143 3.01102265625
36.214285714285715 3.0073640625
36.25 3.0073640625
36.285714285714285 3.0073640625
36.32142857142857 3.0073640625
36.357142857142854 3.0073640625
36.392857142857146 3.0073640625
36.42857142857143 3.0073640625
36.464285714285715 3.0073640625
36.5 3.0073640625
36.535714285714285 3.0073640625
36.607142857142854 3.00370546875
36.642857142857146 3.00370546875
36.67857142857143 3.0000468750000002
36.714285714285715 3.0000468750000002
36.75 3.00370546875
36.785714285714285 3.01102265625
36.82142857142857 3.01102265625
36.857142857142854 3.01468125
36.892857142857146 3.01468125
36.92857142857143 3.01468125
36.964285714285715 3.01102265625
37.0 3.01102265625
37.035714285714285 3.01102265625
37.07142857142857 3.01102265625
37.107142857142854 3.01102265625
37.142857142857146 3.01102265625
37.17857142857143 3.01102265625
37.357142857142854 3.0000468750000002
37.392857142857146 3.00370546875
37.42857142857143 3.00370546875
37.464285714285715 3.01102265625
37.5 3.01468125
37.535714285714285 3.01468125
37.57142857142857 3.01468125
37.607142857142854 3.01468125
37.642857142857146 3.01468125
37.67857142857143 3.01468125
37.714285714285715 3.01468125
37.75 3.01468125
37.785714285714285 3.01468125
37.82142857142857 3.01468125
37.857142857142854 3.01468125
38.0 3.0000468750000002
38.035714285714285 3.0000468750000002
38.07142857142857 3.0000468750000002
38.107142857142854 3.01102265625
38.142857142857146 3.01468125
38.17857142857143 3.01468125
38.214285714285715 3.01833984375
38.25 3.01833984375
38.285714285714285 3.01833984375
38.32142857142857 3.01468125
38.357142857142854 3.01468125
38.392857142857146 3.01468125
38.42857142857143 3.01468125
38.464285714285715 3.01468125
38.5 3.01468125
38.607142857142854 3.01102265625
38.714285714285715 3.00370546875
38.75 3.0073640625
38.785714285714285 3.01102265625
38.82142857142857 3.01468125
38.857142857142854 3.01833984375
38.892857142857146 3.01833984375
38.92857142857143 3.01833984375
38.964285714285715 3.01833984375
39.0 3.01833984375
39.035714285714285 3.01833984375
39.07142857142857 3.01833984375
39.107142857142854 3.01833984375
39.142857142857146 3.01468125
39.17857142857143 3.01833984375
39.25 3.01468125
39.285714285714285 3.01468125
39.357142857142854 3.00370546875
39.392857142857146 3.00370546875
39.42857142857143 3.00370546875
39.464285714285715 3.01102265625
39.5 3.01833984375
39.535714285714285 3.01833984375
39.57142857142857 3.01833984375
39.607142857142854 3.01833984375
39.642857142857146 3.01833984375
39.67857142857143 3.01833984375
39.714285714285715 3.01833984375
39.75 3.01833984375
39.785714285714285 3.01833984375
39.82142857142857 3.01833984375
39.857142857142854 3.01833984375
