0.03571428571428571 3.2854171875000002
0.07142857142857142 3.2854171875000002
0.10714285714285714 3.2854171875000002
0.14285714285714285 3.2854171875000002
0.17857142857142858 3.2854171875000002
0.21428571428571427 3.2854171875000002
0.25 3.2854171875000002
0.2857142857142857 3.2854171875000002
0.32142857142857145 3.2854171875000002
0.35714285714285715 3.2854171875000002
0.39285714285714285 3.2854171875000002
0.42857142857142855 3.2854171875000002
0.4642857142857143 3.2854171875000002
0.5 3.2854171875000002
0.5357142857142857 3.2854171875000002
0.6071428571428571 3.2707828125
0.7142857142857143 3.25980703125
0.75 3.25248984375
0.7857142857142857 3.24883125
0.8214285714285714 3.24517265625
0.8571428571428571 3.23785546875
0.8928571428571429 3.23785546875
0.9285714285714286 3.2268796875
0.9642857142857143 3.23053828125
1.0 3.24517265625
1.0357142857142858 3.24883125
1.0714285714285714 3.24883125
1.1071428571428572 3.24883125
1.1428571428571428 3.24883125
1.1785714285714286 3.24883125
1.2142857142857142 3.24883125
1.25 3.24883125
1.2857142857142858 3.24883125
1.3214285714285714 3.24883125
1.3571428571428572 3.24883125
1.3928571428571428 3.24883125
1.4285714285714286 3.24883125
1.4642857142857142 3.24883125
1.5 3.24883125
1.5357142857142858 3.24883125
1.5714285714285714 3.24883125
1.6071428571428572 3.24883125
1.6428571428571428 3.24883125
1.6785714285714286 3.24883125
1.7142857142857142 3.24883125
1.75 3.24883125
1.7857142857142858 3.24517265625
1.8214285714285714 3.24883125
1.8571428571428572 3.24883125
1.8928571428571428 3.24883125
1.9285714285714286 3.24517265625
1.9642857142857142 3.24517265625
2.0 3.24883125
2.0357142857142856 3.24883125
2.0714285714285716 3.24883125
2.107142857142857 3.24883125
2.142857142857143 3.24883125
2.1785714285714284 3.24883125
2.2142857142857144 3.24517265625
2.25 3.24517265625
2.2857142857142856 3.24517265625
2.3214285714285716 3.24517265625
2.357142857142857 3.24517265625
2.392857142857143 3.24517265625
2.4285714285714284 3.24517265625
2.4642857142857144 3.24517265625
2.5357142857142856 3.24517265625
2.607142857142857 3.2268796875
2.642857142857143 3.2268796875
2.6785714285714284 3.22322109375
2.7142857142857144 3.2195625
2.75 3.21590390625
2.7857142857142856 3.2122453125
2.8214285714285716 3.2122453125
2.857142857142857 3.1976109375
2.892857142857143 3.1976109375
2.9285714285714284 3.1976109375
2.9642857142857144 3.17931796875
3.0 3.19395234375
3.0357142857142856 3.1976109375
3.0714285714285716 3.1976109375
3.107142857142857 3.1976109375
3.142857142857143 3.1976109375
3.1785714285714284 3.1976109375
3.2142857142857144 3.1976109375
3.25 3.1976109375
3.2857142857142856 3.1976109375
3.3214285714285716 3.1976109375
3.357142857142857 3.1976109375
3.392857142857143 3.1976109375
3.4285714285714284 3.1976109375
3.4642857142857144 3.1976109375
3.5 3.1976109375
3.5357142857142856 3.1976109375
3.5714285714285716 3.1976109375
3.607142857142857 3.1976109375
3.642857142857143 3.1976109375
3.6785714285714284 3.1976109375
3.7142857142857144 3.1976109375
3.75 3.1976109375
3.7857142857142856 3.1976109375
3.8214285714285716 3.1976109375
3.857142857142857 3.1976109375
3.892857142857143 3.19395234375
3.9285714285714284 3.1976109375
3.9642857142857144 3.1976109375
4.0 3.19395234375
4.035714285714286 3.19395234375
4.071428571428571 3.19395234375
4.107142857142857 3.19395234375
4.142857142857143 3.19395234375
4.178571428571429 3.19395234375
4.214285714285714 3.19395234375
4.25 3.19395234375
4.285714285714286 3.19395234375
4.321428571428571 3.19395234375
4.357142857142857 3.19395234375
4.392857142857143 3.19395234375
4.428571428571429 3.19395234375
4.464285714285714 3.1976109375
4.5 3.19395234375
4.535714285714286 3.19395234375
4.571428571428571 3.19395234375
4.678571428571429 3.18663515625
4.714285714285714 3.1829765625
4.75 3.17200078125
4.785714285714286 3.17200078125
4.821428571428571 3.1683421875
4.857142857142857 3.161025
4.892857142857143 3.15736640625
4.928571428571429 3.1537078125
4.964285714285714 3.1390734375
5.0 3.15004921875
5.035714285714286 3.1537078125
5.071428571428571 3.1537078125
5.107142857142857 3.1537078125
5.142857142857143 3.1537078125
5.178571428571429 3.1537078125
5.214285714285714 3.1537078125
5.25 3.1537078125
5.285714285714286 3.1537078125
5.321428571428571 3.1537078125
5.357142857142857 3.1537078125
5.392857142857143 3.1537078125
5.428571428571429 3.1537078125
5.464285714285714 3.1537078125
5.5 3.1537078125
5.535714285714286 3.1537078125
5.571428571428571 3.1537078125
5.607142857142857 3.1537078125
5.642857142857143 3.1537078125
5.678571428571429 3.1537078125
5.714285714285714 3.1537078125
5.75 3.1537078125
5.785714285714286 3.1537078125
5.821428571428571 3.1537078125
5.857142857142857 3.1537078125
5.892857142857143 3.1537078125
5.928571428571429 3.1537078125
5.964285714285714 3.1537078125
6.0 3.1537078125
6.035714285714286 3.1537078125
6.071428571428571 3.1537078125
6.107142857142857 3.1537078125
6.142857142857143 3.1537078125
6.178571428571429 3.1537078125
6.214285714285714 3.1537078125
6.25 3.1537078125
6.285714285714286 3.1537078125
6.321428571428571 3.1537078125
6.357142857142857 3.1537078125
6.392857142857143 3.1537078125
6.428571428571429 3.1537078125
6.464285714285714 3.1537078125
6.5 3.1537078125
6.535714285714286 3.1537078125
6.571428571428571 3.1537078125
6.642857142857143 3.1390734375
6.678571428571429 3.1390734375
6.714285714285714 3.1390734375
6.75 3.13175625
6.785714285714286 3.12809765625
6.821428571428571 3.1244390625
6.857142857142857 3.1244390625
6.892857142857143 3.117121875
6.928571428571429 3.11346328125
6.964285714285714 3.10614609375
7.0 3.087853125
7.035714285714286 3.0951703125
7.071428571428571 3.1024875
7.107142857142857 3.1024875
7.142857142857143 3.1024875
7.178571428571429 3.1024875
7.214285714285714 3.1024875
7.25 3.1024875
7.285714285714286 3.1024875
7.321428571428571 3.1024875
7.357142857142857 3.1024875
7.392857142857143 3.1024875
7.428571428571429 3.1024875
7.464285714285714 3.1024875
7.5 3.1024875
7.535714285714286 3.1024875
7.571428571428571 3.1024875
7.607142857142857 3.1024875
7.642857142857143 3.1024875
7.678571428571429 3.1024875
7.714285714285714 3.1024875
7.75 3.1024875
7.785714285714286 3.1024875
7.821428571428571 3.1024875
7.857142857142857 3.1024875
7.892857142857143 3.1024875
7.928571428571429 3.1024875
7.964285714285714 3.1024875
8.0 3.1024875
8.035714285714286 3.1024875
8.071428571428571 3.1024875
8.107142857142858 3.1024875
8.142857142857142 3.1024875
8.178571428571429 3.1024875
8.214285714285714 3.1024875
8.25 3.1024875
8.285714285714286 3.1024875
8.321428571428571 3.1024875
8.357142857142858 3.1024875
8.392857142857142 3.1024875
8.428571428571429 3.1024875
8.464285714285714 3.1024875
8.5 3.1024875
8.535714285714286 3.1024875
8.571428571428571 3.09882890625
8.607142857142858 3.09882890625
8.678571428571429 3.09151171875
8.714285714285714 3.09151171875
8.75 3.087853125
8.785714285714286 3.08419453125
8.821428571428571 3.0805359375
8.857142857142858 3.07321875
8.892857142857142 3.07321875
8.928571428571429 3.06956015625
8.964285714285714 3.0659015625
9.0 3.04760859375
9.035714285714286 3.06224296875
9.071428571428571 3.06956015625
9.107142857142858 3.07321875
9.142857142857142 3.06956015625
9.178571428571429 3.06956015625
9.214285714285714 3.06956015625
9.25 3.06956015625
9.285714285714286 3.06956015625
9.321428571428571 3.06956015625
9.357142857142858 3.06956015625
9.392857142857142 3.06956015625
9.428571428571429 3.06956015625
9.464285714285714 3.07321875
9.5 3.07321875
9.535714285714286 3.06956015625
9.571428571428571 3.06956015625
9.607142857142858 3.06956015625
9.642857142857142 3.06956015625
9.678571428571429 3.06956015625
9.714285714285714 3.06956015625
9.75 3.06956015625
9.785714285714286 3.06956015625
9.821428571428571 3.06956015625
9.857142857142858 3.06956015625
9.892857142857142 3.06956015625
9.928571428571429 3.06956015625
9.964285714285714 3.06956015625
10.0 3.06956015625
10.035714285714286 3.06956015625
10.071428571428571 3.06956015625
10.107142857142858 3.06956015625
10.142857142857142 3.06956015625
10.178571428571429 3.06956015625
10.214285714285714 3.06956015625
10.25 3.06956015625
10.285714285714286 3.06956015625
10.321428571428571 3.06956015625
10.357142857142858 3.06956015625
10.392857142857142 3.06956015625
10.428571428571429 3.06956015625
10.464285714285714 3.06956015625
10.5 3.06956015625
10.535714285714286 3.06956015625
10.571428571428571 3.06956015625
10.678571428571429 3.058584375
10.714285714285714 3.058584375
10.75 3.058584375
10.785714285714286 3.058584375
10.821428571428571 3.0512671875
10.857142857142858 3.04760859375
10.892857142857142 3.04395
10.928571428571429 3.04029140625
10.964285714285714 3.0366328125
11.0 3.02565703125
11.035714285714286 3.01468125
11.071428571428571 3.02565703125
11.107142857142858 3.029315625
11.142857142857142 3.03297421875
11.178571428571429 3.03297421875
11.214285714285714 3.03297421875
11.25 3.03297421875
11.285714285714286 3.03297421875
11.321428571428571 3.03297421875
11.357142857142858 3.03297421875
11.392857142857142 3.03297421875
11.428571428571429 3.03297421875
11.464285714285714 3.03297421875
11.5 3.03297421875
11.535714285714286 3.03297421875
11.571428571428571 3.03297421875
11.607142857142858 3.03297421875
11.642857142857142 3.03297421875
11.678571428571429 3.03297421875
11.714285714285714 3.03297421875
11.75 3.03297421875
11.785714285714286 3.03297421875
11.821428571428571 3.03297421875
11.857142857142858 3.03297421875
11.892857142857142 3.03297421875
11.928571428571429 3.03297421875
11.964285714285714 3.03297421875
12.0 3.03297421875
12.035714285714286 3.03297421875
12.071428571428571 3.03297421875
12.107142857142858 3.03297421875
12.142857142857142 3.03297421875
12.178571428571429 3.03297421875
12.214285714285714 3.03297421875
12.25 3.03297421875
12.285714285714286 3.03297421875
12.321428571428571 3.03297421875
12.357142857142858 3.03297421875
12.392857142857142 3.03297421875
12.428571428571429 3.03297421875
12.464285714285714 3.03297421875
12.5 3.03297421875
12.535714285714286 3.03297421875
12.571428571428571 3.03297421875
12.607142857142858 3.029315625
12.714285714285714 3.01833984375
12.75 3.01833984375
12.785714285714286 3.01833984375
12.821428571428571 3.01102265625
12.857142857142858 3.0073640625
12.892857142857142 3.00370546875
12.928571428571429 3.0000468750000002
12.964285714285714 2.9963882812500002
13.0 2.9927296875000002
13.035714285714286 2.98175390625
13.071428571428571 2.9780953125
13.107142857142858 2.9963882812500002
13.142857142857142 2.9963882812500002
13.178571428571429 2.9963882812500002
13.214285714285714 2.9963882812500002
13.25 2.9963882812500002
13.285714285714286 2.9963882812500002
13.321428571428571 2.9963882812500002
13.357142857142858 2.9963882812500002
13.392857142857142 2.9963882812500002
13.428571428571429 2.9963882812500002
13.464285714285714 2.9963882812500002
13.5 2.9963882812500002
13.535714285714286 2.9963882812500002
13.571428571428571 2.9963882812500002
13.607142857142858 2.9963882812500002
13.642857142857142 2.9963882812500002
13.678571428571429 2.9963882812500002
13.714285714285714 2.9963882812500002
13.75 2.9963882812500002
13.785714285714286 2.9963882812500002
13.821428571428571 2.9963882812500002
13.857142857142858 2.9963882812500002
13.892857142857142 2.9963882812500002
13.928571428571429 2.9963882812500002
13.964285714285714 2.9963882812500002
14.0 2.9963882812500002
14.035714285714286 2.9963882812500002
14.071428571428571 2.9963882812500002
14.107142857142858 2.9963882812500002
14.142857142857142 2.9963882812500002
14.178571428571429 2.9963882812500002
14.214285714285714 2.9963882812500002
14.25 2.9963882812500002
14.285714285714286 2.9963882812500002
14.321428571428571 2.9963882812500002
14.357142857142858 2.9963882812500002
14.392857142857142 2.9963882812500002
14.428571428571429 2.9963882812500002
14.464285714285714 2.9963882812500002
14.5 2.9963882812500002
14.535714285714286 2.9963882812500002
14.571428571428571 2.9963882812500002
14.607142857142858 2.9927296875000002
14.642857142857142 2.9927296875000002
14.75 2.9780953125
14.785714285714286 2.97443671875
14.821428571428571 2.970778125
14.857142857142858 2.9634609375
14.892857142857142 2.9634609375
14.928571428571429 2.95980234375
14.964285714285714 2.95614375
15.0 2.9488265625
15.035714285714286 2.9341921875
15.071428571428571 2.926875
15.107142857142858 2.93785078125
15.142857142857142 2.941509375
15.178571428571429 2.941509375
15.214285714285714 2.941509375
15.25 2.941509375
15.285714285714286 2.941509375
15.321428571428571 2.941509375
15.357142857142858 2.941509375
15.392857142857142 2.941509375
15.428571428571429 2.941509375
15.464285714285714 2.941509375
15.5 2.941509375
15.535714285714286 2.941509375
15.571428571428571 2.941509375
15.607142857142858 2.941509375
15.642857142857142 2.941509375
15.678571428571429 2.941509375
15.714285714285714 2.941509375
15.75 2.941509375
15.785714285714286 2.941509375
15.821428571428571 2.941509375
15.857142857142858 2.941509375
15.892857142857142 2.941509375
15.928571428571429 2.941509375
15.964285714285714 2.941509375
16.0 2.941509375
16.035714285714285 2.941509375
16.071428571428573 2.941509375
16.107142857142858 2.941509375
16.142857142857142 2.941509375
16.178571428571427 2.941509375
16.214285714285715 2.941509375
16.25 2.941509375
16.285714285714285 2.941509375
16.321428571428573 2.941509375
16.357142857142858 2.941509375
16.392857142857142 2.941509375
16.428571428571427 2.941509375
16.464285714285715 2.941509375
16.5 2.941509375
16.535714285714285 2.941509375
16.571428571428573 2.941509375
16.607142857142858 2.941509375
16.642857142857142 2.941509375
16.678571428571427 2.941509375
16.75 2.926875
16.785714285714285 2.93053359375
16.857142857142858 2.92321640625
16.892857142857142 2.92321640625
16.928571428571427 2.9195578125
16.964285714285715 2.912240625
17.0 2.90858203125
17.035714285714285 2.90858203125
17.071428571428573 2.89760625
17.107142857142858 2.9049234375
17.142857142857142 2.9195578125
17.178571428571427 2.9195578125
17.214285714285715 2.9195578125
17.25 2.9195578125
17.285714285714285 2.9195578125
17.321428571428573 2.9195578125
17.357142857142858 2.9195578125
17.392857142857142 2.9195578125
17.428571428571427 2.9195578125
17.464285714285715 2.9195578125
17.5 2.9195578125
17.535714285714285 2.9195578125
17.571428571428573 2.9195578125
17.607142857142858 2.9195578125
17.642857142857142 2.9195578125
17.678571428571427 2.9195578125
17.714285714285715 2.9195578125
17.75 2.9195578125
17.785714285714285 2.9195578125
17.821428571428573 2.9195578125
17.857142857142858 2.9195578125
17.892857142857142 2.9195578125
17.928571428571427 2.9195578125
17.964285714285715 2.9195578125
18.0 2.9195578125
18.035714285714285 2.9195578125
18.071428571428573 2.9195578125
18.107142857142858 2.9195578125
18.142857142857142 2.9195578125
18.178571428571427 2.9195578125
18.214285714285715 2.9195578125
18.25 2.9195578125
18.285714285714285 2.9195578125
18.321428571428573 2.9195578125
18.357142857142858 2.9195578125
18.392857142857142 2.9195578125
18.428571428571427 2.9195578125
18.464285714285715 2.9195578125
18.5 2.9195578125
18.535714285714285 2.9195578125
18.571428571428573 2.9195578125
18.607142857142858 2.9195578125
18.642857142857142 2.91589921875
18.678571428571427 2.91589921875
18.714285714285715 2.91589921875
18.75 2.90126484375
18.785714285714285 2.9049234375
18.821428571428573 2.90126484375
18.857142857142858 2.89394765625
18.892857142857142 2.88663046875
18.928571428571427 2.88663046875
18.964285714285715 2.882971875
19.0 2.8756546875
19.035714285714285 2.8756546875
19.071428571428573 2.87199609375
19.107142857142858 2.8610203125
19.142857142857142 2.8683375
19.178571428571427 2.8683375
19.214285714285715 2.8683375
19.25 2.8683375
19.285714285714285 2.8683375
19.321428571428573 2.8683375
19.357142857142858 2.8683375
19.392857142857142 2.8683375
19.428571428571427 2.8683375
19.464285714285715 2.8683375
19.5 2.87199609375
19.535714285714285 2.87199609375
19.571428571428573 2.8683375
19.607142857142858 2.8683375
19.642857142857142 2.8683375
19.678571428571427 2.8683375
19.714285714285715 2.8683375
19.75 2.8683375
19.785714285714285 2.8683375
19.821428571428573 2.8683375
19.857142857142858 2.8683375
19.892857142857142 2.8683375
19.928571428571427 2.8683375
19.964285714285715 2.8683375
20.0 2.8683375
20.035714285714285 2.8683375
20.071428571428573 2.8683375
20.107142857142858 2.8683375
20.142857142857142 2.8683375
20.178571428571427 2.8683375
20.214285714285715 2.8683375
20.25 2.8683375
20.285714285714285 2.8683375
20.321428571428573 2.8683375
20.357142857142858 2.8683375
20.392857142857142 2.8683375
20.428571428571427 2.8683375
20.464285714285715 2.8683375
20.5 2.8683375
20.535714285714285 2.8683375
20.571428571428573 2.8683375
20.607142857142858 2.8683375
20.642857142857142 2.8683375
20.678571428571427 2.8683375
20.714285714285715 2.8683375
20.785714285714285 2.8610203125
20.821428571428573 2.85736171875
20.857142857142858 2.85004453125
20.892857142857142 2.85004453125
20.928571428571427 2.8463859375
20.964285714285715 2.8463859375
21.0 2.83906875
21.035714285714285 2.83541015625
21.071428571428573 2.82809296875
21.107142857142858 2.8098
21.142857142857142 2.824434375
21.178571428571427 2.8317515625
21.214285714285715 2.83541015625
21.25 2.83541015625
21.285714285714285 2.83541015625
21.321428571428573 2.83541015625
21.357142857142858 2.83541015625
21.392857142857142 2.83541015625
21.428571428571427 2.83541015625
21.464285714285715 2.83541015625
21.5 2.83541015625
21.535714285714285 2.83541015625
21.571428571428573 2.83541015625
21.607142857142858 2.83541015625
21.642857142857142 2.83541015625
21.678571428571427 2.83541015625
21.714285714285715 2.83541015625
21.75 2.83541015625
21.785714285714285 2.83541015625
21.821428571428573 2.83541015625
21.857142857142858 2.83541015625
21.892857142857142 2.83541015625
21.928571428571427 2.83541015625
21.964285714285715 2.83541015625
22.0 2.83541015625
22.035714285714285 2.83541015625
22.071428571428573 2.83541015625
22.107142857142858 2.83541015625
22.142857142857142 2.83541015625
22.178571428571427 2.83541015625
22.214285714285715 2.83541015625
22.25 2.83541015625
22.285714285714285 2.83541015625
22.321428571428573 2.83541015625
22.357142857142858 2.83541015625
22.392857142857142 2.83541015625
22.428571428571427 2.83541015625
22.464285714285715 2.83541015625
22.5 2.83541015625
22.535714285714285 2.83541015625
22.571428571428573 2.83541015625
22.607142857142858 2.83541015625
22.642857142857142 2.83541015625
22.678571428571427 2.83541015625
22.714285714285715 2.83541015625
22.75 2.83541015625
22.821428571428573 2.824434375
22.857142857142858 2.8171171875
22.892857142857142 2.81345859375
22.928571428571427 2.8098
22.964285714285715 2.80614140625
23.0 2.80614140625
23.035714285714285 2.79882421875
23.071428571428573 2.79882421875
23.107142857142858 2.7878484375
23.142857142857142 2.7732140625
23.178571428571427 2.7878484375
23.214285714285715 2.795165625
23.25 2.79882421875
23.285714285714285 2.79882421875
23.321428571428573 2.79882421875
23.357142857142858 2.79882421875
23.392857142857142 2.79882421875
23.428571428571427 2.79882421875
23.464285714285715 2.79882421875
23.5 2.79882421875
23.535714285714285 2.79882421875
23.571428571428573 2.79882421875
23.607142857142858 2.79882421875
23.642857142857142 2.79882421875
23.678571428571427 2.79882421875
23.714285714285715 2.79882421875
23.75 2.79882421875
23.785714285714285 2.79882421875
23.821428571428573 2.79882421875
23.857142857142858 2.79882421875
23.892857142857142 2.79882421875
23.928571428571427 2.79882421875
23.964285714285715 2.79882421875
24.0 2.79882421875
24.035714285714285 2.79882421875
24.071428571428573 2.79882421875
24.107142857142858 2.79882421875
24.142857142857142 2.79882421875
24.178571428571427 2.79882421875
24.214285714285715 2.79882421875
24.25 2.79882421875
24.285714285714285 2.79882421875
24.321428571428573 2.795165625
24.357142857142858 2.795165625
24.392857142857142 2.795165625
24.428571428571427 2.795165625
24.464285714285715 2.795165625
24.5 2.795165625
24.535714285714285 2.795165625
24.571428571428573 2.795165625
24.607142857142858 2.795165625
24.642857142857142 2.795165625
24.678571428571427 2.795165625
24.714285714285715 2.795165625
24.821428571428573 2.78418984375
24.892857142857142 2.78053125
24.928571428571427 2.77687265625
24.964285714285715 2.7732140625
25.0 2.7732140625
25.035714285714285 2.76955546875
25.071428571428573 2.765896875
25.107142857142858 2.74760390625
25.142857142857142 2.74028671875
25.178571428571427 2.7585796875
25.214285714285715 2.765896875
25.25 2.765896875
25.285714285714285 2.765896875
25.321428571428573 2.765896875
25.357142857142858 2.765896875
25.392857142857142 2.765896875
25.428571428571427 2.765896875
25.464285714285715 2.765896875
25.5 2.765896875
25.535714285714285 2.765896875
25.571428571428573 2.765896875
25.607142857142858 2.765896875
25.642857142857142 2.765896875
25.678571428571427 2.765896875
25.714285714285715 2.765896875
25.75 2.765896875
25.785714285714285 2.765896875
25.821428571428573 2.765896875
25.857142857142858 2.765896875
25.892857142857142 2.765896875
25.928571428571427 2.765896875
25.964285714285715 2.765896875
26.0 2.765896875
26.035714285714285 2.765896875
26.071428571428573 2.765896875
26.107142857142858 2.765896875
26.142857142857142 2.765896875
26.178571428571427 2.765896875
26.214285714285715 2.765896875
26.25 2.765896875
26.285714285714285 2.765896875
26.321428571428573 2.765896875
26.357142857142858 2.765896875
26.392857142857142 2.765896875
26.428571428571427 2.765896875
26.464285714285715 2.765896875
26.5 2.765896875
26.535714285714285 2.765896875
26.571428571428573 2.765896875
26.607142857142858 2.765896875
26.642857142857142 2.765896875
26.678571428571427 2.765896875
26.714285714285715 2.76223828125
26.75 2.765896875
26.857142857142858 2.76223828125
26.892857142857142 2.7585796875
26.928571428571427 2.75492109375
26.964285714285715 2.7512625
27.0 2.74760390625
27.035714285714285 2.74028671875
27.071428571428573 2.74028671875
27.107142857142858 2.73296953125
27.142857142857142 2.71833515625
27.178571428571427 2.71833515625
27.214285714285715 2.7293109375
27.25 2.73296953125
27.285714285714285 2.73296953125
27.321428571428573 2.73296953125
27.357142857142858 2.73296953125
27.392857142857142 2.73296953125
27.428571428571427 2.73296953125
27.464285714285715 2.73296953125
27.5 2.73296953125
27.535714285714285 2.73296953125
27.571428571428573 2.73296953125
27.607142857142858 2.73296953125
27.642857142857142 2.73296953125
27.678571428571427 2.73296953125
27.714285714285715 2.73296953125
27.75 2.73296953125
27.785714285714285 2.73296953125
27.821428571428573 2.73296953125
27.857142857142858 2.73296953125
27.892857142857142 2.73296953125
27.928571428571427 2.73296953125
27.964285714285715 2.73296953125
28.0 2.73296953125
28.035714285714285 2.73296953125
28.071428571428573 2.73296953125
28.107142857142858 2.73296953125
28.142857142857142 2.73296953125
28.178571428571427 2.73296953125
28.214285714285715 2.73296953125
28.25 2.73296953125
28.285714285714285 2.73296953125
28.321428571428573 2.73296953125
28.357142857142858 2.73296953125
28.392857142857142 2.73296953125
28.428571428571427 2.73296953125
28.464285714285715 2.73296953125
28.5 2.73296953125
28.535714285714285 2.73296953125
28.571428571428573 2.73296953125
28.607142857142858 2.73296953125
28.642857142857142 2.73296953125
28.678571428571427 2.73296953125
28.714285714285715 2.73296953125
28.785714285714285 2.7293109375
28.821428571428573 2.71833515625
28.857142857142858 2.71833515625
28.892857142857142 2.71833515625
28.928571428571427 2.7110179687500002
28.964285714285715 2.7110179687500002
29.0 2.7073593750000002
29.035714285714285 2.7073593750000002
29.071428571428573 2.7000421875
29.107142857142858 2.7000421875
29.142857142857142 2.692725
29.178571428571427 2.678090625
29.214285714285715 2.6854078125
29.25 2.69638359375
29.285714285714285 2.69638359375
29.321428571428573 2.69638359375
29.357142857142858 2.69638359375
29.392857142857142 2.69638359375
29.428571428571427 2.69638359375
29.464285714285715 2.69638359375
29.5 2.69638359375
29.535714285714285 2.69638359375
29.571428571428573 2.69638359375
29.607142857142858 2.69638359375
29.642857142857142 2.69638359375
29.678571428571427 2.69638359375
29.714285714285715 2.69638359375
29.75 2.69638359375
29.785714285714285 2.69638359375
29.821428571428573 2.69638359375
29.857142857142858 2.69638359375
29.892857142857142 2.69638359375
29.928571428571427 2.69638359375
29.964285714285715 2.69638359375
30.0 2.69638359375
30.035714285714285 2.69638359375
30.071428571428573 2.69638359375
30.107142857142858 2.69638359375
30.142857142857142 2.69638359375
30.178571428571427 2.69638359375
30.214285714285715 2.69638359375
30.25 2.69638359375
30.285714285714285 2.69638359375
30.321428571428573 2.69638359375
30.357142857142858 2.69638359375
30.392857142857142 2.69638359375
30.428571428571427 2.69638359375
30.464285714285715 2.69638359375
30.5 2.69638359375
30.535714285714285 2.69638359375
30.571428571428573 2.69638359375
30.607142857142858 2.69638359375
30.642857142857142 2.69638359375
30.678571428571427 2.69638359375
30.714285714285715 2.69638359375
30.785714285714285 2.69638359375
30.857142857142858 2.6854078125
30.892857142857142 2.6854078125
30.928571428571427 2.68174921875
30.964285714285715 2.67443203125
31.0 2.67443203125
31.035714285714285 2.6707734375
31.071428571428573 2.6707734375
31.107142857142858 2.66345625
31.142857142857142 2.6561390625
31.178571428571427 2.6415046875
31.214285714285715 2.6415046875
31.25 2.65248046875
31.285714285714285 2.6561390625
31.321428571428573 2.6561390625
31.357142857142858 2.6561390625
31.392857142857142 2.6561390625
31.428571428571427 2.6561390625
31.464285714285715 2.6561390625
31.5 2.6561390625
31.535714285714285 2.6561390625
31.571428571428573 2.6561390625
31.607142857142858 2.6561390625
31.642857142857142 2.6561390625
31.678571428571427 2.6561390625
31.714285714285715 2.6561390625
31.75 2.6561390625
31.785714285714285 2.6561390625
31.821428571428573 2.6561390625
31.857142857142858 2.65248046875
31.892857142857142 2.65248046875
31.928571428571427 2.65248046875
31.964285714285715 2.65248046875
32.0 2.65248046875
32.035714285714285 2.65248046875
32.07142857142857 2.65248046875
32.107142857142854 2.65248046875
32.142857142857146 2.65248046875
32.17857142857143 2.65248046875
32.214285714285715 2.65248046875
32.25 2.65248046875
32.285714285714285 2.65248046875
32.32142857142857 2.65248046875
32.357142857142854 2.65248046875
32.392857142857146 2.65248046875
32.42857142857143 2.65248046875
32.464285714285715 2.65248046875
32.5 2.6561390625
32.535714285714285 2.65248046875
32.57142857142857 2.65248046875
32.607142857142854 2.65248046875
32.642857142857146 2.65248046875
32.67857142857143 2.65248046875
32.714285714285715 2.65248046875
32.75 2.65248046875
32.82142857142857 2.65248046875
32.857142857142854 2.64516328125
32.892857142857146 2.64516328125
32.92857142857143 2.63784609375
32.964285714285715 2.63784609375
33.0 2.63052890625
33.035714285714285 2.63052890625
33.07142857142857 2.6268703125
33.107142857142854 2.619553125
33.142857142857146 2.619553125
33.17857142857143 2.6122359375
33.214285714285715 2.60126015625
33.25 2.619553125
33.285714285714285 2.6268703125
33.32142857142857 2.6268703125
33.357142857142854 2.6268703125
33.392857142857146 2.6268703125
33.42857142857143 2.6268703125
33.464285714285715 2.6268703125
33.5 2.6268703125
33.535714285714285 2.6268703125
33.57142857142857 2.6268703125
33.607142857142854 2.6268703125
33.642857142857146 2.6268703125
33.67857142857143 2.6268703125
33.714285714285715 2.6268703125
33.75 2.6268703125
33.785714285714285 2.6268703125
33.82142857142857 2.6268703125
33.857142857142854 2.6268703125
33.892857142857146 2.6268703125
33.92857142857143 2.6268703125
33.964285714285715 2.6268703125
34.0 2.6268703125
34.035714285714285 2.6268703125
34.07142857142857 2.6268703125
34.107142857142854 2.6268703125
34.142857142857146 2.6268703125
34.17857142857143 2.6268703125
34.214285714285715 2.6268703125
34.25 2.6268703125
34.285714285714285 2.6268703125
34.32142857142857 2.6268703125
34.357142857142854 2.6268703125
34.392857142857146 2.6268703125
34.42857142857143 2.6268703125
34.464285714285715 2.6268703125
34.5 2.6268703125
34.535714285714285 2.6268703125
34.57142857142857 2.6268703125
34.607142857142854 2.6268703125
34.642857142857146 2.6268703125
34.67857142857143 2.6268703125
34.714285714285715 2.6268703125
34.75 2.6268703125
34.785714285714285 2.6268703125
34.892857142857146 2.61589453125
34.964285714285715 2.60857734375
35.0 2.60491875
35.035714285714285 2.60126015625
35.07142857142857 2.5976015625
35.107142857142854 2.59394296875
35.285714285714285 2.57930859375
35.32142857142857 2.57930859375
35.392857142857146 2.57930859375
35.464285714285715 2.57930859375
35.5 2.57930859375
35.535714285714285 2.57930859375
35.57142857142857 2.57930859375
35.607142857142854 2.57930859375
35.714285714285715 2.57930859375
35.75 2.57930859375
35.785714285714285 2.57930859375
35.82142857142857 2.57930859375
35.92857142857143 2.57930859375
36.0 2.57930859375
36.035714285714285 2.57930859375
36.25 2.57930859375
36.285714285714285 2.57930859375
36.32142857142857 2.57930859375
36.535714285714285 2.57930859375
36.57142857142857 2.57565
36.67857142857143 2.57565
36.714285714285715 2.57565
36.92857142857143 2.57199140625
37.0 2.56467421875
37.035714285714285 2.55735703125
37.07142857142857 2.55735703125
37.107142857142854 2.55003984375
37.142857142857146 2.54638125
37.17857142857143 2.54272265625
37.214285714285715 2.52808828125
37.25 2.52808828125
37.285714285714285 2.54272265625
37.32142857142857 2.55003984375
37.357142857142854 2.55003984375
37.392857142857146 2.55003984375
37.42857142857143 2.55003984375
37.464285714285715 2.55003984375
37.5 2.55003984375
37.535714285714285 2.55003984375
37.57142857142857 2.55003984375
37.607142857142854 2.55003984375
37.642857142857146 2.55003984375
37.67857142857143 2.55003984375
37.714285714285715 2.55003984375
37.75 2.55003984375
37.785714285714285 2.55003984375
37.82142857142857 2.55003984375
37.857142857142854 2.55003984375
37.892857142857146 2.55003984375
37.92857142857143 2.55003984375
37.964285714285715 2.55003984375
38.0 2.55003984375
38.035714285714285 2.55003984375
38.07142857142857 2.55003984375
38.107142857142854 2.55003984375
38.142857142857146 2.55003984375
38.17857142857143 2.55003984375
38.214285714285715 2.55003984375
38.25 2.55003984375
38.285714285714285 2.55003984375
38.32142857142857 2.55003984375
38.357142857142854 2.55003984375
38.392857142857146 2.55003984375
38.42857142857143 2.55003984375
38.464285714285715 2.55003984375
38.5 2.55003984375
38.535714285714285 2.55003984375
38.57142857142857 2.55003984375
38.607142857142854 2.55003984375
38.642857142857146 2.55003984375
38.67857142857143 2.55003984375
38.714285714285715 2.55003984375
38.75 2.55003984375
38.785714285714285 2.55003984375
38.82142857142857 2.54638125
38.92857142857143 2.54272265625
39.0 2.531746875
39.035714285714285 2.531746875
39.07142857142857 2.52808828125
39.107142857142854 2.52808828125
39.142857142857146 2.52077109375
39.17857142857143 2.52077109375
39.214285714285715 2.51345390625
39.25 2.49150234375
39.285714285714285 2.49881953125
39.32142857142857 2.50613671875
39.357142857142854 2.50613671875
39.392857142857146 2.50613671875
39.42857142857143 2.50613671875
39.464285714285715 2.50613671875
39.5 2.50613671875
39.535714285714285 2.50613671875
39.57142857142857 2.50613671875
39.607142857142854 2.50613671875
39.642857142857146 2.50613671875
39.67857142857143 2.50613671875
39.714285714285715 2.50613671875
39.75 2.50613671875
39.785714285714285 2.50613671875
39.82142857142857 2.50613671875
39.857142857142854 2.50613671875
39.892857142857146 2.50613671875
