0.03571428571428571 3.936646875
0.07142857142857142 3.94030546875
0.10714285714285714 3.94030546875
0.14285714285714285 3.94030546875
0.17857142857142858 3.936646875
0.21428571428571427 3.936646875
0.25 3.936646875
0.2857142857142857 3.936646875
0.32142857142857145 3.936646875
0.35714285714285715 3.936646875
0.39285714285714285 3.936646875
0.42857142857142855 3.936646875
0.4642857142857143 3.936646875
0.5 3.936646875
0.5357142857142857 3.936646875
0.5714285714285714 3.93298828125
0.6071428571428571 3.936646875
0.6428571428571429 3.936646875
0.6785714285714286 3.93298828125
1.0714285714285714 3.88908515625
1.1071428571428572 3.89274375
1.1428571428571428 3.89274375
1.1785714285714286 3.88908515625
1.2142857142857142 3.88908515625
1.25 3.88908515625
1.2857142857142858 3.88908515625
1.3214285714285714 3.88908515625
1.3571428571428572 3.88908515625
1.3928571428571428 3.88908515625
1.4285714285714286 3.88908515625
1.4642857142857142 3.88908515625
1.5 3.88908515625
1.5357142857142858 3.89274375
1.5714285714285714 3.89274375
1.6071428571428572 3.88908515625
1.6428571428571428 3.88908515625
1.6785714285714286 3.88908515625
1.7142857142857142 3.88908515625
1.75 3.88908515625
1.7857142857142858 3.87445078125
2.1785714285714284 3.8268890625
2.2142857142857144 3.8268890625
2.25 3.82323046875
2.2857142857142856 3.82323046875
2.3214285714285716 3.82323046875
2.357142857142857 3.82323046875
2.392857142857143 3.82323046875
2.4285714285714284 3.819571875
2.4642857142857144 3.819571875
2.5 3.819571875
2.5357142857142856 3.81591328125
2.5714285714285716 3.81591328125
2.607142857142857 3.81591328125
2.642857142857143 3.81591328125
2.6785714285714284 3.81591328125
2.7142857142857144 3.81591328125
2.75 3.81591328125
2.7857142857142856 3.8122546875
2.8214285714285716 3.8122546875
2.857142857142857 3.8122546875
2.892857142857143 3.81591328125
3.3214285714285716 3.76469296875
3.357142857142857 3.76469296875
3.392857142857143 3.76469296875
3.4285714285714284 3.76469296875
3.4642857142857144 3.761034375
3.5 3.761034375
3.5357142857142856 3.761034375
3.5714285714285716 3.761034375
3.607142857142857 3.76469296875
3.642857142857143 3.76469296875
3.6785714285714284 3.761034375
3.7142857142857144 3.761034375
3.75 3.761034375
3.7857142857142856 3.761034375
3.8214285714285716 3.761034375
3.857142857142857 3.761034375
3.892857142857143 3.761034375
3.9285714285714284 3.761034375
3.9642857142857144 3.761034375
4.0 3.75737578125
4.464285714285714 3.6878625
4.5 3.68420390625
4.535714285714286 3.68420390625
4.571428571428571 3.68420390625
4.607142857142857 3.68420390625
4.642857142857143 3.68420390625
4.678571428571429 3.68420390625
4.857142857142857 3.68420390625
4.892857142857143 3.68420390625
4.928571428571429 3.68420390625
4.964285714285714 3.68420390625
5.0 3.68420390625
5.035714285714286 3.68420390625
5.071428571428571 3.68420390625
5.107142857142857 3.68420390625
5.142857142857143 3.6805453125
5.571428571428571 3.60005625
5.607142857142857 3.60005625
5.642857142857143 3.60005625
5.678571428571429 3.60005625
5.714285714285714 3.60005625
5.75 3.60005625
5.785714285714286 3.60005625
5.821428571428571 3.60005625
5.857142857142857 3.60005625
5.892857142857143 3.60005625
5.928571428571429 3.60005625
6.178571428571429 3.60005625
6.214285714285714 3.59639765625
6.75 3.5195671875
6.785714285714286 3.5195671875
6.821428571428571 3.5195671875
6.857142857142857 3.5195671875
6.892857142857143 3.5195671875
6.928571428571429 3.5195671875
6.964285714285714 3.5195671875
7.0 3.5195671875
7.035714285714286 3.5195671875
7.071428571428571 3.5195671875
7.107142857142857 3.5195671875
7.142857142857143 3.5195671875
7.178571428571429 3.5195671875
7.214285714285714 3.5195671875
7.25 3.5195671875
7.285714285714286 3.5195671875
7.321428571428571 3.5195671875
7.357142857142857 3.5195671875
7.392857142857143 3.5195671875
7.428571428571429 3.5049328125
7.821428571428571 3.46468828125
7.857142857142857 3.46468828125
7.892857142857143 3.46468828125
7.928571428571429 3.46468828125
7.964285714285714 3.46468828125
8.0 3.46468828125
8.035714285714286 3.46468828125
8.071428571428571 3.46468828125
8.107142857142858 3.46468828125
8.142857142857142 3.46468828125
8.214285714285714 3.46468828125
8.25 3.46468828125
8.285714285714286 3.4610296875
8.321428571428571 3.4610296875
8.392857142857142 3.46468828125
8.428571428571429 3.46468828125
8.464285714285714 3.4610296875
8.5 3.4610296875
8.535714285714286 3.45737109375
8.964285714285714 3.40615078125
9.0 3.40615078125
9.035714285714286 3.409809375
9.071428571428571 3.409809375
9.107142857142858 3.40615078125
9.142857142857142 3.409809375
9.178571428571429 3.40615078125
9.214285714285714 3.40615078125
9.25 3.40615078125
9.285714285714286 3.40615078125
9.321428571428571 3.40615078125
9.357142857142858 3.40615078125
9.392857142857142 3.40615078125
9.428571428571429 3.40615078125
9.464285714285714 3.40615078125
9.5 3.40615078125
9.535714285714286 3.40615078125
9.571428571428571 3.40615078125
9.607142857142858 3.40615078125
9.642857142857142 3.39883359375
10.071428571428571 3.3732234375
10.107142857142858 3.3732234375
10.142857142857142 3.3732234375
10.178571428571429 3.3732234375
10.214285714285714 3.3732234375
10.25 3.3732234375
10.285714285714286 3.3732234375
10.321428571428571 3.3732234375
10.357142857142858 3.3732234375
10.392857142857142 3.3732234375
10.428571428571429 3.3732234375
10.464285714285714 3.3732234375
10.5 3.3732234375
10.535714285714286 3.3732234375
10.571428571428571 3.3732234375
10.607142857142858 3.3732234375
10.642857142857142 3.3732234375
10.678571428571429 3.3732234375
10.714285714285714 3.3732234375
10.75 3.3732234375
10.785714285714286 3.3585890625
11.142857142857142 3.32566171875
11.214285714285714 3.31834453125
11.25 3.322003125
11.321428571428571 3.322003125
11.357142857142858 3.31834453125
11.392857142857142 3.31834453125
11.428571428571429 3.31834453125
11.464285714285714 3.31834453125
11.5 3.31834453125
11.535714285714286 3.31834453125
11.571428571428571 3.31834453125
11.607142857142858 3.31834453125
11.642857142857142 3.31834453125
11.678571428571429 3.31834453125
11.714285714285714 3.31834453125
11.75 3.31834453125
11.785714285714286 3.31834453125
11.821428571428571 3.31834453125
11.857142857142858 3.31834453125
11.892857142857142 3.30371015625
12.357142857142858 3.263465625
12.392857142857142 3.263465625
12.428571428571429 3.263465625
12.464285714285714 3.263465625
12.5 3.263465625
12.535714285714286 3.263465625
12.571428571428571 3.263465625
12.607142857142858 3.263465625
12.642857142857142 3.263465625
12.678571428571429 3.263465625
12.714285714285714 3.263465625
12.75 3.263465625
12.785714285714286 3.25980703125
12.821428571428571 3.25980703125
12.857142857142858 3.263465625
12.892857142857142 3.25980703125
12.928571428571429 3.25980703125
12.964285714285714 3.25980703125
13.0 3.25980703125
13.035714285714286 3.24517265625
13.464285714285714 3.1976109375
13.5 3.1976109375
13.535714285714286 3.1976109375
13.571428571428571 3.1976109375
13.607142857142858 3.1976109375
13.642857142857142 3.1976109375
13.678571428571429 3.1976109375
13.714285714285714 3.1976109375
13.75 3.1976109375
13.785714285714286 3.1976109375
13.821428571428571 3.1976109375
13.857142857142858 3.1976109375
13.892857142857142 3.1976109375
13.928571428571429 3.1976109375
13.964285714285714 3.1976109375
14.0 3.1976109375
14.035714285714286 3.1976109375
14.071428571428571 3.1976109375
14.107142857142858 3.1976109375
14.142857142857142 3.19029375
14.571428571428571 3.15004921875
14.607142857142858 3.15004921875
14.642857142857142 3.15004921875
14.678571428571429 3.15004921875
14.714285714285714 3.15004921875
14.75 3.146390625
14.821428571428571 3.146390625
14.857142857142858 3.146390625
14.892857142857142 3.146390625
14.928571428571429 3.146390625
14.964285714285714 3.146390625
15.0 3.146390625
15.035714285714286 3.146390625
15.071428571428571 3.146390625
15.107142857142858 3.146390625
15.142857142857142 3.146390625
15.178571428571429 3.146390625
15.214285714285714 3.146390625
15.25 3.146390625
15.285714285714286 3.14273203125
15.678571428571429 3.0951703125
15.714285714285714 3.0951703125
15.75 3.0951703125
15.785714285714286 3.0951703125
15.821428571428571 3.0951703125
15.857142857142858 3.0951703125
15.892857142857142 3.0951703125
15.928571428571429 3.0951703125
15.964285714285714 3.0951703125
16.0 3.0951703125
16.035714285714285 3.0951703125
16.071428571428573 3.0951703125
16.107142857142858 3.0951703125
16.142857142857142 3.0951703125
16.178571428571427 3.09882890625
16.214285714285715 3.0951703125
16.25 3.0951703125
16.285714285714285 3.0951703125
16.321428571428573 3.0951703125
16.357142857142858 3.0951703125
16.392857142857142 3.0951703125
16.821428571428573 3.05492578125
16.857142857142858 3.05492578125
16.892857142857142 3.05492578125
16.928571428571427 3.0512671875
16.964285714285715 3.05492578125
17.0 3.05492578125
17.035714285714285 3.0512671875
17.071428571428573 3.0512671875
17.107142857142858 3.0512671875
17.142857142857142 3.0512671875
17.178571428571427 3.0512671875
17.214285714285715 3.0512671875
17.25 3.0512671875
17.285714285714285 3.0512671875
17.321428571428573 3.0512671875
17.357142857142858 3.0512671875
17.392857142857142 3.0512671875
17.428571428571427 3.0512671875
17.464285714285715 3.0512671875
17.5 3.0512671875
17.928571428571427 3.01468125
17.964285714285715 3.01468125
18.0 3.01468125
18.035714285714285 3.01468125
18.071428571428573 3.01468125
18.107142857142858 3.01833984375
18.142857142857142 3.01468125
18.178571428571427 3.01468125
18.214285714285715 3.01468125
18.25 3.01468125
18.285714285714285 3.01468125
18.321428571428573 3.01468125
18.357142857142858 3.01468125
18.392857142857142 3.01468125
18.428571428571427 3.01468125
18.464285714285715 3.01468125
18.5 3.01468125
18.535714285714285 3.01468125
18.571428571428573 3.01102265625
18.607142857142858 3.01102265625
18.642857142857142 3.0073640625
19.071428571428573 2.98175390625
19.107142857142858 2.98175390625
19.142857142857142 2.98175390625
19.178571428571427 2.98175390625
19.214285714285715 2.9854125
19.25 2.9854125
19.285714285714285 2.9854125
19.321428571428573 2.9854125
19.357142857142858 2.9854125
19.392857142857142 2.98175390625
19.428571428571427 2.9854125
19.464285714285715 2.98175390625
19.5 2.98175390625
19.535714285714285 2.98175390625
19.571428571428573 2.98175390625
19.607142857142858 2.98175390625
19.642857142857142 2.98175390625
19.678571428571427 2.98175390625
19.714285714285715 2.98175390625
19.75 2.97443671875
20.142857142857142 2.9341921875
20.178571428571427 2.9341921875
20.214285714285715 2.9341921875
20.25 2.9341921875
20.285714285714285 2.9341921875
20.321428571428573 2.9341921875
20.357142857142858 2.9341921875
20.392857142857142 2.9341921875
20.428571428571427 2.9341921875
20.464285714285715 2.9341921875
20.5 2.9341921875
20.535714285714285 2.9341921875
20.571428571428573 2.9341921875
20.607142857142858 2.9341921875
20.642857142857142 2.9341921875
20.678571428571427 2.9341921875
20.714285714285715 2.9341921875
20.75 2.9341921875
20.785714285714285 2.9341921875
20.821428571428573 2.9341921875
20.857142857142858 2.92321640625
20.892857142857142 2.92321640625
21.285714285714285 2.882971875
21.321428571428573 2.882971875
21.357142857142858 2.882971875
21.392857142857142 2.882971875
21.428571428571427 2.882971875
21.464285714285715 2.882971875
21.5 2.882971875
21.535714285714285 2.882971875
21.571428571428573 2.882971875
21.607142857142858 2.882971875
21.642857142857142 2.882971875
21.678571428571427 2.882971875
21.714285714285715 2.882971875
21.75 2.882971875
21.785714285714285 2.882971875
21.821428571428573 2.882971875
21.857142857142858 2.882971875
21.892857142857142 2.882971875
21.928571428571427 2.882971875
21.964285714285715 2.882971875
22.0 2.81345859375
22.428571428571427 2.824434375
22.464285714285715 2.824434375
22.5 2.824434375
22.535714285714285 2.824434375
22.571428571428573 2.824434375
22.607142857142858 2.824434375
22.642857142857142 2.824434375
22.678571428571427 2.824434375
22.714285714285715 2.824434375
22.75 2.824434375
22.785714285714285 2.824434375
22.821428571428573 2.824434375
22.857142857142858 2.824434375
22.892857142857142 2.824434375
22.928571428571427 2.824434375
22.964285714285715 2.824434375
23.0 2.824434375
23.035714285714285 2.824434375
23.071428571428573 2.824434375
23.107142857142858 2.824434375
23.142857142857142 2.736628125
23.535714285714285 2.765896875
23.571428571428573 2.76955546875
23.607142857142858 2.76955546875
23.642857142857142 2.76955546875
23.678571428571427 2.76955546875
23.714285714285715 2.76955546875
23.75 2.76955546875
23.785714285714285 2.76955546875
23.821428571428573 2.76955546875
23.857142857142858 2.765896875
23.892857142857142 2.765896875
23.928571428571427 2.765896875
23.964285714285715 2.765896875
24.0 2.765896875
24.035714285714285 2.765896875
24.071428571428573 2.765896875
24.107142857142858 2.765896875
24.142857142857142 2.765896875
24.178571428571427 2.765896875
24.214285714285715 2.765896875
24.25 2.678090625
24.285714285714285 2.678090625
24.678571428571427 2.72199375
24.714285714285715 2.72199375
24.75 2.72199375
24.785714285714285 2.72199375
24.821428571428573 2.72199375
24.857142857142858 2.72199375
24.892857142857142 2.72199375
25.071428571428573 2.72199375
25.142857142857142 2.72199375
25.178571428571427 2.72199375
26.107142857142858 2.678090625
26.142857142857142 2.678090625
26.178571428571427 2.678090625
26.25 2.678090625
26.285714285714285 2.678090625
26.464285714285715 2.678090625
26.5 2.67443203125
26.892857142857142 2.6341875
27.214285714285715 2.6341875
27.25 2.6341875
27.285714285714285 2.6341875
27.321428571428573 2.6341875
27.357142857142858 2.6341875
27.392857142857142 2.63052890625
27.428571428571427 2.63052890625
27.464285714285715 2.63052890625
27.5 2.63052890625
27.535714285714285 2.63052890625
27.571428571428573 2.63052890625
27.607142857142858 2.619553125
28.0 2.58662578125
28.035714285714285 2.590284375
28.071428571428573 2.590284375
28.107142857142858 2.590284375
28.142857142857142 2.590284375
28.178571428571427 2.590284375
28.214285714285715 2.590284375
28.25 2.590284375
28.285714285714285 2.590284375
28.321428571428573 2.590284375
28.357142857142858 2.58662578125
28.392857142857142 2.58662578125
28.428571428571427 2.58662578125
28.464285714285715 2.58662578125
28.5 2.58662578125
28.535714285714285 2.58662578125
28.571428571428573 2.58662578125
28.607142857142858 2.58662578125
28.642857142857142 2.58662578125
28.678571428571427 2.58662578125
28.714285714285715 2.58662578125
28.75 2.57565
29.142857142857142 2.531746875
29.178571428571427 2.52808828125
29.214285714285715 2.52808828125
29.25 2.52808828125
29.285714285714285 2.52808828125
29.321428571428573 2.52808828125
29.357142857142858 2.52808828125
29.392857142857142 2.531746875
29.428571428571427 2.52808828125
29.464285714285715 2.52808828125
29.5 2.52808828125
29.535714285714285 2.52808828125
29.571428571428573 2.52808828125
29.607142857142858 2.52808828125
29.642857142857142 2.52808828125
29.678571428571427 2.52808828125
29.714285714285715 2.52808828125
29.75 2.52808828125
29.785714285714285 2.52808828125
29.821428571428573 2.52808828125
29.857142857142858 2.47686796875
30.25 2.4805265625
30.285714285714285 2.4805265625
30.321428571428573 2.4805265625
30.357142857142858 2.48418515625
30.392857142857142 2.4805265625
30.428571428571427 2.48418515625
30.464285714285715 2.4805265625
30.5 2.4805265625
30.535714285714285 2.4805265625
30.571428571428573 2.4805265625
30.607142857142858 2.4805265625
30.642857142857142 2.4805265625
30.678571428571427 2.4805265625
30.714285714285715 2.4805265625
30.75 2.4805265625
30.785714285714285 2.4805265625
30.821428571428573 2.4805265625
30.857142857142858 2.4805265625
30.892857142857142 2.4805265625
30.928571428571427 2.4805265625
30.964285714285715 2.4805265625
31.0 2.40369609375
31.392857142857142 2.4293062500000002
31.428571428571427 2.4293062500000002
31.464285714285715 2.4293062500000002
31.5 2.4293062500000002
31.535714285714285 2.4293062500000002
31.571428571428573 2.4293062500000002
31.607142857142858 2.4293062500000002
31.642857142857142 2.4293062500000002
31.678571428571427 2.4293062500000002
31.714285714285715 2.4293062500000002
31.75 2.4293062500000002
31.785714285714285 2.4293062500000002
31.821428571428573 2.4293062500000002
31.857142857142858 2.4293062500000002
31.892857142857142 2.4293062500000002
31.928571428571427 2.4293062500000002
31.964285714285715 2.4293062500000002
32.0 2.4293062500000002
32.035714285714285 2.4293062500000002
32.07142857142857 2.4293062500000002
32.535714285714285 2.3488171875
32.57142857142857 2.3488171875
32.607142857142854 2.3488171875
32.642857142857146 2.3488171875
32.67857142857143 2.3488171875
32.714285714285715 2.3488171875
32.75 2.35247578125
32.785714285714285 2.3488171875
32.82142857142857 2.35247578125
32.857142857142854 2.35247578125
32.892857142857146 2.35247578125
32.92857142857143 2.35247578125
32.964285714285715 2.35247578125
33.07142857142857 2.3488171875
33.107142857142854 2.3488171875
33.142857142857146 2.35247578125
33.17857142857143 2.35247578125
33.214285714285715 2.3488171875
33.25 2.2610109375
33.642857142857146 2.2756453125
33.67857142857143 2.2756453125
33.714285714285715 2.2756453125
33.75 2.2756453125
33.785714285714285 2.2756453125
33.82142857142857 2.2756453125
33.857142857142854 2.2756453125
33.92857142857143 2.2756453125
33.964285714285715 2.2756453125
34.0 2.2756453125
34.035714285714285 2.27930390625
34.07142857142857 2.27930390625
34.107142857142854 2.27930390625
34.142857142857146 2.27930390625
34.17857142857143 2.27930390625
34.214285714285715 2.27930390625
34.285714285714285 2.2756453125
34.32142857142857 2.2756453125
34.357142857142854 2.19515625
34.392857142857146 2.19515625
34.75 2.22076640625
34.785714285714285 2.224425
34.82142857142857 2.224425
34.857142857142854 2.224425
34.892857142857146 2.224425
34.92857142857143 2.224425
34.964285714285715 2.224425
35.0 2.224425
35.035714285714285 2.224425
35.07142857142857 2.224425
35.107142857142854 2.224425
35.142857142857146 2.224425
35.17857142857143 2.22076640625
35.214285714285715 2.224425
35.25 2.22076640625
35.285714285714285 2.22076640625
35.32142857142857 2.22076640625
35.357142857142854 2.22076640625
35.392857142857146 2.2171078125
35.42857142857143 2.2171078125
35.464285714285715 2.2171078125
35.5 2.1293015625
35.892857142857146 2.1585703125
35.92857142857143 2.16222890625
35.964285714285715 2.1585703125
36.0 2.1585703125
36.035714285714285 2.1585703125
36.07142857142857 2.1585703125
36.107142857142854 2.1585703125
36.142857142857146 2.1585703125
36.17857142857143 2.1585703125
36.214285714285715 2.1585703125
36.25 2.1585703125
36.285714285714285 2.1585703125
36.32142857142857 2.1585703125
36.357142857142854 2.1585703125
36.392857142857146 2.1585703125
36.42857142857143 2.15491171875
36.464285714285715 2.15491171875
36.5 2.1585703125
36.535714285714285 2.15491171875
36.57142857142857 2.15491171875
36.607142857142854 2.15491171875
37.0 2.10735
37.035714285714285 2.11100859375
37.07142857142857 2.11100859375
37.107142857142854 2.11100859375
37.142857142857146 2.11100859375
37.17857142857143 2.11100859375
37.214285714285715 2.11100859375
37.25 2.11100859375
37.285714285714285 2.11100859375
37.32142857142857 2.11100859375
37.357142857142854 2.11100859375
37.392857142857146 2.11100859375
37.42857142857143 2.11100859375
37.464285714285715 2.11100859375
37.5 2.11100859375
37.535714285714285 2.11100859375
37.57142857142857 2.11100859375
37.607142857142854 2.11100859375
37.642857142857146 2.11100859375
37.67857142857143 2.11100859375
37.714285714285715 2.11100859375
38.142857142857146 2.0707640625
38.17857142857143 2.0707640625
38.214285714285715 2.0707640625
38.25 2.0707640625
38.285714285714285 2.0707640625
38.32142857142857 2.0707640625
38.357142857142854 2.0707640625
38.392857142857146 2.0707640625
38.42857142857143 2.06710546875
38.464285714285715 2.06710546875
38.5 2.06710546875
38.535714285714285 2.0707640625
38.57142857142857 2.0707640625
38.607142857142854 2.0707640625
38.642857142857146 2.06710546875
38.67857142857143 2.06710546875
38.714285714285715 2.06710546875
38.75 2.06710546875
38.785714285714285 2.06710546875
38.82142857142857 2.06710546875
38.857142857142854 2.06710546875
39.17857142857143 2.034178125
39.25 2.02320234375
39.285714285714285 2.02320234375
39.32142857142857 2.0268609375
39.357142857142854 2.0268609375
39.392857142857146 2.02320234375
39.42857142857143 2.02320234375
39.464285714285715 2.02320234375
39.5 2.02320234375
39.535714285714285 2.02320234375
39.57142857142857 2.02320234375
39.607142857142854 2.02320234375
39.642857142857146 2.02320234375
39.67857142857143 2.02320234375
39.714285714285715 2.02320234375
39.75 2.02320234375
39.785714285714285 2.02320234375
39.82142857142857 2.02320234375
39.857142857142854 2.02320234375
39.892857142857146 2.02320234375
