0.03571428571428571 2.268328125
0.07142857142857142 2.268328125
0.10714285714285714 2.268328125
0.14285714285714285 2.27198671875
0.17857142857142858 2.268328125
0.21428571428571427 2.27198671875
0.25 2.27198671875
0.2857142857142857 2.27198671875
0.32142857142857145 2.268328125
0.35714285714285715 2.27198671875
0.39285714285714285 2.27198671875
0.42857142857142855 2.2756453125
0.4642857142857143 2.2756453125
0.5 2.2756453125
0.5357142857142857 2.2756453125
0.5714285714285714 2.2756453125
0.6071428571428571 2.2756453125
0.6428571428571429 2.2756453125
0.7142857142857143 2.2829625
0.75 2.2829625
0.7857142857142857 2.2829625
0.8214285714285714 2.2829625
0.8571428571428571 2.2829625
0.8928571428571429 2.27930390625
0.9285714285714286 2.27930390625
0.9642857142857143 2.27930390625
1.0 2.28662109375
1.0357142857142858 2.28662109375
1.0714285714285714 2.28662109375
1.1071428571428572 2.28662109375
1.1428571428571428 2.28662109375
1.1785714285714286 2.28662109375
1.2142857142857142 2.2829625
1.25 2.28662109375
1.2857142857142858 2.2902796875
1.3214285714285714 2.2902796875
1.3571428571428572 2.2902796875
1.3928571428571428 2.28662109375
1.4285714285714286 2.28662109375
1.4642857142857142 2.28662109375
1.5 2.28662109375
1.6071428571428572 2.297596875
1.6428571428571428 2.29393828125
1.6785714285714286 2.29393828125
1.75 2.29393828125
1.7857142857142858 2.2902796875
1.8571428571428572 2.30125546875
1.8928571428571428 2.30125546875
2.0 2.29393828125
2.0357142857142856 2.297596875
2.0714285714285716 2.297596875
2.107142857142857 2.297596875
2.142857142857143 2.30857265625
2.1785714285714284 2.30857265625
2.2142857142857144 2.3049140625
2.25 2.3049140625
2.2857142857142856 2.30857265625
2.4285714285714284 2.30857265625
2.4642857142857144 2.30857265625
2.5 2.30857265625
2.5357142857142856 2.30857265625
2.5714285714285716 2.30857265625
2.607142857142857 2.30857265625
2.642857142857143 2.30857265625
2.6785714285714284 2.30857265625
2.7142857142857144 2.31223125
2.75 2.31223125
2.7857142857142856 2.31223125
2.8214285714285716 2.31223125
2.857142857142857 2.30857265625
2.892857142857143 2.31223125
2.9285714285714284 2.31223125
3.0 2.31588984375
3.0357142857142856 2.31588984375
3.0714285714285716 2.31223125
3.107142857142857 2.31588984375
3.142857142857143 2.31588984375
3.1785714285714284 2.31223125
3.2142857142857144 2.31223125
3.25 2.31588984375
3.2857142857142856 2.31588984375
3.3214285714285716 2.3195484375
3.357142857142857 2.31588984375
3.392857142857143 2.3195484375
3.4285714285714284 2.31588984375
3.4642857142857144 2.3195484375
3.5 2.3195484375
3.5357142857142856 2.3195484375
3.5714285714285716 2.32320703125
3.607142857142857 2.3195484375
3.642857142857143 2.3195484375
3.6785714285714284 2.3195484375
3.7142857142857144 2.3195484375
3.75 2.3195484375
3.7857142857142856 2.3195484375
3.8214285714285716 2.3195484375
3.857142857142857 2.326865625
3.892857142857143 2.32320703125
3.9285714285714284 2.326865625
3.9642857142857144 2.326865625
4.0 2.326865625
4.035714285714286 2.326865625
4.071428571428571 2.32320703125
4.107142857142857 2.326865625
4.142857142857143 2.33052421875
4.178571428571429 2.326865625
4.214285714285714 2.326865625
4.25 2.326865625
4.285714285714286 2.326865625
4.321428571428571 2.326865625
4.357142857142857 2.326865625
4.392857142857143 2.33052421875
4.428571428571429 2.3341828125
4.464285714285714 2.33052421875
4.5 2.33052421875
4.535714285714286 2.33052421875
4.571428571428571 2.33052421875
4.607142857142857 2.33052421875
4.642857142857143 2.33052421875
4.678571428571429 2.33052421875
4.714285714285714 2.3341828125
4.75 2.3341828125
4.785714285714286 2.3341828125
4.821428571428571 2.3341828125
4.857142857142857 2.3341828125
4.892857142857143 2.3341828125
4.928571428571429 2.3341828125
4.964285714285714 2.33784140625
5.0 2.3415
5.035714285714286 2.33784140625
5.071428571428571 2.33784140625
5.107142857142857 2.3341828125
5.142857142857143 2.33784140625
5.178571428571429 2.33784140625
5.214285714285714 2.33784140625
5.25 2.3415
5.285714285714286 2.3415
5.321428571428571 2.3415
5.357142857142857 2.3415
5.392857142857143 2.33784140625
5.428571428571429 2.33784140625
5.464285714285714 2.33784140625
5.5 2.33784140625
5.535714285714286 2.3415
5.571428571428571 2.3415
5.607142857142857 2.3415
5.642857142857143 2.3415
5.678571428571429 2.3415
5.714285714285714 2.3415
5.75 2.3415
5.785714285714286 2.3415
5.821428571428571 2.34515859375
5.857142857142857 2.34515859375
5.892857142857143 2.3415
5.928571428571429 2.3415
5.964285714285714 2.3415
6.0 2.3415
6.035714285714286 2.3415
6.071428571428571 2.3415
6.107142857142857 2.34515859375
6.142857142857143 2.3488171875
6.178571428571429 2.3488171875
6.214285714285714 2.34515859375
6.357142857142857 2.3415
6.392857142857143 2.34515859375
6.428571428571429 2.34515859375
6.5 2.3415
6.535714285714286 2.3415
6.678571428571429 2.34515859375
6.714285714285714 2.34515859375
6.785714285714286 2.3415
6.821428571428571 2.3415
9.535714285714286 2.35247578125
10.392857142857142 2.356134375
10.714285714285714 2.35979296875
10.964285714285714 2.35979296875
11.0 2.3634515625
11.535714285714286 2.3634515625
11.571428571428571 2.36711015625
11.821428571428571 2.37076875
11.857142857142858 2.37076875
12.107142857142858 2.37442734375
12.142857142857142 2.37076875
12.178571428571429 2.37076875
12.214285714285714 2.37076875
12.285714285714286 2.37076875
12.392857142857142 2.37076875
12.428571428571429 2.3780859375
12.464285714285714 2.37442734375
12.5 2.37442734375
12.535714285714286 2.37442734375
12.642857142857142 2.37442734375
12.678571428571429 2.3780859375
12.714285714285714 2.3780859375
12.75 2.37442734375
12.785714285714286 2.37442734375
12.821428571428571 2.37442734375
12.857142857142858 2.37442734375
12.892857142857142 2.37442734375
12.964285714285714 2.37442734375
13.0 2.38174453125
13.035714285714286 2.3780859375
13.071428571428571 2.3780859375
13.142857142857142 2.37442734375
13.214285714285714 2.37442734375
13.25 2.3780859375
13.285714285714286 2.38174453125
13.321428571428571 2.3780859375
13.357142857142858 2.3780859375
13.392857142857142 2.3780859375
13.428571428571429 2.3780859375
13.464285714285714 2.3780859375
13.5 2.3780859375
13.535714285714286 2.38174453125
13.571428571428571 2.38174453125
13.607142857142858 2.38174453125
13.642857142857142 2.38174453125
13.678571428571429 2.38174453125
13.714285714285714 2.38174453125
13.821428571428571 2.38174453125
13.857142857142858 2.385403125
13.892857142857142 2.385403125
13.928571428571429 2.385403125
13.964285714285714 2.385403125
14.0 2.38174453125
14.035714285714286 2.38174453125
14.071428571428571 2.38174453125
14.107142857142858 2.38906171875
14.142857142857142 2.38906171875
14.178571428571429 2.385403125
14.214285714285714 2.385403125
14.25 2.385403125
14.285714285714286 2.385403125
14.321428571428571 2.385403125
14.357142857142858 2.385403125
14.392857142857142 2.385403125
14.428571428571429 2.38906171875
14.464285714285714 2.38906171875
14.5 2.38906171875
14.535714285714286 2.385403125
14.571428571428571 2.385403125
14.607142857142858 2.385403125
14.642857142857142 2.385403125
14.678571428571429 2.38906171875
14.714285714285714 2.3927203125
14.75 2.38906171875
14.785714285714286 2.38906171875
14.821428571428571 2.38906171875
14.857142857142858 2.38906171875
14.928571428571429 2.38906171875
14.964285714285714 2.3927203125
15.0 2.3927203125
15.035714285714286 2.38906171875
15.071428571428571 2.38906171875
15.107142857142858 2.38906171875
15.142857142857142 2.38906171875
15.178571428571429 2.38906171875
15.214285714285714 2.38906171875
15.25 2.38906171875
15.285714285714286 2.3927203125
15.321428571428571 2.3927203125
15.357142857142858 2.38906171875
15.392857142857142 2.38906171875
15.428571428571429 2.38906171875
15.464285714285714 2.38906171875
15.5 2.38906171875
15.535714285714286 2.3927203125
15.571428571428571 2.39637890625
15.607142857142858 2.3927203125
15.642857142857142 2.3927203125
15.678571428571429 2.3927203125
15.714285714285714 2.38906171875
15.75 2.38906171875
15.785714285714286 2.38906171875
15.821428571428571 2.3927203125
15.857142857142858 2.3927203125
15.892857142857142 2.3927203125
15.928571428571429 2.3927203125
15.964285714285714 2.3927203125
16.0 2.3927203125
16.035714285714285 2.38906171875
16.107142857142858 2.3927203125
16.142857142857142 2.39637890625
16.178571428571427 2.3927203125
16.214285714285715 2.3927203125
16.25 2.3927203125
16.285714285714285 2.3927203125
16.392857142857142 2.39637890625
16.428571428571427 2.39637890625
16.464285714285715 2.3927203125
16.607142857142858 2.3927203125
16.714285714285715 2.39637890625
16.75 2.3927203125
16.785714285714285 2.3927203125
16.821428571428573 2.3927203125
16.857142857142858 2.3927203125
16.892857142857142 2.3927203125
16.964285714285715 2.39637890625
17.0 2.39637890625
17.035714285714285 2.3927203125
17.071428571428573 2.3927203125
17.25 2.4000375
17.285714285714285 2.39637890625
17.321428571428573 2.3927203125
17.357142857142858 2.3927203125
17.535714285714285 2.39637890625
17.571428571428573 2.4000375
17.607142857142858 2.39637890625
17.642857142857142 2.39637890625
17.678571428571427 2.39637890625
17.714285714285715 2.39637890625
17.821428571428573 2.4000375
17.857142857142858 2.4000375
17.892857142857142 2.4000375
18.107142857142858 2.40369609375
18.142857142857142 2.4000375
18.178571428571427 2.4000375
18.214285714285715 2.4000375
18.25 2.4000375
18.285714285714285 2.4000375
18.392857142857142 2.40369609375
18.428571428571427 2.4073546875
18.464285714285715 2.40369609375
18.5 2.40369609375
18.535714285714285 2.4000375
18.571428571428573 2.4000375
18.678571428571427 2.4073546875
18.714285714285715 2.4073546875
18.75 2.40369609375
18.785714285714285 2.40369609375
18.821428571428573 2.40369609375
18.857142857142858 2.40369609375
18.892857142857142 2.40369609375
18.964285714285715 2.40369609375
19.0 2.4073546875
19.035714285714285 2.41101328125
19.071428571428573 2.4073546875
19.107142857142858 2.4073546875
19.25 2.41101328125
19.285714285714285 2.41101328125
19.321428571428573 2.4073546875
19.357142857142858 2.4073546875
19.392857142857142 2.4073546875
19.428571428571427 2.4073546875
19.464285714285715 2.4073546875
19.5 2.4073546875
19.535714285714285 2.41101328125
19.571428571428573 2.41101328125
19.607142857142858 2.41101328125
19.642857142857142 2.41101328125
19.678571428571427 2.41101328125
19.714285714285715 2.41101328125
19.75 2.41101328125
19.785714285714285 2.4073546875
19.821428571428573 2.41101328125
19.857142857142858 2.414671875
19.892857142857142 2.414671875
19.928571428571427 2.414671875
19.964285714285715 2.414671875
20.0 2.414671875
20.035714285714285 2.414671875
20.071428571428573 2.414671875
20.107142857142858 2.41833046875
20.142857142857142 2.41833046875
20.178571428571427 2.41833046875
20.214285714285715 2.414671875
20.25 2.414671875
20.285714285714285 2.414671875
20.321428571428573 2.414671875
20.357142857142858 2.414671875
20.392857142857142 2.414671875
20.428571428571427 2.4219890625000002
20.464285714285715 2.4219890625000002
20.5 2.41833046875
20.535714285714285 2.41833046875
20.571428571428573 2.41833046875
20.607142857142858 2.41833046875
20.642857142857142 2.41833046875
20.678571428571427 2.4219890625000002
20.714285714285715 2.4219890625000002
20.75 2.41833046875
20.785714285714285 2.41833046875
20.821428571428573 2.41833046875
20.857142857142858 2.41833046875
20.964285714285715 2.41833046875
21.0 2.4219890625000002
21.035714285714285 2.4219890625000002
21.071428571428573 2.4219890625000002
21.107142857142858 2.41833046875
21.142857142857142 2.41833046875
21.178571428571427 2.41833046875
21.214285714285715 2.41833046875
21.25 2.4219890625000002
21.285714285714285 2.4256476562500002
21.321428571428573 2.4219890625000002
21.357142857142858 2.4219890625000002
21.392857142857142 2.41833046875
21.428571428571427 2.41833046875
21.464285714285715 2.41833046875
21.5 2.41833046875
21.535714285714285 2.4219890625000002
21.571428571428573 2.4256476562500002
21.607142857142858 2.4219890625000002
21.642857142857142 2.4219890625000002
21.678571428571427 2.4219890625000002
21.714285714285715 2.41833046875
21.75 2.41833046875
21.785714285714285 2.41833046875
21.821428571428573 2.41833046875
21.857142857142858 2.4256476562500002
21.892857142857142 2.4219890625000002
21.928571428571427 2.41833046875
21.964285714285715 2.41833046875
22.0 2.41833046875
22.071428571428573 2.41833046875
22.107142857142858 2.4219890625000002
22.142857142857142 2.4256476562500002
22.178571428571427 2.4256476562500002
22.214285714285715 2.4219890625000002
22.25 2.4219890625000002
22.285714285714285 2.4219890625000002
22.392857142857142 2.4256476562500002
22.428571428571427 2.4256476562500002
22.464285714285715 2.4219890625000002
22.5 2.4219890625000002
22.535714285714285 2.4219890625000002
22.678571428571427 2.4219890625000002
22.714285714285715 2.4256476562500002
22.75 2.4219890625000002
22.785714285714285 2.4219890625000002
22.821428571428573 2.4219890625000002
22.964285714285715 2.4256476562500002
23.0 2.4256476562500002
23.035714285714285 2.4219890625000002
23.071428571428573 2.4219890625000002
23.25 2.4293062500000002
23.285714285714285 2.4256476562500002
23.535714285714285 2.4256476562500002
23.571428571428573 2.4293062500000002
23.821428571428573 2.4256476562500002
23.857142857142858 2.4256476562500002
23.892857142857142 2.4256476562500002
23.964285714285715 2.4256476562500002
24.107142857142858 2.4293062500000002
24.142857142857142 2.4256476562500002
24.178571428571427 2.4256476562500002
24.392857142857142 2.4256476562500002
24.428571428571427 2.4256476562500002
24.464285714285715 2.4256476562500002
24.5 2.4256476562500002
24.678571428571427 2.4293062500000002
24.714285714285715 2.4256476562500002
25.0 2.4256476562500002
25.035714285714285 2.4256476562500002
25.25 2.4256476562500002
25.285714285714285 2.4256476562500002
25.535714285714285 2.4256476562500002
25.821428571428573 2.4256476562500002
26.107142857142858 2.4256476562500002
26.428571428571427 2.4256476562500002
26.464285714285715 2.4256476562500002
26.678571428571427 2.4256476562500002
26.964285714285715 2.4256476562500002
27.535714285714285 2.4293062500000002
27.607142857142858 2.4293062500000002
27.857142857142858 2.4293062500000002
27.892857142857142 2.4293062500000002
27.928571428571427 2.4293062500000002
28.107142857142858 2.43296484375
28.142857142857142 2.4366234375
28.178571428571427 2.43296484375
28.214285714285715 2.43296484375
28.285714285714285 2.43296484375
28.357142857142858 2.43296484375
28.392857142857142 2.44028203125
28.428571428571427 2.44028203125
28.464285714285715 2.4366234375
28.5 2.4366234375
28.535714285714285 2.4366234375
28.571428571428573 2.4366234375
28.607142857142858 2.43296484375
28.642857142857142 2.43296484375
28.714285714285715 2.44028203125
28.75 2.44028203125
28.785714285714285 2.44028203125
28.821428571428573 2.44028203125
28.857142857142858 2.44028203125
28.892857142857142 2.4366234375
28.928571428571427 2.4366234375
28.964285714285715 2.44028203125
29.0 2.443940625
29.035714285714285 2.443940625
29.071428571428573 2.443940625
29.107142857142858 2.443940625
29.142857142857142 2.44028203125
29.178571428571427 2.44028203125
29.214285714285715 2.44028203125
29.25 2.443940625
29.285714285714285 2.44759921875
29.321428571428573 2.443940625
29.357142857142858 2.443940625
29.392857142857142 2.443940625
29.428571428571427 2.443940625
29.464285714285715 2.443940625
29.5 2.443940625
29.535714285714285 2.443940625
29.571428571428573 2.44759921875
29.607142857142858 2.4512578125
29.642857142857142 2.44759921875
29.678571428571427 2.44759921875
29.714285714285715 2.44759921875
29.75 2.44759921875
29.785714285714285 2.44759921875
29.821428571428573 2.4512578125
29.857142857142858 2.4512578125
29.892857142857142 2.4512578125
29.928571428571427 2.4512578125
29.964285714285715 2.4512578125
30.0 2.4512578125
30.035714285714285 2.4512578125
30.071428571428573 2.4512578125
30.107142857142858 2.45491640625
30.142857142857142 2.45491640625
30.178571428571427 2.45491640625
30.214285714285715 2.45491640625
30.25 2.45491640625
30.285714285714285 2.45491640625
30.321428571428573 2.4512578125
30.357142857142858 2.45491640625
30.392857142857142 2.45491640625
30.428571428571427 2.458575
30.464285714285715 2.45491640625
30.5 2.45491640625
30.535714285714285 2.45491640625
30.571428571428573 2.45491640625
30.607142857142858 2.45491640625
30.642857142857142 2.45491640625
30.678571428571427 2.458575
30.714285714285715 2.458575
30.75 2.458575
30.785714285714285 2.458575
30.821428571428573 2.45491640625
30.857142857142858 2.45491640625
30.892857142857142 2.45491640625
30.928571428571427 2.45491640625
30.964285714285715 2.45491640625
31.0 2.458575
31.035714285714285 2.458575
31.071428571428573 2.458575
31.107142857142858 2.458575
31.142857142857142 2.458575
31.178571428571427 2.458575
31.214285714285715 2.458575
31.25 2.458575
31.285714285714285 2.46223359375
31.321428571428573 2.458575
31.357142857142858 2.458575
31.392857142857142 2.458575
31.428571428571427 2.458575
31.464285714285715 2.458575
31.5 2.458575
31.535714285714285 2.458575
31.571428571428573 2.46223359375
31.607142857142858 2.46223359375
31.642857142857142 2.46223359375
31.678571428571427 2.46223359375
31.714285714285715 2.46223359375
31.75 2.46223359375
31.785714285714285 2.458575
31.821428571428573 2.46223359375
31.857142857142858 2.4658921875
31.892857142857142 2.46223359375
31.928571428571427 2.46223359375
31.964285714285715 2.46223359375
32.0 2.458575
32.035714285714285 2.458575
32.07142857142857 2.458575
32.107142857142854 2.4658921875
32.142857142857146 2.4658921875
32.17857142857143 2.46223359375
32.214285714285715 2.46223359375
32.25 2.46223359375
32.285714285714285 2.46223359375
32.32142857142857 2.46223359375
32.357142857142854 2.46223359375
32.392857142857146 2.46223359375
32.42857142857143 2.4658921875
32.464285714285715 2.46223359375
32.5 2.46223359375
32.535714285714285 2.46223359375
32.57142857142857 2.46223359375
32.607142857142854 2.458575
32.642857142857146 2.458575
32.67857142857143 2.46223359375
32.714285714285715 2.4658921875
32.75 2.46223359375
32.785714285714285 2.46223359375
32.82142857142857 2.46223359375
32.857142857142854 2.46223359375
32.92857142857143 2.46223359375
32.964285714285715 2.4658921875
33.0 2.4658921875
33.035714285714285 2.46223359375
33.07142857142857 2.4658921875
33.107142857142854 2.46223359375
33.142857142857146 2.46223359375
33.17857142857143 2.46223359375
33.214285714285715 2.46223359375
33.25 2.4658921875
33.285714285714285 2.4658921875
33.32142857142857 2.4658921875
33.357142857142854 2.4658921875
33.392857142857146 2.4658921875
33.42857142857143 2.4658921875
33.464285714285715 2.4658921875
33.5 2.46223359375
33.535714285714285 2.46955078125
33.57142857142857 2.46955078125
33.607142857142854 2.4658921875
33.642857142857146 2.46223359375
33.67857142857143 2.4658921875
33.714285714285715 2.46223359375
33.75 2.46223359375
33.82142857142857 2.4658921875
33.857142857142854 2.4658921875
33.892857142857146 2.4658921875
33.92857142857143 2.4658921875
33.964285714285715 2.4658921875
34.07142857142857 2.46223359375
34.107142857142854 2.46955078125
34.142857142857146 2.46955078125
34.17857142857143 2.46955078125
34.214285714285715 2.4658921875
34.25 2.4658921875
34.285714285714285 2.4658921875
34.32142857142857 2.4658921875
34.357142857142854 2.4658921875
34.392857142857146 2.46955078125
34.42857142857143 2.46955078125
34.464285714285715 2.46955078125
34.5 2.46955078125
34.535714285714285 2.46955078125
34.57142857142857 2.4658921875
34.607142857142854 2.4658921875
34.642857142857146 2.4658921875
34.67857142857143 2.46955078125
34.714285714285715 2.46955078125
34.75 2.46955078125
34.785714285714285 2.46955078125
34.82142857142857 2.46955078125
34.857142857142854 2.4658921875
34.892857142857146 2.4658921875
34.92857142857143 2.4658921875
34.964285714285715 2.473209375
35.0 2.473209375
35.035714285714285 2.46955078125
35.07142857142857 2.46955078125
35.107142857142854 2.4658921875
35.142857142857146 2.4658921875
35.17857142857143 2.4658921875
35.214285714285715 2.4658921875
35.25 2.473209375
35.285714285714285 2.473209375
35.32142857142857 2.46955078125
35.357142857142854 2.46955078125
35.392857142857146 2.46955078125
35.42857142857143 2.46955078125
35.464285714285715 2.46955078125
35.5 2.4658921875
35.535714285714285 2.46955078125
35.57142857142857 2.473209375
35.607142857142854 2.4658921875
35.642857142857146 2.4658921875
35.67857142857143 2.4658921875
35.714285714285715 2.4658921875
35.75 2.4658921875
35.785714285714285 2.4658921875
35.82142857142857 2.473209375
35.857142857142854 2.473209375
35.892857142857146 2.46955078125
35.92857142857143 2.4658921875
35.964285714285715 2.4658921875
36.0 2.4658921875
36.035714285714285 2.4658921875
36.107142857142854 2.473209375
36.142857142857146 2.46955078125
36.17857142857143 2.46955078125
36.214285714285715 2.46955078125
36.25 2.46955078125
36.392857142857146 2.473209375
36.42857142857143 2.473209375
36.464285714285715 2.473209375
36.5 2.473209375
36.607142857142854 2.46955078125
36.642857142857146 2.473209375
36.67857142857143 2.47686796875
36.714285714285715 2.473209375
36.75 2.46955078125
36.785714285714285 2.46955078125
36.82142857142857 2.46955078125
36.857142857142854 2.46955078125
36.892857142857146 2.46955078125
36.92857142857143 2.46955078125
36.964285714285715 2.473209375
37.0 2.473209375
37.035714285714285 2.46955078125
37.07142857142857 2.46955078125
37.107142857142854 2.46955078125
37.142857142857146 2.46955078125
37.17857142857143 2.46955078125
37.214285714285715 2.46955078125
37.25 2.473209375
37.285714285714285 2.473209375
37.32142857142857 2.473209375
37.357142857142854 2.46955078125
37.392857142857146 2.46955078125
37.42857142857143 2.46955078125
37.5 2.46955078125
37.535714285714285 2.46955078125
37.57142857142857 2.47686796875
37.607142857142854 2.46955078125
37.82142857142857 2.473209375
37.857142857142854 2.473209375
37.92857142857143 2.46955078125
37.964285714285715 2.46955078125
38.07142857142857 2.46955078125
38.107142857142854 2.47686796875
38.142857142857146 2.473209375
38.17857142857143 2.46955078125
38.214285714285715 2.46955078125
38.25 2.46955078125
38.285714285714285 2.46955078125
38.392857142857146 2.46955078125
38.42857142857143 2.473209375
38.464285714285715 2.473209375
38.67857142857143 2.473209375
38.714285714285715 2.473209375
38.75 2.46955078125
39.035714285714285 2.46955078125
39.214285714285715 2.46955078125
39.25 2.473209375
39.285714285714285 2.473209375
39.464285714285715 2.46955078125
39.535714285714285 2.47686796875
39.57142857142857 2.473209375
39.82142857142857 2.46955078125
39.857142857142854 2.473209375
