0.03571428571428571 2.79150703125
0.07142857142857142 2.7878484375
0.10714285714285714 2.7878484375
0.14285714285714285 2.7878484375
0.17857142857142858 2.7878484375
0.21428571428571427 2.7878484375
0.25 2.79150703125
0.2857142857142857 2.79150703125
0.32142857142857145 2.79882421875
0.35714285714285715 2.8098
0.39285714285714285 2.80614140625
0.42857142857142855 2.8098
0.4642857142857143 2.81345859375
0.5 2.81345859375
0.5357142857142857 2.8098
0.5714285714285714 2.8098
0.6071428571428571 2.8098
0.6428571428571429 2.8098
0.6785714285714286 2.8098
0.7142857142857143 2.80614140625
0.75 2.80614140625
0.7857142857142857 2.80614140625
0.8214285714285714 2.80614140625
0.8571428571428571 2.80614140625
0.8928571428571429 2.8024828125
0.9285714285714286 2.8024828125
0.9642857142857143 2.8024828125
1.0 2.8024828125
1.0357142857142858 2.8024828125
1.0714285714285714 2.8024828125
1.1071428571428572 2.8024828125
1.1428571428571428 2.8024828125
1.1785714285714286 2.8024828125
1.2142857142857142 2.8024828125
1.25 2.8024828125
1.2857142857142858 2.8024828125
1.3214285714285714 2.8024828125
1.3571428571428572 2.80614140625
1.3928571428571428 2.80614140625
1.4285714285714286 2.82077578125
1.4642857142857142 2.824434375
1.5 2.824434375
1.5357142857142858 2.824434375
1.5714285714285714 2.82809296875
1.6071428571428572 2.82809296875
1.6428571428571428 2.82809296875
1.6785714285714286 2.82809296875
1.7142857142857142 2.824434375
1.75 2.824434375
1.7857142857142858 2.824434375
1.8214285714285714 2.824434375
1.8571428571428572 2.824434375
1.8928571428571428 2.824434375
1.9285714285714286 2.82077578125
1.9642857142857142 2.82077578125
2.0 2.82077578125
2.0357142857142856 2.82077578125
2.0714285714285716 2.82077578125
2.107142857142857 2.82077578125
2.142857142857143 2.82077578125
2.1785714285714284 2.82077578125
2.2142857142857144 2.82077578125
2.25 2.8171171875
2.2857142857142856 2.8171171875
2.3214285714285716 2.8171171875
2.357142857142857 2.8171171875
2.392857142857143 2.8171171875
2.4285714285714284 2.8171171875
2.4642857142857144 2.82077578125
2.5 2.824434375
2.5357142857142856 2.83906875
2.5714285714285716 2.83906875
2.607142857142857 2.83906875
2.642857142857143 2.84272734375
2.6785714285714284 2.84272734375
2.7142857142857144 2.84272734375
2.75 2.84272734375
2.7857142857142856 2.83906875
2.8214285714285716 2.83906875
2.857142857142857 2.83906875
2.892857142857143 2.83906875
2.9285714285714284 2.83541015625
2.9642857142857144 2.83541015625
3.0 2.83541015625
3.0357142857142856 2.83541015625
3.0714285714285716 2.83541015625
3.107142857142857 2.83541015625
3.142857142857143 2.83541015625
3.1785714285714284 2.8317515625
3.2142857142857144 2.8317515625
3.25 2.8317515625
3.2857142857142856 2.8317515625
3.3214285714285716 2.8317515625
3.357142857142857 2.8317515625
3.392857142857143 2.8317515625
3.4285714285714284 2.8317515625
3.4642857142857144 2.8317515625
3.5 2.8317515625
3.5357142857142856 2.8317515625
3.5714285714285716 2.8317515625
3.607142857142857 2.83906875
3.642857142857143 2.85004453125
3.6785714285714284 2.85004453125
3.7142857142857144 2.85004453125
3.75 2.85004453125
3.7857142857142856 2.85004453125
3.8214285714285716 2.85004453125
3.857142857142857 2.8463859375
3.892857142857143 2.8463859375
3.9285714285714284 2.84272734375
3.9642857142857144 2.84272734375
4.0 2.83906875
4.035714285714286 2.83906875
4.071428571428571 2.83906875
4.107142857142857 2.83906875
4.142857142857143 2.83541015625
4.178571428571429 2.83541015625
4.214285714285714 2.83541015625
4.25 2.83541015625
4.285714285714286 2.83541015625
4.321428571428571 2.83541015625
4.357142857142857 2.83541015625
4.392857142857143 2.8317515625
4.428571428571429 2.8317515625
4.464285714285714 2.8317515625
4.5 2.8317515625
4.535714285714286 2.8317515625
4.571428571428571 2.8317515625
4.607142857142857 2.8317515625
4.642857142857143 2.8317515625
4.678571428571429 2.83541015625
4.714285714285714 2.83541015625
4.75 2.8463859375
4.785714285714286 2.853703125
4.821428571428571 2.853703125
4.857142857142857 2.85736171875
4.892857142857143 2.85736171875
4.928571428571429 2.85736171875
4.964285714285714 2.853703125
5.0 2.85004453125
5.035714285714286 2.85004453125
5.071428571428571 2.8463859375
5.107142857142857 2.8463859375
5.142857142857143 2.8463859375
5.178571428571429 2.8463859375
5.214285714285714 2.84272734375
5.25 2.84272734375
5.285714285714286 2.84272734375
5.321428571428571 2.84272734375
5.357142857142857 2.84272734375
5.392857142857143 2.84272734375
5.428571428571429 2.84272734375
5.464285714285714 2.84272734375
5.5 2.83906875
5.535714285714286 2.83906875
5.571428571428571 2.83906875
5.607142857142857 2.83906875
5.642857142857143 2.83906875
5.678571428571429 2.83906875
5.714285714285714 2.83906875
5.75 2.83906875
5.785714285714286 2.84272734375
5.821428571428571 2.84272734375
5.857142857142857 2.85736171875
5.892857142857143 2.8610203125
5.928571428571429 2.8610203125
5.964285714285714 2.8610203125
6.0 2.8610203125
6.035714285714286 2.8610203125
6.071428571428571 2.85736171875
6.107142857142857 2.853703125
6.142857142857143 2.853703125
6.178571428571429 2.853703125
6.214285714285714 2.85004453125
6.25 2.8463859375
6.285714285714286 2.8463859375
6.321428571428571 2.8463859375
6.357142857142857 2.84272734375
6.392857142857143 2.84272734375
6.428571428571429 2.84272734375
6.464285714285714 2.84272734375
6.5 2.84272734375
6.535714285714286 2.83906875
6.571428571428571 2.84272734375
6.607142857142857 2.83906875
6.642857142857143 2.83906875
6.678571428571429 2.83906875
6.714285714285714 2.83906875
6.75 2.83906875
6.785714285714286 2.83906875
6.821428571428571 2.83906875
6.857142857142857 2.83906875
6.892857142857143 2.84272734375
6.928571428571429 2.84272734375
6.964285714285714 2.853703125
7.0 2.8610203125
7.035714285714286 2.8610203125
7.071428571428571 2.8610203125
7.107142857142857 2.86467890625
7.142857142857143 2.86467890625
7.178571428571429 2.8610203125
7.214285714285714 2.85736171875
7.25 2.85736171875
7.285714285714286 2.853703125
7.321428571428571 2.853703125
7.357142857142857 2.85004453125
7.392857142857143 2.85004453125
7.428571428571429 2.85004453125
7.464285714285714 2.8463859375
7.5 2.8463859375
7.535714285714286 2.8463859375
7.571428571428571 2.8463859375
7.607142857142857 2.8463859375
7.642857142857143 2.8463859375
7.678571428571429 2.8463859375
7.714285714285714 2.84272734375
7.75 2.84272734375
7.785714285714286 2.84272734375
7.821428571428571 2.84272734375
7.857142857142857 2.84272734375
7.892857142857143 2.84272734375
7.928571428571429 2.84272734375
7.964285714285714 2.84272734375
8.0 2.84272734375
8.035714285714286 2.8463859375
8.071428571428571 2.85004453125
8.107142857142858 2.86467890625
8.142857142857142 2.86467890625
8.178571428571429 2.86467890625
8.214285714285714 2.86467890625
8.25 2.86467890625
8.285714285714286 2.8610203125
8.321428571428571 2.8610203125
8.357142857142858 2.85736171875
8.392857142857142 2.85736171875
8.428571428571429 2.853703125
8.464285714285714 2.853703125
8.5 2.85004453125
8.535714285714286 2.85004453125
8.571428571428571 2.85004453125
8.607142857142858 2.85004453125
8.642857142857142 2.8463859375
8.678571428571429 2.8463859375
8.714285714285714 2.8463859375
8.75 2.8463859375
8.785714285714286 2.8463859375
8.821428571428571 2.8463859375
8.857142857142858 2.8463859375
8.892857142857142 2.84272734375
8.928571428571429 2.84272734375
8.964285714285714 2.84272734375
9.0 2.84272734375
9.035714285714286 2.84272734375
9.071428571428571 2.84272734375
9.107142857142858 2.8463859375
9.142857142857142 2.85004453125
9.178571428571429 2.85736171875
9.214285714285714 2.86467890625
9.25 2.8683375
9.285714285714286 2.86467890625
9.321428571428571 2.8683375
9.357142857142858 2.8683375
9.392857142857142 2.86467890625
9.428571428571429 2.86467890625
9.464285714285714 2.8610203125
9.5 2.8610203125
9.535714285714286 2.85736171875
9.571428571428571 2.85736171875
9.607142857142858 2.85736171875
9.642857142857142 2.853703125
9.678571428571429 2.853703125
9.714285714285714 2.853703125
9.75 2.853703125
9.785714285714286 2.85004453125
9.821428571428571 2.85004453125
9.857142857142858 2.85004453125
9.892857142857142 2.85004453125
9.928571428571429 2.85004453125
9.964285714285714 2.85004453125
10.0 2.8463859375
10.035714285714286 2.8463859375
10.071428571428571 2.8463859375
10.107142857142858 2.8463859375
10.142857142857142 2.8463859375
10.178571428571429 2.8463859375
10.214285714285714 2.8463859375
10.25 2.85004453125
10.285714285714286 2.853703125
10.321428571428571 2.8683375
10.357142857142858 2.8683375
10.392857142857142 2.8683375
10.428571428571429 2.87199609375
10.464285714285714 2.8683375
10.5 2.8683375
10.535714285714286 2.86467890625
10.571428571428571 2.86467890625
10.607142857142858 2.8610203125
10.642857142857142 2.8610203125
10.678571428571429 2.8610203125
10.714285714285714 2.85736171875
10.75 2.85736171875
10.785714285714286 2.85736171875
10.821428571428571 2.853703125
10.857142857142858 2.853703125
10.892857142857142 2.853703125
10.928571428571429 2.853703125
10.964285714285714 2.853703125
11.0 2.853703125
11.035714285714286 2.853703125
11.071428571428571 2.85004453125
11.107142857142858 2.85004453125
11.142857142857142 2.85004453125
11.178571428571429 2.85004453125
11.214285714285714 2.85004453125
11.25 2.85004453125
11.285714285714286 2.85004453125
11.321428571428571 2.85004453125
11.357142857142858 2.853703125
11.392857142857142 2.86467890625
11.428571428571429 2.87199609375
11.464285714285714 2.87199609375
11.5 2.87199609375
11.535714285714286 2.8756546875
11.571428571428571 2.87199609375
11.607142857142858 2.87199609375
11.642857142857142 2.8683375
11.678571428571429 2.8683375
11.714285714285714 2.86467890625
11.75 2.86467890625
11.785714285714286 2.8610203125
11.821428571428571 2.8610203125
11.857142857142858 2.85736171875
11.892857142857142 2.85736171875
11.928571428571429 2.85736171875
11.964285714285714 2.85736171875
12.0 2.853703125
12.035714285714286 2.853703125
12.071428571428571 2.853703125
12.107142857142858 2.853703125
12.142857142857142 2.853703125
12.178571428571429 2.853703125
12.214285714285714 2.853703125
12.25 2.853703125
12.285714285714286 2.853703125
12.321428571428571 2.853703125
12.357142857142858 2.853703125
12.392857142857142 2.853703125
12.428571428571429 2.85736171875
12.464285714285714 2.85736171875
12.5 2.8610203125
12.535714285714286 2.87199609375
12.571428571428571 2.8756546875
12.607142857142858 2.87199609375
12.642857142857142 2.8756546875
12.678571428571429 2.8756546875
12.714285714285714 2.87199609375
12.75 2.8683375
12.785714285714286 2.8683375
12.821428571428571 2.8683375
12.857142857142858 2.86467890625
12.892857142857142 2.8610203125
12.928571428571429 2.8610203125
12.964285714285714 2.8610203125
13.0 2.8610203125
13.035714285714286 2.85736171875
13.071428571428571 2.85736171875
13.107142857142858 2.85736171875
13.142857142857142 2.85736171875
13.178571428571429 2.85736171875
13.214285714285714 2.853703125
13.25 2.853703125
13.285714285714286 2.853703125
13.321428571428571 2.853703125
13.357142857142858 2.853703125
13.392857142857142 2.853703125
13.428571428571429 2.853703125
13.464285714285714 2.853703125
13.5 2.853703125
13.535714285714286 2.853703125
13.571428571428571 2.8610203125
13.607142857142858 2.8683375
13.642857142857142 2.8756546875
13.678571428571429 2.8756546875
13.714285714285714 2.8756546875
13.75 2.8756546875
13.785714285714286 2.8756546875
13.821428571428571 2.87199609375
13.857142857142858 2.87199609375
13.892857142857142 2.8683375
13.928571428571429 2.8683375
13.964285714285714 2.8683375
14.0 2.86467890625
14.035714285714286 2.86467890625
14.071428571428571 2.8610203125
14.107142857142858 2.8610203125
14.142857142857142 2.8610203125
14.178571428571429 2.8610203125
14.214285714285714 2.8610203125
14.25 2.85736171875
14.285714285714286 2.85736171875
14.321428571428571 2.85736171875
14.357142857142858 2.85736171875
14.392857142857142 2.85736171875
14.428571428571429 2.85736171875
14.464285714285714 2.85736171875
14.5 2.853703125
14.535714285714286 2.853703125
14.571428571428571 2.853703125
14.607142857142858 2.853703125
14.642857142857142 2.85736171875
14.678571428571429 2.8610203125
14.714285714285714 2.86467890625
14.75 2.8756546875
14.785714285714286 2.87931328125
14.821428571428571 2.8756546875
14.857142857142858 2.87931328125
14.892857142857142 2.87931328125
14.928571428571429 2.8756546875
14.964285714285714 2.8756546875
15.0 2.8756546875
15.035714285714286 2.8756546875
15.071428571428571 2.87199609375
15.107142857142858 2.87199609375
15.142857142857142 2.87199609375
15.178571428571429 2.8683375
15.214285714285714 2.8683375
15.25 2.8683375
15.285714285714286 2.8683375
15.321428571428571 2.86467890625
15.357142857142858 2.86467890625
15.392857142857142 2.86467890625
15.428571428571429 2.86467890625
15.464285714285714 2.86467890625
15.5 2.86467890625
15.535714285714286 2.86467890625
15.571428571428571 2.86467890625
15.607142857142858 2.8610203125
15.642857142857142 2.8610203125
15.678571428571429 2.8610203125
15.714285714285714 2.8610203125
15.75 2.8610203125
15.785714285714286 2.86467890625
15.821428571428571 2.8683375
15.857142857142858 2.8756546875
15.892857142857142 2.882971875
15.928571428571429 2.882971875
15.964285714285714 2.882971875
16.0 2.882971875
16.035714285714285 2.882971875
16.071428571428573 2.882971875
16.107142857142858 2.87931328125
16.142857142857142 2.8756546875
16.178571428571427 2.8756546875
16.214285714285715 2.8756546875
16.25 2.87199609375
16.285714285714285 2.87199609375
16.321428571428573 2.87199609375
16.357142857142858 2.87199609375
16.392857142857142 2.8683375
16.428571428571427 2.8683375
16.464285714285715 2.8683375
16.5 2.8683375
16.535714285714285 2.86467890625
16.571428571428573 2.86467890625
16.607142857142858 2.86467890625
16.642857142857142 2.86467890625
16.678571428571427 2.86467890625
16.714285714285715 2.86467890625
16.75 2.86467890625
16.785714285714285 2.86467890625
16.821428571428573 2.86467890625
16.857142857142858 2.86467890625
16.892857142857142 2.8683375
16.928571428571427 2.87199609375
16.964285714285715 2.882971875
17.0 2.88663046875
17.035714285714285 2.88663046875
17.071428571428573 2.8902890625
17.107142857142858 2.8902890625
17.142857142857142 2.88663046875
17.178571428571427 2.88663046875
17.214285714285715 2.882971875
17.25 2.87931328125
17.285714285714285 2.87931328125
17.321428571428573 2.87931328125
17.357142857142858 2.8756546875
17.392857142857142 2.8756546875
17.428571428571427 2.8756546875
17.464285714285715 2.8756546875
17.5 2.8756546875
17.535714285714285 2.87199609375
17.571428571428573 2.87199609375
17.607142857142858 2.87199609375
17.642857142857142 2.87199609375
17.678571428571427 2.87199609375
17.714285714285715 2.87199609375
17.75 2.8683375
17.785714285714285 2.8683375
17.821428571428573 2.8683375
17.857142857142858 2.8683375
17.892857142857142 2.8683375
17.928571428571427 2.8683375
17.964285714285715 2.8683375
18.0 2.87199609375
18.035714285714285 2.8756546875
18.071428571428573 2.88663046875
18.107142857142858 2.8902890625
18.142857142857142 2.8902890625
18.178571428571427 2.8902890625
18.214285714285715 2.89394765625
18.25 2.8902890625
18.285714285714285 2.88663046875
18.321428571428573 2.88663046875
18.357142857142858 2.882971875
18.392857142857142 2.882971875
18.428571428571427 2.882971875
18.464285714285715 2.87931328125
18.5 2.87931328125
18.535714285714285 2.87931328125
18.571428571428573 2.8756546875
18.607142857142858 2.8756546875
18.642857142857142 2.8756546875
18.678571428571427 2.8756546875
18.714285714285715 2.8756546875
18.75 2.87199609375
18.785714285714285 2.87199609375
18.821428571428573 2.87199609375
18.857142857142858 2.87199609375
18.892857142857142 2.87199609375
18.928571428571427 2.87199609375
18.964285714285715 2.87199609375
19.0 2.87199609375
19.035714285714285 2.87199609375
19.071428571428573 2.87199609375
19.107142857142858 2.8756546875
19.142857142857142 2.8756546875
19.178571428571427 2.882971875
19.214285714285715 2.89394765625
19.25 2.89394765625
19.285714285714285 2.89394765625
19.321428571428573 2.89760625
19.357142857142858 2.89394765625
19.392857142857142 2.89394765625
19.428571428571427 2.89394765625
19.464285714285715 2.8902890625
19.5 2.8902890625
19.535714285714285 2.8902890625
19.571428571428573 2.88663046875
19.607142857142858 2.882971875
19.642857142857142 2.882971875
19.678571428571427 2.882971875
19.714285714285715 2.882971875
19.75 2.882971875
19.785714285714285 2.882971875
19.821428571428573 2.87931328125
19.857142857142858 2.87931328125
19.892857142857142 2.87931328125
19.928571428571427 2.87931328125
19.964285714285715 2.87931328125
20.0 2.87931328125
20.035714285714285 2.87931328125
20.071428571428573 2.87931328125
20.107142857142858 2.87931328125
20.142857142857142 2.87931328125
20.178571428571427 2.87931328125
20.214285714285715 2.87931328125
20.25 2.882971875
20.285714285714285 2.89394765625
20.321428571428573 2.89760625
20.357142857142858 2.89760625
20.392857142857142 2.89760625
20.428571428571427 2.90126484375
20.464285714285715 2.90126484375
20.5 2.89760625
20.535714285714285 2.89394765625
20.571428571428573 2.89394765625
20.607142857142858 2.89394765625
20.642857142857142 2.8902890625
20.678571428571427 2.8902890625
20.714285714285715 2.88663046875
20.75 2.88663046875
20.785714285714285 2.88663046875
20.821428571428573 2.88663046875
20.857142857142858 2.88663046875
20.892857142857142 2.882971875
20.928571428571427 2.882971875
20.964285714285715 2.882971875
21.0 2.882971875
21.035714285714285 2.882971875
21.071428571428573 2.882971875
21.107142857142858 2.882971875
21.142857142857142 2.882971875
21.178571428571427 2.882971875
21.214285714285715 2.882971875
21.25 2.882971875
21.285714285714285 2.882971875
21.321428571428573 2.882971875
21.357142857142858 2.882971875
21.392857142857142 2.8902890625
21.428571428571427 2.90126484375
21.464285714285715 2.90126484375
21.5 2.9049234375
21.535714285714285 2.9049234375
21.571428571428573 2.9049234375
21.607142857142858 2.90126484375
21.642857142857142 2.90126484375
21.678571428571427 2.89760625
21.714285714285715 2.89760625
21.75 2.89394765625
21.785714285714285 2.89394765625
21.821428571428573 2.89394765625
21.857142857142858 2.8902890625
21.892857142857142 2.8902890625
21.928571428571427 2.8902890625
21.964285714285715 2.8902890625
22.0 2.88663046875
22.035714285714285 2.88663046875
22.071428571428573 2.88663046875
22.107142857142858 2.88663046875
22.142857142857142 2.88663046875
22.178571428571427 2.88663046875
22.214285714285715 2.88663046875
22.25 2.88663046875
22.285714285714285 2.88663046875
22.321428571428573 2.882971875
22.357142857142858 2.882971875
22.392857142857142 2.882971875
22.428571428571427 2.882971875
22.464285714285715 2.88663046875
22.5 2.90126484375
22.535714285714285 2.9049234375
22.571428571428573 2.9049234375
22.607142857142858 2.9049234375
22.642857142857142 2.90858203125
22.678571428571427 2.90858203125
22.714285714285715 2.9049234375
22.75 2.9049234375
22.785714285714285 2.90126484375
22.821428571428573 2.90126484375
22.857142857142858 2.89760625
22.892857142857142 2.89760625
22.928571428571427 2.89760625
22.964285714285715 2.89394765625
23.0 2.89394765625
23.035714285714285 2.8902890625
23.071428571428573 2.8902890625
23.107142857142858 2.8902890625
23.142857142857142 2.8902890625
23.178571428571427 2.8902890625
23.214285714285715 2.8902890625
23.25 2.8902890625
23.285714285714285 2.8902890625
23.321428571428573 2.8902890625
23.357142857142858 2.88663046875
23.392857142857142 2.88663046875
23.428571428571427 2.88663046875
23.464285714285715 2.88663046875
23.5 2.88663046875
23.535714285714285 2.8902890625
23.571428571428573 2.8902890625
23.607142857142858 2.89760625
23.642857142857142 2.90858203125
23.678571428571427 2.90858203125
23.714285714285715 2.90858203125
23.75 2.912240625
23.785714285714285 2.912240625
23.821428571428573 2.90858203125
23.857142857142858 2.90858203125
23.892857142857142 2.9049234375
23.928571428571427 2.9049234375
23.964285714285715 2.90126484375
24.0 2.90126484375
24.035714285714285 2.90126484375
24.071428571428573 2.90126484375
24.107142857142858 2.89760625
24.142857142857142 2.89760625
24.178571428571427 2.89760625
24.214285714285715 2.89760625
24.25 2.89394765625
24.285714285714285 2.89394765625
24.321428571428573 2.89394765625
24.357142857142858 2.89394765625
24.392857142857142 2.89394765625
24.428571428571427 2.89394765625
24.464285714285715 2.89394765625
24.5 2.89394765625
24.535714285714285 2.89394765625
24.571428571428573 2.89394765625
24.607142857142858 2.89394765625
24.642857142857142 2.89394765625
24.678571428571427 2.89760625
24.714285714285715 2.89760625
24.75 2.912240625
24.785714285714285 2.912240625
24.821428571428573 2.912240625
24.857142857142858 2.91589921875
24.892857142857142 2.91589921875
24.928571428571427 2.912240625
24.964285714285715 2.912240625
25.0 2.90858203125
25.035714285714285 2.90858203125
25.071428571428573 2.9049234375
25.107142857142858 2.9049234375
25.142857142857142 2.9049234375
25.178571428571427 2.90126484375
25.214285714285715 2.90126484375
25.25 2.90126484375
25.285714285714285 2.90126484375
25.321428571428573 2.89760625
25.357142857142858 2.89760625
25.392857142857142 2.89760625
25.428571428571427 2.89760625
25.464285714285715 2.89760625
25.5 2.89760625
25.535714285714285 2.89760625
25.571428571428573 2.89394765625
25.607142857142858 2.89394765625
25.642857142857142 2.89394765625
25.678571428571427 2.89394765625
25.714285714285715 2.89394765625
25.75 2.89760625
25.785714285714285 2.89760625
25.821428571428573 2.9049234375
25.857142857142858 2.91589921875
25.892857142857142 2.91589921875
25.928571428571427 2.91589921875
25.964285714285715 2.9195578125
26.0 2.9195578125
26.035714285714285 2.91589921875
26.071428571428573 2.91589921875
26.107142857142858 2.912240625
26.142857142857142 2.912240625
26.178571428571427 2.912240625
26.214285714285715 2.912240625
26.25 2.90858203125
26.285714285714285 2.90858203125
26.321428571428573 2.90858203125
26.357142857142858 2.9049234375
26.392857142857142 2.9049234375
26.428571428571427 2.9049234375
26.464285714285715 2.9049234375
26.5 2.9049234375
26.535714285714285 2.90126484375
26.571428571428573 2.90126484375
26.607142857142858 2.90126484375
26.642857142857142 2.90126484375
26.678571428571427 2.90126484375
26.714285714285715 2.90126484375
26.75 2.90126484375
26.785714285714285 2.90126484375
26.821428571428573 2.90126484375
26.857142857142858 2.90126484375
26.892857142857142 2.9049234375
26.928571428571427 2.90858203125
26.964285714285715 2.91589921875
27.0 2.92321640625
27.035714285714285 2.92321640625
27.071428571428573 2.92321640625
27.107142857142858 2.926875
27.142857142857142 2.92321640625
27.178571428571427 2.92321640625
27.214285714285715 2.9195578125
27.25 2.9195578125
27.285714285714285 2.91589921875
27.321428571428573 2.91589921875
27.357142857142858 2.91589921875
27.392857142857142 2.912240625
27.428571428571427 2.912240625
27.464285714285715 2.912240625
27.5 2.912240625
27.535714285714285 2.90858203125
27.571428571428573 2.90858203125
27.607142857142858 2.90858203125
27.642857142857142 2.90858203125
27.678571428571427 2.90858203125
27.714285714285715 2.90858203125
27.75 2.90858203125
27.785714285714285 2.90858203125
27.821428571428573 2.90858203125
27.857142857142858 2.90858203125
27.892857142857142 2.9049234375
27.928571428571427 2.9049234375
27.964285714285715 2.9049234375
28.0 2.912240625
28.035714285714285 2.91589921875
28.071428571428573 2.926875
28.107142857142858 2.926875
28.142857142857142 2.926875
28.178571428571427 2.93053359375
28.214285714285715 2.93053359375
28.25 2.93053359375
28.285714285714285 2.926875
28.321428571428573 2.926875
28.357142857142858 2.92321640625
28.392857142857142 2.92321640625
28.428571428571427 2.9195578125
28.464285714285715 2.9195578125
28.5 2.9195578125
28.535714285714285 2.91589921875
28.571428571428573 2.91589921875
28.607142857142858 2.91589921875
28.642857142857142 2.91589921875
28.678571428571427 2.91589921875
28.714285714285715 2.91589921875
28.75 2.912240625
28.785714285714285 2.912240625
28.821428571428573 2.912240625
28.857142857142858 2.912240625
28.892857142857142 2.912240625
28.928571428571427 2.912240625
28.964285714285715 2.912240625
29.0 2.912240625
29.107142857142858 2.91589921875
29.142857142857142 2.9195578125
29.178571428571427 2.93053359375
29.214285714285715 2.9341921875
29.25 2.9341921875
29.285714285714285 2.93785078125
29.321428571428573 2.93785078125
29.357142857142858 2.9341921875
29.392857142857142 2.93053359375
29.428571428571427 2.93053359375
29.464285714285715 2.93053359375
29.5 2.926875
29.535714285714285 2.926875
29.571428571428573 2.92321640625
29.607142857142858 2.92321640625
29.642857142857142 2.92321640625
29.678571428571427 2.92321640625
29.714285714285715 2.9195578125
29.75 2.9195578125
29.785714285714285 2.9195578125
29.821428571428573 2.9195578125
29.857142857142858 2.9195578125
29.892857142857142 2.91589921875
29.928571428571427 2.91589921875
29.964285714285715 2.91589921875
30.0 2.91589921875
30.035714285714285 2.91589921875
30.071428571428573 2.91589921875
30.107142857142858 2.91589921875
30.142857142857142 2.91589921875
30.178571428571427 2.91589921875
30.214285714285715 2.91589921875
30.25 2.9195578125
30.285714285714285 2.926875
30.321428571428573 2.9341921875
30.357142857142858 2.93785078125
30.392857142857142 2.941509375
30.428571428571427 2.941509375
30.464285714285715 2.941509375
30.5 2.93785078125
30.535714285714285 2.93785078125
30.571428571428573 2.9341921875
30.607142857142858 2.9341921875
30.642857142857142 2.9341921875
30.678571428571427 2.93053359375
30.714285714285715 2.93053359375
30.75 2.93053359375
30.785714285714285 2.926875
30.821428571428573 2.926875
30.857142857142858 2.926875
30.892857142857142 2.926875
30.928571428571427 2.926875
30.964285714285715 2.926875
31.0 2.926875
31.035714285714285 2.92321640625
31.071428571428573 2.92321640625
31.107142857142858 2.92321640625
31.142857142857142 2.92321640625
31.178571428571427 2.92321640625
31.214285714285715 2.92321640625
31.25 2.92321640625
31.285714285714285 2.92321640625
31.321428571428573 2.926875
31.357142857142858 2.93053359375
31.392857142857142 2.93785078125
31.428571428571427 2.941509375
31.464285714285715 2.94516796875
31.5 2.94516796875
31.535714285714285 2.9488265625
31.571428571428573 2.94516796875
31.607142857142858 2.941509375
31.642857142857142 2.941509375
31.678571428571427 2.941509375
31.714285714285715 2.93785078125
31.75 2.93785078125
31.785714285714285 2.93785078125
31.821428571428573 2.9341921875
31.857142857142858 2.9341921875
31.892857142857142 2.9341921875
31.928571428571427 2.9341921875
31.964285714285715 2.9341921875
32.0 2.93053359375
32.035714285714285 2.9341921875
32.07142857142857 2.93053359375
32.107142857142854 2.93053359375
32.142857142857146 2.93053359375
32.17857142857143 2.93053359375
32.214285714285715 2.93053359375
32.25 2.93053359375
32.285714285714285 2.93053359375
32.32142857142857 2.93053359375
32.357142857142854 2.93053359375
32.392857142857146 2.93053359375
32.42857142857143 2.9341921875
32.464285714285715 2.9341921875
32.5 2.9488265625
32.535714285714285 2.9488265625
32.57142857142857 2.95248515625
32.607142857142854 2.95248515625
32.642857142857146 2.95248515625
32.67857142857143 2.95248515625
32.714285714285715 2.95248515625
32.75 2.9488265625
32.785714285714285 2.9488265625
32.82142857142857 2.94516796875
32.857142857142854 2.94516796875
32.892857142857146 2.94516796875
32.92857142857143 2.941509375
32.964285714285715 2.941509375
33.0 2.93785078125
33.035714285714285 2.93785078125
33.07142857142857 2.93785078125
33.107142857142854 2.93785078125
33.142857142857146 2.93785078125
33.17857142857143 2.93785078125
33.214285714285715 2.93785078125
33.25 2.9341921875
33.285714285714285 2.9341921875
33.32142857142857 2.9341921875
33.357142857142854 2.9341921875
33.392857142857146 2.9341921875
33.42857142857143 2.9341921875
33.464285714285715 2.9341921875
33.5 2.9341921875
33.535714285714285 2.9341921875
33.57142857142857 2.93785078125
33.607142857142854 2.95248515625
33.642857142857146 2.95614375
33.67857142857143 2.95614375
33.714285714285715 2.95980234375
33.75 2.95980234375
33.785714285714285 2.95980234375
33.82142857142857 2.95980234375
33.857142857142854 2.95614375
33.892857142857146 2.95614375
33.92857142857143 2.95248515625
33.964285714285715 2.95248515625
34.0 2.9488265625
34.035714285714285 2.9488265625
34.07142857142857 2.9488265625
34.107142857142854 2.9488265625
34.142857142857146 2.94516796875
34.17857142857143 2.94516796875
34.214285714285715 2.94516796875
34.25 2.94516796875
34.285714285714285 2.94516796875
34.32142857142857 2.94516796875
34.357142857142854 2.94516796875
34.392857142857146 2.941509375
34.42857142857143 2.941509375
34.464285714285715 2.941509375
34.5 2.941509375
34.535714285714285 2.941509375
34.57142857142857 2.941509375
34.607142857142854 2.941509375
34.642857142857146 2.94516796875
34.67857142857143 2.9488265625
34.714285714285715 2.95248515625
34.75 2.9634609375
34.785714285714285 2.9634609375
34.82142857142857 2.9634609375
34.857142857142854 2.96711953125
34.892857142857146 2.96711953125
34.92857142857143 2.96711953125
34.964285714285715 2.9634609375
35.0 2.95980234375
35.035714285714285 2.95980234375
35.07142857142857 2.95980234375
35.107142857142854 2.95614375
35.142857142857146 2.95614375
35.17857142857143 2.95614375
35.214285714285715 2.95248515625
35.25 2.95248515625
35.285714285714285 2.95248515625
35.32142857142857 2.95248515625
35.357142857142854 2.95248515625
35.392857142857146 2.9488265625
35.42857142857143 2.95248515625
35.464285714285715 2.9488265625
35.5 2.9488265625
35.535714285714285 2.9488265625
35.57142857142857 2.9488265625
35.607142857142854 2.9488265625
35.642857142857146 2.9488265625
35.67857142857143 2.9488265625
35.714285714285715 2.9488265625
35.75 2.95614375
35.785714285714285 2.95614375
35.82142857142857 2.95614375
35.857142857142854 2.970778125
35.892857142857146 2.970778125
35.92857142857143 2.970778125
35.964285714285715 2.97443671875
36.0 2.97443671875
36.035714285714285 2.970778125
36.07142857142857 2.970778125
36.107142857142854 2.96711953125
36.142857142857146 2.96711953125
36.17857142857143 2.96711953125
36.214285714285715 2.9634609375
36.25 2.9634609375
36.285714285714285 2.9634609375
36.32142857142857 2.95980234375
36.357142857142854 2.95980234375
36.392857142857146 2.95980234375
36.42857142857143 2.95980234375
36.464285714285715 2.95614375
36.5 2.95614375
36.535714285714285 2.95614375
36.57142857142857 2.95614375
36.607142857142854 2.95614375
36.642857142857146 2.95614375
36.67857142857143 2.95614375
36.714285714285715 2.95614375
36.75 2.95614375
36.785714285714285 2.95614375
36.82142857142857 2.95614375
36.857142857142854 2.95614375
36.892857142857146 2.95980234375
36.92857142857143 2.970778125
36.964285714285715 2.97443671875
37.0 2.9780953125
37.035714285714285 2.9780953125
37.07142857142857 2.98175390625
37.107142857142854 2.98175390625
37.142857142857146 2.9780953125
37.17857142857143 2.9780953125
37.214285714285715 2.9780953125
37.25 2.97443671875
37.285714285714285 2.970778125
37.32142857142857 2.970778125
37.357142857142854 2.970778125
37.392857142857146 2.970778125
37.42857142857143 2.96711953125
37.464285714285715 2.96711953125
37.5 2.96711953125
37.535714285714285 2.96711953125
37.57142857142857 2.96711953125
37.607142857142854 2.96711953125
37.642857142857146 2.9634609375
37.67857142857143 2.9634609375
37.714285714285715 2.9634609375
37.75 2.9634609375
37.785714285714285 2.9634609375
37.82142857142857 2.9634609375
37.857142857142854 2.9634609375
37.892857142857146 2.9634609375
37.92857142857143 2.9634609375
37.964285714285715 2.9634609375
38.0 2.970778125
38.035714285714285 2.970778125
38.07142857142857 2.98175390625
38.107142857142854 2.98175390625
38.142857142857146 2.9854125
38.17857142857143 2.9854125
38.214285714285715 2.9854125
38.25 2.98175390625
38.285714285714285 2.98175390625
38.32142857142857 2.9780953125
38.357142857142854 2.9780953125
38.392857142857146 2.97443671875
38.42857142857143 2.97443671875
38.464285714285715 2.97443671875
38.5 2.97443671875
38.535714285714285 2.970778125
38.57142857142857 2.970778125
38.607142857142854 2.970778125
38.642857142857146 2.96711953125
38.67857142857143 2.96711953125
38.714285714285715 2.96711953125
38.75 2.96711953125
38.785714285714285 2.96711953125
38.82142857142857 2.96711953125
38.857142857142854 2.96711953125
38.892857142857146 2.96711953125
38.92857142857143 2.9634609375
38.964285714285715 2.9634609375
39.0 2.9634609375
39.035714285714285 2.9634609375
39.07142857142857 2.9634609375
39.107142857142854 2.970778125
39.142857142857146 2.9780953125
39.17857142857143 2.9854125
39.214285714285715 2.98907109375
39.25 2.9854125
39.285714285714285 2.98907109375
39.32142857142857 2.98907109375
39.357142857142854 2.9854125
39.392857142857146 2.9854125
39.42857142857143 2.9854125
39.464285714285715 2.98175390625
39.5 2.98175390625
39.535714285714285 2.98175390625
39.57142857142857 2.9780953125
39.607142857142854 2.9780953125
39.642857142857146 2.97443671875
39.714285714285715 2.97443671875
39.75 2.97443671875
39.785714285714285 2.97443671875
39.82142857142857 2.97443671875
39.857142857142854 2.97443671875
39.892857142857146 2.97443671875
39.92857142857143 2.970778125
