0.17857142857142858 2.48418515625
0.21428571428571427 2.48784375
0.25 2.48418515625
0.2857142857142857 2.48418515625
0.32142857142857145 2.48418515625
0.35714285714285715 2.48418515625
0.39285714285714285 2.48418515625
0.42857142857142855 2.48418515625
0.4642857142857143 2.48418515625
0.5 2.48418515625
0.5357142857142857 2.48418515625
0.5714285714285714 2.48418515625
0.6071428571428571 2.48418515625
0.6428571428571429 2.48418515625
0.6785714285714286 2.48418515625
0.7142857142857143 2.48418515625
0.75 2.48418515625
0.7857142857142857 2.48418515625
0.8214285714285714 2.48418515625
0.8571428571428571 2.48418515625
0.8928571428571429 2.48418515625
0.9285714285714286 2.48418515625
0.9642857142857143 2.48418515625
1.0 2.48418515625
1.0357142857142858 2.48418515625
1.6071428571428572 2.5536984375
1.6428571428571428 2.5536984375
1.6785714285714286 2.5536984375
1.7142857142857142 2.5536984375
1.75 2.5536984375
1.7857142857142858 2.5536984375
1.8214285714285714 2.5536984375
1.8571428571428572 2.5536984375
1.8928571428571428 2.5536984375
1.9285714285714286 2.5536984375
1.9642857142857142 2.5536984375
2.0 2.5536984375
2.0357142857142856 2.5536984375
2.0714285714285716 2.5536984375
2.107142857142857 2.5536984375
2.142857142857143 2.5536984375
2.1785714285714284 2.5536984375
2.2142857142857144 2.5536984375
2.25 2.5536984375
2.2857142857142856 2.5536984375
2.3214285714285716 2.5536984375
2.357142857142857 2.5536984375
2.392857142857143 2.5536984375
2.4285714285714284 2.5536984375
2.4642857142857144 2.5536984375
3.0714285714285716 2.66345625
3.107142857142857 2.65979765625
3.142857142857143 2.66345625
3.1785714285714284 2.66345625
3.2142857142857144 2.65979765625
3.25 2.65979765625
3.2857142857142856 2.65979765625
3.3214285714285716 2.65979765625
3.357142857142857 2.65979765625
3.392857142857143 2.65979765625
3.4285714285714284 2.65979765625
3.4642857142857144 2.65979765625
3.5 2.65979765625
3.5357142857142856 2.65979765625
3.5714285714285716 2.65979765625
3.607142857142857 2.65979765625
3.642857142857143 2.65979765625
3.6785714285714284 2.65979765625
3.7142857142857144 2.65979765625
3.75 2.65979765625
3.7857142857142856 2.65979765625
3.8214285714285716 2.65979765625
3.857142857142857 2.65979765625
3.892857142857143 2.65979765625
3.9285714285714284 2.65979765625
3.9642857142857144 2.65979765625
4.535714285714286 2.7585796875
4.571428571428571 2.7585796875
4.607142857142857 2.7585796875
4.642857142857143 2.7585796875
4.678571428571429 2.7585796875
4.714285714285714 2.7585796875
4.75 2.7585796875
4.785714285714286 2.7585796875
4.821428571428571 2.7585796875
4.857142857142857 2.7585796875
4.892857142857143 2.7585796875
4.928571428571429 2.7585796875
4.964285714285714 2.7585796875
5.0 2.7585796875
5.035714285714286 2.7585796875
5.071428571428571 2.7585796875
5.107142857142857 2.7585796875
5.142857142857143 2.7585796875
5.178571428571429 2.7585796875
5.214285714285714 2.7585796875
5.25 2.7585796875
5.285714285714286 2.7585796875
5.321428571428571 2.7585796875
5.357142857142857 2.7585796875
5.392857142857143 2.7585796875
6.0 2.82077578125
6.035714285714286 2.8171171875
6.071428571428571 2.8171171875
6.107142857142857 2.8171171875
6.142857142857143 2.8171171875
6.178571428571429 2.8171171875
6.214285714285714 2.8171171875
6.25 2.8171171875
6.285714285714286 2.8171171875
6.321428571428571 2.8171171875
6.357142857142857 2.8171171875
6.392857142857143 2.8171171875
6.428571428571429 2.8171171875
6.464285714285714 2.8171171875
6.5 2.8171171875
6.535714285714286 2.8171171875
6.571428571428571 2.8171171875
6.607142857142857 2.8171171875
6.642857142857143 2.8171171875
6.678571428571429 2.8171171875
6.714285714285714 2.82077578125
6.75 2.82077578125
6.785714285714286 2.82077578125
6.821428571428571 2.82077578125
6.857142857142857 2.82077578125
7.428571428571429 2.87931328125
7.464285714285714 2.87199609375
7.5 2.8683375
7.535714285714286 2.8683375
7.571428571428571 2.8683375
7.607142857142857 2.8683375
7.642857142857143 2.8683375
7.678571428571429 2.8683375
7.714285714285714 2.87199609375
7.75 2.87199609375
7.785714285714286 2.87199609375
7.821428571428571 2.87199609375
7.857142857142857 2.87199609375
7.892857142857143 2.87199609375
7.928571428571429 2.87199609375
7.964285714285714 2.87199609375
8.0 2.87199609375
8.035714285714286 2.87199609375
8.071428571428571 2.87199609375
8.107142857142858 2.87199609375
8.142857142857142 2.87199609375
8.178571428571429 2.87199609375
8.214285714285714 2.87199609375
8.25 2.87199609375
8.285714285714286 2.87199609375
8.892857142857142 2.9341921875
8.928571428571429 2.93053359375
8.964285714285714 2.93053359375
9.0 2.93053359375
9.035714285714286 2.9341921875
9.071428571428571 2.9341921875
9.107142857142858 2.9341921875
9.142857142857142 2.9341921875
9.178571428571429 2.9341921875
9.214285714285714 2.9341921875
9.25 2.9341921875
9.285714285714286 2.9341921875
9.321428571428571 2.9341921875
9.357142857142858 2.9341921875
9.392857142857142 2.9341921875
9.428571428571429 2.9341921875
9.464285714285714 2.9341921875
9.5 2.9341921875
9.535714285714286 2.9341921875
9.571428571428571 2.9341921875
9.607142857142858 2.9341921875
9.642857142857142 2.9341921875
9.678571428571429 2.9341921875
9.714285714285714 2.9341921875
9.75 2.9341921875
10.357142857142858 2.98175390625
10.392857142857142 2.98175390625
10.428571428571429 2.9780953125
10.464285714285714 2.98175390625
10.5 2.98175390625
10.535714285714286 2.98175390625
10.571428571428571 2.98175390625
10.607142857142858 2.98175390625
10.642857142857142 2.98175390625
10.678571428571429 2.98175390625
10.714285714285714 2.98175390625
10.75 2.98175390625
10.785714285714286 2.98175390625
10.821428571428571 2.98175390625
10.857142857142858 2.98175390625
10.892857142857142 2.98175390625
10.928571428571429 2.98175390625
10.964285714285714 2.98175390625
11.0 2.98175390625
11.035714285714286 2.98175390625
11.071428571428571 2.98175390625
11.107142857142858 2.98175390625
11.142857142857142 2.98175390625
11.178571428571429 2.98175390625
11.214285714285714 2.98175390625
11.75 3.0366328125
11.785714285714286 3.0366328125
11.821428571428571 3.03297421875
11.857142857142858 3.03297421875
11.892857142857142 3.0366328125
11.928571428571429 3.0366328125
11.964285714285714 3.0366328125
12.0 3.0366328125
12.035714285714286 3.0366328125
12.071428571428571 3.0366328125
12.107142857142858 3.04029140625
12.142857142857142 3.04029140625
12.178571428571429 3.0366328125
12.214285714285714 3.0366328125
12.25 3.04029140625
12.285714285714286 3.04029140625
12.321428571428571 3.04029140625
12.357142857142858 3.04029140625
12.392857142857142 3.0366328125
12.428571428571429 3.04029140625
12.464285714285714 3.04029140625
12.5 3.04029140625
12.535714285714286 3.04029140625
12.571428571428571 3.04029140625
12.607142857142858 3.04029140625
13.214285714285714 3.0805359375
13.25 3.0805359375
13.285714285714286 3.08419453125
13.321428571428571 3.08419453125
13.357142857142858 3.08419453125
13.392857142857142 3.08419453125
13.428571428571429 3.087853125
13.464285714285714 3.087853125
13.5 3.087853125
13.535714285714286 3.087853125
13.571428571428571 3.087853125
13.607142857142858 3.087853125
13.642857142857142 3.087853125
13.678571428571429 3.087853125
13.714285714285714 3.087853125
13.75 3.087853125
13.785714285714286 3.087853125
13.821428571428571 3.087853125
13.857142857142858 3.087853125
13.892857142857142 3.087853125
13.928571428571429 3.087853125
13.964285714285714 3.087853125
14.0 3.087853125
14.035714285714286 3.087853125
14.071428571428571 3.087853125
14.642857142857142 3.1537078125
14.678571428571429 3.1390734375
14.714285714285714 3.1390734375
14.75 3.1390734375
14.785714285714286 3.14273203125
14.821428571428571 3.14273203125
14.857142857142858 3.14273203125
14.892857142857142 3.14273203125
14.928571428571429 3.14273203125
14.964285714285714 3.14273203125
15.0 3.14273203125
15.035714285714286 3.146390625
15.071428571428571 3.14273203125
15.107142857142858 3.146390625
15.142857142857142 3.146390625
15.178571428571429 3.146390625
15.214285714285714 3.146390625
15.25 3.146390625
15.285714285714286 3.146390625
15.321428571428571 3.146390625
15.357142857142858 3.146390625
15.392857142857142 3.146390625
15.428571428571429 3.146390625
15.464285714285714 3.146390625
15.5 3.146390625
16.107142857142858 3.19395234375
16.142857142857142 3.19395234375
16.178571428571427 3.19029375
16.214285714285715 3.19029375
16.25 3.19029375
16.285714285714285 3.19029375
16.321428571428573 3.19029375
16.357142857142858 3.19029375
16.392857142857142 3.19029375
16.428571428571427 3.19029375
16.464285714285715 3.19029375
16.5 3.19029375
16.535714285714285 3.19029375
16.571428571428573 3.19029375
16.607142857142858 3.19029375
16.642857142857142 3.19029375
16.678571428571427 3.19029375
16.714285714285715 3.19029375
16.75 3.19029375
16.785714285714285 3.19029375
16.821428571428573 3.19029375
16.857142857142858 3.19029375
16.892857142857142 3.19029375
16.928571428571427 3.19029375
16.964285714285715 3.19029375
17.535714285714285 3.1976109375
17.571428571428573 3.24883125
17.607142857142858 3.2415140625
17.642857142857142 3.2415140625
17.678571428571427 3.2415140625
17.714285714285715 3.2415140625
17.75 3.2415140625
17.785714285714285 3.2415140625
17.821428571428573 3.2415140625
17.857142857142858 3.2415140625
17.892857142857142 3.2415140625
17.928571428571427 3.2415140625
17.964285714285715 3.2415140625
18.0 3.2415140625
18.035714285714285 3.2415140625
18.071428571428573 3.2415140625
18.107142857142858 3.2415140625
18.142857142857142 3.2415140625
18.178571428571427 3.2415140625
18.214285714285715 3.2415140625
18.25 3.2415140625
18.285714285714285 3.2415140625
18.321428571428573 3.2415140625
18.357142857142858 3.2415140625
18.392857142857142 3.2415140625
19.0 3.31102734375
19.035714285714285 3.30371015625
19.071428571428573 3.30371015625
19.107142857142858 3.30371015625
19.142857142857142 3.30371015625
19.178571428571427 3.30736875
19.214285714285715 3.30736875
19.25 3.31102734375
19.285714285714285 3.30736875
19.321428571428573 3.30736875
19.357142857142858 3.30371015625
19.392857142857142 3.30371015625
19.428571428571427 3.30736875
19.464285714285715 3.30736875
19.5 3.30736875
19.535714285714285 3.30736875
19.571428571428573 3.30736875
19.607142857142858 3.30736875
19.642857142857142 3.30736875
19.678571428571427 3.30736875
19.714285714285715 3.30736875
19.75 3.30736875
19.785714285714285 3.30736875
19.821428571428573 3.30736875
19.857142857142858 3.30736875
20.428571428571427 3.30371015625
20.464285714285715 3.36590625
20.5 3.35493046875
20.535714285714285 3.351271875
20.571428571428573 3.351271875
20.607142857142858 3.351271875
20.642857142857142 3.351271875
20.678571428571427 3.351271875
20.714285714285715 3.351271875
20.75 3.351271875
20.785714285714285 3.351271875
20.821428571428573 3.351271875
20.857142857142858 3.351271875
20.892857142857142 3.351271875
20.928571428571427 3.351271875
20.964285714285715 3.351271875
21.0 3.351271875
21.035714285714285 3.351271875
21.071428571428573 3.351271875
21.107142857142858 3.351271875
21.142857142857142 3.351271875
21.178571428571427 3.351271875
21.214285714285715 3.351271875
21.25 3.351271875
21.285714285714285 3.351271875
21.321428571428573 3.351271875
21.857142857142858 3.395175
21.892857142857142 3.45737109375
21.928571428571427 3.4537125
21.964285714285715 3.4537125
22.0 3.44273671875
22.035714285714285 3.439078125
22.071428571428573 3.439078125
22.107142857142858 3.439078125
22.142857142857142 3.44273671875
22.178571428571427 3.439078125
22.214285714285715 3.439078125
22.25 3.439078125
22.285714285714285 3.439078125
22.321428571428573 3.439078125
22.357142857142858 3.439078125
22.392857142857142 3.439078125
22.428571428571427 3.439078125
22.464285714285715 3.439078125
22.5 3.439078125
22.535714285714285 3.439078125
22.571428571428573 3.439078125
22.607142857142858 3.439078125
22.642857142857142 3.439078125
22.678571428571427 3.439078125
22.714285714285715 3.439078125
23.321428571428573 3.50127421875
23.357142857142858 3.5049328125
23.392857142857142 3.50127421875
23.428571428571427 3.497615625
23.464285714285715 3.497615625
23.5 3.497615625
23.535714285714285 3.497615625
23.571428571428573 3.497615625
23.607142857142858 3.497615625
23.642857142857142 3.497615625
23.678571428571427 3.497615625
23.714285714285715 3.497615625
23.75 3.497615625
23.785714285714285 3.497615625
23.821428571428573 3.497615625
23.857142857142858 3.497615625
23.892857142857142 3.497615625
23.928571428571427 3.497615625
23.964285714285715 3.497615625
24.0 3.497615625
24.035714285714285 3.497615625
24.071428571428573 3.497615625
24.107142857142858 3.497615625
24.142857142857142 3.497615625
24.178571428571427 3.497615625
24.214285714285715 3.497615625
24.75 3.526884375
24.785714285714285 3.526884375
24.821428571428573 3.5195671875
24.857142857142858 3.51590859375
24.892857142857142 3.51590859375
24.928571428571427 3.51225
24.964285714285715 3.51590859375
25.0 3.51225
25.035714285714285 3.51590859375
25.071428571428573 3.51590859375
25.107142857142858 3.51590859375
25.142857142857142 3.51590859375
25.178571428571427 3.51590859375
25.214285714285715 3.51590859375
25.25 3.51225
25.285714285714285 3.51590859375
25.321428571428573 3.51225
25.357142857142858 3.51225
25.392857142857142 3.51225
25.428571428571427 3.51225
25.464285714285715 3.51590859375
25.5 3.51590859375
25.535714285714285 3.51225
25.571428571428573 3.51225
25.607142857142858 3.51225
26.214285714285715 3.55249453125
26.25 3.5488359375
26.285714285714285 3.54151875
26.321428571428573 3.53786015625
26.357142857142858 3.5342015625
26.392857142857142 3.5342015625
26.428571428571427 3.5342015625
26.464285714285715 3.5342015625
26.5 3.5342015625
26.535714285714285 3.5342015625
26.571428571428573 3.5342015625
26.607142857142858 3.5342015625
26.642857142857142 3.5342015625
26.678571428571427 3.5342015625
26.714285714285715 3.5342015625
26.75 3.5342015625
26.785714285714285 3.5342015625
26.821428571428573 3.5342015625
26.857142857142858 3.5342015625
26.892857142857142 3.5342015625
26.928571428571427 3.5342015625
26.964285714285715 3.5342015625
27.0 3.5342015625
27.035714285714285 3.5342015625
27.071428571428573 3.5342015625
27.642857142857142 3.58176328125
27.678571428571427 3.58176328125
27.714285714285715 3.5781046875
27.75 3.5707875000000002
27.785714285714285 3.5671289062500002
27.821428571428573 3.5671289062500002
27.857142857142858 3.5671289062500002
27.892857142857142 3.5671289062500002
27.928571428571427 3.5671289062500002
27.964285714285715 3.5671289062500002
28.0 3.5671289062500002
28.035714285714285 3.5671289062500002
28.071428571428573 3.5671289062500002
28.107142857142858 3.5671289062500002
28.142857142857142 3.5671289062500002
28.178571428571427 3.5671289062500002
28.214285714285715 3.5671289062500002
28.25 3.5671289062500002
28.285714285714285 3.5671289062500002
28.321428571428573 3.5671289062500002
28.357142857142858 3.5671289062500002
28.392857142857142 3.5671289062500002
28.428571428571427 3.5671289062500002
28.464285714285715 3.5671289062500002
28.5 3.5671289062500002
29.071428571428573 3.5634703125000002
29.107142857142858 3.6073734375
29.142857142857142 3.60371484375
29.178571428571427 3.60005625
29.214285714285715 3.59639765625
29.25 3.59639765625
29.285714285714285 3.59639765625
29.321428571428573 3.59639765625
29.357142857142858 3.59639765625
29.392857142857142 3.59639765625
29.428571428571427 3.59639765625
29.464285714285715 3.5927390625
29.5 3.59639765625
29.535714285714285 3.5927390625
29.571428571428573 3.5927390625
29.607142857142858 3.59639765625
29.642857142857142 3.59639765625
29.678571428571427 3.59639765625
29.714285714285715 3.59639765625
29.75 3.59639765625
29.785714285714285 3.59639765625
29.821428571428573 3.5927390625
29.857142857142858 3.5927390625
29.892857142857142 3.5927390625
29.928571428571427 3.5927390625
30.535714285714285 3.6512765625
30.571428571428573 3.64761796875
30.607142857142858 3.64030078125
30.642857142857142 3.64030078125
30.678571428571427 3.64030078125
30.714285714285715 3.6366421875
30.75 3.64030078125
30.785714285714285 3.6366421875
30.821428571428573 3.6366421875
30.857142857142858 3.6366421875
30.892857142857142 3.6366421875
30.928571428571427 3.64030078125
30.964285714285715 3.6366421875
31.0 3.6366421875
31.035714285714285 3.6366421875
31.071428571428573 3.6366421875
31.107142857142858 3.6366421875
31.142857142857142 3.6366421875
31.178571428571427 3.6366421875
31.214285714285715 3.6366421875
31.25 3.6366421875
31.285714285714285 3.6366421875
31.321428571428573 3.6366421875
31.357142857142858 3.6366421875
31.392857142857142 3.6366421875
31.964285714285715 3.68420390625
32.0 3.6805453125
32.035714285714285 3.67688671875
32.07142857142857 3.67688671875
32.107142857142854 3.673228125
32.142857142857146 3.673228125
32.17857142857143 3.673228125
32.214285714285715 3.673228125
32.25 3.673228125
32.285714285714285 3.673228125
32.32142857142857 3.673228125
32.357142857142854 3.673228125
32.392857142857146 3.673228125
32.42857142857143 3.673228125
32.464285714285715 3.673228125
32.5 3.673228125
32.535714285714285 3.673228125
32.57142857142857 3.673228125
32.607142857142854 3.673228125
32.642857142857146 3.673228125
32.67857142857143 3.673228125
32.714285714285715 3.673228125
32.75 3.673228125
32.785714285714285 3.673228125
32.82142857142857 3.673228125
33.42857142857143 3.74274140625
33.464285714285715 3.7390828125
33.5 3.731765625
33.535714285714285 3.731765625
33.57142857142857 3.731765625
33.607142857142854 3.731765625
33.642857142857146 3.731765625
33.67857142857143 3.72810703125
33.714285714285715 3.72810703125
33.75 3.72810703125
33.785714285714285 3.72810703125
33.82142857142857 3.72810703125
33.857142857142854 3.72810703125
33.892857142857146 3.72810703125
33.92857142857143 3.72810703125
33.964285714285715 3.72810703125
34.0 3.72810703125
34.035714285714285 3.72810703125
34.07142857142857 3.72810703125
34.107142857142854 3.72810703125
34.142857142857146 3.72810703125
34.17857142857143 3.72810703125
34.214285714285715 3.72810703125
34.25 3.72810703125
34.285714285714285 3.72810703125
34.82142857142857 3.8049375
34.857142857142854 3.8049375
34.892857142857146 3.7976203125
34.92857142857143 3.79396171875
34.964285714285715 3.79396171875
35.0 3.79396171875
35.035714285714285 3.79396171875
35.07142857142857 3.79396171875
35.107142857142854 3.79396171875
35.142857142857146 3.79396171875
35.17857142857143 3.79396171875
35.214285714285715 3.79396171875
35.25 3.79396171875
35.285714285714285 3.79396171875
35.32142857142857 3.79396171875
35.357142857142854 3.790303125
35.392857142857146 3.79396171875
35.42857142857143 3.79396171875
35.464285714285715 3.79396171875
35.5 3.79396171875
35.535714285714285 3.79396171875
35.57142857142857 3.790303125
35.607142857142854 3.79396171875
35.642857142857146 3.79396171875
35.67857142857143 3.79396171875
35.714285714285715 3.79396171875
36.285714285714285 3.8415234375
36.32142857142857 3.8415234375
36.357142857142854 3.83786484375
36.392857142857146 3.83420625
36.42857142857143 3.83054765625
36.464285714285715 3.83420625
36.5 3.83054765625
36.535714285714285 3.83054765625
36.57142857142857 3.83054765625
36.607142857142854 3.83054765625
36.642857142857146 3.83054765625
36.67857142857143 3.83054765625
36.714285714285715 3.83054765625
36.75 3.83054765625
36.785714285714285 3.83054765625
36.82142857142857 3.83054765625
36.857142857142854 3.83054765625
36.892857142857146 3.83054765625
36.92857142857143 3.83054765625
36.964285714285715 3.83054765625
37.0 3.83054765625
37.035714285714285 3.83054765625
37.07142857142857 3.83054765625
37.107142857142854 3.83054765625
37.142857142857146 3.83054765625
37.714285714285715 3.8524992187500002
37.75 3.89274375
37.785714285714285 3.8854265625
37.82142857142857 3.88176796875
37.857142857142854 3.88176796875
37.892857142857146 3.88176796875
37.92857142857143 3.88176796875
37.964285714285715 3.88176796875
38.0 3.88176796875
38.035714285714285 3.88176796875
38.07142857142857 3.88176796875
38.107142857142854 3.88176796875
38.142857142857146 3.88176796875
38.17857142857143 3.88176796875
38.214285714285715 3.88176796875
38.25 3.88176796875
38.285714285714285 3.88176796875
38.32142857142857 3.88176796875
38.357142857142854 3.878109375
38.392857142857146 3.878109375
38.42857142857143 3.88176796875
38.464285714285715 3.878109375
38.5 3.878109375
38.535714285714285 3.878109375
38.57142857142857 3.878109375
39.17857142857143 3.94030546875
39.214285714285715 3.94030546875
39.25 3.936646875
39.285714285714285 3.93298828125
39.32142857142857 3.93298828125
39.357142857142854 3.93298828125
39.392857142857146 3.93298828125
39.42857142857143 3.93298828125
39.464285714285715 3.93298828125
39.5 3.93298828125
39.535714285714285 3.93298828125
39.57142857142857 3.93298828125
39.607142857142854 3.93298828125
39.642857142857146 3.93298828125
39.67857142857143 3.93298828125
39.714285714285715 3.93298828125
39.75 3.93298828125
39.785714285714285 3.93298828125
39.82142857142857 3.93298828125
39.857142857142854 3.93298828125
39.892857142857146 3.93298828125
39.92857142857143 3.93298828125
