0.07142857142857142 2.29393828125
0.10714285714285714 2.29393828125
0.14285714285714285 2.29393828125
0.17857142857142858 2.29393828125
0.21428571428571427 2.29393828125
0.25 2.29393828125
0.2857142857142857 2.297596875
0.35714285714285715 2.29393828125
0.39285714285714285 2.29393828125
0.42857142857142855 2.29393828125
0.4642857142857143 2.297596875
0.5 2.29393828125
0.5357142857142857 2.29393828125
0.5714285714285714 2.297596875
0.6428571428571429 2.297596875
0.6785714285714286 2.30125546875
0.7142857142857143 2.30125546875
0.75 2.30125546875
0.7857142857142857 2.30125546875
0.8214285714285714 2.30125546875
0.8571428571428571 2.30125546875
0.8928571428571429 2.3049140625
0.9642857142857143 2.30125546875
1.0 2.3049140625
1.0357142857142858 2.30125546875
1.0714285714285714 2.3049140625
1.1071428571428572 2.3049140625
1.1428571428571428 2.3049140625
1.2142857142857142 2.30857265625
1.25 2.30857265625
1.2857142857142858 2.30857265625
1.3214285714285714 2.31223125
1.3571428571428572 2.31223125
1.3928571428571428 2.31223125
1.4285714285714286 2.31223125
1.4642857142857142 2.31588984375
1.5 2.31588984375
1.5357142857142858 2.32320703125
1.5714285714285714 2.3195484375
1.6071428571428572 2.32320703125
1.6428571428571428 2.32320703125
1.6785714285714286 2.32320703125
1.7142857142857142 2.32320703125
1.75 2.326865625
1.8214285714285714 2.326865625
1.8571428571428572 2.33052421875
1.8928571428571428 2.33052421875
1.9285714285714286 2.33052421875
1.9642857142857142 2.33052421875
2.0 2.3341828125
2.0714285714285716 2.3341828125
2.107142857142857 2.33784140625
2.142857142857143 2.33784140625
2.1785714285714284 2.33784140625
2.2142857142857144 2.33784140625
2.25 2.33784140625
2.2857142857142856 2.3415
2.3214285714285716 2.3415
2.357142857142857 2.34515859375
2.392857142857143 2.34515859375
2.4285714285714284 2.3488171875
2.4642857142857144 2.3488171875
2.5 2.3488171875
2.5357142857142856 2.3488171875
2.5714285714285716 2.3488171875
2.6785714285714284 2.35247578125
2.7142857142857144 2.35247578125
2.75 2.35247578125
2.7857142857142856 2.35247578125
2.8214285714285716 2.35247578125
2.857142857142857 2.356134375
3.0 2.35979296875
3.0357142857142856 2.35979296875
3.0714285714285716 2.35979296875
3.107142857142857 2.35979296875
3.142857142857143 2.35979296875
3.1785714285714284 2.3634515625
3.25 2.3634515625
3.2857142857142856 2.3634515625
3.3214285714285716 2.3634515625
3.357142857142857 2.3634515625
3.392857142857143 2.3634515625
3.4285714285714284 2.3634515625
3.5357142857142856 2.36711015625
3.5714285714285716 2.36711015625
3.607142857142857 2.36711015625
3.642857142857143 2.36711015625
3.6785714285714284 2.36711015625
3.7142857142857144 2.36711015625
3.75 2.37076875
3.8214285714285716 2.37442734375
3.857142857142857 2.37442734375
3.892857142857143 2.37442734375
3.9285714285714284 2.37442734375
3.9642857142857144 2.3780859375
4.0 2.3780859375
4.035714285714286 2.38174453125
4.107142857142857 2.38174453125
4.142857142857143 2.38174453125
4.178571428571429 2.38174453125
4.214285714285714 2.38174453125
4.25 2.385403125
4.285714285714286 2.385403125
4.321428571428571 2.385403125
4.357142857142857 2.385403125
4.392857142857143 2.385403125
4.428571428571429 2.385403125
4.464285714285714 2.385403125
4.5 2.385403125
4.535714285714286 2.38906171875
4.571428571428571 2.38906171875
4.607142857142857 2.3927203125
4.678571428571429 2.3927203125
4.714285714285714 2.3927203125
4.75 2.3927203125
4.785714285714286 2.3927203125
4.821428571428571 2.39637890625
4.857142857142857 2.39637890625
4.892857142857143 2.4000375
4.964285714285714 2.4000375
5.0 2.4000375
5.035714285714286 2.4000375
5.071428571428571 2.4000375
5.107142857142857 2.4000375
5.142857142857143 2.4000375
5.178571428571429 2.4000375
5.25 2.40369609375
5.285714285714286 2.40369609375
5.321428571428571 2.40369609375
5.357142857142857 2.40369609375
5.392857142857143 2.40369609375
5.428571428571429 2.40369609375
5.464285714285714 2.4073546875
5.535714285714286 2.4073546875
5.571428571428571 2.4073546875
5.607142857142857 2.4073546875
5.642857142857143 2.4073546875
5.678571428571429 2.4073546875
5.714285714285714 2.4073546875
5.75 2.414671875
5.821428571428571 2.414671875
5.857142857142857 2.414671875
5.892857142857143 2.414671875
5.928571428571429 2.414671875
5.964285714285714 2.414671875
6.0 2.414671875
6.107142857142857 2.41833046875
6.142857142857143 2.41833046875
6.178571428571429 2.41833046875
6.214285714285714 2.41833046875
6.25 2.41833046875
6.285714285714286 2.41833046875
6.321428571428571 2.4219890625000002
6.392857142857143 2.4219890625000002
6.428571428571429 2.4219890625000002
6.464285714285714 2.4219890625000002
6.5 2.4219890625000002
6.535714285714286 2.4219890625000002
6.571428571428571 2.4219890625000002
6.607142857142857 2.4293062500000002
6.642857142857143 2.4293062500000002
6.678571428571429 2.4256476562500002
6.714285714285714 2.4256476562500002
6.75 2.4256476562500002
6.785714285714286 2.4256476562500002
6.821428571428571 2.4256476562500002
6.857142857142857 2.4256476562500002
6.892857142857143 2.4293062500000002
6.964285714285714 2.43296484375
7.0 2.4293062500000002
7.035714285714286 2.4293062500000002
7.071428571428571 2.4293062500000002
7.107142857142857 2.4293062500000002
7.142857142857143 2.4293062500000002
7.178571428571429 2.4366234375
7.25 2.4366234375
7.285714285714286 2.4366234375
7.321428571428571 2.43296484375
7.357142857142857 2.43296484375
7.392857142857143 2.43296484375
7.428571428571429 2.43296484375
7.464285714285714 2.4366234375
7.5 2.44028203125
7.535714285714286 2.44028203125
7.571428571428571 2.44028203125
7.607142857142857 2.44028203125
7.642857142857143 2.44028203125
7.678571428571429 2.44028203125
7.714285714285714 2.44028203125
7.75 2.44028203125
7.821428571428571 2.44759921875
7.857142857142857 2.44759921875
7.892857142857143 2.443940625
7.928571428571429 2.443940625
7.964285714285714 2.443940625
8.0 2.443940625
8.035714285714286 2.4512578125
8.071428571428571 2.4512578125
8.107142857142858 2.4512578125
8.142857142857142 2.4512578125
8.178571428571429 2.44759921875
8.214285714285714 2.44759921875
8.25 2.44759921875
8.285714285714286 2.44759921875
8.321428571428571 2.44759921875
8.357142857142858 2.45491640625
8.392857142857142 2.4512578125
8.428571428571429 2.4512578125
8.464285714285714 2.4512578125
8.5 2.4512578125
8.535714285714286 2.4512578125
8.571428571428571 2.4512578125
8.607142857142858 2.45491640625
8.678571428571429 2.45491640625
8.714285714285714 2.45491640625
8.75 2.45491640625
8.785714285714286 2.45491640625
8.821428571428571 2.45491640625
8.857142857142858 2.4512578125
8.892857142857142 2.458575
8.928571428571429 2.458575
8.964285714285714 2.458575
9.0 2.458575
9.035714285714286 2.45491640625
9.071428571428571 2.458575
9.107142857142858 2.45491640625
9.142857142857142 2.45491640625
9.178571428571429 2.458575
9.25 2.46223359375
9.285714285714286 2.46223359375
9.321428571428571 2.46223359375
9.357142857142858 2.458575
9.392857142857142 2.458575
9.428571428571429 2.458575
9.464285714285714 2.46223359375
9.5 2.46223359375
9.535714285714286 2.4658921875
9.571428571428571 2.4658921875
9.607142857142858 2.46223359375
9.642857142857142 2.46223359375
9.678571428571429 2.46223359375
9.714285714285714 2.46223359375
9.75 2.46223359375
9.785714285714286 2.46955078125
9.821428571428571 2.46955078125
9.857142857142858 2.4658921875
9.892857142857142 2.4658921875
9.928571428571429 2.4658921875
9.964285714285714 2.4658921875
10.0 2.4658921875
10.035714285714286 2.4658921875
10.107142857142858 2.473209375
10.142857142857142 2.473209375
10.178571428571429 2.46955078125
10.214285714285714 2.46955078125
10.25 2.46955078125
10.285714285714286 2.46955078125
10.321428571428571 2.47686796875
10.357142857142858 2.473209375
10.392857142857142 2.47686796875
10.428571428571429 2.47686796875
10.464285714285714 2.473209375
10.5 2.473209375
10.535714285714286 2.473209375
10.571428571428571 2.473209375
10.607142857142858 2.47686796875
10.642857142857142 2.4805265625
10.678571428571429 2.4805265625
10.714285714285714 2.4805265625
10.75 2.47686796875
10.785714285714286 2.47686796875
10.821428571428571 2.47686796875
10.857142857142858 2.47686796875
10.892857142857142 2.4805265625
10.964285714285714 2.48418515625
11.0 2.48418515625
11.035714285714286 2.48418515625
11.071428571428571 2.48418515625
11.107142857142858 2.48418515625
11.142857142857142 2.48418515625
11.178571428571429 2.49150234375
11.214285714285714 2.48784375
11.25 2.49150234375
11.285714285714286 2.48784375
11.321428571428571 2.48784375
11.357142857142858 2.48784375
11.392857142857142 2.48784375
11.428571428571429 2.48784375
11.464285714285714 2.48784375
11.535714285714286 2.49150234375
11.571428571428571 2.49150234375
11.607142857142858 2.49150234375
11.642857142857142 2.49150234375
11.678571428571429 2.49150234375
11.714285714285714 2.49150234375
11.75 2.4951609375
11.785714285714286 2.4951609375
11.821428571428571 2.49881953125
11.857142857142858 2.4951609375
11.892857142857142 2.4951609375
11.928571428571429 2.4951609375
11.964285714285714 2.4951609375
12.0 2.4951609375
12.035714285714286 2.4951609375
12.071428571428571 2.49881953125
12.107142857142858 2.49881953125
12.142857142857142 2.49881953125
12.178571428571429 2.49881953125
12.214285714285714 2.49881953125
12.25 2.49881953125
12.285714285714286 2.49881953125
12.321428571428571 2.49881953125
12.392857142857142 2.502478125
12.428571428571429 2.502478125
12.464285714285714 2.49881953125
12.5 2.49881953125
12.535714285714286 2.49881953125
12.571428571428571 2.49881953125
12.607142857142858 2.502478125
12.642857142857142 2.502478125
12.678571428571429 2.502478125
12.714285714285714 2.502478125
12.75 2.502478125
12.785714285714286 2.502478125
12.821428571428571 2.502478125
12.857142857142858 2.502478125
12.892857142857142 2.502478125
12.928571428571429 2.50613671875
12.964285714285714 2.50613671875
13.0 2.50613671875
13.035714285714286 2.502478125
13.071428571428571 2.502478125
13.107142857142858 2.502478125
13.142857142857142 2.502478125
13.178571428571429 2.50613671875
13.25 2.50613671875
13.285714285714286 2.50613671875
13.321428571428571 2.50613671875
13.357142857142858 2.50613671875
13.392857142857142 2.50613671875
13.428571428571429 2.50613671875
13.464285714285714 2.50613671875
13.5 2.5097953125
13.535714285714286 2.5097953125
13.571428571428571 2.50613671875
13.607142857142858 2.50613671875
13.642857142857142 2.50613671875
13.678571428571429 2.50613671875
13.714285714285714 2.50613671875
13.75 2.50613671875
13.821428571428571 2.51345390625
13.857142857142858 2.5097953125
13.892857142857142 2.5097953125
13.928571428571429 2.5097953125
13.964285714285714 2.5097953125
14.0 2.5097953125
14.035714285714286 2.51345390625
14.107142857142858 2.5171125
14.142857142857142 2.51345390625
14.178571428571429 2.51345390625
14.214285714285714 2.51345390625
14.25 2.51345390625
14.285714285714286 2.51345390625
14.321428571428571 2.51345390625
14.357142857142858 2.5171125
14.392857142857142 2.5171125
14.428571428571429 2.5171125
14.464285714285714 2.5171125
14.5 2.5171125
14.535714285714286 2.51345390625
14.571428571428571 2.51345390625
14.607142857142858 2.5171125
14.678571428571429 2.52077109375
14.714285714285714 2.52077109375
14.75 2.52077109375
14.785714285714286 2.5171125
14.821428571428571 2.5171125
14.857142857142858 2.5171125
14.892857142857142 2.52077109375
14.928571428571429 2.52077109375
14.964285714285714 2.5244296875
15.0 2.52077109375
15.035714285714286 2.52077109375
15.071428571428571 2.52077109375
15.107142857142858 2.52077109375
15.142857142857142 2.52077109375
15.178571428571429 2.52077109375
15.25 2.5244296875
15.285714285714286 2.5244296875
15.321428571428571 2.5244296875
15.357142857142858 2.5244296875
15.392857142857142 2.5244296875
15.428571428571429 2.52077109375
15.464285714285714 2.5244296875
15.535714285714286 2.52808828125
15.571428571428571 2.52808828125
15.607142857142858 2.52808828125
15.642857142857142 2.52808828125
15.678571428571429 2.5244296875
15.714285714285714 2.5244296875
15.75 2.5244296875
15.785714285714286 2.531746875
15.821428571428571 2.531746875
15.857142857142858 2.531746875
15.892857142857142 2.52808828125
15.928571428571429 2.52808828125
15.964285714285714 2.52808828125
16.0 2.52808828125
16.035714285714285 2.531746875
16.107142857142858 2.53540546875
16.142857142857142 2.53540546875
16.178571428571427 2.531746875
16.214285714285715 2.531746875
16.25 2.531746875
16.285714285714285 2.531746875
16.321428571428573 2.531746875
16.392857142857142 2.5390640625
16.428571428571427 2.5390640625
16.464285714285715 2.53540546875
16.5 2.53540546875
16.535714285714285 2.53540546875
16.571428571428573 2.53540546875
16.607142857142858 2.53540546875
16.642857142857142 2.5390640625
16.678571428571427 2.54272265625
16.714285714285715 2.54272265625
16.75 2.5390640625
16.785714285714285 2.5390640625
16.821428571428573 2.5390640625
16.857142857142858 2.5390640625
16.892857142857142 2.5390640625
16.964285714285715 2.54272265625
17.0 2.54272265625
17.035714285714285 2.5390640625
17.071428571428573 2.5390640625
17.107142857142858 2.5390640625
17.142857142857142 2.5390640625
17.178571428571427 2.5390640625
17.214285714285715 2.54272265625
17.25 2.54638125
17.285714285714285 2.54272265625
17.321428571428573 2.54272265625
17.357142857142858 2.54272265625
17.392857142857142 2.54272265625
17.428571428571427 2.54272265625
17.464285714285715 2.54272265625
17.535714285714285 2.54638125
17.571428571428573 2.54638125
17.607142857142858 2.54272265625
17.642857142857142 2.54272265625
17.678571428571427 2.54272265625
17.714285714285715 2.54272265625
17.75 2.54638125
17.821428571428573 2.55003984375
17.857142857142858 2.54638125
17.892857142857142 2.54638125
17.928571428571427 2.54272265625
17.964285714285715 2.54272265625
18.0 2.54272265625
18.035714285714285 2.54272265625
18.071428571428573 2.54638125
18.107142857142858 2.55003984375
18.142857142857142 2.55003984375
18.178571428571427 2.54638125
18.214285714285715 2.54638125
18.25 2.54638125
18.285714285714285 2.54638125
18.321428571428573 2.54638125
18.392857142857142 2.5536984375
18.428571428571427 2.55003984375
18.464285714285715 2.55003984375
18.5 2.55003984375
18.535714285714285 2.55003984375
18.571428571428573 2.55003984375
18.607142857142858 2.55003984375
18.642857142857142 2.5536984375
18.678571428571427 2.55735703125
18.714285714285715 2.5536984375
18.75 2.5536984375
18.785714285714285 2.5536984375
18.821428571428573 2.5536984375
18.857142857142858 2.5536984375
18.892857142857142 2.5536984375
18.928571428571427 2.55735703125
18.964285714285715 2.55735703125
19.0 2.5536984375
19.035714285714285 2.5536984375
19.071428571428573 2.5536984375
19.107142857142858 2.5536984375
19.142857142857142 2.5536984375
19.178571428571427 2.5536984375
19.25 2.561015625
19.285714285714285 2.55735703125
19.321428571428573 2.55735703125
19.357142857142858 2.55735703125
19.392857142857142 2.55735703125
19.428571428571427 2.55735703125
19.464285714285715 2.55735703125
19.5 2.561015625
19.535714285714285 2.561015625
19.571428571428573 2.561015625
19.607142857142858 2.561015625
19.642857142857142 2.55735703125
19.678571428571427 2.55735703125
19.714285714285715 2.55735703125
19.75 2.55735703125
19.821428571428573 2.56467421875
19.857142857142858 2.56467421875
19.892857142857142 2.561015625
19.928571428571427 2.561015625
19.964285714285715 2.561015625
20.0 2.561015625
20.035714285714285 2.561015625
20.107142857142858 2.56467421875
20.142857142857142 2.56467421875
20.178571428571427 2.56467421875
20.214285714285715 2.56467421875
20.25 2.56467421875
20.285714285714285 2.561015625
20.321428571428573 2.561015625
20.357142857142858 2.5683328125
20.392857142857142 2.5683328125
20.428571428571427 2.5683328125
20.464285714285715 2.56467421875
20.5 2.56467421875
20.535714285714285 2.56467421875
20.571428571428573 2.56467421875
20.607142857142858 2.56467421875
20.678571428571427 2.57199140625
20.714285714285715 2.5683328125
20.75 2.5683328125
20.785714285714285 2.5683328125
20.821428571428573 2.5683328125
20.857142857142858 2.56467421875
20.892857142857142 2.57199140625
20.964285714285715 2.57199140625
21.0 2.57199140625
21.035714285714285 2.57199140625
21.071428571428573 2.5683328125
21.107142857142858 2.5683328125
21.142857142857142 2.5683328125
21.178571428571427 2.5683328125
21.214285714285715 2.57199140625
21.25 2.57565
21.285714285714285 2.57565
21.321428571428573 2.57565
21.357142857142858 2.57199140625
21.392857142857142 2.57199140625
21.428571428571427 2.57199140625
21.464285714285715 2.57199140625
21.535714285714285 2.57930859375
21.571428571428573 2.57930859375
21.607142857142858 2.57565
21.642857142857142 2.57565
21.678571428571427 2.57565
21.714285714285715 2.57565
21.75 2.57565
21.785714285714285 2.57930859375
21.821428571428573 2.57565
21.857142857142858 2.57565
21.892857142857142 2.57565
21.928571428571427 2.57565
21.964285714285715 2.57565
22.0 2.57565
22.035714285714285 2.57565
22.107142857142858 2.5829671875
22.142857142857142 2.57930859375
22.178571428571427 2.57930859375
22.214285714285715 2.57930859375
22.25 2.57930859375
22.285714285714285 2.57930859375
22.321428571428573 2.5829671875
22.392857142857142 2.58662578125
22.428571428571427 2.5829671875
22.464285714285715 2.5829671875
22.5 2.5829671875
22.535714285714285 2.5829671875
22.571428571428573 2.5829671875
22.607142857142858 2.5829671875
22.642857142857142 2.58662578125
22.678571428571427 2.58662578125
22.714285714285715 2.58662578125
22.75 2.58662578125
22.785714285714285 2.58662578125
22.821428571428573 2.58662578125
22.857142857142858 2.58662578125
22.892857142857142 2.58662578125
22.964285714285715 2.59394296875
23.0 2.590284375
23.035714285714285 2.590284375
23.071428571428573 2.590284375
23.107142857142858 2.590284375
23.142857142857142 2.590284375
23.178571428571427 2.590284375
23.214285714285715 2.59394296875
23.25 2.5976015625
23.285714285714285 2.59394296875
23.321428571428573 2.59394296875
23.357142857142858 2.59394296875
23.392857142857142 2.59394296875
23.428571428571427 2.59394296875
23.464285714285715 2.59394296875
23.5 2.5976015625
23.535714285714285 2.5976015625
23.571428571428573 2.60126015625
23.607142857142858 2.5976015625
23.642857142857142 2.5976015625
23.678571428571427 2.5976015625
23.714285714285715 2.5976015625
23.75 2.60126015625
23.821428571428573 2.60126015625
23.857142857142858 2.60126015625
23.892857142857142 2.60126015625
23.928571428571427 2.60126015625
23.964285714285715 2.5976015625
24.0 2.5976015625
24.035714285714285 2.60126015625
24.071428571428573 2.60491875
24.107142857142858 2.60491875
24.142857142857142 2.60491875
24.178571428571427 2.60491875
24.214285714285715 2.60491875
24.25 2.60491875
24.285714285714285 2.60491875
24.321428571428573 2.60491875
24.392857142857142 2.6122359375
24.428571428571427 2.6122359375
24.464285714285715 2.60857734375
24.5 2.60857734375
24.535714285714285 2.60857734375
24.571428571428573 2.60857734375
24.607142857142858 2.6122359375
24.678571428571427 2.61589453125
24.714285714285715 2.61589453125
24.75 2.6122359375
24.785714285714285 2.6122359375
24.821428571428573 2.6122359375
24.857142857142858 2.6122359375
24.892857142857142 2.6122359375
24.928571428571427 2.619553125
24.964285714285715 2.619553125
25.0 2.619553125
25.035714285714285 2.619553125
25.071428571428573 2.619553125
25.107142857142858 2.619553125
25.142857142857142 2.619553125
25.178571428571427 2.619553125
25.25 2.6268703125
25.285714285714285 2.6268703125
25.321428571428573 2.62321171875
25.357142857142858 2.62321171875
25.392857142857142 2.62321171875
25.428571428571427 2.62321171875
25.464285714285715 2.62321171875
25.535714285714285 2.63052890625
25.571428571428573 2.63052890625
25.607142857142858 2.63052890625
25.642857142857142 2.63052890625
25.678571428571427 2.63052890625
25.714285714285715 2.63052890625
25.75 2.63052890625
25.785714285714285 2.6341875
25.821428571428573 2.63784609375
25.857142857142858 2.63784609375
25.892857142857142 2.6341875
25.928571428571427 2.6341875
25.964285714285715 2.6341875
26.0 2.6341875
26.035714285714285 2.63784609375
26.107142857142858 2.6415046875
26.142857142857142 2.63784609375
26.178571428571427 2.63784609375
26.214285714285715 2.63784609375
26.25 2.63784609375
26.285714285714285 2.63784609375
26.321428571428573 2.63784609375
26.357142857142858 2.6415046875
26.392857142857142 2.6415046875
26.428571428571427 2.6415046875
26.464285714285715 2.6415046875
26.5 2.6415046875
26.535714285714285 2.6415046875
26.571428571428573 2.6415046875
26.607142857142858 2.6415046875
26.678571428571427 2.64516328125
26.714285714285715 2.64516328125
26.75 2.64516328125
26.785714285714285 2.64516328125
26.821428571428573 2.64516328125
26.857142857142858 2.64516328125
26.892857142857142 2.64516328125
27.0 2.648821875
27.035714285714285 2.648821875
27.071428571428573 2.648821875
27.107142857142858 2.648821875
27.142857142857142 2.648821875
27.178571428571427 2.648821875
27.214285714285715 2.65248046875
27.25 2.6561390625
27.285714285714285 2.65248046875
27.321428571428573 2.65248046875
27.357142857142858 2.65248046875
27.392857142857142 2.65248046875
27.428571428571427 2.65248046875
27.464285714285715 2.65248046875
27.535714285714285 2.65979765625
27.571428571428573 2.6561390625
27.607142857142858 2.6561390625
27.642857142857142 2.6561390625
27.678571428571427 2.6561390625
27.714285714285715 2.6561390625
27.75 2.6561390625
27.785714285714285 2.6561390625
27.857142857142858 2.65979765625
27.892857142857142 2.6561390625
27.928571428571427 2.6561390625
27.964285714285715 2.6561390625
28.0 2.6561390625
28.035714285714285 2.65979765625
28.071428571428573 2.66345625
28.107142857142858 2.66345625
28.142857142857142 2.66345625
28.178571428571427 2.66345625
28.214285714285715 2.66345625
28.25 2.66345625
28.285714285714285 2.66345625
28.321428571428573 2.66345625
28.392857142857142 2.6707734375
28.428571428571427 2.66711484375
28.464285714285715 2.66711484375
28.5 2.66711484375
28.535714285714285 2.66711484375
28.571428571428573 2.66345625
28.607142857142858 2.6707734375
28.642857142857142 2.6707734375
28.678571428571427 2.6707734375
28.714285714285715 2.67443203125
28.75 2.6707734375
28.785714285714285 2.66711484375
28.821428571428573 2.66711484375
28.857142857142858 2.66711484375
28.892857142857142 2.66711484375
28.928571428571427 2.6707734375
28.964285714285715 2.67443203125
29.0 2.67443203125
29.035714285714285 2.67443203125
29.071428571428573 2.67443203125
29.107142857142858 2.6707734375
29.142857142857142 2.6707734375
29.178571428571427 2.67443203125
29.25 2.68174921875
29.285714285714285 2.678090625
29.321428571428573 2.678090625
29.357142857142858 2.67443203125
29.392857142857142 2.67443203125
29.428571428571427 2.67443203125
29.464285714285715 2.67443203125
29.5 2.68174921875
29.535714285714285 2.68174921875
29.571428571428573 2.68174921875
29.607142857142858 2.68174921875
29.642857142857142 2.678090625
29.678571428571427 2.678090625
29.714285714285715 2.678090625
29.75 2.678090625
29.821428571428573 2.6854078125
29.857142857142858 2.6854078125
29.892857142857142 2.68174921875
29.928571428571427 2.68174921875
29.964285714285715 2.68174921875
30.0 2.68174921875
30.035714285714285 2.68174921875
30.071428571428573 2.6854078125
30.107142857142858 2.68906640625
30.142857142857142 2.68906640625
30.178571428571427 2.6854078125
30.214285714285715 2.6854078125
30.25 2.68174921875
30.285714285714285 2.68174921875
30.321428571428573 2.6854078125
30.357142857142858 2.68906640625
30.392857142857142 2.68906640625
30.428571428571427 2.68906640625
30.464285714285715 2.68906640625
30.5 2.6854078125
30.535714285714285 2.6854078125
30.571428571428573 2.6854078125
30.607142857142858 2.68906640625
30.678571428571427 2.692725
30.714285714285715 2.68906640625
30.75 2.68906640625
30.785714285714285 2.68906640625
30.821428571428573 2.68906640625
30.857142857142858 2.6854078125
30.892857142857142 2.68906640625
30.928571428571427 2.692725
30.964285714285715 2.692725
31.0 2.68906640625
31.035714285714285 2.68906640625
31.071428571428573 2.68906640625
31.107142857142858 2.68906640625
31.142857142857142 2.68906640625
31.178571428571427 2.68906640625
31.214285714285715 2.692725
31.25 2.692725
31.285714285714285 2.692725
31.321428571428573 2.692725
31.357142857142858 2.68906640625
31.392857142857142 2.68906640625
31.428571428571427 2.68906640625
31.464285714285715 2.68906640625
31.535714285714285 2.692725
31.571428571428573 2.692725
31.607142857142858 2.68906640625
31.642857142857142 2.68906640625
31.678571428571427 2.68906640625
31.714285714285715 2.68906640625
31.75 2.68906640625
31.785714285714285 2.68906640625
31.821428571428573 2.692725
31.857142857142858 2.68906640625
31.892857142857142 2.68906640625
31.928571428571427 2.68906640625
31.964285714285715 2.68906640625
32.0 2.68906640625
32.035714285714285 2.68906640625
32.107142857142854 2.692725
32.142857142857146 2.692725
32.17857142857143 2.68906640625
32.214285714285715 2.68906640625
32.25 2.68906640625
32.285714285714285 2.68906640625
32.32142857142857 2.68906640625
32.392857142857146 2.69638359375
32.42857142857143 2.69638359375
32.464285714285715 2.692725
32.5 2.692725
32.535714285714285 2.692725
32.57142857142857 2.692725
32.607142857142854 2.692725
32.642857142857146 2.692725
32.67857142857143 2.69638359375
32.714285714285715 2.69638359375
32.75 2.69638359375
32.785714285714285 2.69638359375
32.82142857142857 2.692725
32.857142857142854 2.692725
32.892857142857146 2.692725
33.0 2.69638359375
33.035714285714285 2.69638359375
33.07142857142857 2.69638359375
33.107142857142854 2.69638359375
33.142857142857146 2.69638359375
33.17857142857143 2.692725
33.214285714285715 2.69638359375
33.25 2.7000421875
33.285714285714285 2.69638359375
33.32142857142857 2.7000421875
33.357142857142854 2.69638359375
33.392857142857146 2.69638359375
33.42857142857143 2.69638359375
33.464285714285715 2.69638359375
33.535714285714285 2.7000421875
33.57142857142857 2.7000421875
33.607142857142854 2.69638359375
33.642857142857146 2.69638359375
33.67857142857143 2.69638359375
33.714285714285715 2.69638359375
33.75 2.69638359375
33.785714285714285 2.69638359375
33.857142857142854 2.7000421875
33.892857142857146 2.7000421875
33.92857142857143 2.69638359375
33.964285714285715 2.69638359375
34.0 2.69638359375
34.035714285714285 2.69638359375
34.07142857142857 2.7000421875
34.107142857142854 2.70370078125
34.142857142857146 2.70370078125
34.17857142857143 2.70370078125
34.214285714285715 2.70370078125
34.25 2.7000421875
34.285714285714285 2.7000421875
34.32142857142857 2.7000421875
34.392857142857146 2.70370078125
34.42857142857143 2.70370078125
34.464285714285715 2.7000421875
34.5 2.7000421875
34.535714285714285 2.7000421875
34.57142857142857 2.7000421875
34.607142857142854 2.7000421875
34.642857142857146 2.70370078125
34.714285714285715 2.70370078125
34.75 2.70370078125
34.785714285714285 2.70370078125
34.82142857142857 2.7000421875
34.857142857142854 2.7000421875
34.892857142857146 2.7000421875
34.92857142857143 2.70370078125
34.964285714285715 2.7073593750000002
35.0 2.7110179687500002
35.035714285714285 2.7110179687500002
35.07142857142857 2.7073593750000002
35.107142857142854 2.7073593750000002
35.142857142857146 2.7073593750000002
35.17857142857143 2.7073593750000002
35.214285714285715 2.7073593750000002
35.25 2.7110179687500002
35.285714285714285 2.7110179687500002
35.32142857142857 2.7073593750000002
35.357142857142854 2.7073593750000002
35.392857142857146 2.7073593750000002
35.42857142857143 2.70370078125
35.464285714285715 2.70370078125
35.5 2.7073593750000002
35.535714285714285 2.7073593750000002
35.57142857142857 2.7073593750000002
35.607142857142854 2.7073593750000002
35.642857142857146 2.70370078125
35.67857142857143 2.70370078125
35.714285714285715 2.70370078125
35.75 2.70370078125
35.82142857142857 2.7146765625000002
35.857142857142854 2.7146765625000002
35.892857142857146 2.7146765625000002
35.92857142857143 2.7110179687500002
35.964285714285715 2.7110179687500002
36.0 2.7110179687500002
36.035714285714285 2.7110179687500002
36.07142857142857 2.7110179687500002
36.107142857142854 2.7146765625000002
36.142857142857146 2.7110179687500002
36.17857142857143 2.7110179687500002
36.214285714285715 2.7110179687500002
36.25 2.7073593750000002
36.285714285714285 2.7073593750000002
36.32142857142857 2.7073593750000002
36.357142857142854 2.7110179687500002
36.392857142857146 2.7110179687500002
36.42857142857143 2.7110179687500002
36.464285714285715 2.7073593750000002
36.5 2.70370078125
36.535714285714285 2.70370078125
36.57142857142857 2.70370078125
36.607142857142854 2.7073593750000002
36.67857142857143 2.7110179687500002
36.714285714285715 2.7073593750000002
36.75 2.70370078125
36.785714285714285 2.70370078125
36.82142857142857 2.70370078125
36.857142857142854 2.70370078125
36.892857142857146 2.70370078125
36.92857142857143 2.70370078125
36.964285714285715 2.7073593750000002
37.0 2.7110179687500002
37.035714285714285 2.7110179687500002
37.07142857142857 2.7146765625000002
37.107142857142854 2.7110179687500002
37.142857142857146 2.7110179687500002
37.17857142857143 2.7110179687500002
37.214285714285715 2.7146765625000002
37.25 2.71833515625
37.285714285714285 2.71833515625
37.32142857142857 2.71833515625
37.357142857142854 2.7146765625000002
37.392857142857146 2.7146765625000002
37.42857142857143 2.7146765625000002
37.464285714285715 2.7146765625000002
37.535714285714285 2.71833515625
37.57142857142857 2.71833515625
37.607142857142854 2.7146765625000002
37.642857142857146 2.7146765625000002
37.67857142857143 2.7110179687500002
37.714285714285715 2.7110179687500002
37.75 2.7110179687500002
37.785714285714285 2.7146765625000002
37.82142857142857 2.7146765625000002
37.857142857142854 2.7146765625000002
37.892857142857146 2.7146765625000002
37.92857142857143 2.7146765625000002
37.964285714285715 2.7146765625000002
38.0 2.7110179687500002
38.035714285714285 2.7146765625000002
38.107142857142854 2.71833515625
38.142857142857146 2.71833515625
38.17857142857143 2.71833515625
38.214285714285715 2.71833515625
38.25 2.7146765625000002
38.285714285714285 2.7146765625000002
38.32142857142857 2.7146765625000002
38.42857142857143 2.72199375
38.464285714285715 2.72199375
38.5 2.72199375
38.535714285714285 2.71833515625
38.57142857142857 2.71833515625
38.607142857142854 2.71833515625
38.642857142857146 2.72199375
38.67857142857143 2.72565234375
38.714285714285715 2.72565234375
38.75 2.72199375
38.785714285714285 2.72199375
38.82142857142857 2.72199375
38.857142857142854 2.72199375
38.892857142857146 2.72199375
38.92857142857143 2.72199375
38.964285714285715 2.72565234375
39.0 2.72565234375
39.035714285714285 2.72565234375
39.07142857142857 2.72565234375
39.107142857142854 2.72199375
39.142857142857146 2.72199375
39.17857142857143 2.72199375
39.214285714285715 2.72565234375
39.25 2.7293109375
39.285714285714285 2.72565234375
39.32142857142857 2.72565234375
39.357142857142854 2.72565234375
39.392857142857146 2.72565234375
39.42857142857143 2.72565234375
39.464285714285715 2.72565234375
39.535714285714285 2.7293109375
39.57142857142857 2.7293109375
39.607142857142854 2.72565234375
39.642857142857146 2.72199375
39.67857142857143 2.72199375
39.714285714285715 2.72199375
39.75 2.72565234375
39.857142857142854 2.72565234375
39.892857142857146 2.72565234375
