0.03571428571428571 2.78418984375
0.07142857142857142 2.78418984375
0.10714285714285714 2.78418984375
0.14285714285714285 2.78418984375
0.17857142857142858 2.78418984375
0.21428571428571427 2.78418984375
0.25 2.78418984375
0.2857142857142857 2.78418984375
0.32142857142857145 2.78418984375
0.35714285714285715 2.78418984375
1.0 2.7878484375
1.0357142857142858 2.78418984375
1.0714285714285714 2.78418984375
1.1071428571428572 2.78418984375
1.1428571428571428 2.78418984375
1.1785714285714286 2.78418984375
1.2142857142857142 2.78418984375
1.25 2.78418984375
1.2857142857142858 2.78418984375
1.3214285714285714 2.78418984375
1.3571428571428572 2.78418984375
1.3928571428571428 2.78418984375
1.4285714285714286 2.78053125
1.4642857142857142 2.78053125
1.5 2.78053125
1.5357142857142858 2.78053125
1.5714285714285714 2.78053125
1.6071428571428572 2.78053125
1.6428571428571428 2.78053125
1.6785714285714286 2.78053125
1.7142857142857142 2.78053125
1.75 2.78053125
1.7857142857142858 2.78053125
1.8214285714285714 2.78053125
1.8571428571428572 2.78053125
1.8928571428571428 2.78053125
1.9285714285714286 2.78053125
1.9642857142857142 2.78053125
2.0 2.78053125
2.0357142857142856 2.78053125
2.642857142857143 2.78053125
2.6785714285714284 2.78053125
2.7142857142857144 2.77687265625
2.75 2.77687265625
2.7857142857142856 2.77687265625
2.8214285714285716 2.77687265625
2.857142857142857 2.77687265625
2.892857142857143 2.77687265625
2.9285714285714284 2.77687265625
2.9642857142857144 2.77687265625
3.0 2.7732140625
3.0357142857142856 2.7732140625
3.0714285714285716 2.7732140625
3.107142857142857 2.7732140625
3.142857142857143 2.7732140625
3.1785714285714284 2.7732140625
3.2142857142857144 2.7732140625
3.25 2.7732140625
3.2857142857142856 2.7732140625
3.3214285714285716 2.7732140625
3.357142857142857 2.7732140625
3.392857142857143 2.7732140625
3.4285714285714284 2.7732140625
3.4642857142857144 2.76955546875
3.5 2.76955546875
3.5357142857142856 2.76955546875
3.5714285714285716 2.76955546875
3.607142857142857 2.76955546875
3.642857142857143 2.76955546875
3.6785714285714284 2.76955546875
4.321428571428571 2.76955546875
4.357142857142857 2.76955546875
4.392857142857143 2.76955546875
4.428571428571429 2.76955546875
4.464285714285714 2.76955546875
4.5 2.765896875
4.535714285714286 2.765896875
4.571428571428571 2.765896875
4.607142857142857 2.765896875
4.642857142857143 2.765896875
4.678571428571429 2.765896875
4.714285714285714 2.765896875
4.75 2.76223828125
4.785714285714286 2.76223828125
4.821428571428571 2.76223828125
4.857142857142857 2.76223828125
4.892857142857143 2.76223828125
4.928571428571429 2.76223828125
4.964285714285714 2.76223828125
5.0 2.76223828125
5.035714285714286 2.76223828125
5.071428571428571 2.76223828125
5.107142857142857 2.76223828125
5.142857142857143 2.76223828125
5.178571428571429 2.76223828125
5.214285714285714 2.76223828125
5.25 2.76223828125
5.285714285714286 2.76223828125
5.321428571428571 2.76223828125
6.0 2.76223828125
6.035714285714286 2.76223828125
6.071428571428571 2.76223828125
6.107142857142857 2.76223828125
6.142857142857143 2.76223828125
6.178571428571429 2.76223828125
6.214285714285714 2.7585796875
6.25 2.7585796875
6.285714285714286 2.7585796875
6.321428571428571 2.7585796875
6.357142857142857 2.7585796875
6.392857142857143 2.7585796875
6.428571428571429 2.7585796875
6.464285714285714 2.7585796875
6.5 2.7585796875
6.535714285714286 2.7585796875
6.571428571428571 2.7585796875
6.607142857142857 2.7585796875
6.642857142857143 2.7585796875
6.678571428571429 2.7585796875
6.714285714285714 2.7585796875
6.75 2.75492109375
6.785714285714286 2.75492109375
6.821428571428571 2.75492109375
6.857142857142857 2.75492109375
6.892857142857143 2.75492109375
6.928571428571429 2.75492109375
6.964285714285714 2.75492109375
7.0 2.75492109375
7.035714285714286 2.75492109375
7.642857142857143 2.75492109375
7.678571428571429 2.7512625
7.714285714285714 2.7512625
7.75 2.7512625
7.785714285714286 2.7512625
7.821428571428571 2.7512625
7.857142857142857 2.7512625
7.892857142857143 2.7512625
7.928571428571429 2.7512625
7.964285714285714 2.74760390625
8.0 2.74760390625
8.035714285714286 2.74760390625
8.071428571428571 2.74760390625
8.107142857142858 2.74760390625
8.142857142857142 2.74760390625
8.178571428571429 2.74760390625
8.214285714285714 2.74760390625
8.25 2.74760390625
8.285714285714286 2.74760390625
8.321428571428571 2.74760390625
8.357142857142858 2.74760390625
8.392857142857142 2.74760390625
8.428571428571429 2.74760390625
8.464285714285714 2.74760390625
8.5 2.74760390625
8.535714285714286 2.74760390625
8.571428571428571 2.74760390625
8.607142857142858 2.74760390625
8.642857142857142 2.74760390625
8.678571428571429 2.74760390625
9.321428571428571 2.74760390625
9.357142857142858 2.74760390625
9.392857142857142 2.74760390625
9.428571428571429 2.7439453125
9.464285714285714 2.7439453125
9.5 2.7439453125
9.535714285714286 2.7439453125
9.571428571428571 2.7439453125
9.607142857142858 2.7439453125
9.642857142857142 2.7439453125
9.678571428571429 2.7439453125
9.714285714285714 2.7439453125
9.75 2.7439453125
9.785714285714286 2.7439453125
9.821428571428571 2.7439453125
9.857142857142858 2.7439453125
9.892857142857142 2.7439453125
9.928571428571429 2.7439453125
9.964285714285714 2.7439453125
10.0 2.7439453125
10.035714285714286 2.7439453125
10.071428571428571 2.74028671875
10.107142857142858 2.74028671875
10.142857142857142 2.74028671875
10.178571428571429 2.74028671875
10.214285714285714 2.74028671875
10.25 2.74028671875
10.285714285714286 2.74028671875
10.321428571428571 2.74028671875
10.964285714285714 2.7439453125
11.0 2.7439453125
11.035714285714286 2.7439453125
11.071428571428571 2.7439453125
11.107142857142858 2.7439453125
11.142857142857142 2.7439453125
11.178571428571429 2.7439453125
11.214285714285714 2.7439453125
11.25 2.74028671875
11.285714285714286 2.74028671875
11.321428571428571 2.74028671875
11.357142857142858 2.74028671875
11.392857142857142 2.74028671875
11.428571428571429 2.74028671875
11.464285714285714 2.74028671875
11.5 2.74028671875
11.535714285714286 2.74028671875
11.571428571428571 2.74028671875
11.607142857142858 2.74028671875
11.642857142857142 2.74028671875
11.678571428571429 2.74028671875
11.714285714285714 2.74028671875
11.75 2.74028671875
11.785714285714286 2.74028671875
11.821428571428571 2.74028671875
11.857142857142858 2.74028671875
11.892857142857142 2.74028671875
11.928571428571429 2.74028671875
11.964285714285714 2.74028671875
12.0 2.74028671875
12.607142857142858 2.7439453125
12.642857142857142 2.7439453125
12.678571428571429 2.7439453125
12.714285714285714 2.7439453125
12.75 2.7439453125
12.785714285714286 2.74028671875
12.821428571428571 2.74028671875
12.857142857142858 2.74028671875
12.892857142857142 2.74028671875
12.928571428571429 2.74028671875
12.964285714285714 2.74028671875
13.0 2.74028671875
13.035714285714286 2.74028671875
13.071428571428571 2.74028671875
13.107142857142858 2.74028671875
13.142857142857142 2.74028671875
13.178571428571429 2.74028671875
13.214285714285714 2.74028671875
13.25 2.74028671875
13.285714285714286 2.74028671875
13.321428571428571 2.74028671875
13.357142857142858 2.74028671875
13.392857142857142 2.736628125
13.428571428571429 2.736628125
13.464285714285714 2.74028671875
13.5 2.736628125
13.535714285714286 2.736628125
13.571428571428571 2.736628125
13.607142857142858 2.736628125
13.642857142857142 2.736628125
13.678571428571429 2.736628125
14.321428571428571 2.74028671875
14.357142857142858 2.74028671875
14.392857142857142 2.74028671875
14.428571428571429 2.74028671875
14.464285714285714 2.74028671875
14.5 2.736628125
14.535714285714286 2.736628125
14.571428571428571 2.736628125
14.607142857142858 2.736628125
14.642857142857142 2.736628125
14.678571428571429 2.736628125
14.714285714285714 2.736628125
14.75 2.736628125
14.785714285714286 2.736628125
14.821428571428571 2.736628125
14.857142857142858 2.736628125
14.892857142857142 2.736628125
14.928571428571429 2.736628125
14.964285714285714 2.736628125
15.0 2.736628125
15.035714285714286 2.736628125
15.071428571428571 2.736628125
15.107142857142858 2.736628125
15.142857142857142 2.736628125
15.178571428571429 2.736628125
15.214285714285714 2.736628125
15.25 2.736628125
15.285714285714286 2.736628125
15.321428571428571 2.736628125
15.357142857142858 2.736628125
16.0 2.736628125
16.035714285714285 2.736628125
16.071428571428573 2.736628125
16.107142857142858 2.736628125
16.142857142857142 2.736628125
16.178571428571427 2.736628125
16.214285714285715 2.736628125
16.25 2.736628125
16.285714285714285 2.73296953125
16.321428571428573 2.73296953125
16.357142857142858 2.73296953125
16.392857142857142 2.73296953125
16.428571428571427 2.73296953125
16.464285714285715 2.73296953125
16.5 2.73296953125
16.535714285714285 2.73296953125
16.571428571428573 2.73296953125
16.607142857142858 2.73296953125
16.642857142857142 2.73296953125
16.678571428571427 2.73296953125
16.714285714285715 2.73296953125
16.75 2.73296953125
16.785714285714285 2.73296953125
16.821428571428573 2.73296953125
16.857142857142858 2.73296953125
16.892857142857142 2.73296953125
16.928571428571427 2.73296953125
16.964285714285715 2.73296953125
17.0 2.73296953125
17.642857142857142 2.73296953125
17.678571428571427 2.73296953125
17.714285714285715 2.73296953125
17.75 2.73296953125
17.785714285714285 2.73296953125
17.821428571428573 2.73296953125
17.857142857142858 2.73296953125
17.892857142857142 2.73296953125
17.928571428571427 2.73296953125
17.964285714285715 2.73296953125
18.0 2.7293109375
18.035714285714285 2.73296953125
18.071428571428573 2.7293109375
18.107142857142858 2.7293109375
18.142857142857142 2.7293109375
18.178571428571427 2.7293109375
18.214285714285715 2.7293109375
18.25 2.7293109375
18.285714285714285 2.7293109375
18.321428571428573 2.7293109375
18.357142857142858 2.7293109375
18.392857142857142 2.7293109375
18.428571428571427 2.7293109375
18.464285714285715 2.7293109375
18.5 2.7293109375
18.535714285714285 2.7293109375
18.571428571428573 2.7293109375
18.607142857142858 2.7293109375
18.642857142857142 2.7293109375
18.678571428571427 2.7293109375
19.285714285714285 2.73296953125
19.321428571428573 2.73296953125
19.357142857142858 2.73296953125
19.392857142857142 2.73296953125
19.428571428571427 2.73296953125
19.464285714285715 2.7293109375
19.5 2.7293109375
19.535714285714285 2.7293109375
19.571428571428573 2.7293109375
19.607142857142858 2.7293109375
19.642857142857142 2.7293109375
19.678571428571427 2.7293109375
19.714285714285715 2.7293109375
19.75 2.7293109375
19.785714285714285 2.7293109375
19.821428571428573 2.7293109375
19.857142857142858 2.7293109375
19.892857142857142 2.72565234375
19.928571428571427 2.7293109375
19.964285714285715 2.7293109375
20.0 2.72565234375
20.035714285714285 2.72565234375
20.071428571428573 2.72565234375
20.107142857142858 2.72565234375
20.142857142857142 2.72565234375
20.178571428571427 2.72565234375
20.214285714285715 2.72565234375
20.25 2.72565234375
20.285714285714285 2.72565234375
20.321428571428573 2.72565234375
20.357142857142858 2.72565234375
21.0 2.7293109375
21.035714285714285 2.7293109375
21.071428571428573 2.7293109375
21.107142857142858 2.7293109375
21.142857142857142 2.7293109375
21.178571428571427 2.7293109375
21.214285714285715 2.7293109375
21.25 2.72565234375
21.285714285714285 2.72565234375
21.321428571428573 2.72565234375
21.357142857142858 2.72565234375
21.392857142857142 2.72565234375
21.428571428571427 2.72565234375
21.464285714285715 2.72565234375
21.5 2.72565234375
21.535714285714285 2.72565234375
21.571428571428573 2.72565234375
21.607142857142858 2.72565234375
21.642857142857142 2.72565234375
21.678571428571427 2.72565234375
21.714285714285715 2.72565234375
21.75 2.72565234375
21.785714285714285 2.72565234375
21.821428571428573 2.72565234375
21.857142857142858 2.72565234375
21.892857142857142 2.72565234375
21.928571428571427 2.72565234375
21.964285714285715 2.72565234375
22.0 2.72565234375
22.642857142857142 2.7293109375
22.678571428571427 2.7293109375
22.714285714285715 2.72565234375
22.75 2.72565234375
22.785714285714285 2.72565234375
22.821428571428573 2.72565234375
22.857142857142858 2.72565234375
22.892857142857142 2.72565234375
22.928571428571427 2.72565234375
22.964285714285715 2.72565234375
23.0 2.72565234375
23.035714285714285 2.72565234375
23.071428571428573 2.72565234375
23.107142857142858 2.72199375
23.142857142857142 2.72565234375
23.178571428571427 2.72565234375
23.214285714285715 2.72199375
23.25 2.72199375
23.285714285714285 2.72565234375
23.321428571428573 2.72565234375
23.357142857142858 2.72199375
23.392857142857142 2.72199375
23.428571428571427 2.72199375
23.464285714285715 2.72199375
23.5 2.72199375
23.535714285714285 2.72199375
23.571428571428573 2.72199375
23.607142857142858 2.72199375
23.642857142857142 2.72199375
23.678571428571427 2.72199375
24.285714285714285 2.72565234375
24.321428571428573 2.72565234375
24.357142857142858 2.72565234375
24.392857142857142 2.72565234375
24.428571428571427 2.72565234375
24.464285714285715 2.72565234375
24.5 2.72565234375
24.535714285714285 2.72565234375
24.571428571428573 2.72565234375
24.607142857142858 2.72565234375
24.642857142857142 2.72565234375
24.678571428571427 2.72199375
24.714285714285715 2.72199375
24.75 2.72199375
24.785714285714285 2.72199375
24.821428571428573 2.72199375
24.857142857142858 2.72199375
24.892857142857142 2.72199375
24.928571428571427 2.72199375
24.964285714285715 2.72199375
25.0 2.72199375
25.035714285714285 2.72199375
25.071428571428573 2.72199375
25.107142857142858 2.72199375
25.142857142857142 2.72199375
25.178571428571427 2.72199375
25.214285714285715 2.72199375
25.25 2.72199375
25.285714285714285 2.72199375
25.321428571428573 2.72199375
25.964285714285715 2.72565234375
26.0 2.72565234375
26.035714285714285 2.72565234375
26.071428571428573 2.72565234375
26.107142857142858 2.72565234375
26.142857142857142 2.72565234375
26.178571428571427 2.72199375
26.214285714285715 2.72199375
26.25 2.72199375
26.285714285714285 2.72199375
26.321428571428573 2.72199375
26.357142857142858 2.72199375
26.392857142857142 2.72199375
26.428571428571427 2.72199375
26.464285714285715 2.72199375
26.5 2.71833515625
26.535714285714285 2.71833515625
26.571428571428573 2.71833515625
26.607142857142858 2.71833515625
26.642857142857142 2.71833515625
26.678571428571427 2.71833515625
26.714285714285715 2.71833515625
26.75 2.71833515625
26.785714285714285 2.71833515625
26.821428571428573 2.71833515625
26.857142857142858 2.71833515625
26.892857142857142 2.71833515625
26.928571428571427 2.71833515625
26.964285714285715 2.71833515625
27.0 2.71833515625
27.642857142857142 2.72199375
27.678571428571427 2.72199375
27.714285714285715 2.72199375
27.75 2.72199375
27.785714285714285 2.72199375
27.821428571428573 2.71833515625
27.857142857142858 2.71833515625
27.892857142857142 2.71833515625
27.928571428571427 2.71833515625
27.964285714285715 2.71833515625
28.0 2.71833515625
28.035714285714285 2.71833515625
28.071428571428573 2.71833515625
28.107142857142858 2.71833515625
28.142857142857142 2.71833515625
28.178571428571427 2.71833515625
28.214285714285715 2.71833515625
28.25 2.71833515625
28.285714285714285 2.71833515625
28.321428571428573 2.71833515625
28.357142857142858 2.7146765625000002
28.392857142857142 2.71833515625
28.428571428571427 2.71833515625
28.464285714285715 2.71833515625
28.5 2.71833515625
28.535714285714285 2.71833515625
28.571428571428573 2.7146765625000002
28.607142857142858 2.71833515625
28.642857142857142 2.71833515625
28.678571428571427 2.7146765625000002
29.321428571428573 2.72199375
29.357142857142858 2.71833515625
29.392857142857142 2.71833515625
29.428571428571427 2.71833515625
29.464285714285715 2.71833515625
29.5 2.71833515625
29.535714285714285 2.71833515625
29.571428571428573 2.71833515625
29.607142857142858 2.7146765625000002
29.642857142857142 2.71833515625
29.678571428571427 2.71833515625
29.714285714285715 2.71833515625
29.75 2.7146765625000002
29.785714285714285 2.7146765625000002
29.821428571428573 2.7146765625000002
29.857142857142858 2.7146765625000002
29.892857142857142 2.7146765625000002
29.928571428571427 2.7146765625000002
29.964285714285715 2.7146765625000002
30.0 2.7146765625000002
30.035714285714285 2.7146765625000002
30.071428571428573 2.7146765625000002
30.107142857142858 2.7146765625000002
30.142857142857142 2.7146765625000002
30.178571428571427 2.7146765625000002
30.214285714285715 2.7146765625000002
30.25 2.7146765625000002
30.285714285714285 2.7146765625000002
30.321428571428573 2.7146765625000002
30.964285714285715 2.72199375
31.0 2.71833515625
31.035714285714285 2.71833515625
31.071428571428573 2.71833515625
31.107142857142858 2.71833515625
31.142857142857142 2.71833515625
31.178571428571427 2.71833515625
31.214285714285715 2.71833515625
31.25 2.71833515625
31.285714285714285 2.71833515625
31.321428571428573 2.71833515625
31.357142857142858 2.71833515625
31.392857142857142 2.71833515625
31.428571428571427 2.71833515625
31.464285714285715 2.71833515625
31.5 2.7146765625000002
31.535714285714285 2.7146765625000002
31.571428571428573 2.7146765625000002
31.607142857142858 2.7146765625000002
31.642857142857142 2.7146765625000002
31.678571428571427 2.7146765625000002
31.714285714285715 2.7146765625000002
31.75 2.7146765625000002
31.785714285714285 2.7146765625000002
31.821428571428573 2.7146765625000002
31.857142857142858 2.7146765625000002
31.892857142857142 2.7146765625000002
31.928571428571427 2.7146765625000002
31.964285714285715 2.7146765625000002
32.0 2.7146765625000002
32.607142857142854 2.72199375
32.642857142857146 2.71833515625
32.67857142857143 2.71833515625
32.714285714285715 2.7146765625000002
32.75 2.71833515625
32.785714285714285 2.71833515625
32.82142857142857 2.7146765625000002
32.857142857142854 2.71833515625
32.892857142857146 2.71833515625
32.92857142857143 2.7146765625000002
32.964285714285715 2.7146765625000002
33.0 2.7146765625000002
33.035714285714285 2.7146765625000002
33.07142857142857 2.7146765625000002
33.107142857142854 2.7146765625000002
33.142857142857146 2.7146765625000002
33.17857142857143 2.7146765625000002
33.214285714285715 2.7146765625000002
33.25 2.7146765625000002
33.285714285714285 2.7146765625000002
33.32142857142857 2.7146765625000002
33.357142857142854 2.7146765625000002
33.392857142857146 2.7146765625000002
33.42857142857143 2.7146765625000002
33.464285714285715 2.7146765625000002
33.5 2.7146765625000002
33.535714285714285 2.7146765625000002
33.57142857142857 2.7146765625000002
33.607142857142854 2.7146765625000002
33.642857142857146 2.7110179687500002
33.67857142857143 2.7146765625000002
34.285714285714285 2.71833515625
34.32142857142857 2.71833515625
34.357142857142854 2.71833515625
34.392857142857146 2.7146765625000002
34.42857142857143 2.7146765625000002
34.464285714285715 2.7146765625000002
34.5 2.7146765625000002
34.535714285714285 2.7146765625000002
34.57142857142857 2.7146765625000002
34.607142857142854 2.7146765625000002
34.642857142857146 2.7146765625000002
34.67857142857143 2.7146765625000002
34.714285714285715 2.7146765625000002
34.75 2.7146765625000002
34.785714285714285 2.7146765625000002
34.82142857142857 2.7146765625000002
34.857142857142854 2.7146765625000002
34.892857142857146 2.7146765625000002
34.92857142857143 2.7146765625000002
34.964285714285715 2.7146765625000002
35.0 2.7146765625000002
35.035714285714285 2.7146765625000002
35.07142857142857 2.7110179687500002
35.107142857142854 2.7146765625000002
35.142857142857146 2.7146765625000002
35.17857142857143 2.7146765625000002
35.214285714285715 2.7110179687500002
35.25 2.7110179687500002
35.285714285714285 2.7110179687500002
35.32142857142857 2.7110179687500002
35.964285714285715 2.71833515625
36.0 2.71833515625
36.035714285714285 2.7146765625000002
36.07142857142857 2.7146765625000002
36.107142857142854 2.7146765625000002
36.142857142857146 2.7146765625000002
36.17857142857143 2.7146765625000002
36.214285714285715 2.7146765625000002
36.25 2.7146765625000002
36.285714285714285 2.7146765625000002
36.32142857142857 2.7146765625000002
36.357142857142854 2.7110179687500002
36.392857142857146 2.7146765625000002
36.42857142857143 2.7110179687500002
36.464285714285715 2.7146765625000002
36.5 2.7146765625000002
36.535714285714285 2.7110179687500002
36.57142857142857 2.7110179687500002
36.607142857142854 2.7110179687500002
36.642857142857146 2.7110179687500002
36.67857142857143 2.7110179687500002
36.714285714285715 2.7110179687500002
36.75 2.7110179687500002
36.785714285714285 2.7110179687500002
36.82142857142857 2.7110179687500002
36.857142857142854 2.7110179687500002
36.892857142857146 2.7110179687500002
36.92857142857143 2.7110179687500002
36.964285714285715 2.7110179687500002
37.0 2.7110179687500002
37.607142857142854 2.7146765625000002
37.642857142857146 2.7146765625000002
37.67857142857143 2.7146765625000002
37.714285714285715 2.7146765625000002
37.75 2.7146765625000002
37.785714285714285 2.7146765625000002
37.82142857142857 2.7110179687500002
37.857142857142854 2.7110179687500002
37.892857142857146 2.7110179687500002
37.92857142857143 2.7110179687500002
37.964285714285715 2.7110179687500002
38.0 2.7110179687500002
38.035714285714285 2.7110179687500002
38.07142857142857 2.7110179687500002
38.107142857142854 2.7110179687500002
38.142857142857146 2.7110179687500002
38.17857142857143 2.7110179687500002
38.214285714285715 2.7110179687500002
38.25 2.7110179687500002
38.285714285714285 2.7110179687500002
38.32142857142857 2.7110179687500002
38.357142857142854 2.7110179687500002
38.392857142857146 2.7110179687500002
38.42857142857143 2.7110179687500002
38.464285714285715 2.7110179687500002
38.5 2.7073593750000002
38.535714285714285 2.7073593750000002
38.57142857142857 2.7110179687500002
38.607142857142854 2.7110179687500002
38.642857142857146 2.7073593750000002
38.67857142857143 2.7073593750000002
39.32142857142857 2.7146765625000002
39.357142857142854 2.7110179687500002
39.392857142857146 2.7110179687500002
39.42857142857143 2.7110179687500002
39.464285714285715 2.7110179687500002
39.5 2.7110179687500002
39.535714285714285 2.7110179687500002
39.57142857142857 2.7073593750000002
39.607142857142854 2.7073593750000002
39.642857142857146 2.7073593750000002
39.67857142857143 2.7073593750000002
39.714285714285715 2.7073593750000002
39.75 2.7073593750000002
39.785714285714285 2.7073593750000002
39.82142857142857 2.7073593750000002
39.857142857142854 2.7073593750000002
39.892857142857146 2.7073593750000002
39.92857142857143 2.7073593750000002
