0.03571428571428571 1.99393359375
0.07142857142857142 1.99393359375
0.10714285714285714 1.99393359375
0.14285714285714285 1.99393359375
0.17857142857142858 1.990275
0.21428571428571427 1.99393359375
0.25 1.99393359375
0.2857142857142857 1.99393359375
0.32142857142857145 1.99393359375
0.35714285714285715 1.990275
0.39285714285714285 1.990275
0.42857142857142855 1.99393359375
0.4642857142857143 1.99393359375
0.5 1.99393359375
0.5357142857142857 1.99393359375
0.5714285714285714 1.99393359375
0.6071428571428571 1.990275
0.6428571428571429 1.99393359375
0.6785714285714286 1.99393359375
0.7142857142857143 1.99393359375
0.75 1.99393359375
0.7857142857142857 1.99393359375
0.8214285714285714 1.990275
0.8571428571428571 1.990275
0.8928571428571429 1.99393359375
0.9285714285714286 1.99393359375
0.9642857142857143 1.99393359375
1.0 1.99393359375
1.0357142857142858 1.990275
1.0714285714285714 1.990275
1.1071428571428572 1.99393359375
1.1428571428571428 1.99393359375
1.1785714285714286 1.99393359375
1.2142857142857142 1.99393359375
1.25 1.990275
1.2857142857142858 1.990275
1.3214285714285714 1.990275
1.3571428571428572 1.990275
1.3928571428571428 1.99393359375
1.4285714285714286 1.99393359375
1.4642857142857142 1.990275
1.5 1.990275
1.5357142857142858 1.990275
1.5714285714285714 1.990275
1.6071428571428572 1.99393359375
1.6428571428571428 1.99393359375
1.6785714285714286 1.99393359375
1.7142857142857142 1.99393359375
1.75 1.990275
1.7857142857142858 1.990275
1.8214285714285714 1.99393359375
1.8571428571428572 1.99393359375
1.8928571428571428 1.99393359375
1.9285714285714286 1.99393359375
1.9642857142857142 1.99393359375
2.0 1.99393359375
2.0357142857142856 1.99393359375
2.0714285714285716 1.99393359375
2.107142857142857 1.9975921875
2.142857142857143 1.99393359375
2.1785714285714284 1.99393359375
2.2142857142857144 1.99393359375
2.25 1.99393359375
2.2857142857142856 1.99393359375
2.3214285714285716 1.9975921875
2.357142857142857 1.9975921875
2.392857142857143 1.9975921875
2.4285714285714284 1.9975921875
2.4642857142857144 1.99393359375
2.5 1.9975921875
2.5357142857142856 1.9975921875
2.5714285714285716 1.9975921875
2.607142857142857 1.9975921875
2.642857142857143 1.9975921875
2.6785714285714284 1.9975921875
2.7142857142857144 1.9975921875
2.75 1.9975921875
2.7857142857142856 1.9975921875
2.8214285714285716 1.9975921875
2.857142857142857 1.9975921875
2.892857142857143 1.9975921875
2.9285714285714284 1.9975921875
2.9642857142857144 1.9975921875
3.0 2.00125078125
3.0357142857142856 2.00125078125
3.0714285714285716 2.00125078125
3.107142857142857 1.9975921875
3.142857142857143 1.9975921875
3.1785714285714284 1.9975921875
3.2142857142857144 1.9975921875
3.25 2.00125078125
3.2857142857142856 2.00125078125
3.3214285714285716 2.00125078125
3.357142857142857 2.00125078125
3.392857142857143 2.00125078125
3.4285714285714284 2.00125078125
3.4642857142857144 2.00125078125
3.5 2.00125078125
3.5357142857142856 2.00125078125
3.5714285714285716 2.00125078125
3.607142857142857 2.00125078125
3.642857142857143 2.00125078125
3.6785714285714284 2.00125078125
3.7142857142857144 2.004909375
3.75 2.00125078125
3.7857142857142856 2.00125078125
3.8214285714285716 2.00125078125
3.857142857142857 2.00125078125
3.892857142857143 2.00125078125
3.9285714285714284 2.00125078125
3.9642857142857144 2.004909375
4.0 2.004909375
4.035714285714286 2.00125078125
4.071428571428571 2.00125078125
4.107142857142857 2.00125078125
4.142857142857143 2.004909375
4.178571428571429 2.004909375
4.214285714285714 2.004909375
4.25 2.00125078125
4.285714285714286 2.00125078125
4.321428571428571 2.00125078125
4.357142857142857 2.004909375
4.392857142857143 2.004909375
4.428571428571429 2.004909375
4.464285714285714 2.004909375
4.5 2.004909375
4.535714285714286 2.00125078125
4.571428571428571 2.00125078125
4.607142857142857 2.004909375
4.642857142857143 2.004909375
4.678571428571429 2.004909375
4.714285714285714 2.004909375
4.75 2.004909375
4.785714285714286 2.00125078125
4.821428571428571 2.00125078125
4.857142857142857 2.004909375
4.892857142857143 2.004909375
4.928571428571429 2.004909375
4.964285714285714 2.004909375
5.0 2.004909375
5.035714285714286 2.004909375
5.071428571428571 2.004909375
5.107142857142857 2.004909375
5.142857142857143 2.004909375
5.178571428571429 2.004909375
5.214285714285714 2.004909375
5.25 2.004909375
5.285714285714286 2.004909375
5.321428571428571 2.00856796875
5.357142857142857 2.004909375
5.392857142857143 2.004909375
5.428571428571429 2.004909375
5.464285714285714 2.004909375
5.5 2.004909375
5.535714285714286 2.004909375
5.571428571428571 2.004909375
5.607142857142857 2.004909375
5.642857142857143 2.004909375
5.678571428571429 2.004909375
5.714285714285714 2.004909375
5.75 2.004909375
5.785714285714286 2.00856796875
5.821428571428571 2.00856796875
5.857142857142857 2.004909375
5.892857142857143 2.004909375
5.928571428571429 2.004909375
5.964285714285714 2.004909375
6.0 2.004909375
6.035714285714286 2.00856796875
6.071428571428571 2.00856796875
6.107142857142857 2.00856796875
6.142857142857143 2.004909375
6.178571428571429 2.004909375
6.214285714285714 2.004909375
6.25 2.00856796875
6.285714285714286 2.00856796875
6.321428571428571 2.00856796875
6.357142857142857 2.00856796875
6.392857142857143 2.00856796875
6.428571428571429 2.00856796875
6.464285714285714 2.00856796875
6.5 2.00856796875
6.535714285714286 2.00856796875
6.571428571428571 2.00856796875
6.607142857142857 2.00856796875
6.642857142857143 2.00856796875
6.678571428571429 2.00856796875
6.714285714285714 2.00856796875
6.75 2.00856796875
6.785714285714286 2.00856796875
6.821428571428571 2.00856796875
6.857142857142857 2.00856796875
6.892857142857143 2.00856796875
6.928571428571429 2.00856796875
6.964285714285714 2.0122265625
7.0 2.0122265625
7.035714285714286 2.00856796875
7.071428571428571 2.00856796875
7.107142857142857 2.00856796875
7.142857142857143 2.00856796875
7.178571428571429 2.00856796875
7.214285714285714 2.0122265625
7.25 2.0122265625
7.285714285714286 2.0122265625
7.321428571428571 2.00856796875
7.357142857142857 2.00856796875
7.392857142857143 2.0122265625
7.428571428571429 2.0122265625
7.464285714285714 2.0122265625
7.5 2.0122265625
7.535714285714286 2.0122265625
7.571428571428571 2.0122265625
7.607142857142857 2.0122265625
7.642857142857143 2.01588515625
7.678571428571429 2.01588515625
7.714285714285714 2.0122265625
7.75 2.0122265625
7.785714285714286 2.0122265625
7.821428571428571 2.0122265625
7.857142857142857 2.0122265625
7.892857142857143 2.0122265625
7.928571428571429 2.0122265625
7.964285714285714 2.0122265625
8.0 2.0122265625
8.035714285714286 2.0122265625
8.071428571428571 2.0122265625
8.107142857142858 2.01588515625
8.142857142857142 2.0122265625
8.178571428571429 2.0122265625
8.214285714285714 2.0122265625
8.25 2.0122265625
8.285714285714286 2.0122265625
8.321428571428571 2.0122265625
8.357142857142858 2.01588515625
8.392857142857142 2.0122265625
8.428571428571429 2.0122265625
8.464285714285714 2.0122265625
8.5 2.0122265625
8.535714285714286 2.0122265625
8.571428571428571 2.0122265625
8.607142857142858 2.01588515625
8.642857142857142 2.0122265625
8.678571428571429 2.0122265625
8.714285714285714 2.0122265625
8.75 2.0122265625
8.785714285714286 2.0122265625
8.821428571428571 2.01588515625
8.857142857142858 2.01588515625
8.892857142857142 2.01588515625
8.928571428571429 2.01588515625
8.964285714285714 2.0122265625
9.0 2.01588515625
9.035714285714286 2.01588515625
9.071428571428571 2.01588515625
9.107142857142858 2.01588515625
9.142857142857142 2.01588515625
9.178571428571429 2.01588515625
9.214285714285714 2.01588515625
9.25 2.01588515625
9.285714285714286 2.01588515625
9.321428571428571 2.01588515625
9.357142857142858 2.01588515625
9.392857142857142 2.01588515625
9.428571428571429 2.01588515625
9.464285714285714 2.01588515625
9.5 2.01954375
9.535714285714286 2.01588515625
9.571428571428571 2.01588515625
9.607142857142858 2.01588515625
9.642857142857142 2.01588515625
9.678571428571429 2.01588515625
9.714285714285714 2.01588515625
9.75 2.01954375
9.785714285714286 2.01954375
9.821428571428571 2.01588515625
9.857142857142858 2.01588515625
9.892857142857142 2.01588515625
9.928571428571429 2.01588515625
9.964285714285714 2.01588515625
10.0 2.01588515625
10.035714285714286 2.01588515625
10.071428571428571 2.01588515625
10.107142857142858 2.01588515625
10.142857142857142 2.01588515625
10.178571428571429 2.01588515625
10.214285714285714 2.01954375
10.25 2.01588515625
10.285714285714286 2.01588515625
10.321428571428571 2.01588515625
10.357142857142858 2.01588515625
10.392857142857142 2.01588515625
10.428571428571429 2.01954375
10.464285714285714 2.01954375
10.5 2.01588515625
10.535714285714286 2.01588515625
10.571428571428571 2.01588515625
10.607142857142858 2.01588515625
10.642857142857142 2.01588515625
10.678571428571429 2.01954375
10.714285714285714 2.01588515625
10.75 2.01588515625
10.785714285714286 2.01588515625
10.821428571428571 2.01588515625
10.857142857142858 2.01588515625
10.892857142857142 2.01954375
10.928571428571429 2.01954375
10.964285714285714 2.01954375
11.0 2.01588515625
11.035714285714286 2.01588515625
11.071428571428571 2.01588515625
11.107142857142858 2.01588515625
11.142857142857142 2.01954375
11.178571428571429 2.01954375
11.214285714285714 2.01954375
11.25 2.01588515625
11.285714285714286 2.01588515625
11.321428571428571 2.01588515625
11.357142857142858 2.01954375
11.392857142857142 2.01954375
11.428571428571429 2.01954375
11.464285714285714 2.01954375
11.5 2.01954375
11.535714285714286 2.01954375
11.571428571428571 2.01588515625
11.607142857142858 2.01954375
11.642857142857142 2.01954375
11.678571428571429 2.01954375
11.714285714285714 2.01954375
11.75 2.01954375
11.785714285714286 2.01954375
11.821428571428571 2.01954375
11.857142857142858 2.02320234375
11.892857142857142 2.01954375
11.928571428571429 2.01954375
11.964285714285714 2.01954375
12.0 2.01954375
12.035714285714286 2.01954375
12.071428571428571 2.02320234375
12.107142857142858 2.02320234375
12.142857142857142 2.02320234375
12.178571428571429 2.02320234375
12.214285714285714 2.01954375
12.25 2.01954375
12.285714285714286 2.02320234375
12.321428571428571 2.02320234375
12.357142857142858 2.02320234375
12.392857142857142 2.02320234375
12.428571428571429 2.02320234375
12.464285714285714 2.02320234375
12.5 2.02320234375
12.535714285714286 2.02320234375
12.571428571428571 2.02320234375
12.607142857142858 2.02320234375
12.642857142857142 2.02320234375
12.678571428571429 2.02320234375
12.714285714285714 2.02320234375
12.75 2.0268609375
12.785714285714286 2.0268609375
12.821428571428571 2.02320234375
12.857142857142858 2.02320234375
12.892857142857142 2.02320234375
12.928571428571429 2.02320234375
12.964285714285714 2.02320234375
13.0 2.0268609375
13.035714285714286 2.0268609375
13.071428571428571 2.02320234375
13.107142857142858 2.02320234375
13.142857142857142 2.02320234375
13.178571428571429 2.02320234375
13.214285714285714 2.02320234375
13.25 2.0268609375
13.285714285714286 2.0268609375
13.321428571428571 2.02320234375
13.357142857142858 2.02320234375
13.392857142857142 2.02320234375
13.428571428571429 2.02320234375
13.464285714285714 2.0268609375
13.5 2.0268609375
13.535714285714286 2.0268609375
13.571428571428571 2.0268609375
13.607142857142858 2.0268609375
13.642857142857142 2.02320234375
13.678571428571429 2.0268609375
13.714285714285714 2.0268609375
13.75 2.0268609375
13.785714285714286 2.0268609375
13.821428571428571 2.0268609375
13.857142857142858 2.0268609375
13.892857142857142 2.0268609375
13.928571428571429 2.03051953125
13.964285714285714 2.03051953125
14.0 2.03051953125
14.035714285714286 2.0268609375
14.071428571428571 2.0268609375
14.107142857142858 2.0268609375
14.142857142857142 2.03051953125
14.178571428571429 2.03051953125
14.214285714285714 2.0268609375
14.25 2.0268609375
14.285714285714286 2.0268609375
14.321428571428571 2.0268609375
14.357142857142858 2.0268609375
14.392857142857142 2.03051953125
14.428571428571429 2.03051953125
14.464285714285714 2.03051953125
14.5 2.0268609375
14.535714285714286 2.03051953125
14.571428571428571 2.03051953125
14.607142857142858 2.03051953125
14.642857142857142 2.03051953125
14.678571428571429 2.03051953125
14.714285714285714 2.03051953125
14.75 2.03051953125
14.785714285714286 2.03051953125
14.821428571428571 2.03051953125
14.857142857142858 2.03051953125
14.892857142857142 2.034178125
14.928571428571429 2.03051953125
14.964285714285714 2.03051953125
15.0 2.03051953125
15.035714285714286 2.03051953125
15.071428571428571 2.03051953125
15.107142857142858 2.034178125
15.142857142857142 2.03051953125
15.178571428571429 2.03051953125
15.214285714285714 2.03051953125
15.25 2.03051953125
15.285714285714286 2.03051953125
15.321428571428571 2.03051953125
15.357142857142858 2.034178125
15.392857142857142 2.03051953125
15.428571428571429 2.03051953125
15.464285714285714 2.03051953125
15.5 2.03051953125
15.535714285714286 2.03051953125
15.571428571428571 2.034178125
15.607142857142858 2.03051953125
15.642857142857142 2.03051953125
15.678571428571429 2.03051953125
15.714285714285714 2.03051953125
15.75 2.03051953125
15.785714285714286 2.03051953125
15.821428571428571 2.034178125
15.857142857142858 2.034178125
15.892857142857142 2.03051953125
15.928571428571429 2.03051953125
15.964285714285714 2.03051953125
16.0 2.034178125
16.035714285714285 2.034178125
16.071428571428573 2.03051953125
16.107142857142858 2.03051953125
16.142857142857142 2.03051953125
16.178571428571427 2.03051953125
16.214285714285715 2.03051953125
16.25 2.034178125
16.285714285714285 2.034178125
16.321428571428573 2.034178125
16.357142857142858 2.03051953125
16.392857142857142 2.03051953125
16.428571428571427 2.03051953125
16.464285714285715 2.034178125
16.5 2.034178125
16.535714285714285 2.03051953125
16.571428571428573 2.03051953125
16.607142857142858 2.03051953125
16.642857142857142 2.03051953125
16.678571428571427 2.03051953125
16.714285714285715 2.034178125
16.75 2.034178125
16.785714285714285 2.034178125
16.821428571428573 2.034178125
16.857142857142858 2.03051953125
16.892857142857142 2.03051953125
16.928571428571427 2.034178125
16.964285714285715 2.03783671875
17.0 2.034178125
17.035714285714285 2.034178125
17.071428571428573 2.034178125
17.107142857142858 2.034178125
17.142857142857142 2.034178125
17.178571428571427 2.034178125
17.214285714285715 2.03783671875
17.25 2.034178125
17.285714285714285 2.034178125
17.321428571428573 2.034178125
17.357142857142858 2.034178125
17.392857142857142 2.03783671875
17.428571428571427 2.03783671875
17.464285714285715 2.03783671875
17.5 2.034178125
17.535714285714285 2.034178125
17.571428571428573 2.034178125
17.607142857142858 2.034178125
17.642857142857142 2.03783671875
17.678571428571427 2.0414953125
17.714285714285715 2.03783671875
17.75 2.03783671875
17.785714285714285 2.03783671875
17.821428571428573 2.03783671875
17.857142857142858 2.03783671875
17.892857142857142 2.0414953125
17.928571428571427 2.0414953125
17.964285714285715 2.0414953125
18.0 2.03783671875
18.035714285714285 2.03783671875
18.071428571428573 2.03783671875
18.107142857142858 2.0414953125
18.142857142857142 2.0414953125
18.178571428571427 2.0414953125
18.214285714285715 2.0414953125
18.25 2.03783671875
18.285714285714285 2.03783671875
18.321428571428573 2.03783671875
18.357142857142858 2.04515390625
18.392857142857142 2.0414953125
18.428571428571427 2.0414953125
18.464285714285715 2.0414953125
18.5 2.0414953125
18.535714285714285 2.03783671875
18.571428571428573 2.0414953125
18.607142857142858 2.04515390625
18.642857142857142 2.04515390625
18.678571428571427 2.0414953125
18.714285714285715 2.0414953125
18.75 2.0414953125
18.785714285714285 2.0414953125
18.821428571428573 2.04515390625
18.857142857142858 2.04515390625
18.892857142857142 2.04515390625
18.928571428571427 2.0414953125
18.964285714285715 2.0414953125
19.0 2.0414953125
19.035714285714285 2.0414953125
19.071428571428573 2.04515390625
19.107142857142858 2.04515390625
19.142857142857142 2.04515390625
19.178571428571427 2.0414953125
19.214285714285715 2.0414953125
19.25 2.04515390625
19.285714285714285 2.04515390625
19.321428571428573 2.04515390625
19.357142857142858 2.0414953125
19.392857142857142 2.0414953125
19.428571428571427 2.0414953125
19.464285714285715 2.0414953125
19.5 2.0414953125
19.535714285714285 2.04515390625
19.571428571428573 2.04515390625
19.607142857142858 2.0414953125
19.642857142857142 2.0414953125
19.678571428571427 2.0414953125
19.714285714285715 2.0414953125
19.75 2.04515390625
19.785714285714285 2.04515390625
19.821428571428573 2.04515390625
19.857142857142858 2.04515390625
19.892857142857142 2.0414953125
19.928571428571427 2.04515390625
19.964285714285715 2.04515390625
20.0 2.04515390625
20.035714285714285 2.04515390625
20.071428571428573 2.04515390625
20.107142857142858 2.04515390625
20.142857142857142 2.0414953125
20.178571428571427 2.04515390625
20.214285714285715 2.0488125
20.25 2.04515390625
20.285714285714285 2.04515390625
20.321428571428573 2.04515390625
20.357142857142858 2.04515390625
20.392857142857142 2.04515390625
20.428571428571427 2.04515390625
20.464285714285715 2.0488125
20.5 2.0488125
20.535714285714285 2.0488125
20.571428571428573 2.0488125
20.607142857142858 2.04515390625
20.642857142857142 2.0488125
20.678571428571427 2.0488125
20.714285714285715 2.0488125
20.75 2.0488125
20.785714285714285 2.0488125
20.821428571428573 2.0488125
20.857142857142858 2.0488125
20.892857142857142 2.0488125
20.928571428571427 2.05247109375
20.964285714285715 2.05247109375
21.0 2.0488125
21.035714285714285 2.0488125
21.071428571428573 2.0488125
21.107142857142858 2.0488125
21.142857142857142 2.05247109375
21.178571428571427 2.05247109375
21.214285714285715 2.05247109375
21.25 2.05247109375
21.285714285714285 2.05247109375
21.321428571428573 2.0488125
21.357142857142858 2.05247109375
21.392857142857142 2.0561296875
21.428571428571427 2.05247109375
21.464285714285715 2.05247109375
21.5 2.05247109375
21.535714285714285 2.05247109375
21.571428571428573 2.05247109375
21.607142857142858 2.0561296875
21.642857142857142 2.0561296875
21.678571428571427 2.05247109375
21.714285714285715 2.05247109375
21.75 2.05247109375
21.785714285714285 2.05247109375
21.821428571428573 2.05247109375
21.857142857142858 2.05978828125
21.892857142857142 2.0561296875
21.928571428571427 2.0561296875
21.964285714285715 2.0561296875
22.0 2.0561296875
22.035714285714285 2.0561296875
22.071428571428573 2.05978828125
22.107142857142858 2.05978828125
22.142857142857142 2.0561296875
22.178571428571427 2.0561296875
22.214285714285715 2.0561296875
22.25 2.0561296875
22.285714285714285 2.0561296875
22.321428571428573 2.05978828125
22.357142857142858 2.05978828125
22.392857142857142 2.05978828125
22.428571428571427 2.05978828125
22.464285714285715 2.0561296875
22.5 2.05978828125
22.535714285714285 2.05978828125
22.571428571428573 2.05978828125
22.607142857142858 2.05978828125
22.642857142857142 2.05978828125
22.678571428571427 2.05978828125
22.714285714285715 2.0561296875
22.75 2.063446875
22.785714285714285 2.063446875
22.821428571428573 2.063446875
22.857142857142858 2.05978828125
22.892857142857142 2.05978828125
22.928571428571427 2.05978828125
22.964285714285715 2.05978828125
23.0 2.063446875
23.035714285714285 2.05978828125
23.071428571428573 2.05978828125
23.107142857142858 2.05978828125
23.142857142857142 2.05978828125
23.178571428571427 2.05978828125
23.214285714285715 2.063446875
23.25 2.063446875
23.285714285714285 2.063446875
23.321428571428573 2.063446875
23.357142857142858 2.063446875
23.392857142857142 2.063446875
23.428571428571427 2.063446875
23.464285714285715 2.06710546875
23.5 2.06710546875
23.535714285714285 2.06710546875
23.571428571428573 2.063446875
23.607142857142858 2.063446875
23.642857142857142 2.063446875
23.678571428571427 2.063446875
23.714285714285715 2.06710546875
23.75 2.06710546875
23.785714285714285 2.06710546875
23.821428571428573 2.063446875
23.857142857142858 2.063446875
23.892857142857142 2.06710546875
23.928571428571427 2.0707640625
23.964285714285715 2.06710546875
24.0 2.06710546875
24.035714285714285 2.06710546875
24.071428571428573 2.06710546875
24.107142857142858 2.06710546875
24.142857142857142 2.06710546875
24.178571428571427 2.0707640625
24.214285714285715 2.0707640625
24.25 2.06710546875
24.285714285714285 2.06710546875
24.321428571428573 2.06710546875
24.357142857142858 2.06710546875
24.392857142857142 2.0707640625
24.428571428571427 2.0707640625
24.464285714285715 2.0707640625
24.5 2.0707640625
24.535714285714285 2.0707640625
24.571428571428573 2.06710546875
24.607142857142858 2.07442265625
24.642857142857142 2.07442265625
24.678571428571427 2.07442265625
24.714285714285715 2.0707640625
24.75 2.0707640625
24.785714285714285 2.0707640625
24.821428571428573 2.0707640625
24.857142857142858 2.07442265625
24.892857142857142 2.0707640625
24.928571428571427 2.0707640625
24.964285714285715 2.0707640625
25.0 2.0707640625
25.035714285714285 2.0707640625
25.071428571428573 2.0707640625
25.107142857142858 2.07442265625
25.142857142857142 2.07442265625
25.178571428571427 2.07442265625
25.214285714285715 2.07442265625
25.25 2.07442265625
25.285714285714285 2.07442265625
25.321428571428573 2.07808125
25.357142857142858 2.07442265625
25.392857142857142 2.07442265625
25.428571428571427 2.07442265625
25.464285714285715 2.07442265625
25.5 2.07442265625
25.535714285714285 2.07442265625
25.571428571428573 2.07808125
25.607142857142858 2.07808125
25.642857142857142 2.07808125
25.678571428571427 2.07808125
25.714285714285715 2.07442265625
25.75 2.07442265625
25.785714285714285 2.07808125
25.821428571428573 2.07808125
25.857142857142858 2.07808125
25.892857142857142 2.07808125
25.928571428571427 2.07808125
25.964285714285715 2.07808125
26.0 2.07808125
26.035714285714285 2.08173984375
26.071428571428573 2.07808125
26.107142857142858 2.07808125
26.142857142857142 2.07808125
26.178571428571427 2.07808125
26.214285714285715 2.07808125
26.25 2.08173984375
26.285714285714285 2.08173984375
26.321428571428573 2.08173984375
26.357142857142858 2.08173984375
26.392857142857142 2.07808125
26.428571428571427 2.07808125
26.464285714285715 2.07808125
26.5 2.08173984375
26.535714285714285 2.08173984375
26.571428571428573 2.08173984375
26.607142857142858 2.07808125
26.642857142857142 2.07808125
26.678571428571427 2.07808125
26.714285714285715 2.08173984375
26.75 2.08173984375
26.785714285714285 2.08173984375
26.821428571428573 2.08173984375
26.857142857142858 2.08173984375
26.892857142857142 2.08173984375
26.928571428571427 2.08173984375
26.964285714285715 2.0853984375
27.0 2.0853984375
27.035714285714285 2.0853984375
27.071428571428573 2.08173984375
27.107142857142858 2.08173984375
27.142857142857142 2.08173984375
27.178571428571427 2.0853984375
27.214285714285715 2.0853984375
27.25 2.08173984375
27.285714285714285 2.08173984375
27.321428571428573 2.08173984375
27.357142857142858 2.08173984375
27.392857142857142 2.0853984375
27.428571428571427 2.0853984375
27.464285714285715 2.0853984375
27.5 2.0853984375
27.535714285714285 2.0853984375
27.571428571428573 2.0853984375
27.607142857142858 2.0853984375
27.642857142857142 2.08905703125
27.678571428571427 2.08905703125
27.714285714285715 2.0853984375
27.75 2.0853984375
27.785714285714285 2.0853984375
27.821428571428573 2.0853984375
27.857142857142858 2.08905703125
27.892857142857142 2.08905703125
27.928571428571427 2.0853984375
27.964285714285715 2.0853984375
28.0 2.0853984375
28.035714285714285 2.0853984375
28.071428571428573 2.0853984375
28.107142857142858 2.08905703125
28.142857142857142 2.0853984375
28.178571428571427 2.0853984375
28.214285714285715 2.0853984375
28.25 2.0853984375
28.285714285714285 2.0853984375
28.321428571428573 2.0853984375
28.357142857142858 2.08905703125
28.392857142857142 2.0853984375
28.428571428571427 2.0853984375
28.464285714285715 2.0853984375
28.5 2.0853984375
28.535714285714285 2.08173984375
28.571428571428573 2.08905703125
28.607142857142858 2.08905703125
28.642857142857142 2.0853984375
28.678571428571427 2.0853984375
28.714285714285715 2.0853984375
28.75 2.0853984375
28.785714285714285 2.0853984375
28.821428571428573 2.08905703125
28.857142857142858 2.08905703125
28.892857142857142 2.0853984375
28.928571428571427 2.0853984375
28.964285714285715 2.0853984375
29.0 2.0853984375
29.035714285714285 2.08905703125
29.071428571428573 2.08905703125
29.107142857142858 2.08905703125
29.142857142857142 2.08905703125
29.178571428571427 2.08905703125
29.214285714285715 2.0853984375
29.25 2.0853984375
29.285714285714285 2.08905703125
29.321428571428573 2.08905703125
29.357142857142858 2.08905703125
29.392857142857142 2.08905703125
29.428571428571427 2.0853984375
29.464285714285715 2.0853984375
29.5 2.08905703125
29.535714285714285 2.08905703125
29.571428571428573 2.08905703125
29.607142857142858 2.0853984375
29.642857142857142 2.0853984375
29.678571428571427 2.0853984375
29.714285714285715 2.0853984375
29.75 2.08905703125
29.785714285714285 2.08905703125
29.821428571428573 2.08905703125
29.857142857142858 2.0853984375
29.892857142857142 2.0853984375
29.928571428571427 2.0853984375
29.964285714285715 2.08905703125
30.0 2.092715625
30.035714285714285 2.08905703125
30.071428571428573 2.08905703125
30.107142857142858 2.08905703125
30.142857142857142 2.0853984375
30.178571428571427 2.0853984375
30.214285714285715 2.08905703125
30.25 2.08905703125
30.285714285714285 2.08905703125
30.321428571428573 2.08905703125
30.357142857142858 2.08905703125
30.392857142857142 2.08905703125
30.428571428571427 2.092715625
30.464285714285715 2.092715625
30.5 2.08905703125
30.535714285714285 2.08905703125
30.571428571428573 2.08905703125
30.607142857142858 2.0853984375
30.642857142857142 2.08905703125
30.678571428571427 2.08905703125
30.714285714285715 2.092715625
30.75 2.08905703125
30.785714285714285 2.08905703125
30.821428571428573 2.0853984375
30.857142857142858 2.08905703125
30.892857142857142 2.092715625
30.928571428571427 2.092715625
30.964285714285715 2.08905703125
31.0 2.08905703125
31.035714285714285 2.08905703125
31.071428571428573 2.08905703125
31.107142857142858 2.092715625
31.142857142857142 2.092715625
31.178571428571427 2.092715625
31.214285714285715 2.08905703125
31.25 2.08905703125
31.285714285714285 2.08905703125
31.321428571428573 2.08905703125
31.357142857142858 2.08905703125
31.392857142857142 2.092715625
31.428571428571427 2.08905703125
31.464285714285715 2.08905703125
31.5 2.08905703125
31.535714285714285 2.08905703125
31.571428571428573 2.08905703125
31.607142857142858 2.092715625
31.642857142857142 2.08905703125
31.678571428571427 2.08905703125
31.714285714285715 2.08905703125
31.75 2.08905703125
31.785714285714285 2.08905703125
31.821428571428573 2.092715625
31.857142857142858 2.092715625
31.892857142857142 2.08905703125
31.928571428571427 2.08905703125
31.964285714285715 2.08905703125
32.0 2.08905703125
32.035714285714285 2.08905703125
32.07142857142857 2.092715625
32.107142857142854 2.08905703125
32.142857142857146 2.08905703125
32.17857142857143 2.08905703125
32.214285714285715 2.08905703125
32.25 2.08905703125
32.285714285714285 2.08905703125
32.32142857142857 2.092715625
32.357142857142854 2.08905703125
32.392857142857146 2.08905703125
32.42857142857143 2.08905703125
32.464285714285715 2.08905703125
32.5 2.08905703125
32.535714285714285 2.08905703125
32.57142857142857 2.092715625
32.607142857142854 2.08905703125
32.642857142857146 2.08905703125
32.67857142857143 2.0853984375
32.714285714285715 2.0853984375
32.75 2.08905703125
32.785714285714285 2.08905703125
32.82142857142857 2.08905703125
32.857142857142854 2.08905703125
32.892857142857146 2.0853984375
32.92857142857143 2.0853984375
32.964285714285715 2.0853984375
33.0 2.08905703125
33.035714285714285 2.08905703125
33.07142857142857 2.08905703125
33.107142857142854 2.0853984375
33.142857142857146 2.0853984375
33.17857142857143 2.0853984375
33.214285714285715 2.0853984375
33.25 2.08905703125
33.285714285714285 2.0853984375
33.32142857142857 2.0853984375
33.357142857142854 2.0853984375
33.392857142857146 2.0853984375
33.42857142857143 2.0853984375
33.464285714285715 2.0853984375
33.5 2.0853984375
33.535714285714285 2.0853984375
33.57142857142857 2.08173984375
33.607142857142854 2.08173984375
33.642857142857146 2.08173984375
33.67857142857143 2.0853984375
33.714285714285715 2.08905703125
33.75 2.0853984375
33.785714285714285 2.08173984375
33.82142857142857 2.08173984375
33.857142857142854 2.08173984375
33.892857142857146 2.08173984375
33.92857142857143 2.0853984375
33.964285714285715 2.0853984375
34.0 2.08173984375
34.035714285714285 2.0853984375
34.07142857142857 2.08173984375
34.107142857142854 2.08173984375
34.142857142857146 2.0853984375
34.17857142857143 2.0853984375
34.214285714285715 2.0853984375
34.25 2.0853984375
34.285714285714285 2.08173984375
34.32142857142857 2.08173984375
34.357142857142854 2.0853984375
34.392857142857146 2.0853984375
34.42857142857143 2.0853984375
34.464285714285715 2.08173984375
34.5 2.08173984375
34.535714285714285 2.08173984375
34.57142857142857 2.08173984375
34.607142857142854 2.0853984375
34.642857142857146 2.0853984375
34.67857142857143 2.0853984375
34.714285714285715 2.08173984375
34.75 2.08173984375
34.785714285714285 2.08173984375
34.82142857142857 2.08173984375
34.857142857142854 2.08905703125
34.892857142857146 2.0853984375
34.92857142857143 2.08173984375
34.964285714285715 2.08173984375
35.0 2.08173984375
35.035714285714285 2.08173984375
35.07142857142857 2.0853984375
35.107142857142854 2.0853984375
35.142857142857146 2.0853984375
35.17857142857143 2.08173984375
35.214285714285715 2.08173984375
35.25 2.08173984375
35.285714285714285 2.08173984375
35.32142857142857 2.08173984375
35.357142857142854 2.0853984375
35.392857142857146 2.0853984375
35.42857142857143 2.08173984375
35.464285714285715 2.08173984375
35.5 2.08173984375
35.535714285714285 2.08173984375
35.57142857142857 2.0853984375
35.607142857142854 2.0853984375
35.642857142857146 2.08173984375
35.67857142857143 2.08173984375
35.714285714285715 2.08173984375
35.75 2.08173984375
35.785714285714285 2.0853984375
35.82142857142857 2.0853984375
35.857142857142854 2.0853984375
35.892857142857146 2.08173984375
35.92857142857143 2.08173984375
35.964285714285715 2.08173984375
36.0 2.0853984375
36.035714285714285 2.0853984375
36.07142857142857 2.0853984375
36.107142857142854 2.0853984375
36.142857142857146 2.08173984375
36.17857142857143 2.08173984375
36.214285714285715 2.08173984375
36.25 2.08905703125
36.285714285714285 2.0853984375
36.32142857142857 2.0853984375
36.357142857142854 2.0853984375
36.392857142857146 2.08173984375
36.42857142857143 2.08173984375
36.464285714285715 2.08173984375
36.5 2.0853984375
36.535714285714285 2.08905703125
36.57142857142857 2.08173984375
36.607142857142854 2.08173984375
36.642857142857146 2.08173984375
36.67857142857143 2.08173984375
36.714285714285715 2.08173984375
36.75 2.0853984375
36.785714285714285 2.0853984375
36.82142857142857 2.08173984375
36.857142857142854 2.08173984375
36.892857142857146 2.08173984375
36.92857142857143 2.08173984375
36.964285714285715 2.0853984375
37.0 2.0853984375
37.035714285714285 2.08173984375
37.07142857142857 2.08173984375
37.107142857142854 2.08173984375
37.142857142857146 2.08173984375
37.17857142857143 2.08905703125
37.214285714285715 2.0853984375
37.25 2.0853984375
37.285714285714285 2.08173984375
37.32142857142857 2.08173984375
37.357142857142854 2.08173984375
37.392857142857146 2.0853984375
37.42857142857143 2.08905703125
37.464285714285715 2.0853984375
37.5 2.08173984375
37.535714285714285 2.08173984375
37.57142857142857 2.08173984375
37.607142857142854 2.08173984375
37.642857142857146 2.0853984375
37.67857142857143 2.08905703125
37.714285714285715 2.0853984375
37.75 2.08173984375
37.785714285714285 2.08173984375
37.82142857142857 2.08173984375
37.857142857142854 2.08173984375
37.892857142857146 2.0853984375
37.92857142857143 2.0853984375
37.964285714285715 2.0853984375
38.0 2.0853984375
38.035714285714285 2.08173984375
38.07142857142857 2.08173984375
38.107142857142854 2.0853984375
38.142857142857146 2.0853984375
38.17857142857143 2.08173984375
38.214285714285715 2.08173984375
38.25 2.08173984375
38.285714285714285 2.08173984375
38.32142857142857 2.0853984375
38.357142857142854 2.08905703125
38.392857142857146 2.0853984375
38.42857142857143 2.0853984375
38.464285714285715 2.08173984375
38.5 2.08173984375
38.535714285714285 2.08173984375
38.57142857142857 2.08173984375
38.607142857142854 2.0853984375
38.642857142857146 2.08173984375
38.67857142857143 2.08173984375
38.714285714285715 2.08173984375
38.75 2.08173984375
38.785714285714285 2.08173984375
38.82142857142857 2.0853984375
38.857142857142854 2.0853984375
38.892857142857146 2.0853984375
38.92857142857143 2.08173984375
38.964285714285715 2.08173984375
39.0 2.08173984375
39.035714285714285 2.0853984375
39.07142857142857 2.0853984375
39.107142857142854 2.08173984375
39.142857142857146 2.08173984375
39.17857142857143 2.08173984375
39.214285714285715 2.08173984375
39.25 2.08173984375
39.285714285714285 2.0853984375
39.32142857142857 2.0853984375
39.357142857142854 2.0853984375
39.392857142857146 2.08173984375
39.42857142857143 2.08173984375
39.464285714285715 2.08173984375
39.5 2.08905703125
39.535714285714285 2.0853984375
39.57142857142857 2.08173984375
39.607142857142854 2.08173984375
39.642857142857146 2.08173984375
39.67857142857143 2.08173984375
39.714285714285715 2.08173984375
39.75 2.0853984375
39.785714285714285 2.0853984375
39.82142857142857 2.0853984375
39.857142857142854 2.08173984375
39.892857142857146 2.08173984375
39.92857142857143 2.08173984375
