0.03571428571428571 1.98661640625
0.07142857142857142 1.98661640625
0.10714285714285714 1.98661640625
0.14285714285714285 1.98661640625
0.21428571428571427 1.990275
0.25 1.990275
0.2857142857142857 1.990275
0.32142857142857145 1.990275
0.35714285714285715 1.990275
0.39285714285714285 1.98661640625
0.42857142857142855 1.98661640625
0.4642857142857143 1.97929921875
0.5 1.990275
0.5357142857142857 1.990275
0.5714285714285714 1.98661640625
0.6071428571428571 1.98661640625
0.6428571428571429 1.98661640625
0.6785714285714286 1.98661640625
0.7142857142857143 1.98661640625
0.75 1.9829578125
0.7857142857142857 1.990275
0.8214285714285714 1.990275
0.8571428571428571 1.98661640625
0.8928571428571429 1.98661640625
0.9285714285714286 1.98661640625
0.9642857142857143 1.98661640625
1.0 1.98661640625
1.0714285714285714 1.98661640625
1.1071428571428572 1.990275
1.1428571428571428 1.990275
1.1785714285714286 1.990275
1.2142857142857142 1.990275
1.25 1.990275
1.2857142857142858 1.9829578125
1.3571428571428572 1.98661640625
1.3928571428571428 1.990275
1.4285714285714286 1.98661640625
1.4642857142857142 1.98661640625
1.5 1.98661640625
1.5357142857142858 1.98661640625
1.5714285714285714 1.98661640625
1.6071428571428572 1.98661640625
1.6428571428571428 1.98661640625
1.6785714285714286 1.98661640625
1.7142857142857142 1.98661640625
1.75 1.98661640625
1.7857142857142858 1.98661640625
1.8214285714285714 1.98661640625
1.8571428571428572 1.98661640625
1.9285714285714286 1.98661640625
1.9642857142857142 1.98661640625
2.0 1.98661640625
2.0357142857142856 1.98661640625
2.0714285714285716 1.98661640625
2.107142857142857 1.98661640625
2.1785714285714284 1.9829578125
2.2142857142857144 1.990275
2.25 1.990275
2.2857142857142856 1.990275
2.3214285714285716 1.990275
2.357142857142857 1.990275
2.392857142857143 1.990275
2.4285714285714284 1.990275
2.5 1.990275
2.5357142857142856 1.99393359375
2.5714285714285716 1.99393359375
2.607142857142857 1.99393359375
2.642857142857143 1.99393359375
2.6785714285714284 1.990275
2.7142857142857144 1.98661640625
2.7857142857142856 1.99393359375
2.8214285714285716 1.99393359375
2.857142857142857 1.99393359375
2.892857142857143 1.99393359375
2.9285714285714284 1.99393359375
2.9642857142857144 1.99393359375
3.0357142857142856 1.99393359375
3.0714285714285716 1.9975921875
3.107142857142857 1.9975921875
3.142857142857143 1.9975921875
3.1785714285714284 1.9975921875
3.2142857142857144 1.99393359375
3.25 1.99393359375
3.2857142857142856 1.99393359375
3.357142857142857 1.9975921875
3.392857142857143 1.9975921875
3.4285714285714284 1.9975921875
3.4642857142857144 1.9975921875
3.5 1.9975921875
3.5357142857142856 1.9975921875
3.607142857142857 1.9975921875
3.642857142857143 1.9975921875
3.6785714285714284 1.9975921875
3.7142857142857144 1.9975921875
3.75 1.9975921875
3.7857142857142856 1.99393359375
3.8214285714285716 1.99393359375
3.857142857142857 1.99393359375
3.892857142857143 2.00125078125
3.9285714285714284 2.00125078125
3.9642857142857144 2.00125078125
4.0 2.00125078125
4.035714285714286 2.00125078125
4.071428571428571 1.9975921875
4.107142857142857 2.00125078125
4.214285714285714 2.00125078125
4.25 2.00125078125
4.285714285714286 2.00125078125
4.321428571428571 2.00125078125
4.357142857142857 2.00125078125
4.392857142857143 2.00125078125
4.5 2.004909375
4.535714285714286 2.004909375
4.571428571428571 2.004909375
4.607142857142857 2.00125078125
4.642857142857143 2.00125078125
4.678571428571429 2.00125078125
4.714285714285714 2.00125078125
4.785714285714286 2.00856796875
4.821428571428571 2.004909375
4.857142857142857 2.004909375
4.892857142857143 2.004909375
4.928571428571429 2.004909375
4.964285714285714 2.004909375
5.035714285714286 2.01588515625
5.071428571428571 2.0122265625
5.107142857142857 2.0122265625
5.142857142857143 2.0122265625
5.178571428571429 2.00856796875
5.214285714285714 2.00856796875
5.25 2.00856796875
5.285714285714286 2.00856796875
5.357142857142857 2.0122265625
5.392857142857143 2.0122265625
5.428571428571429 2.0122265625
5.464285714285714 2.0122265625
5.5 2.0122265625
5.535714285714286 2.00856796875
5.642857142857143 2.01954375
5.678571428571429 2.01588515625
5.714285714285714 2.0122265625
5.75 2.0122265625
5.785714285714286 2.0122265625
5.821428571428571 2.00856796875
5.892857142857143 2.01588515625
5.928571428571429 2.0122265625
5.964285714285714 2.0122265625
6.0 2.0122265625
6.035714285714286 2.0122265625
6.071428571428571 2.00856796875
6.107142857142857 2.00856796875
6.142857142857143 2.00856796875
6.178571428571429 2.01954375
6.214285714285714 2.01954375
6.25 2.01954375
6.285714285714286 2.01954375
6.321428571428571 2.01588515625
6.357142857142857 2.01588515625
6.392857142857143 2.01588515625
6.5 2.02320234375
6.535714285714286 2.01954375
6.571428571428571 2.01954375
6.607142857142857 2.01588515625
6.642857142857143 2.01588515625
6.678571428571429 2.01588515625
6.714285714285714 2.01588515625
6.75 2.0268609375
6.785714285714286 2.0268609375
6.821428571428571 2.02320234375
6.857142857142857 2.02320234375
6.892857142857143 2.02320234375
6.928571428571429 2.02320234375
6.964285714285714 2.02320234375
7.071428571428571 2.034178125
7.107142857142857 2.03051953125
7.142857142857143 2.03051953125
7.178571428571429 2.03051953125
7.214285714285714 2.03051953125
7.25 2.03051953125
7.357142857142857 2.0414953125
7.392857142857143 2.03783671875
7.428571428571429 2.03783671875
7.464285714285714 2.03783671875
7.5 2.03783671875
7.535714285714286 2.03783671875
7.571428571428571 2.03783671875
7.607142857142857 2.0488125
7.642857142857143 2.0488125
7.678571428571429 2.0488125
7.714285714285714 2.04515390625
7.75 2.04515390625
7.785714285714286 2.04515390625
7.821428571428571 2.04515390625
7.928571428571429 2.0561296875
7.964285714285714 2.0561296875
8.0 2.0561296875
8.035714285714286 2.0561296875
8.071428571428571 2.0561296875
8.107142857142858 2.0561296875
8.178571428571429 2.063446875
8.214285714285714 2.063446875
8.25 2.063446875
8.285714285714286 2.063446875
8.321428571428571 2.063446875
8.357142857142858 2.063446875
8.392857142857142 2.063446875
8.5 2.07442265625
8.535714285714286 2.07442265625
8.571428571428571 2.07442265625
8.607142857142858 2.07442265625
8.642857142857142 2.07442265625
8.678571428571429 2.07442265625
8.785714285714286 2.07808125
8.821428571428571 2.08173984375
8.857142857142858 2.08173984375
8.892857142857142 2.07808125
8.928571428571429 2.07808125
8.964285714285714 2.07808125
9.035714285714286 2.08905703125
9.071428571428571 2.08905703125
9.107142857142858 2.0853984375
9.142857142857142 2.0853984375
9.178571428571429 2.0853984375
9.214285714285714 2.0853984375
9.25 2.0853984375
9.357142857142858 2.092715625
9.392857142857142 2.092715625
9.428571428571429 2.092715625
9.464285714285714 2.08905703125
9.5 2.08905703125
9.535714285714286 2.08905703125
9.607142857142858 2.1000328125
9.642857142857142 2.1000328125
9.678571428571429 2.1000328125
9.714285714285714 2.1000328125
9.75 2.1000328125
9.785714285714286 2.09637421875
9.821428571428571 2.09637421875
9.857142857142858 2.1000328125
9.928571428571429 2.1000328125
9.964285714285714 2.1000328125
10.0 2.092715625
10.035714285714286 2.092715625
10.071428571428571 2.092715625
10.107142857142858 2.092715625
10.178571428571429 2.10369140625
10.214285714285714 2.1000328125
10.25 2.1000328125
10.285714285714286 2.1000328125
10.321428571428571 2.09637421875
10.357142857142858 2.09637421875
10.392857142857142 2.1000328125
10.464285714285714 2.10369140625
10.5 2.10369140625
10.535714285714286 2.1000328125
10.571428571428571 2.1000328125
10.607142857142858 2.09637421875
10.642857142857142 2.09637421875
10.678571428571429 2.09637421875
10.75 2.10735
10.785714285714286 2.10735
10.821428571428571 2.10735
10.857142857142858 2.10369140625
10.892857142857142 2.10369140625
10.928571428571429 2.10369140625
10.964285714285714 2.10369140625
11.035714285714286 2.11100859375
11.071428571428571 2.10735
11.107142857142858 2.10735
11.142857142857142 2.10369140625
11.178571428571429 2.10369140625
11.214285714285714 2.10369140625
11.25 2.10369140625
11.285714285714286 2.10369140625
11.357142857142858 2.10735
11.392857142857142 2.10369140625
11.428571428571429 2.10369140625
11.464285714285714 2.1000328125
11.5 2.1000328125
11.535714285714286 2.1000328125
11.607142857142858 2.11100859375
11.642857142857142 2.10735
11.678571428571429 2.10735
11.714285714285714 2.10735
11.75 2.10369140625
11.785714285714286 2.10369140625
11.821428571428571 2.10369140625
11.892857142857142 2.11100859375
11.928571428571429 2.11100859375
11.964285714285714 2.11100859375
12.0 2.11100859375
12.035714285714286 2.10735
12.071428571428571 2.10735
12.107142857142858 2.10735
12.214285714285714 2.11100859375
12.25 2.10735
12.285714285714286 2.10369140625
12.321428571428571 2.10369140625
12.357142857142858 2.10369140625
12.392857142857142 2.10369140625
12.464285714285714 2.1146671875
12.5 2.1146671875
12.535714285714286 2.1146671875
12.571428571428571 2.11100859375
12.607142857142858 2.11100859375
12.642857142857142 2.11100859375
12.678571428571429 2.11100859375
12.714285714285714 2.10735
12.75 2.1146671875
12.785714285714286 2.1146671875
12.821428571428571 2.11100859375
12.857142857142858 2.11100859375
12.892857142857142 2.10735
12.928571428571429 2.10735
12.964285714285714 2.10735
13.071428571428571 2.1146671875
13.107142857142858 2.11100859375
13.142857142857142 2.11100859375
13.178571428571429 2.11100859375
13.214285714285714 2.10735
13.25 2.10735
13.321428571428571 2.1146671875
13.357142857142858 2.1146671875
13.392857142857142 2.11100859375
13.428571428571429 2.11100859375
13.464285714285714 2.10735
13.5 2.10735
13.535714285714286 2.10735
13.571428571428571 2.10735
13.607142857142858 2.11832578125
13.642857142857142 2.11832578125
13.678571428571429 2.11832578125
13.714285714285714 2.1146671875
13.75 2.1146671875
13.785714285714286 2.1146671875
13.821428571428571 2.1146671875
13.928571428571429 2.11832578125
13.964285714285714 2.1146671875
14.0 2.11100859375
14.035714285714286 2.11100859375
14.071428571428571 2.10735
14.107142857142858 2.10735
14.178571428571429 2.11832578125
14.214285714285714 2.1146671875
14.25 2.1146671875
14.285714285714286 2.11100859375
14.321428571428571 2.11100859375
14.357142857142858 2.10735
14.392857142857142 2.11100859375
14.5 2.11832578125
14.535714285714286 2.11832578125
14.571428571428571 2.1146671875
14.607142857142858 2.11100859375
14.642857142857142 2.11100859375
14.678571428571429 2.11100859375
14.75 2.11832578125
14.785714285714286 2.11832578125
14.821428571428571 2.11832578125
14.857142857142858 2.11832578125
14.892857142857142 2.11832578125
14.928571428571429 2.1146671875
14.964285714285714 2.1146671875
15.071428571428571 2.11832578125
15.107142857142858 2.1146671875
15.142857142857142 2.1146671875
15.178571428571429 2.11100859375
15.214285714285714 2.11100859375
15.25 2.11100859375
15.357142857142858 2.11832578125
15.392857142857142 2.1146671875
15.428571428571429 2.11100859375
15.464285714285714 2.11100859375
15.5 2.11100859375
15.535714285714286 2.10735
15.607142857142858 2.1146671875
15.642857142857142 2.1146671875
15.678571428571429 2.11100859375
15.714285714285714 2.11100859375
15.75 2.11100859375
15.785714285714286 2.10735
15.821428571428571 2.10735
15.928571428571429 2.1146671875
15.964285714285714 2.1146671875
16.0 2.11100859375
16.035714285714285 2.11100859375
16.071428571428573 2.11100859375
16.107142857142858 2.11100859375
16.178571428571427 2.121984375
16.214285714285715 2.11832578125
16.25 2.11832578125
16.285714285714285 2.11832578125
16.321428571428573 2.1146671875
16.357142857142858 2.11832578125
16.392857142857142 2.1146671875
16.464285714285715 2.121984375
16.5 2.11832578125
16.535714285714285 2.1146671875
16.571428571428573 2.1146671875
16.607142857142858 2.11100859375
16.642857142857142 2.11100859375
16.678571428571427 2.11100859375
16.785714285714285 2.11832578125
16.821428571428573 2.11832578125
16.857142857142858 2.1146671875
16.892857142857142 2.1146671875
16.928571428571427 2.1146671875
16.964285714285715 2.1146671875
17.035714285714285 2.121984375
17.071428571428573 2.11832578125
17.107142857142858 2.11832578125
17.142857142857142 2.1146671875
17.178571428571427 2.1146671875
17.214285714285715 2.11100859375
17.25 2.11100859375
17.357142857142858 2.11832578125
17.392857142857142 2.1146671875
17.428571428571427 2.1146671875
17.464285714285715 2.11100859375
17.5 2.11100859375
17.535714285714285 2.11100859375
17.607142857142858 2.11832578125
17.642857142857142 2.11832578125
17.678571428571427 2.11832578125
17.714285714285715 2.1146671875
17.75 2.1146671875
17.785714285714285 2.1146671875
17.821428571428573 2.1146671875
17.892857142857142 2.121984375
17.928571428571427 2.11832578125
17.964285714285715 2.11832578125
18.0 2.1146671875
18.035714285714285 2.1146671875
18.071428571428573 2.1146671875
18.214285714285715 2.11832578125
18.25 2.11832578125
18.285714285714285 2.1146671875
18.321428571428573 2.1146671875
18.357142857142858 2.1146671875
18.392857142857142 2.1146671875
18.464285714285715 2.121984375
18.5 2.121984375
18.535714285714285 2.121984375
18.571428571428573 2.121984375
18.607142857142858 2.11832578125
18.642857142857142 2.11832578125
18.678571428571427 2.11832578125
18.785714285714285 2.121984375
18.821428571428573 2.11832578125
18.857142857142858 2.1146671875
18.892857142857142 2.1146671875
18.928571428571427 2.1146671875
18.964285714285715 2.1146671875
19.071428571428573 2.121984375
19.107142857142858 2.121984375
19.142857142857142 2.121984375
19.178571428571427 2.11832578125
19.214285714285715 2.121984375
19.25 2.121984375
19.321428571428573 2.12564296875
19.357142857142858 2.12564296875
19.392857142857142 2.121984375
19.428571428571427 2.121984375
19.464285714285715 2.11832578125
19.5 2.11832578125
19.535714285714285 2.11832578125
19.571428571428573 2.11832578125
19.607142857142858 2.121984375
19.642857142857142 2.121984375
19.678571428571427 2.121984375
19.714285714285715 2.11832578125
19.75 2.11832578125
19.785714285714285 2.1146671875
19.821428571428573 2.1146671875
19.892857142857142 2.12564296875
19.928571428571427 2.121984375
19.964285714285715 2.121984375
20.0 2.121984375
20.035714285714285 2.11832578125
20.071428571428573 2.11832578125
20.107142857142858 2.11832578125
20.178571428571427 2.12564296875
20.214285714285715 2.121984375
20.25 2.121984375
20.285714285714285 2.11832578125
20.321428571428573 2.11832578125
20.357142857142858 2.11832578125
20.392857142857142 2.11832578125
20.5 2.12564296875
20.535714285714285 2.12564296875
20.571428571428573 2.12564296875
20.607142857142858 2.121984375
20.642857142857142 2.121984375
20.678571428571427 2.121984375
20.785714285714285 2.12564296875
20.821428571428573 2.12564296875
20.857142857142858 2.12564296875
20.892857142857142 2.121984375
20.928571428571427 2.121984375
20.964285714285715 2.121984375
21.035714285714285 2.1293015625
21.071428571428573 2.12564296875
21.107142857142858 2.12564296875
21.142857142857142 2.121984375
21.178571428571427 2.121984375
21.214285714285715 2.121984375
21.25 2.121984375
21.321428571428573 2.1293015625
21.357142857142858 2.1293015625
21.392857142857142 2.12564296875
21.428571428571427 2.12564296875
21.464285714285715 2.12564296875
21.5 2.12564296875
21.535714285714285 2.12564296875
21.607142857142858 2.13296015625
21.642857142857142 2.13296015625
21.678571428571427 2.13296015625
21.714285714285715 2.13296015625
21.75 2.1293015625
21.785714285714285 2.1293015625
21.821428571428573 2.1293015625
21.892857142857142 2.13296015625
21.928571428571427 2.13296015625
21.964285714285715 2.1293015625
22.0 2.12564296875
22.035714285714285 2.12564296875
22.071428571428573 2.12564296875
22.107142857142858 2.12564296875
22.178571428571427 2.13296015625
22.214285714285715 2.1293015625
22.25 2.12564296875
22.285714285714285 2.12564296875
22.321428571428573 2.121984375
22.357142857142858 2.121984375
22.392857142857142 2.121984375
22.464285714285715 2.12564296875
22.5 2.121984375
22.535714285714285 2.11832578125
22.571428571428573 2.1146671875
22.607142857142858 2.1146671875
22.642857142857142 2.1146671875
22.678571428571427 2.1146671875
22.785714285714285 2.1146671875
22.821428571428573 2.1146671875
22.857142857142858 2.11100859375
22.892857142857142 2.11100859375
22.928571428571427 2.10735
22.964285714285715 2.11100859375
23.035714285714285 2.1146671875
23.178571428571427 2.10735
23.214285714285715 2.10735
23.25 2.10735
23.464285714285715 2.10735
23.5 2.10369140625
23.535714285714285 2.10369140625
23.642857142857142 2.11100859375
23.678571428571427 2.11100859375
23.714285714285715 2.11100859375
23.75 2.11100859375
23.785714285714285 2.10735
23.821428571428573 2.10735
23.892857142857142 2.1146671875
23.928571428571427 2.1146671875
23.964285714285715 2.1146671875
24.0 2.11100859375
24.035714285714285 2.11100859375
24.071428571428573 2.11100859375
24.107142857142858 2.11100859375
24.214285714285715 2.1146671875
24.25 2.11100859375
24.285714285714285 2.11100859375
24.321428571428573 2.11100859375
24.357142857142858 2.11100859375
24.392857142857142 2.11100859375
24.464285714285715 2.11832578125
24.607142857142858 2.11100859375
24.642857142857142 2.11100859375
24.678571428571427 2.11100859375
24.857142857142858 2.1146671875
24.892857142857142 2.1146671875
24.928571428571427 2.1146671875
24.964285714285715 2.11100859375
25.071428571428573 2.121984375
25.107142857142858 2.11832578125
25.142857142857142 2.11832578125
25.178571428571427 2.11832578125
25.214285714285715 2.11832578125
25.25 2.11832578125
25.321428571428573 2.12564296875
25.357142857142858 2.121984375
25.392857142857142 2.121984375
25.428571428571427 2.121984375
25.464285714285715 2.11832578125
25.5 2.121984375
25.535714285714285 2.121984375
25.607142857142858 2.12564296875
25.642857142857142 2.121984375
25.678571428571427 2.121984375
25.714285714285715 2.121984375
25.75 2.11832578125
25.785714285714285 2.11832578125
25.821428571428573 2.11832578125
25.892857142857142 2.1293015625
25.928571428571427 2.12564296875
25.964285714285715 2.12564296875
26.0 2.121984375
26.035714285714285 2.121984375
26.071428571428573 2.11832578125
26.107142857142858 2.11832578125
26.178571428571427 2.1293015625
26.214285714285715 2.12564296875
26.25 2.12564296875
26.285714285714285 2.12564296875
26.321428571428573 2.121984375
26.357142857142858 2.121984375
26.392857142857142 2.121984375
26.5 2.1293015625
26.535714285714285 2.1293015625
26.571428571428573 2.12564296875
26.607142857142858 2.12564296875
26.642857142857142 2.12564296875
26.678571428571427 2.12564296875
26.75 2.13661875
26.785714285714285 2.13296015625
26.821428571428573 2.13296015625
26.857142857142858 2.1293015625
26.892857142857142 2.1293015625
26.928571428571427 2.1293015625
26.964285714285715 2.1293015625
27.071428571428573 2.13661875
27.107142857142858 2.13296015625
27.142857142857142 2.13296015625
27.178571428571427 2.13296015625
27.214285714285715 2.13296015625
27.25 2.13296015625
27.357142857142858 2.13661875
27.392857142857142 2.13296015625
27.428571428571427 2.1293015625
27.464285714285715 2.1293015625
27.5 2.12564296875
27.535714285714285 2.12564296875
27.607142857142858 2.13661875
27.642857142857142 2.13296015625
27.678571428571427 2.13296015625
27.714285714285715 2.1293015625
27.75 2.1293015625
27.785714285714285 2.1293015625
27.821428571428573 2.1293015625
27.857142857142858 2.13296015625
27.928571428571427 2.13661875
27.964285714285715 2.13296015625
28.0 2.1293015625
28.035714285714285 2.1293015625
28.071428571428573 2.1293015625
28.107142857142858 2.1293015625
28.178571428571427 2.13661875
28.214285714285715 2.13661875
28.25 2.13296015625
28.285714285714285 2.13296015625
28.321428571428573 2.13296015625
28.357142857142858 2.13296015625
28.392857142857142 2.1293015625
28.5 2.13661875
28.535714285714285 2.13661875
28.571428571428573 2.13296015625
28.607142857142858 2.13296015625
28.642857142857142 2.13296015625
28.678571428571427 2.13296015625
28.75 2.1402773437500002
28.785714285714285 2.1402773437500002
28.821428571428573 2.13661875
28.857142857142858 2.13661875
28.892857142857142 2.13296015625
28.928571428571427 2.13296015625
28.964285714285715 2.13296015625
29.035714285714285 2.1402773437500002
29.071428571428573 2.1402773437500002
29.107142857142858 2.13661875
29.142857142857142 2.13296015625
29.178571428571427 2.13296015625
29.214285714285715 2.13296015625
29.25 2.13296015625
29.357142857142858 2.1402773437500002
29.392857142857142 2.1402773437500002
29.428571428571427 2.1402773437500002
29.464285714285715 2.13661875
29.5 2.13661875
29.535714285714285 2.13661875
29.607142857142858 2.1439359375
29.642857142857142 2.1402773437500002
29.678571428571427 2.13661875
29.714285714285715 2.13661875
29.75 2.13296015625
29.785714285714285 2.13296015625
29.821428571428573 2.13296015625
29.892857142857142 2.1402773437500002
29.928571428571427 2.1402773437500002
29.964285714285715 2.13661875
30.0 2.13661875
30.035714285714285 2.13661875
30.071428571428573 2.13661875
30.107142857142858 2.13661875
30.214285714285715 2.1402773437500002
30.25 2.13661875
30.285714285714285 2.13661875
30.321428571428573 2.13661875
30.357142857142858 2.13296015625
30.392857142857142 2.13296015625
30.464285714285715 2.1402773437500002
30.5 2.13661875
30.535714285714285 2.13661875
30.571428571428573 2.13296015625
30.607142857142858 2.13296015625
30.642857142857142 2.1293015625
30.678571428571427 2.1293015625
30.714285714285715 2.1293015625
30.75 2.1402773437500002
30.785714285714285 2.13661875
30.821428571428573 2.13661875
30.857142857142858 2.13661875
30.892857142857142 2.13661875
30.928571428571427 2.13661875
30.964285714285715 2.13661875
31.071428571428573 2.1402773437500002
31.107142857142858 2.13661875
31.142857142857142 2.13296015625
31.178571428571427 2.13296015625
31.214285714285715 2.13296015625
31.25 2.13296015625
31.321428571428573 2.1402773437500002
31.357142857142858 2.1402773437500002
31.392857142857142 2.13661875
31.428571428571427 2.13661875
31.464285714285715 2.13661875
31.5 2.13296015625
31.535714285714285 2.13296015625
31.571428571428573 2.13661875
31.607142857142858 2.1402773437500002
31.642857142857142 2.1402773437500002
31.678571428571427 2.1402773437500002
31.714285714285715 2.1402773437500002
31.75 2.13661875
31.785714285714285 2.13661875
31.821428571428573 2.13661875
31.892857142857142 2.1439359375
31.928571428571427 2.1439359375
31.964285714285715 2.1439359375
32.0 2.1439359375
32.035714285714285 2.1402773437500002
32.07142857142857 2.1402773437500002
32.107142857142854 2.1402773437500002
32.17857142857143 2.1439359375
32.214285714285715 2.1402773437500002
32.25 2.13661875
32.285714285714285 2.13296015625
32.32142857142857 2.13296015625
32.357142857142854 2.1293015625
32.392857142857146 2.13296015625
32.5 2.1402773437500002
32.535714285714285 2.1402773437500002
32.57142857142857 2.1402773437500002
32.607142857142854 2.13661875
32.642857142857146 2.13661875
32.67857142857143 2.13661875
32.75 2.1439359375
32.785714285714285 2.1402773437500002
32.82142857142857 2.1402773437500002
32.857142857142854 2.13661875
32.892857142857146 2.13661875
32.92857142857143 2.13296015625
32.964285714285715 2.13296015625
33.07142857142857 2.1402773437500002
33.107142857142854 2.1402773437500002
33.142857142857146 2.13661875
33.17857142857143 2.13661875
33.214285714285715 2.13296015625
33.25 2.13296015625
33.32142857142857 2.1439359375
33.357142857142854 2.1402773437500002
33.392857142857146 2.1402773437500002
33.42857142857143 2.13661875
33.464285714285715 2.13661875
33.5 2.13661875
33.535714285714285 2.13661875
33.607142857142854 2.1439359375
33.642857142857146 2.1439359375
33.67857142857143 2.1439359375
33.714285714285715 2.1439359375
33.75 2.1402773437500002
33.785714285714285 2.1402773437500002
33.82142857142857 2.1402773437500002
33.92857142857143 2.14759453125
33.964285714285715 2.14759453125
34.0 2.1439359375
34.035714285714285 2.1439359375
34.07142857142857 2.1439359375
34.107142857142854 2.1439359375
34.17857142857143 2.151253125
34.214285714285715 2.14759453125
34.25 2.14759453125
34.285714285714285 2.1439359375
34.32142857142857 2.1439359375
34.357142857142854 2.1402773437500002
34.392857142857146 2.1402773437500002
34.42857142857143 2.1402773437500002
34.5 2.151253125
34.535714285714285 2.151253125
34.57142857142857 2.151253125
34.607142857142854 2.14759453125
34.642857142857146 2.14759453125
34.67857142857143 2.14759453125
34.785714285714285 2.151253125
34.82142857142857 2.151253125
34.857142857142854 2.1439359375
34.892857142857146 2.1439359375
34.92857142857143 2.1439359375
34.964285714285715 2.1439359375
35.035714285714285 2.15491171875
35.07142857142857 2.15491171875
35.107142857142854 2.151253125
35.142857142857146 2.151253125
35.17857142857143 2.151253125
35.214285714285715 2.151253125
35.25 2.151253125
35.285714285714285 2.151253125
35.357142857142854 2.151253125
35.392857142857146 2.14759453125
35.42857142857143 2.1439359375
35.464285714285715 2.1439359375
35.5 2.1439359375
35.535714285714285 2.1439359375
35.607142857142854 2.151253125
35.642857142857146 2.14759453125
35.67857142857143 2.14759453125
35.714285714285715 2.14759453125
35.75 2.1439359375
35.785714285714285 2.1439359375
35.82142857142857 2.1439359375
35.892857142857146 2.15491171875
35.92857142857143 2.151253125
35.964285714285715 2.151253125
36.0 2.14759453125
36.035714285714285 2.14759453125
36.07142857142857 2.14759453125
36.214285714285715 2.151253125
36.25 2.1402773437500002
36.285714285714285 2.1402773437500002
36.32142857142857 2.1402773437500002
36.357142857142854 2.13661875
36.392857142857146 2.13661875
36.464285714285715 2.14759453125
36.5 2.1439359375
36.535714285714285 2.1402773437500002
36.57142857142857 2.1402773437500002
36.607142857142854 2.13661875
36.642857142857146 2.13661875
36.67857142857143 2.13661875
36.714285714285715 2.13661875
36.75 2.1439359375
36.785714285714285 2.1402773437500002
36.82142857142857 2.1402773437500002
36.857142857142854 2.13661875
36.892857142857146 2.13661875
36.92857142857143 2.13661875
36.964285714285715 2.13661875
37.07142857142857 2.1439359375
37.107142857142854 2.1402773437500002
37.142857142857146 2.1402773437500002
37.17857142857143 2.13661875
37.214285714285715 2.13661875
37.25 2.13661875
37.32142857142857 2.14759453125
37.357142857142854 2.1439359375
37.392857142857146 2.1439359375
37.42857142857143 2.1439359375
37.464285714285715 2.1439359375
37.5 2.1439359375
37.535714285714285 2.1402773437500002
37.607142857142854 2.14759453125
37.642857142857146 2.14759453125
37.67857142857143 2.14759453125
37.714285714285715 2.1439359375
37.75 2.1439359375
37.785714285714285 2.1439359375
37.82142857142857 2.1439359375
37.892857142857146 2.151253125
37.92857142857143 2.14759453125
37.964285714285715 2.14759453125
38.0 2.14759453125
38.035714285714285 2.1439359375
38.07142857142857 2.1439359375
38.107142857142854 2.1439359375
38.17857142857143 2.15491171875
38.214285714285715 2.15491171875
38.25 2.151253125
38.285714285714285 2.151253125
38.32142857142857 2.14759453125
38.357142857142854 2.14759453125
38.392857142857146 2.14759453125
38.5 2.15491171875
38.535714285714285 2.15491171875
38.57142857142857 2.151253125
38.607142857142854 2.151253125
38.642857142857146 2.151253125
38.67857142857143 2.151253125
38.75 2.1585703125
38.785714285714285 2.1585703125
38.82142857142857 2.15491171875
38.857142857142854 2.15491171875
38.892857142857146 2.15491171875
38.92857142857143 2.15491171875
38.964285714285715 2.15491171875
39.07142857142857 2.15491171875
39.107142857142854 2.151253125
39.142857142857146 2.14759453125
39.17857142857143 2.1439359375
39.214285714285715 2.1439359375
39.25 2.1439359375
39.32142857142857 2.1585703125
39.357142857142854 2.15491171875
39.392857142857146 2.151253125
39.42857142857143 2.151253125
39.464285714285715 2.151253125
39.5 2.14759453125
39.535714285714285 2.151253125
39.607142857142854 2.1585703125
39.642857142857146 2.15491171875
39.67857142857143 2.151253125
39.714285714285715 2.151253125
39.75 2.151253125
39.785714285714285 2.151253125
39.82142857142857 2.151253125
39.892857142857146 2.151253125
39.92857142857143 2.151253125
