0.14285714285714285 2.7878484375
0.17857142857142858 2.79150703125
0.21428571428571427 2.7878484375
0.25 2.7878484375
0.2857142857142857 2.7878484375
0.32142857142857145 2.7878484375
0.35714285714285715 2.7878484375
0.39285714285714285 2.7878484375
0.42857142857142855 2.7878484375
0.4642857142857143 2.7878484375
0.5357142857142857 2.7878484375
0.75 2.7878484375
0.7857142857142857 2.7878484375
0.8214285714285714 2.7878484375
0.8571428571428571 2.7878484375
0.8928571428571429 2.7878484375
0.9285714285714286 2.7878484375
0.9642857142857143 2.7878484375
1.0 2.7878484375
1.0357142857142858 2.7878484375
1.0714285714285714 2.7878484375
1.1428571428571428 2.7878484375
1.3214285714285714 2.7878484375
1.3571428571428572 2.7878484375
1.3928571428571428 2.7878484375
1.4285714285714286 2.7878484375
1.4642857142857142 2.7878484375
1.5 2.7878484375
1.5357142857142858 2.7878484375
1.5714285714285714 2.7878484375
1.6071428571428572 2.7878484375
1.6428571428571428 2.7878484375
1.8928571428571428 2.7878484375
1.9285714285714286 2.7878484375
1.9642857142857142 2.7878484375
2.0 2.7878484375
2.0357142857142856 2.7878484375
2.0714285714285716 2.7878484375
2.107142857142857 2.7878484375
2.142857142857143 2.7878484375
2.1785714285714284 2.7878484375
2.2142857142857144 2.7878484375
2.5 2.7878484375
2.5357142857142856 2.7878484375
2.5714285714285716 2.7878484375
2.607142857142857 2.7878484375
2.642857142857143 2.7878484375
2.6785714285714284 2.7878484375
2.7142857142857144 2.7878484375
2.75 2.7878484375
2.7857142857142856 2.7878484375
2.8214285714285716 2.7878484375
3.107142857142857 2.7878484375
3.142857142857143 2.7878484375
3.1785714285714284 2.7878484375
3.2142857142857144 2.7878484375
3.25 2.7878484375
3.2857142857142856 2.7878484375
3.3214285714285716 2.7878484375
3.357142857142857 2.7878484375
3.392857142857143 2.7878484375
3.4285714285714284 2.7878484375
3.5714285714285716 2.7878484375
3.642857142857143 2.7878484375
3.6785714285714284 2.7878484375
3.7142857142857144 2.7878484375
3.75 2.7878484375
3.7857142857142856 2.7878484375
3.8214285714285716 2.7878484375
3.857142857142857 2.7878484375
3.892857142857143 2.7878484375
3.9285714285714284 2.7878484375
3.9642857142857144 2.7878484375
4.25 2.7878484375
4.285714285714286 2.7878484375
4.321428571428571 2.7878484375
4.357142857142857 2.7878484375
4.392857142857143 2.7878484375
4.428571428571429 2.7878484375
4.464285714285714 2.7878484375
4.5 2.7878484375
4.535714285714286 2.7878484375
4.571428571428571 2.7878484375
4.857142857142857 2.7878484375
4.892857142857143 2.7878484375
4.928571428571429 2.7878484375
4.964285714285714 2.7878484375
5.0 2.7878484375
5.035714285714286 2.7878484375
5.071428571428571 2.7878484375
5.107142857142857 2.7878484375
5.142857142857143 2.7878484375
5.178571428571429 2.78418984375
5.464285714285714 2.7878484375
5.5 2.7878484375
5.535714285714286 2.7878484375
5.571428571428571 2.7878484375
5.607142857142857 2.78418984375
5.642857142857143 2.78418984375
5.678571428571429 2.78418984375
5.714285714285714 2.78418984375
5.75 2.78418984375
5.892857142857143 2.7878484375
5.928571428571429 2.7878484375
6.0 2.78418984375
6.035714285714286 2.78418984375
6.071428571428571 2.78418984375
6.107142857142857 2.78418984375
6.142857142857143 2.78418984375
6.178571428571429 2.78418984375
6.214285714285714 2.78418984375
6.25 2.78418984375
6.285714285714286 2.78418984375
6.321428571428571 2.78418984375
6.607142857142857 2.78418984375
6.642857142857143 2.7878484375
6.678571428571429 2.7878484375
6.714285714285714 2.7878484375
6.75 2.78418984375
6.785714285714286 2.78418984375
6.821428571428571 2.78418984375
6.857142857142857 2.78418984375
6.892857142857143 2.78418984375
6.928571428571429 2.78418984375
7.214285714285714 2.78418984375
7.25 2.78418984375
7.285714285714286 2.78418984375
7.321428571428571 2.78418984375
7.357142857142857 2.78418984375
7.392857142857143 2.78418984375
7.428571428571429 2.78418984375
7.464285714285714 2.78418984375
7.5 2.78418984375
7.535714285714286 2.78418984375
7.75 2.78418984375
7.785714285714286 2.78418984375
7.821428571428571 2.78418984375
7.857142857142857 2.78418984375
7.892857142857143 2.78418984375
7.928571428571429 2.78418984375
7.964285714285714 2.78418984375
8.0 2.78418984375
8.035714285714286 2.78418984375
8.071428571428571 2.78418984375
8.178571428571429 2.78418984375
8.214285714285714 2.78418984375
8.25 2.78418984375
8.357142857142858 2.78418984375
8.392857142857142 2.78418984375
8.428571428571429 2.78418984375
8.464285714285714 2.78418984375
8.5 2.78418984375
8.535714285714286 2.78418984375
8.571428571428571 2.78418984375
8.607142857142858 2.78418984375
8.642857142857142 2.78418984375
8.678571428571429 2.78418984375
8.714285714285714 2.78418984375
8.964285714285714 2.78418984375
9.0 2.78418984375
9.035714285714286 2.78418984375
9.071428571428571 2.78418984375
9.107142857142858 2.78418984375
9.142857142857142 2.78418984375
9.178571428571429 2.78418984375
9.214285714285714 2.78418984375
9.25 2.78418984375
9.285714285714286 2.78418984375
9.571428571428571 2.78418984375
9.607142857142858 2.78418984375
9.642857142857142 2.78418984375
9.678571428571429 2.78418984375
9.714285714285714 2.78418984375
9.75 2.78418984375
9.785714285714286 2.78418984375
9.821428571428571 2.78418984375
9.857142857142858 2.78418984375
9.892857142857142 2.78418984375
9.964285714285714 2.78418984375
10.035714285714286 2.78418984375
10.107142857142858 2.78418984375
10.142857142857142 2.78418984375
10.178571428571429 2.78053125
10.214285714285714 2.78053125
10.25 2.78053125
10.285714285714286 2.78053125
10.321428571428571 2.78053125
10.357142857142858 2.78053125
10.392857142857142 2.78053125
10.428571428571429 2.78053125
10.464285714285714 2.78053125
10.607142857142858 2.78053125
10.714285714285714 2.78053125
10.75 2.78053125
10.785714285714286 2.78053125
10.821428571428571 2.78053125
10.857142857142858 2.78053125
10.892857142857142 2.78053125
10.928571428571429 2.78053125
10.964285714285714 2.78053125
11.0 2.78053125
11.035714285714286 2.78053125
11.321428571428571 2.78053125
11.357142857142858 2.78053125
11.392857142857142 2.78053125
11.428571428571429 2.78053125
11.464285714285714 2.78053125
11.5 2.78053125
11.535714285714286 2.78053125
11.571428571428571 2.78053125
11.607142857142858 2.78053125
11.642857142857142 2.78053125
11.892857142857142 2.78053125
11.928571428571429 2.77687265625
11.964285714285714 2.78053125
12.0 2.77687265625
12.035714285714286 2.77687265625
12.071428571428571 2.77687265625
12.107142857142858 2.77687265625
12.142857142857142 2.77687265625
12.178571428571429 2.78053125
12.214285714285714 2.77687265625
12.25 2.77687265625
12.357142857142858 2.77687265625
12.5 2.77687265625
12.535714285714286 2.77687265625
12.571428571428571 2.77687265625
12.607142857142858 2.77687265625
12.642857142857142 2.77687265625
12.678571428571429 2.77687265625
12.714285714285714 2.77687265625
12.75 2.77687265625
12.785714285714286 2.77687265625
13.071428571428571 2.77687265625
13.107142857142858 2.77687265625
13.142857142857142 2.77687265625
13.178571428571429 2.77687265625
13.214285714285714 2.77687265625
13.25 2.77687265625
13.285714285714286 2.77687265625
13.321428571428571 2.77687265625
13.357142857142858 2.77687265625
13.392857142857142 2.77687265625
13.678571428571429 2.77687265625
13.714285714285714 2.77687265625
13.75 2.77687265625
13.785714285714286 2.77687265625
13.821428571428571 2.77687265625
13.857142857142858 2.77687265625
13.892857142857142 2.77687265625
13.928571428571429 2.77687265625
13.964285714285714 2.77687265625
14.0 2.77687265625
14.25 2.77687265625
14.285714285714286 2.77687265625
14.321428571428571 2.77687265625
14.357142857142858 2.77687265625
14.392857142857142 2.77687265625
14.428571428571429 2.77687265625
14.464285714285714 2.77687265625
14.5 2.77687265625
14.535714285714286 2.77687265625
14.571428571428571 2.77687265625
14.678571428571429 2.77687265625
14.714285714285714 2.77687265625
14.821428571428571 2.7732140625
14.857142857142858 2.7732140625
14.892857142857142 2.7732140625
14.928571428571429 2.7732140625
14.964285714285714 2.77687265625
15.0 2.7732140625
15.035714285714286 2.7732140625
15.071428571428571 2.7732140625
15.107142857142858 2.7732140625
15.142857142857142 2.77687265625
15.428571428571429 2.7732140625
15.464285714285714 2.7732140625
15.5 2.7732140625
15.535714285714286 2.7732140625
15.571428571428571 2.7732140625
15.607142857142858 2.7732140625
15.642857142857142 2.7732140625
15.678571428571429 2.7732140625
15.714285714285714 2.7732140625
15.75 2.7732140625
16.035714285714285 2.7732140625
16.071428571428573 2.7732140625
16.107142857142858 2.7732140625
16.142857142857142 2.7732140625
16.178571428571427 2.7732140625
16.214285714285715 2.7732140625
16.25 2.7732140625
16.285714285714285 2.7732140625
16.321428571428573 2.7732140625
16.357142857142858 2.7732140625
16.428571428571427 2.7732140625
16.607142857142858 2.7732140625
16.642857142857142 2.7732140625
16.678571428571427 2.7732140625
16.714285714285715 2.7732140625
16.75 2.7732140625
16.785714285714285 2.7732140625
16.821428571428573 2.7732140625
16.857142857142858 2.7732140625
16.892857142857142 2.7732140625
16.928571428571427 2.76955546875
16.964285714285715 2.7732140625
17.0 2.7732140625
17.071428571428573 2.7732140625
17.178571428571427 2.76955546875
17.214285714285715 2.76955546875
17.25 2.76955546875
17.285714285714285 2.76955546875
17.321428571428573 2.76955546875
17.357142857142858 2.76955546875
17.392857142857142 2.76955546875
17.428571428571427 2.76955546875
17.464285714285715 2.76955546875
17.5 2.76955546875
17.75 2.76955546875
17.785714285714285 2.76955546875
17.821428571428573 2.76955546875
17.857142857142858 2.76955546875
17.892857142857142 2.76955546875
17.928571428571427 2.76955546875
17.964285714285715 2.76955546875
18.0 2.76955546875
18.035714285714285 2.76955546875
18.071428571428573 2.76955546875
18.107142857142858 2.76955546875
18.357142857142858 2.76955546875
18.392857142857142 2.76955546875
18.428571428571427 2.76955546875
18.464285714285715 2.76955546875
18.5 2.76955546875
18.535714285714285 2.76955546875
18.571428571428573 2.76955546875
18.607142857142858 2.76955546875
18.642857142857142 2.76955546875
18.678571428571427 2.76955546875
18.714285714285715 2.76955546875
18.785714285714285 2.76955546875
18.821428571428573 2.76955546875
18.964285714285715 2.76955546875
19.0 2.76955546875
19.035714285714285 2.76955546875
19.071428571428573 2.76955546875
19.107142857142858 2.76955546875
19.142857142857142 2.76955546875
19.178571428571427 2.76955546875
19.214285714285715 2.76955546875
19.25 2.76955546875
19.285714285714285 2.76955546875
19.357142857142858 2.76955546875
19.535714285714285 2.765896875
19.571428571428573 2.765896875
19.607142857142858 2.76955546875
19.642857142857142 2.765896875
19.678571428571427 2.765896875
19.714285714285715 2.765896875
19.75 2.76955546875
19.785714285714285 2.76955546875
19.821428571428573 2.76955546875
19.857142857142858 2.765896875
20.142857142857142 2.765896875
20.178571428571427 2.765896875
20.214285714285715 2.76955546875
20.25 2.76955546875
20.285714285714285 2.76955546875
20.321428571428573 2.765896875
20.357142857142858 2.765896875
20.392857142857142 2.765896875
20.428571428571427 2.765896875
20.464285714285715 2.765896875
20.75 2.765896875
20.785714285714285 2.765896875
20.821428571428573 2.765896875
20.857142857142858 2.765896875
20.892857142857142 2.765896875
20.928571428571427 2.765896875
20.964285714285715 2.765896875
21.0 2.765896875
21.035714285714285 2.765896875
21.071428571428573 2.765896875
21.107142857142858 2.765896875
21.178571428571427 2.765896875
21.214285714285715 2.765896875
21.321428571428573 2.765896875
21.357142857142858 2.765896875
21.392857142857142 2.765896875
21.428571428571427 2.765896875
21.464285714285715 2.765896875
21.5 2.765896875
21.535714285714285 2.765896875
21.571428571428573 2.765896875
21.607142857142858 2.765896875
21.642857142857142 2.765896875
21.714285714285715 2.765896875
21.785714285714285 2.765896875
21.892857142857142 2.76223828125
21.928571428571427 2.765896875
21.964285714285715 2.765896875
22.0 2.765896875
22.035714285714285 2.765896875
22.071428571428573 2.765896875
22.107142857142858 2.765896875
22.142857142857142 2.765896875
22.178571428571427 2.765896875
22.214285714285715 2.765896875
22.5 2.765896875
22.535714285714285 2.765896875
22.571428571428573 2.765896875
22.607142857142858 2.765896875
22.642857142857142 2.765896875
22.678571428571427 2.765896875
22.714285714285715 2.765896875
22.75 2.765896875
22.785714285714285 2.765896875
22.821428571428573 2.765896875
23.071428571428573 2.765896875
23.107142857142858 2.765896875
23.142857142857142 2.76223828125
23.178571428571427 2.76223828125
23.214285714285715 2.76223828125
23.25 2.76223828125
23.285714285714285 2.76223828125
23.321428571428573 2.76223828125
23.357142857142858 2.76223828125
23.392857142857142 2.76223828125
23.428571428571427 2.76223828125
23.678571428571427 2.76223828125
23.714285714285715 2.76223828125
23.75 2.76223828125
23.785714285714285 2.76223828125
23.821428571428573 2.76223828125
23.857142857142858 2.76223828125
23.892857142857142 2.76223828125
23.928571428571427 2.76223828125
23.964285714285715 2.76223828125
24.071428571428573 2.76223828125
24.142857142857142 2.76223828125
24.25 2.76223828125
24.285714285714285 2.76223828125
24.321428571428573 2.76223828125
24.357142857142858 2.76223828125
24.392857142857142 2.76223828125
24.428571428571427 2.76223828125
24.464285714285715 2.76223828125
24.5 2.76223828125
24.535714285714285 2.76223828125
24.571428571428573 2.76223828125
24.857142857142858 2.76223828125
24.892857142857142 2.76223828125
24.928571428571427 2.76223828125
24.964285714285715 2.76223828125
25.0 2.76223828125
25.035714285714285 2.76223828125
25.071428571428573 2.76223828125
25.107142857142858 2.76223828125
25.142857142857142 2.76223828125
25.178571428571427 2.76223828125
25.428571428571427 2.76223828125
25.464285714285715 2.76223828125
25.5 2.76223828125
25.535714285714285 2.76223828125
25.571428571428573 2.76223828125
25.607142857142858 2.76223828125
25.642857142857142 2.76223828125
25.678571428571427 2.76223828125
25.714285714285715 2.76223828125
25.75 2.76223828125
25.821428571428573 2.76223828125
26.035714285714285 2.76223828125
26.071428571428573 2.76223828125
26.107142857142858 2.76223828125
26.142857142857142 2.76223828125
26.178571428571427 2.76223828125
26.214285714285715 2.76223828125
26.25 2.76223828125
26.285714285714285 2.76223828125
26.321428571428573 2.76223828125
26.428571428571427 2.76223828125
26.607142857142858 2.7585796875
26.642857142857142 2.76223828125
26.678571428571427 2.76223828125
26.714285714285715 2.76223828125
26.75 2.76223828125
26.785714285714285 2.76223828125
26.821428571428573 2.7585796875
26.857142857142858 2.7585796875
26.892857142857142 2.76223828125
26.928571428571427 2.7585796875
27.178571428571427 2.76223828125
27.214285714285715 2.76223828125
27.25 2.76223828125
27.285714285714285 2.7585796875
27.321428571428573 2.7585796875
27.357142857142858 2.7585796875
27.392857142857142 2.7585796875
27.428571428571427 2.76223828125
27.464285714285715 2.76223828125
27.5 2.7585796875
27.535714285714285 2.7585796875
27.785714285714285 2.7585796875
27.821428571428573 2.7585796875
27.857142857142858 2.7585796875
27.892857142857142 2.7585796875
27.928571428571427 2.7585796875
27.964285714285715 2.7585796875
28.0 2.7585796875
28.035714285714285 2.7585796875
28.071428571428573 2.7585796875
28.107142857142858 2.7585796875
28.392857142857142 2.76223828125
28.428571428571427 2.7585796875
28.464285714285715 2.7585796875
28.5 2.7585796875
28.535714285714285 2.7585796875
28.571428571428573 2.7585796875
28.607142857142858 2.7585796875
28.642857142857142 2.7585796875
28.678571428571427 2.7585796875
28.785714285714285 2.7585796875
28.964285714285715 2.7585796875
29.0 2.7585796875
29.035714285714285 2.7585796875
29.071428571428573 2.7585796875
29.107142857142858 2.7585796875
29.142857142857142 2.7585796875
29.178571428571427 2.7585796875
29.214285714285715 2.7585796875
29.25 2.7585796875
29.285714285714285 2.7585796875
29.535714285714285 2.7585796875
29.571428571428573 2.7585796875
29.607142857142858 2.7585796875
29.642857142857142 2.7585796875
29.678571428571427 2.7585796875
29.714285714285715 2.7585796875
29.75 2.7585796875
29.785714285714285 2.7585796875
29.821428571428573 2.7585796875
29.857142857142858 2.7585796875
29.964285714285715 2.7585796875
30.142857142857142 2.7585796875
30.178571428571427 2.7585796875
30.214285714285715 2.7585796875
30.25 2.7585796875
30.285714285714285 2.7585796875
30.321428571428573 2.7585796875
30.357142857142858 2.7585796875
30.392857142857142 2.7585796875
30.428571428571427 2.7585796875
30.464285714285715 2.7585796875
30.535714285714285 2.7585796875
30.714285714285715 2.7585796875
30.75 2.7585796875
30.785714285714285 2.7585796875
30.821428571428573 2.7585796875
30.857142857142858 2.7585796875
30.892857142857142 2.7585796875
30.928571428571427 2.7585796875
30.964285714285715 2.7585796875
31.0 2.7585796875
31.035714285714285 2.7585796875
31.142857142857142 2.7585796875
31.178571428571427 2.7585796875
31.214285714285715 2.7585796875
31.285714285714285 2.7585796875
31.321428571428573 2.7585796875
31.357142857142858 2.7585796875
31.392857142857142 2.7585796875
31.428571428571427 2.7585796875
31.464285714285715 2.7585796875
31.5 2.7585796875
31.535714285714285 2.7585796875
31.571428571428573 2.7585796875
31.607142857142858 2.7585796875
31.892857142857142 2.7585796875
31.928571428571427 2.7585796875
31.964285714285715 2.7585796875
32.0 2.7585796875
32.035714285714285 2.7585796875
32.07142857142857 2.7585796875
32.107142857142854 2.7585796875
32.142857142857146 2.7585796875
32.17857142857143 2.7585796875
32.214285714285715 2.7585796875
32.5 2.7585796875
32.535714285714285 2.7585796875
32.57142857142857 2.7585796875
32.607142857142854 2.7585796875
32.642857142857146 2.7585796875
32.67857142857143 2.7585796875
32.714285714285715 2.7585796875
32.75 2.7585796875
32.785714285714285 2.7585796875
32.82142857142857 2.7585796875
32.892857142857146 2.7585796875
32.964285714285715 2.7585796875
33.07142857142857 2.75492109375
33.107142857142854 2.7585796875
33.142857142857146 2.7585796875
33.17857142857143 2.7585796875
33.214285714285715 2.7585796875
33.25 2.7585796875
33.285714285714285 2.75492109375
33.32142857142857 2.7585796875
33.357142857142854 2.7585796875
33.392857142857146 2.7585796875
33.5 2.7585796875
33.642857142857146 2.7585796875
33.67857142857143 2.7585796875
33.714285714285715 2.7585796875
33.75 2.7585796875
33.785714285714285 2.75492109375
33.82142857142857 2.75492109375
33.857142857142854 2.75492109375
33.892857142857146 2.75492109375
33.92857142857143 2.75492109375
33.964285714285715 2.75492109375
34.25 2.75492109375
34.285714285714285 2.7585796875
34.32142857142857 2.75492109375
34.357142857142854 2.75492109375
34.392857142857146 2.75492109375
34.42857142857143 2.75492109375
34.464285714285715 2.7585796875
34.5 2.75492109375
34.535714285714285 2.75492109375
34.57142857142857 2.75492109375
34.642857142857146 2.75492109375
34.857142857142854 2.75492109375
34.892857142857146 2.75492109375
34.92857142857143 2.75492109375
34.964285714285715 2.75492109375
35.0 2.75492109375
35.035714285714285 2.75492109375
35.07142857142857 2.75492109375
35.107142857142854 2.75492109375
35.142857142857146 2.75492109375
35.17857142857143 2.75492109375
35.32142857142857 2.75492109375
35.392857142857146 2.75492109375
35.42857142857143 2.75492109375
35.464285714285715 2.75492109375
35.5 2.75492109375
35.535714285714285 2.75492109375
35.57142857142857 2.75492109375
35.607142857142854 2.75492109375
35.642857142857146 2.75492109375
35.67857142857143 2.75492109375
35.714285714285715 2.75492109375
35.75 2.75492109375
36.0 2.75492109375
36.035714285714285 2.75492109375
36.07142857142857 2.75492109375
36.107142857142854 2.75492109375
36.142857142857146 2.75492109375
36.17857142857143 2.75492109375
36.214285714285715 2.75492109375
36.25 2.75492109375
36.285714285714285 2.75492109375
36.32142857142857 2.75492109375
36.607142857142854 2.75492109375
36.642857142857146 2.75492109375
36.67857142857143 2.75492109375
36.714285714285715 2.75492109375
36.75 2.75492109375
36.785714285714285 2.75492109375
36.82142857142857 2.75492109375
36.857142857142854 2.75492109375
36.892857142857146 2.75492109375
36.92857142857143 2.75492109375
37.0 2.75492109375
37.214285714285715 2.75492109375
37.25 2.75492109375
37.285714285714285 2.75492109375
37.32142857142857 2.75492109375
37.357142857142854 2.75492109375
37.392857142857146 2.75492109375
37.42857142857143 2.75492109375
37.464285714285715 2.75492109375
37.5 2.75492109375
37.535714285714285 2.75492109375
37.607142857142854 2.75492109375
37.75 2.75492109375
37.785714285714285 2.75492109375
37.82142857142857 2.75492109375
37.857142857142854 2.75492109375
37.892857142857146 2.75492109375
37.92857142857143 2.75492109375
37.964285714285715 2.75492109375
38.0 2.75492109375
38.035714285714285 2.75492109375
38.07142857142857 2.75492109375
38.357142857142854 2.75492109375
38.392857142857146 2.75492109375
38.42857142857143 2.75492109375
38.464285714285715 2.75492109375
38.5 2.75492109375
38.535714285714285 2.75492109375
38.57142857142857 2.75492109375
38.607142857142854 2.75492109375
38.642857142857146 2.75492109375
38.67857142857143 2.75492109375
38.964285714285715 2.75492109375
39.0 2.75492109375
39.035714285714285 2.75492109375
39.07142857142857 2.75492109375
39.107142857142854 2.75492109375
39.142857142857146 2.75492109375
39.17857142857143 2.75492109375
39.214285714285715 2.75492109375
39.25 2.75492109375
39.285714285714285 2.75492109375
39.357142857142854 2.75492109375
39.57142857142857 2.75492109375
39.607142857142854 2.75492109375
39.642857142857146 2.75492109375
39.67857142857143 2.75492109375
39.714285714285715 2.75492109375
39.75 2.75492109375
39.785714285714285 2.75492109375
39.82142857142857 2.75492109375
39.857142857142854 2.75492109375
39.892857142857146 2.75492109375
