0.6071428571428571 1.86222421875
0.6428571428571429 1.86222421875
0.6785714285714286 1.86222421875
0.7142857142857143 1.86222421875
0.75 1.86222421875
0.7857142857142857 1.86222421875
0.8214285714285714 1.86222421875
0.8571428571428571 1.86222421875
0.8928571428571429 1.86222421875
0.9285714285714286 1.86222421875
0.9642857142857143 1.86222421875
1.0 1.86222421875
1.0357142857142858 1.86222421875
1.0714285714285714 1.86222421875
1.1071428571428572 1.86222421875
1.1428571428571428 1.86222421875
1.1785714285714286 1.86222421875
1.2142857142857142 1.86222421875
1.25 1.86222421875
1.2857142857142858 1.86222421875
1.3214285714285714 1.86222421875
1.3571428571428572 1.86222421875
1.3928571428571428 1.86222421875
1.4285714285714286 1.86222421875
1.4642857142857142 1.86222421875
1.5 1.86222421875
1.5357142857142858 1.86222421875
1.5714285714285714 1.86222421875
1.6071428571428572 1.86222421875
1.6428571428571428 1.86222421875
1.6785714285714286 1.86222421875
1.7142857142857142 1.86222421875
1.75 1.86222421875
1.7857142857142858 1.86222421875
1.8214285714285714 1.86222421875
1.8571428571428572 1.86222421875
1.8928571428571428 1.86222421875
1.9285714285714286 1.86222421875
1.9642857142857142 1.86222421875
2.0 1.86222421875
2.0357142857142856 1.86222421875
2.0714285714285716 1.86222421875
2.107142857142857 1.86222421875
2.142857142857143 1.86222421875
2.1785714285714284 1.858565625
3.107142857142857 1.858565625
3.142857142857143 1.858565625
3.1785714285714284 1.858565625
3.2142857142857144 1.858565625
3.25 1.858565625
3.2857142857142856 1.858565625
3.3214285714285716 1.858565625
3.357142857142857 1.858565625
3.392857142857143 1.858565625
3.4285714285714284 1.858565625
3.4642857142857144 1.858565625
3.5 1.86222421875
3.5357142857142856 1.86222421875
3.5714285714285716 1.86222421875
3.607142857142857 1.86222421875
3.642857142857143 1.858565625
3.6785714285714284 1.858565625
3.7142857142857144 1.858565625
3.75 1.858565625
3.7857142857142856 1.858565625
3.8214285714285716 1.858565625
3.857142857142857 1.86222421875
3.892857142857143 1.858565625
3.9285714285714284 1.858565625
3.9642857142857144 1.858565625
4.0 1.858565625
4.035714285714286 1.858565625
4.071428571428571 1.858565625
4.107142857142857 1.858565625
4.142857142857143 1.858565625
4.178571428571429 1.858565625
4.214285714285714 1.858565625
4.25 1.86222421875
4.285714285714286 1.86222421875
4.321428571428571 1.858565625
4.357142857142857 1.86222421875
4.392857142857143 1.86222421875
4.428571428571429 1.858565625
4.464285714285714 1.858565625
4.5 1.858565625
4.535714285714286 1.858565625
4.571428571428571 1.858565625
4.607142857142857 1.858565625
4.642857142857143 1.858565625
4.678571428571429 1.858565625
4.714285714285714 1.858565625
5.607142857142857 1.858565625
5.642857142857143 1.858565625
5.678571428571429 1.86222421875
5.714285714285714 1.858565625
5.75 1.858565625
5.785714285714286 1.858565625
5.821428571428571 1.858565625
5.857142857142857 1.858565625
5.892857142857143 1.858565625
5.928571428571429 1.858565625
5.964285714285714 1.858565625
6.0 1.858565625
6.035714285714286 1.858565625
6.071428571428571 1.858565625
6.107142857142857 1.858565625
6.142857142857143 1.858565625
6.178571428571429 1.858565625
6.214285714285714 1.858565625
6.25 1.858565625
6.285714285714286 1.858565625
6.321428571428571 1.858565625
6.357142857142857 1.858565625
6.392857142857143 1.858565625
6.428571428571429 1.858565625
6.464285714285714 1.858565625
6.5 1.858565625
6.535714285714286 1.858565625
6.571428571428571 1.858565625
6.607142857142857 1.858565625
6.642857142857143 1.858565625
6.678571428571429 1.858565625
6.714285714285714 1.858565625
6.75 1.858565625
6.785714285714286 1.858565625
6.821428571428571 1.858565625
6.857142857142857 1.858565625
6.892857142857143 1.858565625
6.928571428571429 1.858565625
6.964285714285714 1.858565625
7.0 1.858565625
7.035714285714286 1.858565625
7.071428571428571 1.858565625
7.107142857142857 1.858565625
7.142857142857143 1.858565625
7.178571428571429 1.858565625
7.214285714285714 1.858565625
8.107142857142858 1.858565625
8.142857142857142 1.858565625
8.178571428571429 1.858565625
8.214285714285714 1.858565625
8.25 1.858565625
8.285714285714286 1.858565625
8.321428571428571 1.858565625
8.357142857142858 1.858565625
8.392857142857142 1.858565625
8.428571428571429 1.85490703125
8.464285714285714 1.85490703125
8.5 1.85490703125
8.535714285714286 1.85490703125
8.571428571428571 1.85490703125
8.607142857142858 1.858565625
8.642857142857142 1.858565625
8.678571428571429 1.858565625
8.714285714285714 1.858565625
8.75 1.858565625
8.785714285714286 1.858565625
8.821428571428571 1.858565625
8.857142857142858 1.858565625
8.892857142857142 1.858565625
8.928571428571429 1.85490703125
8.964285714285714 1.85490703125
9.0 1.858565625
9.035714285714286 1.85490703125
9.071428571428571 1.85490703125
9.107142857142858 1.858565625
9.142857142857142 1.858565625
9.178571428571429 1.858565625
9.214285714285714 1.858565625
9.25 1.85490703125
9.285714285714286 1.85490703125
9.321428571428571 1.85490703125
9.357142857142858 1.858565625
9.392857142857142 1.85490703125
9.428571428571429 1.85490703125
9.464285714285714 1.85490703125
9.5 1.858565625
9.535714285714286 1.858565625
9.571428571428571 1.85490703125
9.607142857142858 1.85490703125
9.642857142857142 1.85490703125
9.678571428571429 1.858565625
9.714285714285714 1.858565625
10.607142857142858 1.858565625
10.642857142857142 1.858565625
10.678571428571429 1.858565625
10.714285714285714 1.858565625
10.75 1.858565625
10.785714285714286 1.858565625
10.821428571428571 1.858565625
10.857142857142858 1.858565625
10.892857142857142 1.858565625
10.928571428571429 1.858565625
10.964285714285714 1.858565625
11.0 1.858565625
11.035714285714286 1.858565625
11.071428571428571 1.858565625
11.107142857142858 1.858565625
11.142857142857142 1.858565625
11.178571428571429 1.858565625
11.214285714285714 1.858565625
11.25 1.858565625
11.285714285714286 1.858565625
11.321428571428571 1.858565625
11.357142857142858 1.858565625
11.392857142857142 1.858565625
11.428571428571429 1.858565625
11.464285714285714 1.858565625
11.5 1.858565625
11.535714285714286 1.858565625
11.571428571428571 1.858565625
11.607142857142858 1.858565625
11.642857142857142 1.858565625
11.678571428571429 1.858565625
11.714285714285714 1.858565625
11.75 1.858565625
11.785714285714286 1.858565625
11.821428571428571 1.858565625
11.857142857142858 1.858565625
11.892857142857142 1.858565625
11.928571428571429 1.858565625
11.964285714285714 1.858565625
12.0 1.858565625
12.035714285714286 1.858565625
12.071428571428571 1.858565625
12.107142857142858 1.858565625
12.142857142857142 1.858565625
12.178571428571429 1.858565625
12.214285714285714 1.858565625
13.107142857142858 1.858565625
13.142857142857142 1.858565625
13.178571428571429 1.858565625
13.214285714285714 1.858565625
13.25 1.858565625
13.285714285714286 1.858565625
13.321428571428571 1.858565625
13.357142857142858 1.85490703125
13.392857142857142 1.858565625
13.428571428571429 1.858565625
13.464285714285714 1.858565625
13.5 1.858565625
13.535714285714286 1.858565625
13.571428571428571 1.858565625
13.607142857142858 1.858565625
13.642857142857142 1.858565625
13.678571428571429 1.858565625
13.714285714285714 1.858565625
13.75 1.858565625
13.785714285714286 1.858565625
13.821428571428571 1.858565625
13.857142857142858 1.858565625
13.892857142857142 1.858565625
13.928571428571429 1.85490703125
13.964285714285714 1.858565625
14.0 1.858565625
14.035714285714286 1.858565625
14.071428571428571 1.858565625
14.107142857142858 1.858565625
14.142857142857142 1.858565625
14.178571428571429 1.858565625
14.214285714285714 1.858565625
14.25 1.858565625
14.285714285714286 1.858565625
14.321428571428571 1.858565625
14.357142857142858 1.858565625
14.392857142857142 1.858565625
14.428571428571429 1.858565625
14.464285714285714 1.85490703125
14.5 1.85490703125
14.535714285714286 1.85490703125
14.571428571428571 1.858565625
14.607142857142858 1.858565625
14.642857142857142 1.858565625
14.678571428571429 1.85490703125
14.714285714285714 1.858565625
15.607142857142858 1.86222421875
15.642857142857142 1.86222421875
15.678571428571429 1.858565625
15.714285714285714 1.858565625
15.75 1.858565625
15.785714285714286 1.86222421875
15.821428571428571 1.858565625
15.857142857142858 1.86222421875
15.892857142857142 1.86222421875
15.928571428571429 1.86222421875
15.964285714285714 1.86222421875
16.0 1.858565625
16.035714285714285 1.858565625
16.071428571428573 1.858565625
16.107142857142858 1.858565625
16.142857142857142 1.86222421875
16.178571428571427 1.858565625
16.214285714285715 1.858565625
16.25 1.858565625
16.285714285714285 1.858565625
16.321428571428573 1.858565625
16.357142857142858 1.858565625
16.392857142857142 1.858565625
16.428571428571427 1.858565625
16.464285714285715 1.858565625
16.5 1.858565625
16.535714285714285 1.858565625
16.571428571428573 1.858565625
16.607142857142858 1.858565625
16.642857142857142 1.858565625
16.678571428571427 1.858565625
16.714285714285715 1.858565625
16.75 1.858565625
16.785714285714285 1.858565625
16.821428571428573 1.858565625
16.857142857142858 1.858565625
16.892857142857142 1.858565625
16.928571428571427 1.858565625
16.964285714285715 1.858565625
17.0 1.858565625
17.035714285714285 1.86222421875
17.071428571428573 1.86222421875
17.107142857142858 1.858565625
17.142857142857142 1.858565625
17.178571428571427 1.858565625
17.214285714285715 1.858565625
18.0 1.86222421875
18.107142857142858 1.858565625
18.142857142857142 1.858565625
18.178571428571427 1.86222421875
18.214285714285715 1.858565625
18.25 1.858565625
18.285714285714285 1.858565625
18.321428571428573 1.858565625
18.357142857142858 1.858565625
18.392857142857142 1.86222421875
18.428571428571427 1.858565625
18.464285714285715 1.858565625
18.5 1.86222421875
18.535714285714285 1.86222421875
18.571428571428573 1.858565625
18.607142857142858 1.858565625
18.642857142857142 1.86222421875
18.678571428571427 1.858565625
18.714285714285715 1.858565625
18.75 1.86222421875
18.785714285714285 1.86222421875
18.821428571428573 1.86222421875
18.857142857142858 1.86222421875
18.892857142857142 1.86222421875
18.928571428571427 1.86222421875
18.964285714285715 1.858565625
19.0 1.858565625
19.035714285714285 1.86222421875
19.071428571428573 1.86222421875
19.107142857142858 1.86222421875
19.142857142857142 1.86222421875
19.178571428571427 1.86222421875
19.214285714285715 1.86222421875
19.25 1.86222421875
19.285714285714285 1.86222421875
19.321428571428573 1.86222421875
19.357142857142858 1.86222421875
19.392857142857142 1.86222421875
19.428571428571427 1.86222421875
19.464285714285715 1.858565625
19.5 1.858565625
19.535714285714285 1.86222421875
19.571428571428573 1.86222421875
19.607142857142858 1.86222421875
19.642857142857142 1.86222421875
19.678571428571427 1.858565625
19.714285714285715 1.858565625
20.607142857142858 1.858565625
20.642857142857142 1.858565625
20.678571428571427 1.858565625
20.714285714285715 1.858565625
20.75 1.858565625
20.785714285714285 1.858565625
20.821428571428573 1.86222421875
20.857142857142858 1.858565625
20.892857142857142 1.858565625
20.928571428571427 1.858565625
20.964285714285715 1.858565625
21.0 1.86222421875
21.035714285714285 1.858565625
21.071428571428573 1.858565625
21.107142857142858 1.86222421875
21.142857142857142 1.858565625
21.178571428571427 1.858565625
21.214285714285715 1.86222421875
21.25 1.858565625
21.285714285714285 1.86222421875
21.321428571428573 1.858565625
21.357142857142858 1.858565625
21.392857142857142 1.86222421875
21.428571428571427 1.858565625
21.464285714285715 1.86222421875
21.5 1.858565625
21.535714285714285 1.858565625
21.571428571428573 1.858565625
21.607142857142858 1.858565625
21.642857142857142 1.858565625
21.678571428571427 1.86222421875
21.714285714285715 1.86222421875
21.75 1.858565625
21.785714285714285 1.858565625
21.821428571428573 1.86222421875
21.857142857142858 1.86222421875
21.892857142857142 1.86222421875
21.928571428571427 1.86222421875
21.964285714285715 1.86222421875
22.0 1.858565625
22.035714285714285 1.858565625
22.071428571428573 1.858565625
22.107142857142858 1.858565625
22.142857142857142 1.858565625
22.178571428571427 1.86222421875
22.214285714285715 1.86222421875
23.107142857142858 1.86222421875
23.142857142857142 1.86222421875
23.178571428571427 1.858565625
23.214285714285715 1.858565625
23.25 1.858565625
23.285714285714285 1.858565625
23.321428571428573 1.858565625
23.357142857142858 1.858565625
23.392857142857142 1.858565625
23.428571428571427 1.86222421875
23.464285714285715 1.86222421875
23.5 1.858565625
23.535714285714285 1.858565625
23.571428571428573 1.858565625
23.607142857142858 1.858565625
23.642857142857142 1.86222421875
23.678571428571427 1.86222421875
23.714285714285715 1.858565625
23.75 1.858565625
23.785714285714285 1.858565625
23.821428571428573 1.858565625
23.857142857142858 1.858565625
23.892857142857142 1.86222421875
23.928571428571427 1.858565625
23.964285714285715 1.858565625
24.0 1.86222421875
24.035714285714285 1.858565625
24.071428571428573 1.858565625
24.107142857142858 1.858565625
24.142857142857142 1.858565625
24.178571428571427 1.858565625
24.214285714285715 1.858565625
24.25 1.858565625
24.285714285714285 1.858565625
24.321428571428573 1.858565625
24.357142857142858 1.858565625
24.392857142857142 1.86222421875
24.428571428571427 1.86222421875
24.464285714285715 1.86222421875
24.5 1.86222421875
24.535714285714285 1.86222421875
24.571428571428573 1.86222421875
24.607142857142858 1.86222421875
24.642857142857142 1.858565625
24.678571428571427 1.858565625
24.714285714285715 1.858565625
25.607142857142858 1.86222421875
25.642857142857142 1.86222421875
25.678571428571427 1.86222421875
25.714285714285715 1.858565625
25.75 1.858565625
25.785714285714285 1.858565625
25.821428571428573 1.858565625
25.857142857142858 1.858565625
25.892857142857142 1.858565625
25.928571428571427 1.858565625
25.964285714285715 1.858565625
26.0 1.858565625
26.035714285714285 1.858565625
26.071428571428573 1.858565625
26.107142857142858 1.858565625
26.142857142857142 1.858565625
26.178571428571427 1.858565625
26.214285714285715 1.858565625
26.25 1.858565625
26.285714285714285 1.858565625
26.321428571428573 1.858565625
26.357142857142858 1.858565625
26.392857142857142 1.858565625
26.428571428571427 1.858565625
26.464285714285715 1.858565625
26.5 1.858565625
26.535714285714285 1.858565625
26.571428571428573 1.858565625
26.607142857142858 1.858565625
26.642857142857142 1.858565625
26.678571428571427 1.858565625
26.714285714285715 1.858565625
26.75 1.858565625
26.785714285714285 1.858565625
26.821428571428573 1.858565625
26.857142857142858 1.858565625
26.892857142857142 1.858565625
26.928571428571427 1.858565625
26.964285714285715 1.86222421875
27.0 1.858565625
27.035714285714285 1.858565625
27.071428571428573 1.858565625
27.107142857142858 1.858565625
27.142857142857142 1.858565625
27.178571428571427 1.858565625
28.107142857142858 1.858565625
28.142857142857142 1.858565625
28.178571428571427 1.858565625
28.214285714285715 1.858565625
28.25 1.858565625
28.285714285714285 1.858565625
28.321428571428573 1.858565625
28.357142857142858 1.858565625
28.392857142857142 1.858565625
28.428571428571427 1.858565625
28.464285714285715 1.858565625
28.5 1.86222421875
28.535714285714285 1.86222421875
28.571428571428573 1.86222421875
28.607142857142858 1.858565625
28.642857142857142 1.858565625
28.678571428571427 1.86222421875
28.714285714285715 1.858565625
28.75 1.858565625
28.785714285714285 1.858565625
28.821428571428573 1.86222421875
28.857142857142858 1.858565625
28.892857142857142 1.86222421875
28.928571428571427 1.86222421875
28.964285714285715 1.86222421875
29.0 1.858565625
29.035714285714285 1.86222421875
29.071428571428573 1.86222421875
29.107142857142858 1.86222421875
29.142857142857142 1.86222421875
29.178571428571427 1.86222421875
29.214285714285715 1.86222421875
29.25 1.858565625
29.285714285714285 1.858565625
29.321428571428573 1.858565625
29.357142857142858 1.858565625
29.392857142857142 1.858565625
29.428571428571427 1.86222421875
29.464285714285715 1.86222421875
29.5 1.86222421875
29.535714285714285 1.86222421875
29.571428571428573 1.858565625
29.607142857142858 1.858565625
29.642857142857142 1.858565625
29.678571428571427 1.86222421875
29.714285714285715 1.86222421875
30.607142857142858 1.858565625
30.642857142857142 1.858565625
30.678571428571427 1.86222421875
30.714285714285715 1.86222421875
30.75 1.86222421875
30.785714285714285 1.86222421875
30.821428571428573 1.86222421875
30.857142857142858 1.86222421875
30.892857142857142 1.86222421875
30.928571428571427 1.858565625
30.964285714285715 1.86222421875
31.0 1.86222421875
31.035714285714285 1.86222421875
31.071428571428573 1.86222421875
31.107142857142858 1.858565625
31.142857142857142 1.858565625
31.178571428571427 1.86222421875
31.214285714285715 1.86222421875
31.25 1.86222421875
31.285714285714285 1.86222421875
31.321428571428573 1.86222421875
31.357142857142858 1.86222421875
31.392857142857142 1.86222421875
31.428571428571427 1.86222421875
31.464285714285715 1.86222421875
31.5 1.86222421875
31.535714285714285 1.86222421875
31.571428571428573 1.86222421875
31.607142857142858 1.86222421875
31.642857142857142 1.86222421875
31.678571428571427 1.86222421875
31.714285714285715 1.86222421875
31.75 1.86222421875
31.785714285714285 1.86222421875
31.821428571428573 1.86222421875
31.857142857142858 1.86222421875
31.892857142857142 1.86222421875
31.928571428571427 1.86222421875
31.964285714285715 1.86222421875
32.0 1.86222421875
32.035714285714285 1.8658828125
32.07142857142857 1.86222421875
32.107142857142854 1.858565625
32.142857142857146 1.858565625
32.17857142857143 1.858565625
33.107142857142854 1.86222421875
33.142857142857146 1.86222421875
33.17857142857143 1.86222421875
33.214285714285715 1.86222421875
33.25 1.86222421875
33.285714285714285 1.86222421875
33.32142857142857 1.86222421875
33.357142857142854 1.86222421875
33.392857142857146 1.86222421875
33.42857142857143 1.86222421875
33.464285714285715 1.86222421875
33.5 1.86222421875
33.535714285714285 1.86222421875
33.57142857142857 1.86222421875
33.607142857142854 1.86222421875
33.642857142857146 1.86222421875
33.67857142857143 1.86222421875
33.714285714285715 1.86222421875
33.75 1.86222421875
33.785714285714285 1.86222421875
33.82142857142857 1.8658828125
33.857142857142854 1.8658828125
33.892857142857146 1.8658828125
33.92857142857143 1.8658828125
33.964285714285715 1.86222421875
34.0 1.86222421875
34.035714285714285 1.86222421875
34.07142857142857 1.86222421875
34.107142857142854 1.86222421875
34.142857142857146 1.86222421875
34.17857142857143 1.86222421875
34.214285714285715 1.86222421875
34.25 1.86222421875
34.285714285714285 1.86222421875
34.32142857142857 1.8658828125
34.357142857142854 1.8658828125
34.392857142857146 1.8658828125
34.42857142857143 1.8658828125
34.464285714285715 1.86222421875
34.5 1.86222421875
34.535714285714285 1.86222421875
34.57142857142857 1.86222421875
34.607142857142854 1.86222421875
34.642857142857146 1.86222421875
34.67857142857143 1.86222421875
34.714285714285715 1.86222421875
35.607142857142854 1.8658828125
35.642857142857146 1.8658828125
35.67857142857143 1.8658828125
35.714285714285715 1.8658828125
35.75 1.8658828125
35.785714285714285 1.8658828125
35.82142857142857 1.8658828125
35.857142857142854 1.8658828125
35.892857142857146 1.8658828125
35.92857142857143 1.8658828125
35.964285714285715 1.8658828125
36.0 1.8658828125
36.035714285714285 1.8658828125
36.07142857142857 1.8658828125
36.107142857142854 1.8658828125
36.142857142857146 1.8658828125
36.17857142857143 1.8658828125
36.214285714285715 1.8658828125
36.25 1.86222421875
36.285714285714285 1.86222421875
36.32142857142857 1.86222421875
36.357142857142854 1.86222421875
36.392857142857146 1.86222421875
36.42857142857143 1.8658828125
36.464285714285715 1.86222421875
36.5 1.86222421875
36.535714285714285 1.86222421875
36.57142857142857 1.8658828125
36.607142857142854 1.8658828125
36.642857142857146 1.8658828125
36.67857142857143 1.8658828125
36.714285714285715 1.8658828125
36.75 1.8658828125
36.785714285714285 1.8658828125
36.82142857142857 1.8658828125
36.857142857142854 1.8658828125
36.892857142857146 1.8658828125
36.92857142857143 1.8658828125
36.964285714285715 1.8658828125
37.0 1.8658828125
37.035714285714285 1.8658828125
37.07142857142857 1.8658828125
37.107142857142854 1.8658828125
37.142857142857146 1.8658828125
37.17857142857143 1.86222421875
37.214285714285715 1.86222421875
38.107142857142854 1.86954140625
38.142857142857146 1.86954140625
38.17857142857143 1.86954140625
38.214285714285715 1.86954140625
38.25 1.86954140625
38.285714285714285 1.8658828125
38.32142857142857 1.86954140625
38.357142857142854 1.8658828125
38.392857142857146 1.8658828125
38.42857142857143 1.8658828125
38.464285714285715 1.8658828125
38.5 1.8658828125
38.535714285714285 1.8658828125
38.57142857142857 1.8658828125
38.607142857142854 1.86954140625
38.642857142857146 1.86954140625
38.67857142857143 1.86954140625
38.714285714285715 1.8658828125
38.75 1.8658828125
38.785714285714285 1.86954140625
38.82142857142857 1.86954140625
38.857142857142854 1.86954140625
38.892857142857146 1.8658828125
38.92857142857143 1.8658828125
38.964285714285715 1.8658828125
39.0 1.8658828125
39.035714285714285 1.8658828125
39.07142857142857 1.8658828125
39.107142857142854 1.8658828125
39.142857142857146 1.8658828125
39.17857142857143 1.8658828125
39.214285714285715 1.8658828125
39.25 1.8658828125
39.285714285714285 1.8658828125
39.32142857142857 1.8658828125
39.357142857142854 1.8658828125
39.392857142857146 1.8658828125
39.42857142857143 1.8658828125
39.464285714285715 1.8658828125
39.5 1.8658828125
39.535714285714285 1.8658828125
39.57142857142857 1.86954140625
39.607142857142854 1.8658828125
39.642857142857146 1.8658828125
39.67857142857143 1.8658828125
