0.25 3.0951703125
0.2857142857142857 3.0951703125
0.32142857142857145 3.0951703125
0.35714285714285715 3.09151171875
0.39285714285714285 3.0951703125
0.42857142857142855 3.0951703125
0.4642857142857143 3.0951703125
0.5 3.09151171875
0.5357142857142857 3.09151171875
0.5714285714285714 3.09151171875
0.6071428571428571 3.09151171875
0.8928571428571429 3.06956015625
0.9285714285714286 3.0659015625
0.9642857142857143 3.0659015625
1.0 3.0659015625
1.0357142857142858 3.06224296875
1.0714285714285714 3.06224296875
1.1071428571428572 3.06224296875
1.1428571428571428 3.06224296875
1.1785714285714286 3.06224296875
1.2142857142857142 3.06224296875
1.25 3.06224296875
1.5714285714285714 3.04395
1.6071428571428572 3.04395
1.6428571428571428 3.04029140625
1.6785714285714286 3.04029140625
1.7142857142857142 3.04029140625
1.75 3.04029140625
1.7857142857142858 3.04029140625
1.8214285714285714 3.04029140625
1.8571428571428572 3.0366328125
1.8928571428571428 3.0366328125
1.9285714285714286 3.0366328125
1.9642857142857142 3.0366328125
2.25 3.0219984375
2.2857142857142856 3.0219984375
2.3214285714285716 3.0219984375
2.357142857142857 3.01833984375
2.392857142857143 3.01833984375
2.4285714285714284 3.01833984375
2.4642857142857144 3.01833984375
2.5 3.01833984375
2.5357142857142856 3.01833984375
2.5714285714285716 3.01833984375
2.607142857142857 3.01833984375
2.9285714285714284 3.00370546875
2.9642857142857144 3.00370546875
3.0 3.0000468750000002
3.0357142857142856 3.0000468750000002
3.0714285714285716 3.0000468750000002
3.107142857142857 3.0000468750000002
3.142857142857143 3.0000468750000002
3.1785714285714284 3.0000468750000002
3.2142857142857144 3.0000468750000002
3.25 3.0000468750000002
3.2857142857142856 3.0000468750000002
3.5714285714285716 2.9854125
3.607142857142857 2.9854125
3.642857142857143 2.9854125
3.6785714285714284 2.9854125
3.7142857142857144 2.9854125
3.75 2.9854125
3.7857142857142856 2.9854125
3.8214285714285716 2.98175390625
3.857142857142857 2.98175390625
3.892857142857143 2.98175390625
3.9285714285714284 2.98175390625
3.9642857142857144 2.98175390625
4.25 2.970778125
4.285714285714286 2.96711953125
4.321428571428571 2.96711953125
4.357142857142857 2.96711953125
4.392857142857143 2.96711953125
4.428571428571429 2.96711953125
4.464285714285714 2.96711953125
4.5 2.96711953125
4.535714285714286 2.9634609375
4.571428571428571 2.9634609375
4.607142857142857 2.9634609375
4.928571428571429 2.9634609375
4.964285714285714 2.9634609375
5.0 2.95980234375
5.035714285714286 2.95980234375
5.071428571428571 2.95980234375
5.107142857142857 2.95980234375
5.142857142857143 2.95980234375
5.178571428571429 2.95614375
5.214285714285714 2.95980234375
5.25 2.95980234375
5.285714285714286 2.95614375
5.321428571428571 2.95980234375
5.571428571428571 2.9488265625
5.607142857142857 2.9488265625
5.642857142857143 2.94516796875
5.678571428571429 2.94516796875
5.714285714285714 2.94516796875
5.75 2.94516796875
5.785714285714286 2.94516796875
5.821428571428571 2.94516796875
5.857142857142857 2.94516796875
5.892857142857143 2.94516796875
5.928571428571429 2.94516796875
5.964285714285714 2.941509375
6.25 2.93053359375
6.285714285714286 2.93053359375
6.321428571428571 2.93053359375
6.357142857142857 2.926875
6.392857142857143 2.926875
6.428571428571429 2.926875
6.464285714285714 2.926875
6.5 2.926875
6.535714285714286 2.926875
6.571428571428571 2.926875
6.607142857142857 2.926875
6.642857142857143 2.926875
6.928571428571429 2.91589921875
6.964285714285714 2.91589921875
7.0 2.91589921875
7.035714285714286 2.91589921875
7.071428571428571 2.912240625
7.107142857142857 2.91589921875
7.142857142857143 2.91589921875
7.178571428571429 2.912240625
7.214285714285714 2.91589921875
7.25 2.912240625
7.285714285714286 2.912240625
7.607142857142857 2.9049234375
7.642857142857143 2.9049234375
7.678571428571429 2.9049234375
7.714285714285714 2.9049234375
7.75 2.90126484375
7.785714285714286 2.90126484375
7.821428571428571 2.90126484375
7.857142857142857 2.90126484375
7.892857142857143 2.90126484375
7.928571428571429 2.90126484375
7.964285714285714 2.90126484375
8.25 2.8902890625
8.285714285714286 2.8902890625
8.321428571428571 2.8902890625
8.357142857142858 2.8902890625
8.392857142857142 2.8902890625
8.428571428571429 2.88663046875
8.464285714285714 2.88663046875
8.5 2.88663046875
8.535714285714286 2.88663046875
8.571428571428571 2.88663046875
8.607142857142858 2.88663046875
8.928571428571429 2.8756546875
8.964285714285714 2.8756546875
9.0 2.8756546875
9.035714285714286 2.8756546875
9.071428571428571 2.87199609375
9.107142857142858 2.87199609375
9.142857142857142 2.87199609375
9.178571428571429 2.87199609375
9.214285714285714 2.87199609375
9.25 2.87199609375
9.285714285714286 2.87199609375
9.321428571428571 2.87199609375
9.607142857142858 2.85736171875
9.642857142857142 2.85736171875
9.678571428571429 2.85736171875
9.714285714285714 2.853703125
9.75 2.853703125
9.785714285714286 2.853703125
9.821428571428571 2.853703125
9.857142857142858 2.853703125
9.892857142857142 2.853703125
9.928571428571429 2.853703125
9.964285714285714 2.853703125
10.285714285714286 2.84272734375
10.321428571428571 2.83906875
10.357142857142858 2.83906875
10.392857142857142 2.83906875
10.428571428571429 2.83906875
10.464285714285714 2.83906875
10.5 2.83906875
10.535714285714286 2.83906875
10.571428571428571 2.83906875
10.607142857142858 2.83906875
10.642857142857142 2.83906875
10.928571428571429 2.824434375
10.964285714285714 2.824434375
11.0 2.824434375
11.035714285714286 2.82077578125
11.071428571428571 2.82077578125
11.107142857142858 2.82077578125
11.142857142857142 2.82077578125
11.178571428571429 2.82077578125
11.214285714285714 2.82077578125
11.25 2.82077578125
11.285714285714286 2.82077578125
11.321428571428571 2.82077578125
11.607142857142858 2.8098
11.642857142857142 2.80614140625
11.678571428571429 2.80614140625
11.714285714285714 2.80614140625
11.75 2.80614140625
11.785714285714286 2.80614140625
11.821428571428571 2.80614140625
11.857142857142858 2.80614140625
11.892857142857142 2.80614140625
11.928571428571429 2.80614140625
11.964285714285714 2.80614140625
12.285714285714286 2.80614140625
12.321428571428571 2.8024828125
12.357142857142858 2.80614140625
12.392857142857142 2.8024828125
12.428571428571429 2.8024828125
12.464285714285714 2.8024828125
12.5 2.8024828125
12.535714285714286 2.8024828125
12.571428571428571 2.8024828125
12.607142857142858 2.8024828125
12.642857142857142 2.8024828125
12.928571428571429 2.795165625
12.964285714285714 2.79150703125
13.0 2.79150703125
13.035714285714286 2.79150703125
13.071428571428571 2.79150703125
13.107142857142858 2.79150703125
13.142857142857142 2.79150703125
13.178571428571429 2.79150703125
13.214285714285714 2.79150703125
13.25 2.79150703125
13.285714285714286 2.79150703125
13.321428571428571 2.7878484375
13.607142857142858 2.78053125
13.642857142857142 2.78053125
13.678571428571429 2.78053125
13.714285714285714 2.78053125
13.75 2.78053125
13.785714285714286 2.78053125
13.821428571428571 2.78053125
13.857142857142858 2.78053125
13.892857142857142 2.77687265625
13.928571428571429 2.77687265625
13.964285714285714 2.77687265625
14.0 2.77687265625
14.25 2.76223828125
14.285714285714286 2.76223828125
14.321428571428571 2.76223828125
14.357142857142858 2.76223828125
14.392857142857142 2.76223828125
14.428571428571429 2.76223828125
14.464285714285714 2.7585796875
14.5 2.7585796875
14.535714285714286 2.7585796875
14.571428571428571 2.7585796875
14.607142857142858 2.7585796875
14.642857142857142 2.7585796875
14.964285714285714 2.7439453125
15.0 2.7439453125
15.035714285714286 2.7439453125
15.071428571428571 2.74028671875
15.107142857142858 2.74028671875
15.142857142857142 2.74028671875
15.178571428571429 2.74028671875
15.214285714285714 2.74028671875
15.25 2.74028671875
15.285714285714286 2.74028671875
15.321428571428571 2.74028671875
15.607142857142858 2.7293109375
15.642857142857142 2.7293109375
15.678571428571429 2.72565234375
15.714285714285714 2.72565234375
15.75 2.72565234375
15.785714285714286 2.72565234375
15.821428571428571 2.72565234375
15.857142857142858 2.72565234375
15.892857142857142 2.72565234375
15.928571428571429 2.72199375
15.964285714285714 2.72199375
16.285714285714285 2.7110179687500002
16.321428571428573 2.7073593750000002
16.357142857142858 2.7073593750000002
16.392857142857142 2.7073593750000002
16.428571428571427 2.7073593750000002
16.464285714285715 2.7073593750000002
16.5 2.7073593750000002
16.535714285714285 2.7073593750000002
16.571428571428573 2.7073593750000002
16.607142857142858 2.7073593750000002
16.642857142857142 2.7073593750000002
16.964285714285715 2.69638359375
17.0 2.69638359375
17.035714285714285 2.69638359375
17.071428571428573 2.692725
17.107142857142858 2.692725
17.142857142857142 2.692725
17.178571428571427 2.692725
17.214285714285715 2.692725
17.25 2.692725
17.285714285714285 2.692725
17.321428571428573 2.692725
17.607142857142858 2.6854078125
17.642857142857142 2.68174921875
17.678571428571427 2.68174921875
17.714285714285715 2.68174921875
17.75 2.68174921875
17.785714285714285 2.68174921875
17.821428571428573 2.678090625
17.857142857142858 2.678090625
17.892857142857142 2.678090625
17.928571428571427 2.678090625
17.964285714285715 2.678090625
18.0 2.678090625
18.285714285714285 2.6707734375
18.321428571428573 2.6707734375
18.357142857142858 2.66711484375
18.392857142857142 2.66711484375
18.428571428571427 2.66711484375
18.464285714285715 2.66711484375
18.5 2.66711484375
18.535714285714285 2.66711484375
18.571428571428573 2.66711484375
18.607142857142858 2.66711484375
18.642857142857142 2.66711484375
18.678571428571427 2.66711484375
18.964285714285715 2.65248046875
19.0 2.65248046875
19.035714285714285 2.65248046875
19.071428571428573 2.65248046875
19.107142857142858 2.65248046875
19.142857142857142 2.648821875
19.178571428571427 2.648821875
19.214285714285715 2.648821875
19.25 2.648821875
19.285714285714285 2.648821875
19.321428571428573 2.648821875
19.607142857142858 2.63784609375
19.642857142857142 2.63784609375
19.678571428571427 2.63784609375
19.714285714285715 2.6341875
19.75 2.6341875
19.785714285714285 2.6341875
19.821428571428573 2.6341875
19.857142857142858 2.6341875
19.892857142857142 2.6341875
19.928571428571427 2.6341875
19.964285714285715 2.6341875
20.285714285714285 2.63052890625
20.321428571428573 2.63052890625
20.357142857142858 2.63052890625
20.392857142857142 2.63052890625
20.428571428571427 2.63052890625
20.464285714285715 2.6268703125
20.5 2.6268703125
20.535714285714285 2.6268703125
20.571428571428573 2.6268703125
20.607142857142858 2.6268703125
20.642857142857142 2.6268703125
20.678571428571427 2.56467421875
20.964285714285715 2.61589453125
21.0 2.61589453125
21.035714285714285 2.61589453125
21.071428571428573 2.61589453125
21.107142857142858 2.61589453125
21.142857142857142 2.6122359375
21.178571428571427 2.6122359375
21.214285714285715 2.6122359375
21.25 2.6122359375
21.285714285714285 2.6122359375
21.321428571428573 2.6122359375
21.357142857142858 2.6122359375
21.607142857142858 2.60491875
21.642857142857142 2.60126015625
21.678571428571427 2.60126015625
21.714285714285715 2.60126015625
21.75 2.60126015625
21.785714285714285 2.60126015625
21.821428571428573 2.5976015625
21.857142857142858 2.5976015625
21.892857142857142 2.5976015625
21.928571428571427 2.5976015625
21.964285714285715 2.5976015625
22.0 2.5976015625
22.321428571428573 2.58662578125
22.357142857142858 2.58662578125
22.392857142857142 2.58662578125
22.428571428571427 2.58662578125
22.464285714285715 2.5829671875
22.5 2.5829671875
22.535714285714285 2.5829671875
22.571428571428573 2.5829671875
22.607142857142858 2.57930859375
22.642857142857142 2.57930859375
22.678571428571427 2.57930859375
23.0 2.57565
23.035714285714285 2.57565
23.071428571428573 2.57565
23.107142857142858 2.57565
23.142857142857142 2.57199140625
23.178571428571427 2.57565
23.214285714285715 2.57199140625
23.25 2.57199140625
23.285714285714285 2.57199140625
23.321428571428573 2.57199140625
23.642857142857142 2.56467421875
23.678571428571427 2.56467421875
23.714285714285715 2.56467421875
23.75 2.56467421875
23.785714285714285 2.56467421875
23.821428571428573 2.56467421875
23.857142857142858 2.56467421875
23.892857142857142 2.561015625
23.928571428571427 2.561015625
23.964285714285715 2.561015625
24.0 2.561015625
24.321428571428573 2.54638125
24.357142857142858 2.54638125
24.392857142857142 2.54638125
24.428571428571427 2.54272265625
24.464285714285715 2.54272265625
24.5 2.54272265625
24.535714285714285 2.54272265625
24.571428571428573 2.54272265625
24.607142857142858 2.54272265625
24.642857142857142 2.54272265625
24.678571428571427 2.54272265625
24.714285714285715 2.54272265625
24.964285714285715 2.531746875
25.0 2.52808828125
25.035714285714285 2.52808828125
25.071428571428573 2.52808828125
25.107142857142858 2.52808828125
25.142857142857142 2.52808828125
25.178571428571427 2.52808828125
25.214285714285715 2.52808828125
25.25 2.52808828125
25.285714285714285 2.52808828125
25.321428571428573 2.5244296875
25.357142857142858 2.5244296875
25.642857142857142 2.5097953125
25.678571428571427 2.5097953125
25.714285714285715 2.5097953125
25.75 2.5097953125
25.785714285714285 2.5097953125
25.821428571428573 2.5097953125
25.857142857142858 2.5097953125
25.892857142857142 2.5097953125
25.928571428571427 2.50613671875
25.964285714285715 2.50613671875
26.0 2.50613671875
26.035714285714285 2.50613671875
26.321428571428573 2.4951609375
26.357142857142858 2.4951609375
26.392857142857142 2.4951609375
26.428571428571427 2.4951609375
26.464285714285715 2.4951609375
26.5 2.4951609375
26.535714285714285 2.4951609375
26.571428571428573 2.4951609375
26.607142857142858 2.4951609375
26.642857142857142 2.4951609375
26.678571428571427 2.4951609375
26.714285714285715 2.4951609375
27.0 2.48418515625
27.035714285714285 2.48418515625
27.071428571428573 2.48418515625
27.107142857142858 2.48418515625
27.142857142857142 2.48418515625
27.178571428571427 2.48418515625
27.214285714285715 2.48418515625
27.25 2.4805265625
27.285714285714285 2.4805265625
27.321428571428573 2.4805265625
27.357142857142858 2.4805265625
27.642857142857142 2.4658921875
27.678571428571427 2.4658921875
27.714285714285715 2.4658921875
27.75 2.4658921875
27.785714285714285 2.4658921875
27.821428571428573 2.4658921875
27.857142857142858 2.4658921875
27.892857142857142 2.4658921875
27.928571428571427 2.4658921875
27.964285714285715 2.4658921875
28.0 2.4658921875
28.321428571428573 2.4512578125
28.357142857142858 2.4512578125
28.392857142857142 2.4512578125
28.428571428571427 2.44759921875
28.464285714285715 2.44759921875
28.5 2.44759921875
28.535714285714285 2.44759921875
28.571428571428573 2.44759921875
28.607142857142858 2.44759921875
28.642857142857142 2.44759921875
28.678571428571427 2.44759921875
28.714285714285715 2.44759921875
29.0 2.4366234375
29.035714285714285 2.43296484375
29.071428571428573 2.43296484375
29.107142857142858 2.43296484375
29.142857142857142 2.43296484375
29.178571428571427 2.43296484375
29.214285714285715 2.43296484375
29.25 2.43296484375
29.285714285714285 2.43296484375
29.321428571428573 2.43296484375
29.357142857142858 2.43296484375
29.678571428571427 2.41833046875
29.714285714285715 2.414671875
29.75 2.414671875
29.785714285714285 2.414671875
29.821428571428573 2.414671875
29.857142857142858 2.414671875
29.892857142857142 2.414671875
29.928571428571427 2.414671875
29.964285714285715 2.414671875
30.0 2.414671875
30.035714285714285 2.414671875
30.357142857142858 2.4000375
30.392857142857142 2.39637890625
30.428571428571427 2.39637890625
30.464285714285715 2.39637890625
30.5 2.39637890625
30.535714285714285 2.39637890625
30.571428571428573 2.39637890625
30.607142857142858 2.39637890625
30.642857142857142 2.39637890625
30.678571428571427 2.3927203125
30.714285714285715 2.3927203125
31.0 2.385403125
31.035714285714285 2.385403125
31.071428571428573 2.38174453125
31.107142857142858 2.38174453125
31.142857142857142 2.38174453125
31.178571428571427 2.38174453125
31.214285714285715 2.38174453125
31.25 2.38174453125
31.285714285714285 2.38174453125
31.321428571428573 2.38174453125
31.357142857142858 2.38174453125
31.642857142857142 2.3780859375
31.678571428571427 2.3780859375
31.714285714285715 2.37442734375
31.75 2.37442734375
31.785714285714285 2.37442734375
31.821428571428573 2.37442734375
31.857142857142858 2.37442734375
31.892857142857142 2.37442734375
31.928571428571427 2.37442734375
31.964285714285715 2.37076875
32.0 2.37076875
32.035714285714285 2.37076875
32.32142857142857 2.35979296875
32.357142857142854 2.35979296875
32.392857142857146 2.35979296875
32.42857142857143 2.356134375
32.464285714285715 2.356134375
32.5 2.356134375
32.535714285714285 2.356134375
32.57142857142857 2.356134375
32.607142857142854 2.356134375
32.642857142857146 2.356134375
32.67857142857143 2.356134375
32.714285714285715 2.356134375
33.0 2.34515859375
33.035714285714285 2.34515859375
33.07142857142857 2.34515859375
33.107142857142854 2.3415
33.142857142857146 2.3415
33.17857142857143 2.3415
33.214285714285715 2.3415
33.25 2.3415
33.285714285714285 2.3415
33.32142857142857 2.3415
33.357142857142854 2.3415
33.392857142857146 2.3415
33.642857142857146 2.33052421875
33.67857142857143 2.33052421875
33.714285714285715 2.33052421875
33.75 2.33052421875
33.785714285714285 2.33052421875
33.82142857142857 2.326865625
33.857142857142854 2.326865625
33.892857142857146 2.326865625
33.92857142857143 2.326865625
33.964285714285715 2.326865625
34.0 2.326865625
34.035714285714285 2.326865625
34.07142857142857 2.326865625
34.357142857142854 2.31223125
34.392857142857146 2.31223125
34.42857142857143 2.31223125
34.464285714285715 2.31223125
34.5 2.31223125
34.535714285714285 2.31223125
34.57142857142857 2.31223125
34.607142857142854 2.31223125
34.642857142857146 2.31223125
34.67857142857143 2.31223125
34.714285714285715 2.31223125
35.0 2.30125546875
35.035714285714285 2.30125546875
35.07142857142857 2.297596875
35.107142857142854 2.297596875
35.142857142857146 2.297596875
35.17857142857143 2.297596875
35.214285714285715 2.297596875
35.25 2.297596875
35.285714285714285 2.297596875
35.32142857142857 2.297596875
35.357142857142854 2.297596875
35.67857142857143 2.29393828125
35.714285714285715 2.2902796875
35.75 2.2902796875
35.785714285714285 2.2902796875
35.82142857142857 2.2902796875
35.857142857142854 2.2902796875
35.892857142857146 2.2902796875
35.92857142857143 2.2902796875
35.964285714285715 2.2902796875
36.0 2.2902796875
36.035714285714285 2.2902796875
36.357142857142854 2.2829625
36.392857142857146 2.2829625
36.42857142857143 2.2829625
36.464285714285715 2.2829625
36.5 2.2829625
36.535714285714285 2.2829625
36.57142857142857 2.2829625
36.607142857142854 2.2829625
36.642857142857146 2.2829625
36.67857142857143 2.2829625
36.714285714285715 2.2829625
37.0 2.268328125
37.035714285714285 2.268328125
37.07142857142857 2.268328125
37.107142857142854 2.268328125
37.142857142857146 2.268328125
37.17857142857143 2.268328125
37.214285714285715 2.268328125
37.25 2.268328125
37.285714285714285 2.268328125
37.32142857142857 2.268328125
37.357142857142854 2.268328125
37.392857142857146 2.268328125
37.67857142857143 2.25735234375
37.714285714285715 2.25735234375
37.75 2.25735234375
37.785714285714285 2.25735234375
37.82142857142857 2.25735234375
37.857142857142854 2.25735234375
37.892857142857146 2.25369375
37.92857142857143 2.25369375
37.964285714285715 2.25735234375
38.0 2.25369375
38.035714285714285 2.25369375
38.07142857142857 2.25735234375
38.357142857142854 2.24271796875
38.392857142857146 2.24271796875
38.42857142857143 2.24271796875
38.464285714285715 2.24271796875
38.5 2.24271796875
38.535714285714285 2.24271796875
38.57142857142857 2.24271796875
38.607142857142854 2.24271796875
38.642857142857146 2.24271796875
38.67857142857143 2.24271796875
38.714285714285715 2.24271796875
39.035714285714285 2.2317421875
39.07142857142857 2.2317421875
39.107142857142854 2.23540078125
39.142857142857146 2.23540078125
39.17857142857143 2.23540078125
39.214285714285715 2.23540078125
39.25 2.23540078125
39.285714285714285 2.2317421875
39.32142857142857 2.2317421875
39.357142857142854 2.2317421875
39.392857142857146 2.23540078125
39.67857142857143 2.2317421875
39.714285714285715 2.2317421875
39.75 2.2317421875
39.785714285714285 2.2317421875
39.82142857142857 2.22808359375
39.857142857142854 2.22808359375
39.892857142857146 2.22808359375
39.92857142857143 2.22808359375
