0.03571428571428571 2.04515390625
0.07142857142857142 2.04515390625
0.10714285714285714 2.04515390625
0.14285714285714285 2.04515390625
0.17857142857142858 2.04515390625
0.21428571428571427 2.04515390625
0.25 2.04515390625
0.2857142857142857 2.04515390625
0.32142857142857145 2.0488125
0.35714285714285715 2.0488125
0.39285714285714285 2.05247109375
0.42857142857142855 2.0488125
0.4642857142857143 2.0488125
0.5 2.04515390625
0.5357142857142857 2.04515390625
0.5714285714285714 2.04515390625
0.6071428571428571 2.04515390625
0.6428571428571429 2.04515390625
0.6785714285714286 2.04515390625
0.7142857142857143 2.04515390625
0.75 2.04515390625
0.7857142857142857 2.04515390625
0.8214285714285714 2.04515390625
0.8571428571428571 2.04515390625
0.8928571428571429 2.0414953125
0.9285714285714286 2.0414953125
0.9642857142857143 2.0414953125
1.0 2.04515390625
1.0357142857142858 2.0414953125
1.0714285714285714 2.0414953125
1.1071428571428572 2.0414953125
1.1428571428571428 2.0414953125
1.1785714285714286 2.0414953125
1.2142857142857142 2.0414953125
1.25 2.0414953125
1.2857142857142858 2.0414953125
1.3214285714285714 2.0414953125
1.3571428571428572 2.0414953125
1.3928571428571428 2.0414953125
1.4285714285714286 2.04515390625
1.4642857142857142 2.04515390625
1.5 2.04515390625
1.5357142857142858 2.04515390625
1.5714285714285714 2.0414953125
1.6071428571428572 2.0414953125
1.6428571428571428 2.0414953125
1.6785714285714286 2.0414953125
1.7142857142857142 2.0414953125
1.75 2.0414953125
1.7857142857142858 2.0414953125
1.8214285714285714 2.0414953125
1.8571428571428572 2.03783671875
1.8928571428571428 2.03783671875
1.9285714285714286 2.0414953125
1.9642857142857142 2.0414953125
2.0 2.03783671875
2.0357142857142856 2.03783671875
2.0714285714285716 2.03783671875
2.107142857142857 2.03783671875
2.142857142857143 2.03783671875
2.1785714285714284 2.03783671875
2.2142857142857144 2.03783671875
2.25 2.03783671875
2.2857142857142856 2.03783671875
2.3214285714285716 2.03783671875
2.357142857142857 2.03783671875
2.392857142857143 2.03783671875
2.4285714285714284 2.03783671875
2.4642857142857144 2.03783671875
2.5 2.03783671875
2.5357142857142856 2.0414953125
2.5714285714285716 2.04515390625
2.607142857142857 2.04515390625
2.642857142857143 2.0414953125
2.6785714285714284 2.0414953125
2.7142857142857144 2.03783671875
2.75 2.03783671875
2.7857142857142856 2.03783671875
2.8214285714285716 2.03783671875
2.857142857142857 2.03783671875
2.892857142857143 2.03783671875
2.9285714285714284 2.03783671875
2.9642857142857144 2.03783671875
3.0 2.03783671875
3.0357142857142856 2.03783671875
3.0714285714285716 2.034178125
3.107142857142857 2.034178125
3.142857142857143 2.034178125
3.1785714285714284 2.034178125
3.2142857142857144 2.034178125
3.25 2.034178125
3.2857142857142856 2.034178125
3.3214285714285716 2.034178125
3.357142857142857 2.034178125
3.392857142857143 2.034178125
3.4285714285714284 2.034178125
3.4642857142857144 2.034178125
3.5 2.034178125
3.5357142857142856 2.034178125
3.5714285714285716 2.034178125
3.607142857142857 2.034178125
3.642857142857143 2.03783671875
3.6785714285714284 2.03783671875
3.7142857142857144 2.0414953125
3.75 2.03783671875
3.7857142857142856 2.034178125
3.8214285714285716 2.034178125
3.857142857142857 2.034178125
3.892857142857143 2.034178125
3.9285714285714284 2.034178125
3.9642857142857144 2.034178125
4.0 2.034178125
4.035714285714286 2.034178125
4.071428571428571 2.034178125
4.107142857142857 2.034178125
4.142857142857143 2.034178125
4.178571428571429 2.034178125
4.214285714285714 2.034178125
4.25 2.034178125
4.285714285714286 2.034178125
4.321428571428571 2.034178125
4.357142857142857 2.03051953125
4.392857142857143 2.03051953125
4.428571428571429 2.03051953125
4.464285714285714 2.03051953125
4.5 2.03051953125
4.535714285714286 2.03051953125
4.571428571428571 2.03051953125
4.607142857142857 2.03051953125
4.642857142857143 2.03051953125
4.678571428571429 2.03051953125
4.714285714285714 2.03051953125
4.75 2.034178125
4.785714285714286 2.03783671875
4.821428571428571 2.03783671875
4.857142857142857 2.034178125
4.892857142857143 2.034178125
4.928571428571429 2.034178125
4.964285714285714 2.034178125
5.0 2.034178125
5.035714285714286 2.03051953125
5.071428571428571 2.03051953125
5.107142857142857 2.03051953125
5.142857142857143 2.03051953125
5.178571428571429 2.03051953125
5.214285714285714 2.03051953125
5.25 2.03051953125
5.285714285714286 2.03051953125
5.321428571428571 2.03051953125
5.357142857142857 2.03051953125
5.392857142857143 2.03051953125
5.428571428571429 2.03051953125
5.464285714285714 2.03051953125
5.5 2.03051953125
5.535714285714286 2.03051953125
5.571428571428571 2.03051953125
5.607142857142857 2.03051953125
5.642857142857143 2.03051953125
5.678571428571429 2.03051953125
5.714285714285714 2.03051953125
5.75 2.03051953125
5.785714285714286 2.03051953125
5.821428571428571 2.03051953125
5.857142857142857 2.03051953125
5.892857142857143 2.03051953125
5.928571428571429 2.03783671875
5.964285714285714 2.034178125
6.0 2.03051953125
6.035714285714286 2.03051953125
6.071428571428571 2.03051953125
6.107142857142857 2.03051953125
6.142857142857143 2.03051953125
6.178571428571429 2.0268609375
6.214285714285714 2.0268609375
6.25 2.0268609375
6.285714285714286 2.0268609375
6.321428571428571 2.0268609375
6.357142857142857 2.0268609375
6.392857142857143 2.0268609375
6.428571428571429 2.0268609375
6.464285714285714 2.0268609375
6.5 2.0268609375
6.535714285714286 2.0268609375
6.571428571428571 2.0268609375
6.607142857142857 2.0268609375
6.642857142857143 2.0268609375
6.678571428571429 2.0268609375
6.714285714285714 2.0268609375
6.75 2.0268609375
6.785714285714286 2.0268609375
6.821428571428571 2.0268609375
6.857142857142857 2.0268609375
6.892857142857143 2.0268609375
6.928571428571429 2.0268609375
6.964285714285714 2.0268609375
7.0 2.0268609375
7.035714285714286 2.03051953125
7.071428571428571 2.034178125
7.107142857142857 2.03051953125
7.142857142857143 2.03051953125
7.178571428571429 2.03051953125
7.214285714285714 2.0268609375
7.25 2.0268609375
7.285714285714286 2.0268609375
7.321428571428571 2.0268609375
7.357142857142857 2.0268609375
7.392857142857143 2.0268609375
7.428571428571429 2.0268609375
7.464285714285714 2.0268609375
7.5 2.0268609375
7.535714285714286 2.0268609375
7.571428571428571 2.0268609375
7.607142857142857 2.0268609375
7.642857142857143 2.0268609375
7.678571428571429 2.0268609375
7.714285714285714 2.0268609375
7.75 2.0268609375
7.785714285714286 2.0268609375
7.821428571428571 2.0268609375
7.857142857142857 2.0268609375
7.892857142857143 2.0268609375
7.928571428571429 2.0268609375
7.964285714285714 2.0268609375
8.0 2.0268609375
8.035714285714286 2.0268609375
8.071428571428571 2.0268609375
8.107142857142858 2.0268609375
8.142857142857142 2.034178125
8.178571428571429 2.03051953125
8.214285714285714 2.0268609375
8.25 2.0268609375
8.285714285714286 2.0268609375
8.321428571428571 2.0268609375
8.357142857142858 2.0268609375
8.392857142857142 2.0268609375
8.428571428571429 2.0268609375
8.464285714285714 2.0268609375
8.5 2.0268609375
8.535714285714286 2.0268609375
8.571428571428571 2.0268609375
8.607142857142858 2.0268609375
8.642857142857142 2.02320234375
8.678571428571429 2.02320234375
8.714285714285714 2.02320234375
8.75 2.02320234375
8.785714285714286 2.02320234375
8.821428571428571 2.02320234375
8.857142857142858 2.02320234375
8.892857142857142 2.02320234375
8.928571428571429 2.02320234375
8.964285714285714 2.02320234375
9.0 2.02320234375
9.035714285714286 2.02320234375
9.071428571428571 2.02320234375
9.107142857142858 2.02320234375
9.142857142857142 2.02320234375
9.178571428571429 2.02320234375
9.214285714285714 2.02320234375
9.25 2.0268609375
9.285714285714286 2.03051953125
9.321428571428571 2.0268609375
9.357142857142858 2.0268609375
9.392857142857142 2.0268609375
9.428571428571429 2.0268609375
9.464285714285714 2.0268609375
9.5 2.02320234375
9.535714285714286 2.02320234375
9.571428571428571 2.02320234375
9.607142857142858 2.02320234375
9.642857142857142 2.02320234375
9.678571428571429 2.02320234375
9.714285714285714 2.02320234375
9.75 2.02320234375
9.785714285714286 2.02320234375
9.821428571428571 2.02320234375
9.857142857142858 2.02320234375
9.892857142857142 2.02320234375
9.928571428571429 2.02320234375
9.964285714285714 2.02320234375
10.0 2.02320234375
10.035714285714286 2.02320234375
10.071428571428571 2.02320234375
10.107142857142858 2.02320234375
10.142857142857142 2.02320234375
10.178571428571429 2.02320234375
10.214285714285714 2.02320234375
10.25 2.01954375
10.285714285714286 2.02320234375
10.321428571428571 2.02320234375
10.357142857142858 2.03051953125
10.392857142857142 2.02320234375
10.428571428571429 2.02320234375
10.464285714285714 2.02320234375
10.5 2.02320234375
10.535714285714286 2.02320234375
10.571428571428571 2.01954375
10.607142857142858 2.01954375
10.642857142857142 2.01954375
10.678571428571429 2.01954375
10.714285714285714 2.01954375
10.75 2.01954375
10.785714285714286 2.01954375
10.821428571428571 2.01954375
10.857142857142858 2.01954375
10.892857142857142 2.01954375
10.928571428571429 2.01954375
10.964285714285714 2.01954375
11.0 2.01954375
11.035714285714286 2.01954375
11.071428571428571 2.01954375
11.107142857142858 2.01954375
11.142857142857142 2.01954375
11.178571428571429 2.01954375
11.214285714285714 2.01954375
11.25 2.01954375
11.285714285714286 2.01954375
11.321428571428571 2.01954375
11.357142857142858 2.01954375
11.392857142857142 2.01954375
11.428571428571429 2.01954375
11.464285714285714 2.02320234375
11.5 2.0268609375
11.535714285714286 2.02320234375
11.571428571428571 2.01954375
11.607142857142858 2.01954375
11.642857142857142 2.01954375
11.678571428571429 2.01954375
11.714285714285714 2.01954375
11.75 2.01954375
11.785714285714286 2.01954375
11.821428571428571 2.01954375
11.857142857142858 2.01954375
11.892857142857142 2.01954375
11.928571428571429 2.01954375
11.964285714285714 2.01954375
12.0 2.01588515625
12.035714285714286 2.01588515625
12.071428571428571 2.01588515625
12.107142857142858 2.01588515625
12.142857142857142 2.01588515625
12.178571428571429 2.01588515625
12.214285714285714 2.01588515625
12.25 2.01588515625
12.285714285714286 2.01588515625
12.321428571428571 2.01588515625
12.357142857142858 2.01588515625
12.392857142857142 2.01588515625
12.428571428571429 2.01588515625
12.464285714285714 2.01588515625
12.5 2.01588515625
12.535714285714286 2.01588515625
12.571428571428571 2.01588515625
12.607142857142858 2.01954375
12.642857142857142 2.01588515625
12.678571428571429 2.01588515625
12.714285714285714 2.01588515625
12.75 2.01588515625
12.785714285714286 2.01588515625
12.821428571428571 2.01588515625
12.857142857142858 2.01588515625
12.892857142857142 2.0122265625
12.928571428571429 2.0122265625
12.964285714285714 2.0122265625
13.0 2.0122265625
13.035714285714286 2.0122265625
13.071428571428571 2.0122265625
13.107142857142858 2.0122265625
13.142857142857142 2.0122265625
13.178571428571429 2.0122265625
13.214285714285714 2.0122265625
13.25 2.0122265625
13.285714285714286 2.0122265625
13.321428571428571 2.0122265625
13.357142857142858 2.0122265625
13.392857142857142 2.0122265625
13.428571428571429 2.0122265625
13.464285714285714 2.0122265625
13.5 2.0122265625
13.535714285714286 2.0122265625
13.571428571428571 2.0122265625
13.607142857142858 2.0122265625
13.642857142857142 2.0122265625
13.678571428571429 2.01588515625
13.714285714285714 2.01588515625
13.75 2.01588515625
13.785714285714286 2.0122265625
13.821428571428571 2.0122265625
13.857142857142858 2.0122265625
13.892857142857142 2.0122265625
13.928571428571429 2.0122265625
13.964285714285714 2.0122265625
14.0 2.0122265625
14.035714285714286 2.0122265625
14.071428571428571 2.0122265625
14.107142857142858 2.0122265625
14.142857142857142 2.0122265625
14.178571428571429 2.0122265625
14.214285714285714 2.0122265625
14.25 2.0122265625
14.285714285714286 2.0122265625
14.321428571428571 2.0122265625
14.357142857142858 2.0122265625
14.392857142857142 2.0122265625
14.428571428571429 2.0122265625
14.464285714285714 2.0122265625
14.5 2.0122265625
14.535714285714286 2.0122265625
14.571428571428571 2.0122265625
14.607142857142858 2.0122265625
14.642857142857142 2.0122265625
14.678571428571429 2.0122265625
14.714285714285714 2.0122265625
14.75 2.0122265625
14.785714285714286 2.0122265625
14.821428571428571 2.01954375
14.857142857142858 2.0122265625
14.892857142857142 2.0122265625
14.928571428571429 2.0122265625
14.964285714285714 2.0122265625
15.0 2.0122265625
15.035714285714286 2.0122265625
15.071428571428571 2.0122265625
15.107142857142858 2.0122265625
15.142857142857142 2.0122265625
15.178571428571429 2.0122265625
15.214285714285714 2.0122265625
15.25 2.0122265625
15.285714285714286 2.0122265625
15.321428571428571 2.0122265625
15.357142857142858 2.0122265625
15.392857142857142 2.0122265625
15.428571428571429 2.0122265625
15.464285714285714 2.0122265625
15.5 2.0122265625
15.535714285714286 2.00856796875
15.571428571428571 2.00856796875
15.607142857142858 2.00856796875
15.642857142857142 2.00856796875
15.678571428571429 2.00856796875
15.714285714285714 2.00856796875
15.75 2.00856796875
15.785714285714286 2.00856796875
15.821428571428571 2.00856796875
15.857142857142858 2.00856796875
15.892857142857142 2.01588515625
15.928571428571429 2.01954375
15.964285714285714 2.01588515625
16.0 2.01588515625
16.035714285714285 2.01588515625
16.071428571428573 2.0122265625
16.107142857142858 2.0122265625
16.142857142857142 2.0122265625
16.178571428571427 2.0122265625
16.214285714285715 2.0122265625
16.25 2.0122265625
16.285714285714285 2.0122265625
16.321428571428573 2.0122265625
16.357142857142858 2.0122265625
16.392857142857142 2.0122265625
16.428571428571427 2.0122265625
16.464285714285715 2.0122265625
16.5 2.0122265625
16.535714285714285 2.0122265625
16.571428571428573 2.0122265625
16.607142857142858 2.0122265625
16.642857142857142 2.0122265625
16.678571428571427 2.0122265625
16.714285714285715 2.0122265625
16.75 2.0122265625
16.785714285714285 2.0122265625
16.821428571428573 2.0122265625
16.857142857142858 2.0122265625
16.892857142857142 2.0122265625
16.928571428571427 2.0122265625
16.964285714285715 2.0122265625
17.0 2.0122265625
17.035714285714285 2.01954375
17.071428571428573 2.0122265625
17.107142857142858 2.0122265625
17.142857142857142 2.0122265625
17.178571428571427 2.0122265625
17.214285714285715 2.0122265625
17.25 2.0122265625
17.285714285714285 2.0122265625
17.321428571428573 2.0122265625
17.357142857142858 2.0122265625
17.392857142857142 2.00856796875
17.428571428571427 2.00856796875
17.464285714285715 2.00856796875
17.5 2.00856796875
17.535714285714285 2.00856796875
17.571428571428573 2.00856796875
17.607142857142858 2.00856796875
17.642857142857142 2.00856796875
17.678571428571427 2.00856796875
17.714285714285715 2.00856796875
17.75 2.00856796875
17.785714285714285 2.00856796875
17.821428571428573 2.00856796875
17.857142857142858 2.00856796875
17.892857142857142 2.00856796875
17.928571428571427 2.00856796875
17.964285714285715 2.00856796875
18.0 2.00856796875
18.035714285714285 2.00856796875
18.071428571428573 2.00856796875
18.107142857142858 2.0122265625
18.142857142857142 2.0122265625
18.178571428571427 2.0122265625
18.214285714285715 2.00856796875
18.25 2.00856796875
18.285714285714285 2.00856796875
18.321428571428573 2.00856796875
18.357142857142858 2.00856796875
18.392857142857142 2.00856796875
18.428571428571427 2.00856796875
18.464285714285715 2.004909375
18.5 2.004909375
18.535714285714285 2.00856796875
18.571428571428573 2.004909375
18.607142857142858 2.004909375
18.642857142857142 2.004909375
18.678571428571427 2.004909375
18.714285714285715 2.004909375
18.75 2.004909375
18.785714285714285 2.004909375
18.821428571428573 2.004909375
18.857142857142858 2.004909375
18.892857142857142 2.004909375
18.928571428571427 2.004909375
18.964285714285715 2.004909375
19.0 2.004909375
19.035714285714285 2.004909375
19.071428571428573 2.004909375
19.107142857142858 2.004909375
19.142857142857142 2.004909375
19.178571428571427 2.004909375
19.214285714285715 2.004909375
19.25 2.0122265625
19.285714285714285 2.00856796875
19.321428571428573 2.004909375
19.357142857142858 2.004909375
19.392857142857142 2.004909375
19.428571428571427 2.004909375
19.464285714285715 2.004909375
19.5 2.004909375
19.535714285714285 2.004909375
19.571428571428573 2.004909375
19.607142857142858 2.004909375
19.642857142857142 2.004909375
19.678571428571427 2.00125078125
19.714285714285715 2.00125078125
19.75 2.004909375
19.785714285714285 2.00125078125
19.821428571428573 2.00125078125
19.857142857142858 2.00125078125
19.892857142857142 2.00125078125
19.928571428571427 2.00125078125
19.964285714285715 2.00125078125
20.0 2.00125078125
20.035714285714285 2.00125078125
20.071428571428573 2.00125078125
20.107142857142858 2.00125078125
20.142857142857142 2.00125078125
20.178571428571427 2.00125078125
20.214285714285715 2.00125078125
20.25 2.00125078125
20.285714285714285 2.00125078125
20.321428571428573 2.004909375
20.357142857142858 2.004909375
20.392857142857142 2.00856796875
20.428571428571427 2.004909375
20.464285714285715 2.004909375
20.5 2.004909375
20.535714285714285 2.004909375
20.571428571428573 2.004909375
20.607142857142858 2.00125078125
20.642857142857142 2.00125078125
20.678571428571427 2.00125078125
20.714285714285715 2.00125078125
20.75 2.00125078125
20.785714285714285 2.00125078125
20.821428571428573 2.00125078125
20.857142857142858 2.00125078125
20.892857142857142 2.00125078125
20.928571428571427 2.00125078125
20.964285714285715 2.00125078125
21.0 2.00125078125
21.035714285714285 2.00125078125
21.071428571428573 2.00125078125
21.107142857142858 2.00125078125
21.142857142857142 2.00125078125
21.178571428571427 2.00125078125
21.214285714285715 2.00125078125
21.25 2.00125078125
21.285714285714285 2.00125078125
21.321428571428573 2.00125078125
21.357142857142858 2.00125078125
21.392857142857142 2.00125078125
21.428571428571427 2.00125078125
21.464285714285715 2.00125078125
21.5 2.004909375
21.535714285714285 2.00125078125
21.571428571428573 2.00125078125
21.607142857142858 2.00125078125
21.642857142857142 2.00125078125
21.678571428571427 2.00125078125
21.714285714285715 2.00125078125
21.75 2.00125078125
21.785714285714285 1.9975921875
21.821428571428573 2.00125078125
21.857142857142858 1.9975921875
21.892857142857142 1.9975921875
21.928571428571427 1.9975921875
21.964285714285715 1.9975921875
22.0 1.9975921875
22.035714285714285 1.9975921875
22.071428571428573 1.9975921875
22.107142857142858 1.9975921875
22.142857142857142 1.9975921875
22.178571428571427 1.9975921875
22.214285714285715 1.9975921875
22.25 1.9975921875
22.285714285714285 1.9975921875
22.321428571428573 1.9975921875
22.357142857142858 1.9975921875
22.392857142857142 1.9975921875
22.428571428571427 1.9975921875
22.464285714285715 1.9975921875
22.5 1.9975921875
22.535714285714285 1.9975921875
22.571428571428573 2.00125078125
22.607142857142858 2.00125078125
22.642857142857142 1.9975921875
22.678571428571427 1.9975921875
22.714285714285715 1.9975921875
22.75 1.99393359375
22.785714285714285 1.99393359375
22.821428571428573 1.99393359375
22.857142857142858 1.99393359375
22.892857142857142 1.99393359375
22.928571428571427 1.99393359375
22.964285714285715 1.99393359375
23.0 1.99393359375
23.035714285714285 1.99393359375
23.071428571428573 1.99393359375
23.107142857142858 1.99393359375
23.142857142857142 1.99393359375
23.178571428571427 1.99393359375
23.214285714285715 1.99393359375
23.25 1.99393359375
23.285714285714285 1.99393359375
23.321428571428573 1.99393359375
23.357142857142858 1.99393359375
23.392857142857142 1.99393359375
23.428571428571427 1.99393359375
23.464285714285715 1.990275
23.5 1.99393359375
23.535714285714285 1.99393359375
23.571428571428573 1.99393359375
23.607142857142858 1.99393359375
23.642857142857142 1.99393359375
23.678571428571427 1.99393359375
23.714285714285715 1.9975921875
23.75 1.990275
23.785714285714285 1.990275
23.821428571428573 1.990275
23.857142857142858 1.990275
23.892857142857142 1.990275
23.928571428571427 1.990275
23.964285714285715 1.990275
24.0 1.990275
24.035714285714285 1.990275
24.071428571428573 1.990275
24.107142857142858 1.990275
24.142857142857142 1.990275
24.178571428571427 1.990275
24.214285714285715 1.990275
24.25 1.990275
24.285714285714285 1.990275
24.321428571428573 1.990275
24.357142857142858 1.990275
24.392857142857142 1.990275
24.428571428571427 1.990275
24.464285714285715 1.990275
24.5 1.98661640625
24.535714285714285 1.98661640625
24.571428571428573 1.98661640625
24.607142857142858 1.98661640625
24.642857142857142 1.98661640625
24.678571428571427 1.98661640625
24.714285714285715 1.98661640625
24.75 1.990275
24.785714285714285 1.99393359375
24.821428571428573 1.99393359375
24.857142857142858 1.990275
24.892857142857142 1.990275
24.928571428571427 1.990275
24.964285714285715 1.990275
25.0 1.990275
25.035714285714285 1.98661640625
25.071428571428573 1.98661640625
25.107142857142858 1.98661640625
25.142857142857142 1.98661640625
25.178571428571427 1.98661640625
25.214285714285715 1.98661640625
25.25 1.98661640625
25.285714285714285 1.98661640625
25.321428571428573 1.98661640625
25.357142857142858 1.98661640625
25.392857142857142 1.98661640625
25.428571428571427 1.98661640625
25.464285714285715 1.98661640625
25.5 1.98661640625
25.535714285714285 1.98661640625
25.571428571428573 1.98661640625
25.607142857142858 1.98661640625
25.642857142857142 1.98661640625
25.678571428571427 1.98661640625
25.714285714285715 1.98661640625
25.75 1.98661640625
25.785714285714285 1.98661640625
25.821428571428573 1.98661640625
25.857142857142858 1.98661640625
25.892857142857142 1.98661640625
25.928571428571427 1.990275
25.964285714285715 1.98661640625
26.0 1.98661640625
26.035714285714285 1.98661640625
26.071428571428573 1.98661640625
26.107142857142858 1.9829578125
26.142857142857142 1.9829578125
26.178571428571427 1.9829578125
26.214285714285715 1.9829578125
26.25 1.9829578125
26.285714285714285 1.9829578125
26.321428571428573 1.9829578125
26.357142857142858 1.9829578125
26.392857142857142 1.9829578125
26.428571428571427 1.9829578125
26.464285714285715 1.9829578125
26.5 1.9829578125
26.535714285714285 1.9829578125
26.571428571428573 1.9829578125
26.607142857142858 1.9829578125
26.642857142857142 1.9829578125
26.678571428571427 1.9829578125
26.714285714285715 1.9829578125
26.75 1.9829578125
26.785714285714285 1.9829578125
26.821428571428573 1.9829578125
26.857142857142858 1.9829578125
26.892857142857142 1.9829578125
26.928571428571427 1.9829578125
26.964285714285715 1.9829578125
27.0 1.98661640625
27.035714285714285 1.98661640625
27.071428571428573 1.9829578125
27.107142857142858 1.9829578125
27.142857142857142 1.9829578125
27.178571428571427 1.9829578125
27.214285714285715 1.9829578125
27.25 1.9829578125
27.285714285714285 1.9829578125
27.321428571428573 1.9829578125
27.357142857142858 1.97929921875
27.392857142857142 1.9829578125
27.428571428571427 1.9829578125
27.464285714285715 1.97929921875
27.5 1.97929921875
27.535714285714285 1.97929921875
27.571428571428573 1.97929921875
27.607142857142858 1.97929921875
27.642857142857142 1.97929921875
27.678571428571427 1.97929921875
27.714285714285715 1.97929921875
27.75 1.97929921875
27.785714285714285 1.97929921875
27.821428571428573 1.97929921875
27.857142857142858 1.97929921875
27.892857142857142 1.97929921875
27.928571428571427 1.97929921875
27.964285714285715 1.97929921875
28.0 1.97929921875
28.035714285714285 1.97929921875
28.071428571428573 1.97929921875
28.107142857142858 1.97929921875
28.142857142857142 1.9829578125
28.178571428571427 1.9829578125
28.214285714285715 1.97929921875
28.25 1.97929921875
28.285714285714285 1.97929921875
28.321428571428573 1.97929921875
28.357142857142858 1.975640625
28.392857142857142 1.975640625
28.428571428571427 1.975640625
28.464285714285715 1.975640625
28.5 1.975640625
28.535714285714285 1.975640625
28.571428571428573 1.975640625
28.607142857142858 1.975640625
28.642857142857142 1.975640625
28.678571428571427 1.975640625
28.714285714285715 1.975640625
28.75 1.975640625
28.785714285714285 1.975640625
28.821428571428573 1.975640625
28.857142857142858 1.975640625
28.892857142857142 1.975640625
28.928571428571427 1.975640625
28.964285714285715 1.975640625
29.0 1.975640625
29.035714285714285 1.975640625
29.071428571428573 1.975640625
29.107142857142858 1.975640625
29.142857142857142 1.975640625
29.178571428571427 1.975640625
29.214285714285715 1.975640625
29.25 1.97929921875
29.285714285714285 1.975640625
29.321428571428573 1.975640625
29.357142857142858 1.975640625
29.392857142857142 1.975640625
29.428571428571427 1.97198203125
29.464285714285715 1.97198203125
29.5 1.97198203125
29.535714285714285 1.97198203125
29.571428571428573 1.97198203125
29.607142857142858 1.97198203125
29.642857142857142 1.97198203125
29.678571428571427 1.97198203125
29.714285714285715 1.97198203125
29.75 1.97198203125
29.785714285714285 1.97198203125
29.821428571428573 1.97198203125
29.857142857142858 1.97198203125
29.892857142857142 1.97198203125
29.928571428571427 1.97198203125
29.964285714285715 1.97198203125
30.0 1.97198203125
30.035714285714285 1.97198203125
30.071428571428573 1.97198203125
30.107142857142858 1.97198203125
30.142857142857142 1.97198203125
30.178571428571427 1.97198203125
30.214285714285715 1.97198203125
30.25 1.97198203125
30.285714285714285 1.97198203125
30.321428571428573 1.97198203125
30.357142857142858 1.975640625
30.392857142857142 1.97198203125
30.428571428571427 1.97198203125
30.464285714285715 1.97198203125
30.5 1.9683234375
30.535714285714285 1.9683234375
30.571428571428573 1.9683234375
30.607142857142858 1.9683234375
30.642857142857142 1.9683234375
30.678571428571427 1.9683234375
30.714285714285715 1.9683234375
30.75 1.9683234375
30.785714285714285 1.9683234375
30.821428571428573 1.9683234375
30.857142857142858 1.9683234375
30.892857142857142 1.9683234375
30.928571428571427 1.9683234375
30.964285714285715 1.9683234375
31.0 1.9683234375
31.035714285714285 1.9683234375
31.071428571428573 1.9683234375
31.107142857142858 1.9683234375
31.142857142857142 1.9683234375
31.178571428571427 1.9683234375
31.214285714285715 1.9683234375
31.25 1.9683234375
31.285714285714285 1.9683234375
31.321428571428573 1.9683234375
31.357142857142858 1.9683234375
31.392857142857142 1.9683234375
31.428571428571427 1.9683234375
31.464285714285715 1.97198203125
31.5 1.97198203125
31.535714285714285 1.9683234375
31.571428571428573 1.9683234375
31.607142857142858 1.96466484375
31.642857142857142 1.96466484375
31.678571428571427 1.96466484375
31.714285714285715 1.96466484375
31.75 1.96466484375
31.785714285714285 1.96466484375
31.821428571428573 1.96466484375
31.857142857142858 1.96466484375
31.892857142857142 1.96466484375
31.928571428571427 1.96466484375
31.964285714285715 1.96466484375
32.0 1.96466484375
32.035714285714285 1.96100625
32.07142857142857 1.96100625
32.107142857142854 1.96100625
32.142857142857146 1.96100625
32.17857142857143 1.96100625
32.214285714285715 1.96100625
32.25 1.96100625
32.285714285714285 1.96100625
32.32142857142857 1.96100625
32.357142857142854 1.96100625
32.392857142857146 1.96100625
32.42857142857143 1.96100625
32.464285714285715 1.96100625
32.5 1.96466484375
32.535714285714285 1.96466484375
32.57142857142857 1.9683234375
32.607142857142854 1.96100625
32.642857142857146 1.96100625
32.67857142857143 1.96100625
32.714285714285715 1.95734765625
32.75 1.95734765625
32.785714285714285 1.95734765625
32.82142857142857 1.95734765625
32.857142857142854 1.95734765625
32.892857142857146 1.95734765625
32.92857142857143 1.95734765625
32.964285714285715 1.95734765625
33.0 1.95734765625
33.035714285714285 1.95734765625
33.07142857142857 1.95734765625
33.107142857142854 1.95734765625
33.142857142857146 1.95734765625
33.17857142857143 1.95734765625
33.214285714285715 1.95734765625
33.25 1.95734765625
33.285714285714285 1.95734765625
33.32142857142857 1.95734765625
33.357142857142854 1.95734765625
33.392857142857146 1.95734765625
33.42857142857143 1.9536890625
33.464285714285715 1.9536890625
33.5 1.95734765625
33.535714285714285 1.95734765625
33.57142857142857 1.95734765625
33.607142857142854 1.95734765625
33.642857142857146 1.95734765625
33.67857142857143 1.96100625
33.714285714285715 1.96100625
33.75 1.96100625
33.785714285714285 1.95734765625
33.82142857142857 1.95734765625
33.857142857142854 1.95734765625
33.892857142857146 1.95734765625
33.92857142857143 1.95734765625
33.964285714285715 1.95734765625
34.0 1.95734765625
34.035714285714285 1.95734765625
34.07142857142857 1.95734765625
34.107142857142854 1.95734765625
34.142857142857146 1.95734765625
34.17857142857143 1.95734765625
34.214285714285715 1.95734765625
34.25 1.9536890625
34.285714285714285 1.9536890625
34.32142857142857 1.9536890625
34.357142857142854 1.9536890625
34.392857142857146 1.9536890625
34.42857142857143 1.9536890625
34.464285714285715 1.9536890625
34.5 1.9536890625
34.535714285714285 1.9536890625
34.57142857142857 1.9536890625
34.607142857142854 1.9536890625
34.642857142857146 1.9536890625
34.67857142857143 1.9536890625
34.714285714285715 1.9536890625
34.75 1.95734765625
34.785714285714285 1.95734765625
34.82142857142857 1.96100625
34.857142857142854 1.95734765625
34.892857142857146 1.9536890625
34.92857142857143 1.9536890625
34.964285714285715 1.9536890625
35.0 1.9536890625
35.035714285714285 1.9536890625
35.07142857142857 1.9536890625
35.107142857142854 1.9536890625
35.142857142857146 1.9536890625
35.17857142857143 1.9536890625
35.214285714285715 1.9536890625
35.25 1.9536890625
35.285714285714285 1.9536890625
35.32142857142857 1.9536890625
35.357142857142854 1.9536890625
35.392857142857146 1.9536890625
35.42857142857143 1.9536890625
35.464285714285715 1.9536890625
35.5 1.95003046875
35.535714285714285 1.95003046875
35.57142857142857 1.95003046875
35.607142857142854 1.95003046875
35.642857142857146 1.95003046875
35.67857142857143 1.95003046875
35.714285714285715 1.95003046875
35.75 1.95003046875
35.785714285714285 1.95003046875
35.82142857142857 1.95003046875
35.857142857142854 1.9536890625
35.892857142857146 1.95734765625
35.92857142857143 1.95734765625
35.964285714285715 1.9536890625
36.0 1.9536890625
36.035714285714285 1.9536890625
36.07142857142857 1.9536890625
36.107142857142854 1.95003046875
36.142857142857146 1.95003046875
36.17857142857143 1.95003046875
36.214285714285715 1.95003046875
36.25 1.95003046875
36.285714285714285 1.95003046875
36.32142857142857 1.95003046875
36.357142857142854 1.95003046875
36.392857142857146 1.95003046875
36.42857142857143 1.95003046875
36.464285714285715 1.95003046875
36.5 1.95003046875
36.535714285714285 1.95003046875
36.57142857142857 1.95003046875
36.607142857142854 1.95003046875
36.642857142857146 1.95003046875
36.67857142857143 1.95003046875
36.714285714285715 1.95003046875
36.75 1.95003046875
36.785714285714285 1.95003046875
36.82142857142857 1.95003046875
36.857142857142854 1.946371875
36.892857142857146 1.95003046875
36.92857142857143 1.95003046875
36.964285714285715 1.95003046875
37.0 1.9536890625
37.035714285714285 1.9536890625
37.07142857142857 1.95003046875
37.107142857142854 1.946371875
37.142857142857146 1.946371875
37.17857142857143 1.946371875
37.214285714285715 1.946371875
37.25 1.946371875
37.285714285714285 1.946371875
37.32142857142857 1.946371875
37.357142857142854 1.946371875
37.392857142857146 1.946371875
37.42857142857143 1.946371875
37.464285714285715 1.946371875
37.5 1.946371875
37.535714285714285 1.946371875
37.57142857142857 1.94271328125
37.607142857142854 1.94271328125
37.642857142857146 1.94271328125
37.67857142857143 1.94271328125
37.714285714285715 1.94271328125
37.75 1.94271328125
37.785714285714285 1.94271328125
37.82142857142857 1.94271328125
37.857142857142854 1.94271328125
37.892857142857146 1.94271328125
37.92857142857143 1.94271328125
37.964285714285715 1.94271328125
38.0 1.94271328125
38.035714285714285 1.94271328125
38.07142857142857 1.946371875
38.107142857142854 1.95003046875
38.142857142857146 1.95003046875
38.17857142857143 1.946371875
38.214285714285715 1.946371875
38.25 1.946371875
38.285714285714285 1.946371875
38.32142857142857 1.946371875
38.357142857142854 1.946371875
38.392857142857146 1.94271328125
38.42857142857143 1.94271328125
38.464285714285715 1.94271328125
38.5 1.94271328125
38.535714285714285 1.94271328125
38.57142857142857 1.94271328125
38.607142857142854 1.94271328125
38.642857142857146 1.94271328125
38.67857142857143 1.94271328125
38.714285714285715 1.94271328125
38.75 1.94271328125
38.785714285714285 1.94271328125
38.82142857142857 1.94271328125
38.857142857142854 1.94271328125
38.892857142857146 1.94271328125
38.92857142857143 1.94271328125
38.964285714285715 1.94271328125
39.0 1.94271328125
39.035714285714285 1.94271328125
39.07142857142857 1.94271328125
39.107142857142854 1.94271328125
39.142857142857146 1.94271328125
39.17857142857143 1.94271328125
39.214285714285715 1.94271328125
39.25 1.95003046875
39.285714285714285 1.946371875
39.32142857142857 1.946371875
39.357142857142854 1.94271328125
39.392857142857146 1.94271328125
39.42857142857143 1.94271328125
39.464285714285715 1.94271328125
39.5 1.94271328125
39.535714285714285 1.94271328125
39.57142857142857 1.94271328125
39.607142857142854 1.94271328125
39.642857142857146 1.94271328125
39.67857142857143 1.94271328125
39.714285714285715 1.94271328125
39.75 1.94271328125
39.785714285714285 1.9390546875
39.82142857142857 1.9390546875
39.857142857142854 1.9390546875
