0.17857142857142858 2.27198671875
0.21428571428571427 2.27198671875
0.25 2.27198671875
0.2857142857142857 2.27198671875
0.32142857142857145 2.27198671875
0.35714285714285715 2.27198671875
0.39285714285714285 2.27198671875
0.42857142857142855 2.27198671875
0.4642857142857143 2.27198671875
0.6785714285714286 2.27198671875
0.7142857142857143 2.27198671875
0.75 2.27198671875
0.7857142857142857 2.27198671875
0.8214285714285714 2.27198671875
0.8571428571428571 2.27198671875
0.8928571428571429 2.27198671875
0.9285714285714286 2.27198671875
0.9642857142857143 2.27198671875
1.0 2.27198671875
1.25 2.27198671875
1.2857142857142858 2.27198671875
1.3214285714285714 2.27198671875
1.3571428571428572 2.27198671875
1.3928571428571428 2.27198671875
1.4285714285714286 2.27198671875
1.4642857142857142 2.27198671875
1.5 2.27198671875
1.5357142857142858 2.27198671875
1.5714285714285714 2.27198671875
1.8214285714285714 2.27198671875
1.8571428571428572 2.27198671875
1.8928571428571428 2.27198671875
1.9285714285714286 2.27198671875
1.9642857142857142 2.27198671875
2.0 2.27198671875
2.0357142857142856 2.27198671875
2.0714285714285716 2.27198671875
2.107142857142857 2.27198671875
2.392857142857143 2.27198671875
2.4285714285714284 2.27198671875
2.4642857142857144 2.27198671875
2.5 2.27198671875
2.5357142857142856 2.27198671875
2.5714285714285716 2.27198671875
2.607142857142857 2.27198671875
2.642857142857143 2.27198671875
2.6785714285714284 2.27198671875
2.9285714285714284 2.27198671875
2.9642857142857144 2.27198671875
3.0 2.27198671875
3.0357142857142856 2.27198671875
3.0714285714285716 2.27198671875
3.107142857142857 2.27198671875
3.142857142857143 2.27198671875
3.1785714285714284 2.27198671875
3.2142857142857144 2.27198671875
3.5 2.27198671875
3.5357142857142856 2.27198671875
3.5714285714285716 2.27198671875
3.607142857142857 2.27198671875
3.642857142857143 2.27198671875
3.6785714285714284 2.27198671875
3.7142857142857144 2.27198671875
3.75 2.27198671875
3.7857142857142856 2.27198671875
4.035714285714286 2.27198671875
4.071428571428571 2.27198671875
4.107142857142857 2.27198671875
4.142857142857143 2.27198671875
4.178571428571429 2.27198671875
4.214285714285714 2.27198671875
4.25 2.27198671875
4.285714285714286 2.27198671875
4.321428571428571 2.27198671875
4.607142857142857 2.27198671875
4.642857142857143 2.27198671875
4.678571428571429 2.27198671875
4.714285714285714 2.27198671875
4.75 2.27198671875
4.785714285714286 2.27198671875
4.821428571428571 2.27198671875
4.857142857142857 2.27198671875
4.892857142857143 2.27198671875
4.928571428571429 2.27198671875
5.142857142857143 2.27198671875
5.178571428571429 2.27198671875
5.214285714285714 2.27198671875
5.25 2.27198671875
5.285714285714286 2.27198671875
5.321428571428571 2.27198671875
5.357142857142857 2.27198671875
5.392857142857143 2.27198671875
5.428571428571429 2.27198671875
5.714285714285714 2.27198671875
5.75 2.27198671875
5.785714285714286 2.27198671875
5.821428571428571 2.27198671875
5.857142857142857 2.27198671875
5.892857142857143 2.27198671875
5.928571428571429 2.27198671875
5.964285714285714 2.27198671875
6.0 2.27198671875
6.25 2.27198671875
6.285714285714286 2.27198671875
6.321428571428571 2.27198671875
6.357142857142857 2.27198671875
6.392857142857143 2.27198671875
6.428571428571429 2.27198671875
6.464285714285714 2.27198671875
6.5 2.27198671875
6.535714285714286 2.27198671875
6.571428571428571 2.27198671875
6.821428571428571 2.27198671875
6.857142857142857 2.27198671875
6.892857142857143 2.27198671875
6.928571428571429 2.27198671875
6.964285714285714 2.27198671875
7.0 2.27198671875
7.035714285714286 2.27198671875
7.071428571428571 2.27198671875
7.107142857142857 2.27198671875
7.142857142857143 2.27198671875
7.357142857142857 2.27198671875
7.392857142857143 2.27198671875
7.428571428571429 2.27198671875
7.464285714285714 2.27198671875
7.5 2.27198671875
7.535714285714286 2.27198671875
7.571428571428571 2.27198671875
7.607142857142857 2.27198671875
7.642857142857143 2.27198671875
7.678571428571429 2.27198671875
7.928571428571429 2.27198671875
7.964285714285714 2.27198671875
8.0 2.27198671875
8.035714285714286 2.27198671875
8.071428571428571 2.27198671875
8.107142857142858 2.27198671875
8.142857142857142 2.27198671875
8.178571428571429 2.27198671875
8.214285714285714 2.27198671875
8.5 2.27198671875
8.535714285714286 2.27198671875
8.571428571428571 2.27198671875
8.607142857142858 2.27198671875
8.642857142857142 2.27198671875
8.678571428571429 2.27198671875
8.714285714285714 2.27198671875
8.75 2.27198671875
8.785714285714286 2.27198671875
9.035714285714286 2.27198671875
9.071428571428571 2.27198671875
9.107142857142858 2.27198671875
9.142857142857142 2.27198671875
9.178571428571429 2.27198671875
9.214285714285714 2.27198671875
9.25 2.27198671875
9.285714285714286 2.27198671875
9.321428571428571 2.27198671875
9.571428571428571 2.27198671875
9.607142857142858 2.27198671875
9.642857142857142 2.27198671875
9.678571428571429 2.27198671875
9.714285714285714 2.27198671875
9.75 2.27198671875
9.785714285714286 2.27198671875
9.821428571428571 2.27198671875
9.857142857142858 2.27198671875
9.892857142857142 2.27198671875
9.928571428571429 2.2171078125
10.142857142857142 2.27198671875
10.178571428571429 2.27198671875
10.214285714285714 2.27198671875
10.25 2.27198671875
10.285714285714286 2.27198671875
10.321428571428571 2.27198671875
10.357142857142858 2.27198671875
10.392857142857142 2.27198671875
10.428571428571429 2.27198671875
10.464285714285714 2.27198671875
10.714285714285714 2.27198671875
10.75 2.27198671875
10.785714285714286 2.27198671875
10.821428571428571 2.27198671875
10.857142857142858 2.27198671875
10.892857142857142 2.27198671875
10.928571428571429 2.27198671875
10.964285714285714 2.27198671875
11.0 2.27198671875
11.25 2.27198671875
11.285714285714286 2.27198671875
11.321428571428571 2.27198671875
11.357142857142858 2.27198671875
11.392857142857142 2.27198671875
11.428571428571429 2.27198671875
11.464285714285714 2.27198671875
11.5 2.27198671875
11.535714285714286 2.27198671875
11.571428571428571 2.27198671875
11.785714285714286 2.27198671875
11.821428571428571 2.27198671875
11.857142857142858 2.27198671875
11.892857142857142 2.27198671875
11.928571428571429 2.27198671875
11.964285714285714 2.27198671875
12.0 2.27198671875
12.035714285714286 2.27198671875
12.071428571428571 2.27198671875
12.107142857142858 2.27198671875
12.142857142857142 2.27198671875
12.357142857142858 2.27198671875
12.392857142857142 2.27198671875
12.428571428571429 2.27198671875
12.464285714285714 2.27198671875
12.5 2.27198671875
12.535714285714286 2.27198671875
12.571428571428571 2.27198671875
12.607142857142858 2.27198671875
12.642857142857142 2.27198671875
12.928571428571429 2.27198671875
12.964285714285714 2.27198671875
13.0 2.27198671875
13.035714285714286 2.27198671875
13.071428571428571 2.27198671875
13.107142857142858 2.27198671875
13.142857142857142 2.27198671875
13.178571428571429 2.27198671875
13.214285714285714 2.27198671875
13.5 2.27198671875
13.535714285714286 2.27198671875
13.571428571428571 2.27198671875
13.607142857142858 2.27198671875
13.642857142857142 2.27198671875
13.678571428571429 2.27198671875
13.714285714285714 2.27198671875
13.75 2.27198671875
13.785714285714286 2.27198671875
14.035714285714286 2.27198671875
14.071428571428571 2.27198671875
14.107142857142858 2.27198671875
14.142857142857142 2.27198671875
14.178571428571429 2.27198671875
14.214285714285714 2.27198671875
14.25 2.27198671875
14.285714285714286 2.27198671875
14.321428571428571 2.27198671875
14.357142857142858 2.27198671875
14.607142857142858 2.27198671875
14.642857142857142 2.27198671875
14.678571428571429 2.27198671875
14.714285714285714 2.27198671875
14.75 2.27198671875
14.785714285714286 2.27198671875
14.821428571428571 2.27198671875
14.857142857142858 2.27198671875
14.892857142857142 2.27198671875
15.142857142857142 2.27198671875
15.178571428571429 2.27198671875
15.214285714285714 2.27198671875
15.25 2.27198671875
15.285714285714286 2.27198671875
15.321428571428571 2.27198671875
15.357142857142858 2.27198671875
15.392857142857142 2.27198671875
15.428571428571429 2.27198671875
15.464285714285714 2.27198671875
15.714285714285714 2.27198671875
15.75 2.27198671875
15.785714285714286 2.27198671875
15.821428571428571 2.27198671875
15.857142857142858 2.27198671875
15.892857142857142 2.27198671875
15.928571428571429 2.27198671875
15.964285714285714 2.27198671875
16.0 2.27198671875
16.25 2.27198671875
16.285714285714285 2.27198671875
16.321428571428573 2.27198671875
16.357142857142858 2.27198671875
16.392857142857142 2.27198671875
16.428571428571427 2.27198671875
16.464285714285715 2.27198671875
16.5 2.27198671875
16.535714285714285 2.27198671875
16.571428571428573 2.27198671875
16.821428571428573 2.27198671875
16.857142857142858 2.27198671875
16.892857142857142 2.27198671875
16.928571428571427 2.27198671875
16.964285714285715 2.27198671875
17.0 2.27198671875
17.035714285714285 2.27198671875
17.071428571428573 2.27198671875
17.107142857142858 2.27198671875
17.357142857142858 2.27198671875
17.392857142857142 2.27198671875
17.428571428571427 2.27198671875
17.464285714285715 2.27198671875
17.5 2.27198671875
17.535714285714285 2.27198671875
17.571428571428573 2.27198671875
17.607142857142858 2.27198671875
17.642857142857142 2.27198671875
17.678571428571427 2.27198671875
17.928571428571427 2.27198671875
17.964285714285715 2.27198671875
18.0 2.27198671875
18.035714285714285 2.27198671875
18.071428571428573 2.27198671875
18.107142857142858 2.27198671875
18.142857142857142 2.27198671875
18.178571428571427 2.27198671875
18.214285714285715 2.27198671875
18.5 2.27198671875
18.535714285714285 2.27198671875
18.571428571428573 2.27198671875
18.607142857142858 2.27198671875
18.642857142857142 2.27198671875
18.678571428571427 2.27198671875
18.714285714285715 2.27198671875
18.75 2.27198671875
18.785714285714285 2.27198671875
19.035714285714285 2.27198671875
19.071428571428573 2.27198671875
19.107142857142858 2.27198671875
19.142857142857142 2.27198671875
19.178571428571427 2.27198671875
19.214285714285715 2.27198671875
19.25 2.27198671875
19.285714285714285 2.27198671875
19.321428571428573 2.27198671875
19.607142857142858 2.27198671875
19.642857142857142 2.27198671875
19.678571428571427 2.27198671875
19.714285714285715 2.27198671875
19.75 2.27198671875
19.785714285714285 2.27198671875
19.821428571428573 2.27198671875
19.857142857142858 2.27198671875
19.892857142857142 2.27198671875
20.142857142857142 2.27198671875
20.178571428571427 2.27198671875
20.214285714285715 2.27198671875
20.25 2.27198671875
20.285714285714285 2.27198671875
20.321428571428573 2.27198671875
20.357142857142858 2.27198671875
20.392857142857142 2.27198671875
20.428571428571427 2.27198671875
20.464285714285715 2.27198671875
20.714285714285715 2.27198671875
20.75 2.27198671875
20.785714285714285 2.27198671875
20.821428571428573 2.27198671875
20.857142857142858 2.27198671875
20.892857142857142 2.27198671875
20.928571428571427 2.27198671875
20.964285714285715 2.27198671875
21.0 2.27198671875
21.25 2.27198671875
21.285714285714285 2.27198671875
21.321428571428573 2.27198671875
21.357142857142858 2.27198671875
21.392857142857142 2.27198671875
21.428571428571427 2.27198671875
21.464285714285715 2.27198671875
21.5 2.27198671875
21.535714285714285 2.27198671875
21.571428571428573 2.27198671875
21.821428571428573 2.27198671875
21.857142857142858 2.27198671875
21.892857142857142 2.27198671875
21.928571428571427 2.27198671875
21.964285714285715 2.27198671875
22.0 2.27198671875
22.035714285714285 2.27198671875
22.071428571428573 2.27198671875
22.107142857142858 2.27198671875
22.357142857142858 2.27198671875
22.392857142857142 2.27198671875
22.428571428571427 2.27198671875
22.464285714285715 2.27198671875
22.5 2.27198671875
22.535714285714285 2.27198671875
22.571428571428573 2.27198671875
22.607142857142858 2.27198671875
22.642857142857142 2.27198671875
22.678571428571427 2.27198671875
22.928571428571427 2.27198671875
22.964285714285715 2.27198671875
23.0 2.27198671875
23.035714285714285 2.27198671875
23.071428571428573 2.27198671875
23.107142857142858 2.27198671875
23.142857142857142 2.27198671875
23.178571428571427 2.27198671875
23.214285714285715 2.27198671875
23.25 2.27198671875
23.464285714285715 2.27198671875
23.5 2.27198671875
23.535714285714285 2.27198671875
23.571428571428573 2.27198671875
23.607142857142858 2.27198671875
23.642857142857142 2.27198671875
23.678571428571427 2.27198671875
23.714285714285715 2.27198671875
23.75 2.27198671875
23.785714285714285 2.27198671875
24.035714285714285 2.27198671875
24.071428571428573 2.27198671875
24.107142857142858 2.27198671875
24.142857142857142 2.27198671875
24.178571428571427 2.27198671875
24.214285714285715 2.27198671875
24.25 2.27198671875
24.285714285714285 2.27198671875
24.321428571428573 2.27198671875
24.607142857142858 2.27198671875
24.642857142857142 2.27198671875
24.678571428571427 2.27198671875
24.714285714285715 2.27198671875
24.75 2.27198671875
24.785714285714285 2.27198671875
24.821428571428573 2.27198671875
24.857142857142858 2.27198671875
24.892857142857142 2.27198671875
25.178571428571427 2.27198671875
25.214285714285715 2.27198671875
25.25 2.27198671875
25.285714285714285 2.27198671875
25.321428571428573 2.27198671875
25.357142857142858 2.27198671875
25.392857142857142 2.27198671875
25.428571428571427 2.27198671875
25.464285714285715 2.27198671875
25.714285714285715 2.27198671875
25.75 2.27198671875
25.785714285714285 2.27198671875
25.821428571428573 2.27198671875
25.857142857142858 2.27198671875
25.892857142857142 2.27198671875
25.928571428571427 2.27198671875
25.964285714285715 2.27198671875
26.0 2.27198671875
26.25 2.27198671875
26.285714285714285 2.27198671875
26.321428571428573 2.27198671875
26.357142857142858 2.27198671875
26.392857142857142 2.27198671875
26.428571428571427 2.27198671875
26.464285714285715 2.27198671875
26.5 2.27198671875
26.535714285714285 2.27198671875
26.571428571428573 2.27198671875
26.821428571428573 2.27198671875
26.857142857142858 2.27198671875
26.892857142857142 2.27198671875
26.928571428571427 2.27198671875
26.964285714285715 2.27198671875
27.0 2.27198671875
27.035714285714285 2.27198671875
27.071428571428573 2.27198671875
27.107142857142858 2.27198671875
27.392857142857142 2.27198671875
27.428571428571427 2.27198671875
27.464285714285715 2.27198671875
27.5 2.27198671875
27.535714285714285 2.27198671875
27.571428571428573 2.27198671875
27.607142857142858 2.27198671875
27.642857142857142 2.27198671875
27.678571428571427 2.27198671875
27.928571428571427 2.27198671875
27.964285714285715 2.27198671875
28.0 2.27198671875
28.035714285714285 2.27198671875
28.071428571428573 2.27198671875
28.107142857142858 2.27198671875
28.142857142857142 2.27198671875
28.178571428571427 2.27198671875
28.214285714285715 2.27198671875
28.25 2.27198671875
28.5 2.27198671875
28.535714285714285 2.27198671875
28.571428571428573 2.27198671875
28.607142857142858 2.27198671875
28.642857142857142 2.27198671875
28.678571428571427 2.27198671875
28.714285714285715 2.27198671875
28.75 2.27198671875
28.785714285714285 2.27198671875
29.035714285714285 2.27198671875
29.071428571428573 2.27198671875
29.107142857142858 2.27198671875
29.142857142857142 2.27198671875
29.178571428571427 2.27198671875
29.214285714285715 2.27198671875
29.25 2.27198671875
29.285714285714285 2.27198671875
29.321428571428573 2.27198671875
29.607142857142858 2.27198671875
29.642857142857142 2.27198671875
29.678571428571427 2.27198671875
29.714285714285715 2.27198671875
29.75 2.27198671875
29.785714285714285 2.27198671875
29.821428571428573 2.27198671875
29.857142857142858 2.27198671875
29.892857142857142 2.27198671875
30.142857142857142 2.27198671875
30.178571428571427 2.27198671875
30.214285714285715 2.27198671875
30.25 2.27198671875
30.285714285714285 2.27198671875
30.321428571428573 2.27198671875
30.357142857142858 2.27198671875
30.392857142857142 2.27198671875
30.428571428571427 2.27198671875
30.464285714285715 2.27198671875
30.714285714285715 2.27198671875
30.75 2.27198671875
30.785714285714285 2.27198671875
30.821428571428573 2.27198671875
30.857142857142858 2.27198671875
30.892857142857142 2.27198671875
30.928571428571427 2.27198671875
30.964285714285715 2.27198671875
31.0 2.27198671875
31.25 2.27198671875
31.285714285714285 2.27198671875
31.321428571428573 2.27198671875
31.357142857142858 2.27198671875
31.392857142857142 2.27198671875
31.428571428571427 2.27198671875
31.464285714285715 2.27198671875
31.5 2.27198671875
31.535714285714285 2.27198671875
31.571428571428573 2.27198671875
31.821428571428573 2.27198671875
31.857142857142858 2.27198671875
31.892857142857142 2.27198671875
31.928571428571427 2.27198671875
31.964285714285715 2.27198671875
32.0 2.27198671875
32.035714285714285 2.27198671875
32.07142857142857 2.27198671875
32.107142857142854 2.27198671875
32.392857142857146 2.27198671875
32.42857142857143 2.27198671875
32.464285714285715 2.27198671875
32.5 2.27198671875
32.535714285714285 2.27198671875
32.57142857142857 2.27198671875
32.607142857142854 2.27198671875
32.642857142857146 2.27198671875
32.67857142857143 2.27198671875
32.92857142857143 2.27198671875
32.964285714285715 2.27198671875
33.0 2.27198671875
33.035714285714285 2.27198671875
33.07142857142857 2.27198671875
33.107142857142854 2.27198671875
33.142857142857146 2.27198671875
33.17857142857143 2.27198671875
33.214285714285715 2.27198671875
33.5 2.27198671875
33.535714285714285 2.27198671875
33.57142857142857 2.27198671875
33.607142857142854 2.27198671875
33.642857142857146 2.27198671875
33.67857142857143 2.27198671875
33.714285714285715 2.27198671875
33.75 2.27198671875
33.785714285714285 2.27198671875
34.035714285714285 2.27198671875
34.07142857142857 2.27198671875
34.107142857142854 2.27198671875
34.142857142857146 2.27198671875
34.17857142857143 2.27198671875
34.214285714285715 2.27198671875
34.25 2.27198671875
34.285714285714285 2.27198671875
34.32142857142857 2.27198671875
34.607142857142854 2.27198671875
34.642857142857146 2.27198671875
34.67857142857143 2.27198671875
34.714285714285715 2.27198671875
34.75 2.27198671875
34.785714285714285 2.27198671875
34.82142857142857 2.27198671875
34.857142857142854 2.27198671875
34.892857142857146 2.27198671875
34.92857142857143 2.27198671875
35.142857142857146 2.27198671875
35.17857142857143 2.27198671875
35.214285714285715 2.27198671875
35.25 2.27198671875
35.285714285714285 2.27198671875
35.32142857142857 2.27198671875
35.357142857142854 2.27198671875
35.392857142857146 2.27198671875
35.42857142857143 2.27198671875
35.464285714285715 2.27198671875
35.714285714285715 2.27198671875
35.75 2.27198671875
35.785714285714285 2.27198671875
35.82142857142857 2.27198671875
35.857142857142854 2.27198671875
35.892857142857146 2.27198671875
35.92857142857143 2.27198671875
35.964285714285715 2.27198671875
36.0 2.27198671875
36.25 2.27198671875
36.285714285714285 2.27198671875
36.32142857142857 2.27198671875
36.357142857142854 2.27198671875
36.392857142857146 2.27198671875
36.42857142857143 2.27198671875
36.464285714285715 2.27198671875
36.5 2.27198671875
36.535714285714285 2.27198671875
36.57142857142857 2.27198671875
36.82142857142857 2.27198671875
36.857142857142854 2.27198671875
36.892857142857146 2.27198671875
36.92857142857143 2.27198671875
36.964285714285715 2.27198671875
37.0 2.27198671875
37.035714285714285 2.27198671875
37.07142857142857 2.27198671875
37.107142857142854 2.27198671875
37.357142857142854 2.27198671875
37.392857142857146 2.27198671875
37.42857142857143 2.27198671875
37.464285714285715 2.27198671875
37.5 2.27198671875
37.535714285714285 2.27198671875
37.57142857142857 2.27198671875
37.607142857142854 2.27198671875
37.642857142857146 2.27198671875
37.92857142857143 2.27198671875
37.964285714285715 2.27198671875
38.0 2.27198671875
38.035714285714285 2.27198671875
38.07142857142857 2.27198671875
38.107142857142854 2.27198671875
38.142857142857146 2.27198671875
38.17857142857143 2.27198671875
38.214285714285715 2.27198671875
38.5 2.27198671875
38.535714285714285 2.27198671875
38.57142857142857 2.27198671875
38.607142857142854 2.27198671875
38.642857142857146 2.27198671875
38.67857142857143 2.27198671875
38.714285714285715 2.27198671875
38.75 2.27198671875
38.785714285714285 2.27198671875
39.07142857142857 2.27198671875
39.107142857142854 2.27198671875
39.142857142857146 2.27198671875
39.17857142857143 2.27198671875
39.214285714285715 2.27198671875
39.25 2.27198671875
39.285714285714285 2.27198671875
39.32142857142857 2.27198671875
39.357142857142854 2.27198671875
39.607142857142854 2.27198671875
39.642857142857146 2.27198671875
39.67857142857143 2.27198671875
39.714285714285715 2.27198671875
39.75 2.27198671875
39.785714285714285 2.27198671875
39.82142857142857 2.27198671875
39.857142857142854 2.27198671875
39.892857142857146 2.27198671875
39.92857142857143 2.22076640625
