0.03571428571428571 2.40369609375
0.07142857142857142 2.40369609375
0.10714285714285714 2.40369609375
0.14285714285714285 2.40369609375
0.17857142857142858 2.40369609375
0.21428571428571427 2.40369609375
0.25 2.4000375
0.2857142857142857 2.40369609375
0.32142857142857145 2.40369609375
0.35714285714285715 2.4000375
0.39285714285714285 2.4000375
0.42857142857142855 2.4000375
0.4642857142857143 2.4000375
0.5 2.4000375
0.5357142857142857 2.3927203125
0.5714285714285714 2.414671875
0.6071428571428571 2.4366234375
0.7857142857142857 2.39637890625
0.8214285714285714 2.44028203125
0.8571428571428571 2.44759921875
0.8928571428571429 2.443940625
0.9285714285714286 2.443940625
0.9642857142857143 2.443940625
1.0 2.443940625
1.0357142857142858 2.443940625
1.0714285714285714 2.443940625
1.1071428571428572 2.443940625
1.1428571428571428 2.443940625
1.1785714285714286 2.443940625
1.2142857142857142 2.443940625
1.25 2.443940625
1.2857142857142858 2.443940625
1.3214285714285714 2.44028203125
1.3571428571428572 2.4366234375
1.3928571428571428 2.4366234375
1.4285714285714286 2.4366234375
1.4642857142857142 2.4366234375
1.5 2.4366234375
1.5357142857142858 2.43296484375
1.5714285714285714 2.43296484375
1.6071428571428572 2.43296484375
1.6428571428571428 2.43296484375
1.6785714285714286 2.4293062500000002
1.7142857142857142 2.4293062500000002
1.75 2.4293062500000002
1.7857142857142858 2.4293062500000002
1.8214285714285714 2.4293062500000002
1.8571428571428572 2.4256476562500002
1.8928571428571428 2.4256476562500002
1.9285714285714286 2.4256476562500002
1.9642857142857142 2.4256476562500002
2.0 2.4256476562500002
2.0357142857142856 2.4256476562500002
2.0714285714285716 2.4256476562500002
2.107142857142857 2.4219890625000002
2.142857142857143 2.4219890625000002
2.1785714285714284 2.4219890625000002
2.2142857142857144 2.4219890625000002
2.25 2.4219890625000002
2.2857142857142856 2.4219890625000002
2.3214285714285716 2.4219890625000002
2.357142857142857 2.41833046875
2.392857142857143 2.4219890625000002
2.4285714285714284 2.41833046875
2.4642857142857144 2.41833046875
2.5 2.41833046875
2.5357142857142856 2.4219890625000002
2.5714285714285716 2.4219890625000002
2.607142857142857 2.443940625
2.7857142857142856 2.36711015625
2.8214285714285716 2.2610109375
2.857142857142857 2.3341828125
2.892857142857143 2.44028203125
2.9285714285714284 2.45491640625
2.9642857142857144 2.45491640625
3.0 2.4512578125
3.0357142857142856 2.44759921875
3.0714285714285716 2.44759921875
3.107142857142857 2.44759921875
3.142857142857143 2.44759921875
3.1785714285714284 2.443940625
3.2142857142857144 2.443940625
3.25 2.443940625
3.2857142857142856 2.443940625
3.3214285714285716 2.443940625
3.357142857142857 2.443940625
3.392857142857143 2.443940625
3.4285714285714284 2.443940625
3.4642857142857144 2.443940625
3.5 2.443940625
3.5357142857142856 2.443940625
3.5714285714285716 2.44028203125
3.607142857142857 2.44028203125
3.642857142857143 2.44028203125
3.6785714285714284 2.44028203125
3.7142857142857144 2.44028203125
3.75 2.44028203125
3.7857142857142856 2.44028203125
3.8214285714285716 2.44028203125
3.857142857142857 2.44028203125
3.892857142857143 2.44028203125
3.9285714285714284 2.44028203125
3.9642857142857144 2.44028203125
4.0 2.44028203125
4.035714285714286 2.44028203125
4.071428571428571 2.44028203125
4.107142857142857 2.44028203125
4.142857142857143 2.44028203125
4.178571428571429 2.44028203125
4.214285714285714 2.44028203125
4.25 2.44028203125
4.285714285714286 2.44028203125
4.321428571428571 2.44028203125
4.357142857142857 2.44028203125
4.392857142857143 2.44028203125
4.428571428571429 2.44028203125
4.464285714285714 2.44028203125
4.5 2.43296484375
4.535714285714286 2.45491640625
4.571428571428571 2.52808828125
4.607142857142857 2.53540546875
4.642857142857143 2.53540546875
4.857142857142857 2.44028203125
4.892857142857143 2.44028203125
4.928571428571429 2.55003984375
4.964285714285714 2.55003984375
5.0 2.54638125
5.035714285714286 2.53540546875
5.071428571428571 2.52808828125
5.107142857142857 2.5171125
5.142857142857143 2.5097953125
5.178571428571429 2.502478125
5.214285714285714 2.49150234375
5.25 2.48418515625
5.285714285714286 2.47686796875
5.321428571428571 2.473209375
5.357142857142857 2.458575
5.392857142857143 2.458575
5.428571428571429 2.45491640625
5.464285714285714 2.45491640625
5.5 2.45491640625
5.535714285714286 2.45491640625
5.571428571428571 2.458575
5.607142857142857 2.45491640625
5.642857142857143 2.45491640625
5.678571428571429 2.458575
5.714285714285714 2.458575
5.75 2.458575
5.785714285714286 2.45491640625
5.821428571428571 2.45491640625
5.857142857142857 2.45491640625
5.892857142857143 2.45491640625
5.928571428571429 2.45491640625
5.964285714285714 2.45491640625
6.0 2.45491640625
6.035714285714286 2.45491640625
6.071428571428571 2.45491640625
6.107142857142857 2.45491640625
6.142857142857143 2.45491640625
6.178571428571429 2.45491640625
6.214285714285714 2.45491640625
6.25 2.45491640625
6.285714285714286 2.45491640625
6.321428571428571 2.45491640625
6.357142857142857 2.45491640625
6.392857142857143 2.45491640625
6.428571428571429 2.45491640625
6.464285714285714 2.4512578125
6.5 2.44759921875
6.535714285714286 2.4366234375
6.571428571428571 2.48418515625
6.607142857142857 2.49881953125
6.857142857142857 2.38906171875
6.892857142857143 2.46223359375
6.928571428571429 2.502478125
6.964285714285714 2.5097953125
7.0 2.502478125
7.035714285714286 2.48784375
7.071428571428571 2.47686796875
7.107142857142857 2.458575
7.142857142857143 2.458575
7.178571428571429 2.4512578125
7.214285714285714 2.44028203125
7.25 2.4219890625000002
7.285714285714286 2.414671875
7.321428571428571 2.4073546875
7.357142857142857 2.40369609375
7.392857142857143 2.40369609375
7.428571428571429 2.40369609375
7.464285714285714 2.40369609375
7.5 2.40369609375
7.535714285714286 2.40369609375
7.571428571428571 2.40369609375
7.607142857142857 2.40369609375
7.642857142857143 2.40369609375
7.678571428571429 2.40369609375
7.714285714285714 2.40369609375
7.75 2.40369609375
7.785714285714286 2.40369609375
7.821428571428571 2.40369609375
7.857142857142857 2.40369609375
7.892857142857143 2.40369609375
7.928571428571429 2.40369609375
7.964285714285714 2.40369609375
8.0 2.40369609375
8.035714285714286 2.40369609375
8.071428571428571 2.40369609375
8.107142857142858 2.40369609375
8.142857142857142 2.40369609375
8.178571428571429 2.40369609375
8.214285714285714 2.40369609375
8.25 2.40369609375
8.285714285714286 2.40369609375
8.321428571428571 2.40369609375
8.357142857142858 2.40369609375
8.392857142857142 2.40369609375
8.428571428571429 2.40369609375
8.464285714285714 2.40369609375
8.5 2.4000375
8.535714285714286 2.3927203125
8.571428571428571 2.44759921875
8.607142857142858 2.4512578125
8.857142857142858 2.356134375
8.892857142857142 2.43296484375
8.928571428571429 2.4658921875
8.964285714285714 2.46955078125
9.0 2.46223359375
9.035714285714286 2.44759921875
9.071428571428571 2.44028203125
9.107142857142858 2.4219890625000002
9.142857142857142 2.41101328125
9.178571428571429 2.4000375
9.214285714285714 2.3927203125
9.25 2.385403125
9.285714285714286 2.38174453125
9.321428571428571 2.37442734375
9.357142857142858 2.3634515625
9.392857142857142 2.35979296875
9.428571428571429 2.356134375
9.464285714285714 2.35979296875
9.5 2.35979296875
9.535714285714286 2.35979296875
9.571428571428571 2.3634515625
9.607142857142858 2.3634515625
9.642857142857142 2.3634515625
9.678571428571429 2.3634515625
9.714285714285714 2.3634515625
9.75 2.3634515625
9.785714285714286 2.3634515625
9.821428571428571 2.3634515625
9.857142857142858 2.3634515625
9.892857142857142 2.3634515625
9.928571428571429 2.3634515625
9.964285714285714 2.3634515625
10.0 2.3634515625
10.035714285714286 2.3634515625
10.071428571428571 2.3634515625
10.107142857142858 2.3634515625
10.142857142857142 2.3634515625
10.178571428571429 2.3634515625
10.214285714285714 2.3634515625
10.25 2.3634515625
10.285714285714286 2.3634515625
10.321428571428571 2.3634515625
10.357142857142858 2.3634515625
10.392857142857142 2.3634515625
10.428571428571429 2.3634515625
10.464285714285714 2.35979296875
10.5 2.356134375
10.535714285714286 2.4073546875
10.571428571428571 2.41101328125
10.857142857142858 2.414671875
10.892857142857142 2.45491640625
10.928571428571429 2.45491640625
10.964285714285714 2.458575
11.0 2.44028203125
11.035714285714286 2.4293062500000002
11.071428571428571 2.4219890625000002
11.107142857142858 2.41101328125
11.142857142857142 2.4000375
11.178571428571429 2.38906171875
11.214285714285714 2.38174453125
11.25 2.37442734375
11.285714285714286 2.36711015625
11.321428571428571 2.3634515625
11.357142857142858 2.3488171875
11.392857142857142 2.34515859375
11.428571428571429 2.34515859375
11.464285714285714 2.3415
11.5 2.34515859375
11.535714285714286 2.34515859375
11.571428571428571 2.34515859375
11.607142857142858 2.34515859375
11.642857142857142 2.34515859375
11.678571428571429 2.3488171875
11.714285714285714 2.34515859375
11.75 2.3488171875
11.785714285714286 2.34515859375
11.821428571428571 2.34515859375
11.857142857142858 2.34515859375
11.892857142857142 2.34515859375
11.928571428571429 2.34515859375
11.964285714285714 2.34515859375
12.0 2.34515859375
12.035714285714286 2.34515859375
12.071428571428571 2.34515859375
12.107142857142858 2.34515859375
12.142857142857142 2.34515859375
12.178571428571429 2.34515859375
12.214285714285714 2.34515859375
12.25 2.34515859375
12.285714285714286 2.34515859375
12.321428571428571 2.34515859375
12.357142857142858 2.34515859375
12.392857142857142 2.34515859375
12.428571428571429 2.34515859375
12.464285714285714 2.3415
12.5 2.34515859375
12.535714285714286 2.41833046875
12.571428571428571 2.4293062500000002
12.607142857142858 2.4293062500000002
12.857142857142858 2.38174453125
12.892857142857142 2.44759921875
12.928571428571429 2.4658921875
12.964285714285714 2.4658921875
13.0 2.45491640625
13.035714285714286 2.443940625
13.071428571428571 2.43296484375
13.107142857142858 2.414671875
13.142857142857142 2.414671875
13.178571428571429 2.39637890625
13.214285714285714 2.39637890625
13.25 2.38174453125
13.285714285714286 2.37442734375
13.321428571428571 2.36711015625
13.357142857142858 2.35979296875
13.392857142857142 2.356134375
13.428571428571429 2.35979296875
13.464285714285714 2.3634515625
13.5 2.3634515625
13.535714285714286 2.3634515625
13.571428571428571 2.3634515625
13.607142857142858 2.3634515625
13.642857142857142 2.3634515625
13.678571428571429 2.3634515625
13.714285714285714 2.3634515625
13.75 2.3634515625
13.785714285714286 2.3634515625
13.821428571428571 2.3634515625
13.857142857142858 2.3634515625
13.892857142857142 2.3634515625
13.928571428571429 2.3634515625
13.964285714285714 2.3634515625
14.0 2.3634515625
14.035714285714286 2.3634515625
14.071428571428571 2.3634515625
14.107142857142858 2.3634515625
14.142857142857142 2.3634515625
14.178571428571429 2.3634515625
14.214285714285714 2.3634515625
14.25 2.3634515625
14.285714285714286 2.3634515625
14.321428571428571 2.3634515625
14.357142857142858 2.3634515625
14.392857142857142 2.3634515625
14.428571428571429 2.3634515625
14.464285714285714 2.35979296875
14.5 2.35247578125
14.535714285714286 2.38906171875
14.571428571428571 2.414671875
14.857142857142858 2.356134375
14.892857142857142 2.4219890625000002
14.928571428571429 2.46223359375
14.964285714285714 2.46955078125
15.0 2.46223359375
15.035714285714286 2.4512578125
15.071428571428571 2.443940625
15.107142857142858 2.4219890625000002
15.142857142857142 2.414671875
15.178571428571429 2.4000375
15.214285714285714 2.38906171875
15.25 2.38174453125
15.285714285714286 2.37442734375
15.321428571428571 2.36711015625
15.357142857142858 2.35979296875
15.392857142857142 2.35247578125
15.428571428571429 2.34515859375
15.464285714285714 2.3415
15.5 2.3341828125
15.535714285714286 2.3341828125
15.571428571428571 2.33784140625
15.607142857142858 2.33784140625
15.642857142857142 2.33784140625
15.678571428571429 2.33784140625
15.714285714285714 2.3415
15.75 2.33784140625
15.785714285714286 2.33784140625
15.821428571428571 2.33784140625
15.857142857142858 2.33784140625
15.892857142857142 2.33784140625
15.928571428571429 2.33784140625
15.964285714285714 2.33784140625
16.0 2.33784140625
16.035714285714285 2.33784140625
16.071428571428573 2.33784140625
16.107142857142858 2.33784140625
16.142857142857142 2.33784140625
16.178571428571427 2.33784140625
16.214285714285715 2.3415
16.25 2.33784140625
16.285714285714285 2.33784140625
16.321428571428573 2.33784140625
16.357142857142858 2.33784140625
16.392857142857142 2.33784140625
16.428571428571427 2.33784140625
16.464285714285715 2.33784140625
16.5 2.3415
16.535714285714285 2.40369609375
16.571428571428573 2.4073546875
16.857142857142858 2.39637890625
16.892857142857142 2.4512578125
16.928571428571427 2.46223359375
16.964285714285715 2.46223359375
17.0 2.44759921875
17.035714285714285 2.4366234375
17.071428571428573 2.4256476562500002
17.107142857142858 2.414671875
17.142857142857142 2.40369609375
17.178571428571427 2.3927203125
17.214285714285715 2.385403125
17.25 2.37442734375
17.285714285714285 2.36711015625
17.321428571428573 2.35979296875
17.357142857142858 2.356134375
17.392857142857142 2.35979296875
17.428571428571427 2.3634515625
17.464285714285715 2.3634515625
17.5 2.3634515625
17.535714285714285 2.3634515625
17.571428571428573 2.3634515625
17.607142857142858 2.3634515625
17.642857142857142 2.3634515625
17.678571428571427 2.3634515625
17.714285714285715 2.3634515625
17.75 2.3634515625
17.785714285714285 2.3634515625
17.821428571428573 2.3634515625
17.857142857142858 2.3634515625
17.892857142857142 2.3634515625
17.928571428571427 2.3634515625
17.964285714285715 2.3634515625
18.0 2.3634515625
18.035714285714285 2.3634515625
18.071428571428573 2.3634515625
18.107142857142858 2.3634515625
18.142857142857142 2.3634515625
18.178571428571427 2.3634515625
18.214285714285715 2.3634515625
18.25 2.3634515625
18.285714285714285 2.3634515625
18.321428571428573 2.3634515625
18.357142857142858 2.3634515625
18.392857142857142 2.3634515625
18.428571428571427 2.35979296875
18.464285714285715 2.356134375
18.5 2.35247578125
18.535714285714285 2.39637890625
18.571428571428573 2.4073546875
18.607142857142858 2.40369609375
18.857142857142858 2.3780859375
18.892857142857142 2.443940625
18.928571428571427 2.458575
18.964285714285715 2.458575
19.0 2.44759921875
19.035714285714285 2.4366234375
19.071428571428573 2.4256476562500002
19.107142857142858 2.414671875
19.142857142857142 2.40369609375
19.178571428571427 2.3927203125
19.214285714285715 2.385403125
19.25 2.37076875
19.285714285714285 2.3634515625
19.321428571428573 2.356134375
19.357142857142858 2.35247578125
19.392857142857142 2.356134375
19.428571428571427 2.356134375
19.464285714285715 2.356134375
19.5 2.35979296875
19.535714285714285 2.35979296875
19.571428571428573 2.35979296875
19.607142857142858 2.35979296875
19.642857142857142 2.35979296875
19.678571428571427 2.35979296875
19.714285714285715 2.35979296875
19.75 2.35979296875
19.785714285714285 2.35979296875
19.821428571428573 2.3634515625
19.857142857142858 2.3634515625
19.892857142857142 2.35979296875
19.928571428571427 2.35979296875
19.964285714285715 2.35979296875
20.0 2.3634515625
20.035714285714285 2.35979296875
20.071428571428573 2.35979296875
20.107142857142858 2.35979296875
20.142857142857142 2.3634515625
20.178571428571427 2.3634515625
20.214285714285715 2.35979296875
20.25 2.35979296875
20.285714285714285 2.35979296875
20.321428571428573 2.35979296875
20.357142857142858 2.35979296875
20.392857142857142 2.35979296875
20.428571428571427 2.35979296875
20.464285714285715 2.35979296875
20.5 2.385403125
20.535714285714285 2.4073546875
20.571428571428573 2.4073546875
20.857142857142858 2.356134375
20.892857142857142 2.414671875
20.928571428571427 2.46223359375
20.964285714285715 2.46955078125
21.0 2.46223359375
21.035714285714285 2.4512578125
21.071428571428573 2.44028203125
21.107142857142858 2.41833046875
21.142857142857142 2.4073546875
21.178571428571427 2.39637890625
21.214285714285715 2.385403125
21.25 2.3780859375
21.285714285714285 2.37076875
21.321428571428573 2.3634515625
21.357142857142858 2.356134375
21.392857142857142 2.35247578125
21.428571428571427 2.3488171875
21.464285714285715 2.3488171875
21.5 2.3488171875
21.535714285714285 2.3488171875
21.571428571428573 2.3488171875
21.607142857142858 2.3488171875
21.642857142857142 2.35247578125
21.678571428571427 2.35247578125
21.714285714285715 2.35247578125
21.75 2.35247578125
21.785714285714285 2.35247578125
21.821428571428573 2.35247578125
21.857142857142858 2.35247578125
21.892857142857142 2.35247578125
21.928571428571427 2.35247578125
21.964285714285715 2.35247578125
22.0 2.35247578125
22.035714285714285 2.35247578125
22.071428571428573 2.35247578125
22.107142857142858 2.35247578125
22.142857142857142 2.35247578125
22.178571428571427 2.35247578125
22.214285714285715 2.35247578125
22.25 2.35247578125
22.285714285714285 2.35247578125
22.321428571428573 2.35247578125
22.357142857142858 2.35247578125
22.392857142857142 2.35247578125
22.428571428571427 2.35247578125
22.464285714285715 2.3488171875
22.5 2.3415
22.535714285714285 2.3927203125
22.571428571428573 2.39637890625
22.857142857142858 2.385403125
22.892857142857142 2.44759921875
22.928571428571427 2.46955078125
22.964285714285715 2.46955078125
23.0 2.458575
23.035714285714285 2.44759921875
23.071428571428573 2.4366234375
23.107142857142858 2.4256476562500002
23.142857142857142 2.414671875
23.178571428571427 2.4000375
23.214285714285715 2.3927203125
23.25 2.38174453125
23.285714285714285 2.37442734375
23.321428571428573 2.36711015625
23.357142857142858 2.35979296875
23.392857142857142 2.35979296875
23.428571428571427 2.35979296875
23.464285714285715 2.35979296875
23.5 2.35979296875
23.535714285714285 2.3634515625
23.571428571428573 2.3634515625
23.607142857142858 2.3634515625
23.642857142857142 2.3634515625
23.678571428571427 2.3634515625
23.714285714285715 2.3634515625
23.75 2.3634515625
23.785714285714285 2.3634515625
23.821428571428573 2.3634515625
23.857142857142858 2.3634515625
23.892857142857142 2.3634515625
23.928571428571427 2.3634515625
23.964285714285715 2.3634515625
24.0 2.3634515625
24.035714285714285 2.3634515625
24.071428571428573 2.3634515625
24.107142857142858 2.3634515625
24.142857142857142 2.3634515625
24.178571428571427 2.3634515625
24.214285714285715 2.3634515625
24.25 2.3634515625
24.285714285714285 2.3634515625
24.321428571428573 2.3634515625
24.357142857142858 2.3634515625
24.392857142857142 2.3634515625
24.428571428571427 2.3634515625
24.464285714285715 2.35979296875
24.5 2.35247578125
24.535714285714285 2.38906171875
24.571428571428573 2.41101328125
24.607142857142858 2.41101328125
24.821428571428573 2.25735234375
24.857142857142858 2.37442734375
24.892857142857142 2.44028203125
24.928571428571427 2.4805265625
24.964285714285715 2.48784375
25.0 2.47686796875
25.035714285714285 2.46223359375
25.071428571428573 2.4512578125
25.107142857142858 2.4366234375
25.142857142857142 2.4293062500000002
25.178571428571427 2.41833046875
25.214285714285715 2.4073546875
25.25 2.38906171875
25.285714285714285 2.38174453125
25.321428571428573 2.37442734375
25.357142857142858 2.37076875
25.392857142857142 2.37076875
25.428571428571427 2.37076875
25.464285714285715 2.37076875
25.5 2.37076875
25.535714285714285 2.37076875
25.571428571428573 2.37076875
25.607142857142858 2.37076875
25.642857142857142 2.37076875
25.678571428571427 2.37076875
25.714285714285715 2.37076875
25.75 2.37076875
25.785714285714285 2.37076875
25.821428571428573 2.37076875
25.857142857142858 2.37076875
25.892857142857142 2.37076875
25.928571428571427 2.37076875
25.964285714285715 2.37076875
26.0 2.37076875
26.035714285714285 2.37076875
26.071428571428573 2.37076875
26.107142857142858 2.37076875
26.142857142857142 2.37076875
26.178571428571427 2.37076875
26.214285714285715 2.37076875
26.25 2.36711015625
26.285714285714285 2.37076875
26.321428571428573 2.37076875
26.357142857142858 2.37076875
26.392857142857142 2.36711015625
26.428571428571427 2.36711015625
26.464285714285715 2.36711015625
26.5 2.35979296875
26.535714285714285 2.35979296875
26.571428571428573 2.41101328125
26.857142857142858 2.4000375
26.892857142857142 2.4073546875
26.928571428571427 2.473209375
26.964285714285715 2.49881953125
27.0 2.48418515625
27.035714285714285 2.48418515625
27.071428571428573 2.46955078125
27.107142857142858 2.443940625
27.142857142857142 2.4366234375
27.178571428571427 2.4256476562500002
27.214285714285715 2.414671875
27.25 2.40369609375
27.285714285714285 2.39637890625
27.321428571428573 2.38906171875
27.357142857142858 2.385403125
27.392857142857142 2.385403125
27.428571428571427 2.38906171875
27.464285714285715 2.38906171875
27.5 2.3927203125
27.535714285714285 2.3927203125
27.571428571428573 2.3927203125
27.607142857142858 2.3927203125
27.642857142857142 2.3927203125
27.678571428571427 2.3927203125
27.714285714285715 2.3927203125
27.75 2.3927203125
27.785714285714285 2.3927203125
27.821428571428573 2.3927203125
27.857142857142858 2.3927203125
27.892857142857142 2.3927203125
27.928571428571427 2.3927203125
27.964285714285715 2.3927203125
28.0 2.3927203125
28.035714285714285 2.3927203125
28.071428571428573 2.3927203125
28.107142857142858 2.3927203125
28.142857142857142 2.3927203125
28.178571428571427 2.38906171875
28.214285714285715 2.3927203125
28.25 2.3927203125
28.285714285714285 2.3927203125
28.321428571428573 2.3927203125
28.357142857142858 2.38906171875
28.392857142857142 2.38906171875
28.428571428571427 2.38906171875
28.464285714285715 2.38906171875
28.5 2.38174453125
28.535714285714285 2.41101328125
28.571428571428573 2.43296484375
28.607142857142858 2.4293062500000002
28.857142857142858 2.4073546875
28.892857142857142 2.4073546875
28.928571428571427 2.473209375
28.964285714285715 2.48784375
29.0 2.46955078125
29.035714285714285 2.458575
29.071428571428573 2.44759921875
29.107142857142858 2.43296484375
29.142857142857142 2.4256476562500002
29.178571428571427 2.414671875
29.214285714285715 2.4000375
29.25 2.38906171875
29.285714285714285 2.38174453125
29.321428571428573 2.37442734375
29.357142857142858 2.35979296875
29.392857142857142 2.356134375
29.428571428571427 2.356134375
29.464285714285715 2.356134375
29.5 2.35247578125
29.535714285714285 2.35247578125
29.571428571428573 2.35247578125
29.607142857142858 2.35247578125
29.642857142857142 2.35247578125
29.678571428571427 2.35247578125
29.714285714285715 2.35247578125
29.75 2.35247578125
29.785714285714285 2.35247578125
29.821428571428573 2.35247578125
29.857142857142858 2.35247578125
29.892857142857142 2.35247578125
29.928571428571427 2.35247578125
29.964285714285715 2.35247578125
30.0 2.35247578125
30.035714285714285 2.35247578125
30.071428571428573 2.35247578125
30.107142857142858 2.35247578125
30.142857142857142 2.35247578125
30.178571428571427 2.35247578125
30.214285714285715 2.35247578125
30.25 2.35247578125
30.285714285714285 2.35247578125
30.321428571428573 2.35247578125
30.357142857142858 2.35247578125
30.392857142857142 2.35247578125
30.428571428571427 2.35247578125
30.464285714285715 2.3488171875
30.5 2.33784140625
30.535714285714285 2.37076875
30.571428571428573 2.385403125
30.607142857142858 2.38174453125
30.821428571428573 2.3195484375
30.857142857142858 2.36711015625
30.892857142857142 2.414671875
30.928571428571427 2.4219890625000002
30.964285714285715 2.414671875
31.0 2.40369609375
31.035714285714285 2.38906171875
31.071428571428573 2.37076875
31.107142857142858 2.35979296875
31.142857142857142 2.3488171875
31.178571428571427 2.33784140625
31.214285714285715 2.33052421875
31.25 2.31223125
31.285714285714285 2.3049140625
31.321428571428573 2.30125546875
31.357142857142858 2.30125546875
31.392857142857142 2.30125546875
31.428571428571427 2.30125546875
31.464285714285715 2.30125546875
31.5 2.30125546875
31.535714285714285 2.30125546875
31.571428571428573 2.3049140625
31.607142857142858 2.3049140625
31.642857142857142 2.3049140625
31.678571428571427 2.3049140625
31.714285714285715 2.30125546875
31.75 2.30125546875
31.785714285714285 2.30125546875
31.821428571428573 2.30125546875
31.857142857142858 2.30125546875
31.892857142857142 2.30125546875
31.928571428571427 2.30125546875
31.964285714285715 2.30125546875
32.0 2.30125546875
32.035714285714285 2.30125546875
32.07142857142857 2.30125546875
32.107142857142854 2.30125546875
32.142857142857146 2.30125546875
32.17857142857143 2.30125546875
32.214285714285715 2.30125546875
32.25 2.30125546875
32.285714285714285 2.30125546875
32.32142857142857 2.30125546875
32.357142857142854 2.30125546875
32.392857142857146 2.30125546875
32.42857142857143 2.30125546875
32.464285714285715 2.297596875
32.5 2.29393828125
32.535714285714285 2.3341828125
32.57142857142857 2.35247578125
32.82142857142857 2.33052421875
32.857142857142854 2.33784140625
32.892857142857146 2.40369609375
32.92857142857143 2.43296484375
32.964285714285715 2.4256476562500002
33.0 2.414671875
33.035714285714285 2.40369609375
33.07142857142857 2.3927203125
33.107142857142854 2.36711015625
33.142857142857146 2.35979296875
33.17857142857143 2.3488171875
33.214285714285715 2.3415
33.25 2.33784140625
33.285714285714285 2.3415
33.32142857142857 2.3415
33.357142857142854 2.3415
33.392857142857146 2.33784140625
33.42857142857143 2.33784140625
33.464285714285715 2.33784140625
33.5 2.33784140625
33.535714285714285 2.33784140625
33.57142857142857 2.3341828125
33.607142857142854 2.33784140625
33.642857142857146 2.33784140625
33.67857142857143 2.33784140625
33.714285714285715 2.33784140625
33.75 2.33784140625
33.785714285714285 2.3341828125
33.82142857142857 2.33784140625
33.857142857142854 2.33784140625
33.892857142857146 2.33784140625
33.92857142857143 2.3341828125
33.964285714285715 2.3341828125
34.0 2.3341828125
34.035714285714285 2.3341828125
34.07142857142857 2.3341828125
34.107142857142854 2.3341828125
34.142857142857146 2.3341828125
34.17857142857143 2.3341828125
34.214285714285715 2.3341828125
34.25 2.3341828125
34.285714285714285 2.3341828125
34.32142857142857 2.3341828125
34.357142857142854 2.3341828125
34.392857142857146 2.3341828125
34.42857142857143 2.3341828125
34.464285714285715 2.3341828125
34.5 2.326865625
34.535714285714285 2.37442734375
34.57142857142857 2.38174453125
34.857142857142854 2.33784140625
34.892857142857146 2.39637890625
34.92857142857143 2.44028203125
34.964285714285715 2.44028203125
35.0 2.41833046875
35.035714285714285 2.40369609375
35.07142857142857 2.38906171875
35.107142857142854 2.37442734375
35.142857142857146 2.3634515625
35.17857142857143 2.35247578125
35.214285714285715 2.34515859375
35.25 2.33784140625
35.285714285714285 2.33052421875
35.32142857142857 2.32320703125
35.357142857142854 2.31588984375
35.392857142857146 2.31223125
35.42857142857143 2.31223125
35.464285714285715 2.31223125
35.5 2.31588984375
35.535714285714285 2.31588984375
35.57142857142857 2.31588984375
35.607142857142854 2.31588984375
35.642857142857146 2.31588984375
35.67857142857143 2.31588984375
35.714285714285715 2.31588984375
35.75 2.31588984375
35.785714285714285 2.31588984375
35.82142857142857 2.31588984375
35.857142857142854 2.31588984375
35.892857142857146 2.31588984375
35.92857142857143 2.31588984375
35.964285714285715 2.31588984375
36.0 2.31588984375
36.035714285714285 2.31588984375
36.07142857142857 2.31588984375
36.107142857142854 2.31588984375
36.142857142857146 2.31588984375
36.17857142857143 2.31588984375
36.214285714285715 2.31588984375
36.25 2.31588984375
36.285714285714285 2.31588984375
36.32142857142857 2.31588984375
36.357142857142854 2.31588984375
36.392857142857146 2.31223125
36.42857142857143 2.31588984375
36.464285714285715 2.31223125
36.5 2.30857265625
36.535714285714285 2.35979296875
36.57142857142857 2.3634515625
36.82142857142857 2.1878390625
36.857142857142854 2.37076875
36.892857142857146 2.41833046875
36.92857142857143 2.4256476562500002
36.964285714285715 2.4219890625000002
37.0 2.4073546875
37.035714285714285 2.38906171875
37.07142857142857 2.37442734375
37.107142857142854 2.35979296875
37.142857142857146 2.3488171875
37.17857142857143 2.33784140625
37.214285714285715 2.33052421875
37.25 2.30857265625
37.285714285714285 2.30125546875
37.32142857142857 2.297596875
37.357142857142854 2.29393828125
37.392857142857146 2.29393828125
37.42857142857143 2.297596875
37.464285714285715 2.297596875
37.5 2.297596875
37.535714285714285 2.297596875
37.57142857142857 2.30125546875
37.607142857142854 2.30125546875
37.642857142857146 2.30125546875
37.67857142857143 2.30125546875
37.714285714285715 2.30125546875
37.75 2.30125546875
37.785714285714285 2.30125546875
37.82142857142857 2.30125546875
37.857142857142854 2.30125546875
37.892857142857146 2.30125546875
37.92857142857143 2.30125546875
37.964285714285715 2.30125546875
38.0 2.30125546875
38.035714285714285 2.30125546875
38.07142857142857 2.30125546875
38.107142857142854 2.30125546875
38.142857142857146 2.30125546875
38.17857142857143 2.30125546875
38.214285714285715 2.30125546875
38.25 2.30125546875
38.285714285714285 2.30125546875
38.32142857142857 2.30125546875
38.357142857142854 2.30125546875
38.392857142857146 2.30125546875
38.42857142857143 2.297596875
38.464285714285715 2.29393828125
38.5 2.29393828125
38.535714285714285 2.3415
38.57142857142857 2.3488171875
38.82142857142857 2.3195484375
38.857142857142854 2.356134375
38.892857142857146 2.40369609375
38.92857142857143 2.414671875
38.964285714285715 2.41101328125
39.0 2.385403125
39.035714285714285 2.37076875
39.07142857142857 2.35979296875
39.107142857142854 2.3488171875
39.142857142857146 2.33784140625
39.17857142857143 2.33052421875
39.214285714285715 2.3195484375
39.25 2.31223125
39.285714285714285 2.3049140625
39.32142857142857 2.297596875
39.357142857142854 2.2902796875
39.392857142857146 2.2902796875
39.42857142857143 2.28662109375
39.464285714285715 2.2902796875
39.5 2.2902796875
39.535714285714285 2.2902796875
39.57142857142857 2.2902796875
39.607142857142854 2.2902796875
39.642857142857146 2.2902796875
39.67857142857143 2.2902796875
39.714285714285715 2.2902796875
39.75 2.2902796875
39.785714285714285 2.2902796875
39.82142857142857 2.2902796875
39.857142857142854 2.2902796875
39.892857142857146 2.2902796875
39.92857142857143 2.2902796875
