0.25 2.7073593750000002
0.2857142857142857 2.7073593750000002
0.32142857142857145 2.7073593750000002
0.35714285714285715 2.7073593750000002
0.39285714285714285 2.7073593750000002
0.42857142857142855 2.7110179687500002
0.4642857142857143 2.7110179687500002
0.5 2.7110179687500002
0.5357142857142857 2.7110179687500002
0.5714285714285714 2.7110179687500002
0.6071428571428571 2.7110179687500002
0.8928571428571429 2.70370078125
0.9285714285714286 2.7000421875
0.9642857142857143 2.7000421875
1.0 2.7000421875
1.0357142857142858 2.7000421875
1.0714285714285714 2.7000421875
1.1071428571428572 2.7000421875
1.1428571428571428 2.7000421875
1.1785714285714286 2.7000421875
1.2142857142857142 2.7000421875
1.25 2.7000421875
1.5714285714285714 2.692725
1.6071428571428572 2.6854078125
1.6428571428571428 2.68906640625
1.6785714285714286 2.68906640625
1.7142857142857142 2.68906640625
1.75 2.68906640625
1.7857142857142858 2.68906640625
1.8214285714285714 2.68906640625
1.8571428571428572 2.68906640625
1.8928571428571428 2.68906640625
1.9285714285714286 2.68906640625
2.2142857142857144 2.68906640625
2.25 2.6854078125
2.2857142857142856 2.68174921875
2.3214285714285716 2.68174921875
2.357142857142857 2.68174921875
2.392857142857143 2.68174921875
2.4285714285714284 2.68174921875
2.4642857142857144 2.68174921875
2.5 2.68174921875
2.5357142857142856 2.68174921875
2.5714285714285716 2.68174921875
2.892857142857143 2.692725
2.9285714285714284 2.6854078125
2.9642857142857144 2.6854078125
3.0 2.68906640625
3.0357142857142856 2.68906640625
3.0714285714285716 2.68906640625
3.107142857142857 2.68906640625
3.142857142857143 2.68906640625
3.1785714285714284 2.68906640625
3.2142857142857144 2.68906640625
3.25 2.68906640625
3.2857142857142856 2.68906640625
3.5357142857142856 2.692725
3.5714285714285716 2.68906640625
3.607142857142857 2.6854078125
3.642857142857143 2.6854078125
3.6785714285714284 2.6854078125
3.7142857142857144 2.6854078125
3.75 2.68906640625
3.7857142857142856 2.68906640625
3.8214285714285716 2.68906640625
3.857142857142857 2.68906640625
3.892857142857143 2.6854078125
3.9285714285714284 2.68906640625
4.214285714285714 2.692725
4.25 2.692725
4.285714285714286 2.69638359375
4.321428571428571 2.692725
4.357142857142857 2.69638359375
4.392857142857143 2.692725
4.428571428571429 2.692725
4.464285714285714 2.692725
4.5 2.692725
4.535714285714286 2.692725
4.571428571428571 2.692725
4.607142857142857 2.692725
4.857142857142857 2.69638359375
4.892857142857143 2.7000421875
4.928571428571429 2.7000421875
4.964285714285714 2.69638359375
5.0 2.69638359375
5.035714285714286 2.69638359375
5.071428571428571 2.69638359375
5.107142857142857 2.69638359375
5.142857142857143 2.69638359375
5.178571428571429 2.69638359375
5.214285714285714 2.69638359375
5.25 2.69638359375
5.571428571428571 2.7000421875
5.607142857142857 2.7000421875
5.642857142857143 2.69638359375
5.678571428571429 2.7000421875
5.714285714285714 2.7000421875
5.75 2.69638359375
5.785714285714286 2.69638359375
5.821428571428571 2.69638359375
5.857142857142857 2.7000421875
5.892857142857143 2.7000421875
5.928571428571429 2.7000421875
6.25 2.7000421875
6.285714285714286 2.7000421875
6.321428571428571 2.7000421875
6.357142857142857 2.7000421875
6.392857142857143 2.7000421875
6.428571428571429 2.7000421875
6.464285714285714 2.7000421875
6.5 2.7000421875
6.535714285714286 2.7000421875
6.571428571428571 2.7000421875
6.892857142857143 2.7000421875
6.928571428571429 2.7000421875
6.964285714285714 2.7000421875
7.0 2.7000421875
7.035714285714286 2.7000421875
7.071428571428571 2.7000421875
7.107142857142857 2.70370078125
7.142857142857143 2.70370078125
7.178571428571429 2.70370078125
7.214285714285714 2.70370078125
7.25 2.70370078125
7.571428571428571 2.7073593750000002
7.607142857142857 2.7073593750000002
7.642857142857143 2.7073593750000002
7.678571428571429 2.7073593750000002
7.714285714285714 2.7073593750000002
7.75 2.7073593750000002
7.785714285714286 2.7073593750000002
7.821428571428571 2.7073593750000002
7.857142857142857 2.7073593750000002
7.892857142857143 2.7073593750000002
7.928571428571429 2.7073593750000002
8.214285714285714 2.7146765625000002
8.25 2.7146765625000002
8.285714285714286 2.7110179687500002
8.321428571428571 2.7146765625000002
8.357142857142858 2.7146765625000002
8.392857142857142 2.7146765625000002
8.428571428571429 2.7146765625000002
8.464285714285714 2.7146765625000002
8.5 2.7146765625000002
8.535714285714286 2.7146765625000002
8.571428571428571 2.7146765625000002
8.857142857142858 2.72199375
8.892857142857142 2.72199375
8.928571428571429 2.72199375
8.964285714285714 2.72199375
9.0 2.72199375
9.035714285714286 2.72199375
9.071428571428571 2.72199375
9.107142857142858 2.72199375
9.142857142857142 2.72199375
9.178571428571429 2.72199375
9.214285714285714 2.72199375
9.25 2.72199375
9.285714285714286 2.72199375
9.535714285714286 2.72565234375
9.571428571428571 2.72565234375
9.607142857142858 2.72565234375
9.642857142857142 2.7293109375
9.678571428571429 2.7293109375
9.714285714285714 2.7293109375
9.75 2.7293109375
9.785714285714286 2.7293109375
9.821428571428571 2.7293109375
9.857142857142858 2.7293109375
9.892857142857142 2.7293109375
9.928571428571429 2.7293109375
9.964285714285714 2.7293109375
10.214285714285714 2.73296953125
10.25 2.73296953125
10.285714285714286 2.73296953125
10.321428571428571 2.73296953125
10.357142857142858 2.73296953125
10.392857142857142 2.73296953125
10.428571428571429 2.73296953125
10.464285714285714 2.73296953125
10.5 2.73296953125
10.535714285714286 2.73296953125
10.571428571428571 2.736628125
10.607142857142858 2.736628125
10.892857142857142 2.736628125
10.928571428571429 2.736628125
10.964285714285714 2.736628125
11.0 2.736628125
11.035714285714286 2.736628125
11.071428571428571 2.736628125
11.107142857142858 2.74028671875
11.142857142857142 2.736628125
11.178571428571429 2.736628125
11.214285714285714 2.74028671875
11.25 2.74028671875
11.285714285714286 2.736628125
11.571428571428571 2.74760390625
11.607142857142858 2.74760390625
11.642857142857142 2.74760390625
11.678571428571429 2.74760390625
11.714285714285714 2.74760390625
11.75 2.74760390625
11.785714285714286 2.74760390625
11.821428571428571 2.74760390625
11.857142857142858 2.74760390625
11.892857142857142 2.74760390625
11.928571428571429 2.74760390625
12.25 2.7512625
12.285714285714286 2.7512625
12.321428571428571 2.7512625
12.357142857142858 2.7512625
12.392857142857142 2.7512625
12.428571428571429 2.7512625
12.464285714285714 2.75492109375
12.5 2.7512625
12.535714285714286 2.7512625
12.571428571428571 2.7512625
12.892857142857142 2.765896875
12.928571428571429 2.76223828125
12.964285714285714 2.76223828125
13.0 2.76223828125
13.035714285714286 2.76223828125
13.071428571428571 2.76223828125
13.107142857142858 2.765896875
13.142857142857142 2.765896875
13.178571428571429 2.765896875
13.214285714285714 2.765896875
13.25 2.765896875
13.285714285714286 2.765896875
13.535714285714286 2.765896875
13.571428571428571 2.765896875
13.607142857142858 2.765896875
13.642857142857142 2.765896875
13.678571428571429 2.765896875
13.714285714285714 2.765896875
13.75 2.765896875
13.785714285714286 2.765896875
13.821428571428571 2.765896875
13.857142857142858 2.765896875
13.892857142857142 2.765896875
13.928571428571429 2.765896875
13.964285714285714 2.765896875
14.214285714285714 2.765896875
14.25 2.765896875
14.285714285714286 2.76223828125
14.321428571428571 2.765896875
14.357142857142858 2.765896875
14.392857142857142 2.765896875
14.428571428571429 2.765896875
14.464285714285714 2.765896875
14.5 2.765896875
14.535714285714286 2.765896875
14.571428571428571 2.765896875
14.607142857142858 2.765896875
14.892857142857142 2.76223828125
14.928571428571429 2.765896875
14.964285714285714 2.765896875
15.0 2.765896875
15.035714285714286 2.765896875
15.071428571428571 2.765896875
15.107142857142858 2.765896875
15.142857142857142 2.765896875
15.178571428571429 2.765896875
15.214285714285714 2.765896875
15.25 2.765896875
15.285714285714286 2.765896875
15.535714285714286 2.76223828125
15.571428571428571 2.76223828125
15.607142857142858 2.76223828125
15.642857142857142 2.76223828125
15.678571428571429 2.76223828125
15.714285714285714 2.76223828125
15.75 2.76223828125
15.785714285714286 2.76223828125
15.821428571428571 2.76223828125
15.857142857142858 2.76223828125
15.892857142857142 2.76223828125
15.928571428571429 2.76223828125
16.25 2.75492109375
16.285714285714285 2.75492109375
16.321428571428573 2.75492109375
16.357142857142858 2.75492109375
16.392857142857142 2.7585796875
16.428571428571427 2.7585796875
16.464285714285715 2.7585796875
16.5 2.7585796875
16.535714285714285 2.7585796875
16.571428571428573 2.7585796875
16.607142857142858 2.7585796875
16.892857142857142 2.75492109375
16.928571428571427 2.75492109375
16.964285714285715 2.7512625
17.0 2.7512625
17.035714285714285 2.75492109375
17.071428571428573 2.75492109375
17.107142857142858 2.75492109375
17.142857142857142 2.75492109375
17.178571428571427 2.75492109375
17.214285714285715 2.75492109375
17.25 2.75492109375
17.285714285714285 2.75492109375
17.571428571428573 2.7512625
17.607142857142858 2.74760390625
17.642857142857142 2.7512625
17.678571428571427 2.7512625
17.714285714285715 2.7512625
17.75 2.7512625
17.785714285714285 2.7512625
17.821428571428573 2.7512625
17.857142857142858 2.7512625
17.892857142857142 2.7512625
17.928571428571427 2.7512625
18.25 2.736628125
18.285714285714285 2.736628125
18.321428571428573 2.736628125
18.357142857142858 2.736628125
18.392857142857142 2.736628125
18.428571428571427 2.736628125
18.464285714285715 2.736628125
18.5 2.74028671875
18.535714285714285 2.74028671875
18.571428571428573 2.74028671875
18.607142857142858 2.74028671875
18.642857142857142 2.74028671875
18.892857142857142 2.7439453125
18.928571428571427 2.7439453125
18.964285714285715 2.7439453125
19.0 2.7439453125
19.035714285714285 2.7439453125
19.071428571428573 2.7439453125
19.107142857142858 2.7439453125
19.142857142857142 2.7439453125
19.178571428571427 2.7439453125
19.214285714285715 2.7439453125
19.25 2.7439453125
19.571428571428573 2.74760390625
19.607142857142858 2.74760390625
19.642857142857142 2.74760390625
19.678571428571427 2.74760390625
19.714285714285715 2.74760390625
19.75 2.74760390625
19.785714285714285 2.74760390625
19.821428571428573 2.74760390625
19.857142857142858 2.74760390625
19.892857142857142 2.74760390625
19.928571428571427 2.74760390625
19.964285714285715 2.74760390625
20.214285714285715 2.74760390625
20.25 2.7439453125
20.285714285714285 2.74760390625
20.321428571428573 2.74760390625
20.357142857142858 2.74760390625
20.392857142857142 2.74760390625
20.428571428571427 2.74760390625
20.464285714285715 2.74760390625
20.5 2.74760390625
20.535714285714285 2.74760390625
20.571428571428573 2.74760390625
20.607142857142858 2.74760390625
20.892857142857142 2.7439453125
20.928571428571427 2.7439453125
20.964285714285715 2.7439453125
21.0 2.74760390625
21.035714285714285 2.7439453125
21.071428571428573 2.7439453125
21.107142857142858 2.7439453125
21.142857142857142 2.74760390625
21.178571428571427 2.74760390625
21.214285714285715 2.74760390625
21.25 2.74760390625
21.285714285714285 2.74760390625
21.535714285714285 2.74028671875
21.571428571428573 2.7439453125
21.607142857142858 2.74028671875
21.642857142857142 2.74028671875
21.678571428571427 2.7439453125
21.714285714285715 2.7439453125
21.75 2.7439453125
21.785714285714285 2.7439453125
21.821428571428573 2.7439453125
21.857142857142858 2.7439453125
21.892857142857142 2.7439453125
21.928571428571427 2.7439453125
21.964285714285715 2.7439453125
22.25 2.7439453125
22.285714285714285 2.7439453125
22.321428571428573 2.7439453125
22.357142857142858 2.7439453125
22.392857142857142 2.7439453125
22.428571428571427 2.7439453125
22.464285714285715 2.7439453125
22.5 2.7439453125
22.535714285714285 2.7439453125
22.571428571428573 2.7439453125
22.607142857142858 2.7439453125
22.892857142857142 2.7439453125
22.928571428571427 2.7439453125
22.964285714285715 2.7439453125
23.0 2.74760390625
23.035714285714285 2.7439453125
23.071428571428573 2.7439453125
23.107142857142858 2.74760390625
23.142857142857142 2.74760390625
23.178571428571427 2.74760390625
23.214285714285715 2.74760390625
23.25 2.74760390625
23.571428571428573 2.74760390625
23.607142857142858 2.74760390625
23.642857142857142 2.74760390625
23.678571428571427 2.74760390625
23.714285714285715 2.74760390625
23.75 2.74760390625
23.785714285714285 2.74760390625
23.821428571428573 2.74760390625
23.857142857142858 2.74760390625
23.892857142857142 2.74760390625
23.928571428571427 2.74760390625
24.25 2.7512625
24.285714285714285 2.74760390625
24.321428571428573 2.7512625
24.357142857142858 2.7512625
24.392857142857142 2.7512625
24.428571428571427 2.7512625
24.464285714285715 2.7512625
24.5 2.7512625
24.535714285714285 2.7512625
24.571428571428573 2.7512625
24.892857142857142 2.75492109375
24.928571428571427 2.75492109375
24.964285714285715 2.7512625
25.0 2.75492109375
25.035714285714285 2.75492109375
25.071428571428573 2.75492109375
25.107142857142858 2.75492109375
25.142857142857142 2.75492109375
25.178571428571427 2.75492109375
25.214285714285715 2.75492109375
25.25 2.75492109375
25.285714285714285 2.75492109375
25.571428571428573 2.75492109375
25.607142857142858 2.75492109375
25.642857142857142 2.75492109375
25.678571428571427 2.75492109375
25.714285714285715 2.75492109375
25.75 2.75492109375
25.785714285714285 2.75492109375
25.821428571428573 2.75492109375
25.857142857142858 2.75492109375
25.892857142857142 2.75492109375
25.928571428571427 2.75492109375
25.964285714285715 2.75492109375
26.214285714285715 2.7585796875
26.25 2.7585796875
26.285714285714285 2.7585796875
26.321428571428573 2.76223828125
26.357142857142858 2.76223828125
26.392857142857142 2.76223828125
26.428571428571427 2.76223828125
26.464285714285715 2.76223828125
26.5 2.7585796875
26.535714285714285 2.76223828125
26.571428571428573 2.76223828125
26.607142857142858 2.76223828125
26.892857142857142 2.76223828125
26.928571428571427 2.76223828125
26.964285714285715 2.76223828125
27.0 2.76223828125
27.035714285714285 2.76223828125
27.071428571428573 2.76223828125
27.107142857142858 2.76223828125
27.142857142857142 2.76223828125
27.178571428571427 2.76223828125
27.214285714285715 2.76223828125
27.25 2.76223828125
27.285714285714285 2.765896875
27.535714285714285 2.76223828125
27.571428571428573 2.76223828125
27.607142857142858 2.76223828125
27.642857142857142 2.76223828125
27.678571428571427 2.765896875
27.714285714285715 2.765896875
27.75 2.765896875
27.785714285714285 2.765896875
27.821428571428573 2.765896875
27.857142857142858 2.765896875
27.892857142857142 2.765896875
27.928571428571427 2.765896875
27.964285714285715 2.765896875
28.25 2.765896875
28.285714285714285 2.765896875
28.321428571428573 2.765896875
28.357142857142858 2.765896875
28.392857142857142 2.765896875
28.428571428571427 2.765896875
28.464285714285715 2.765896875
28.5 2.765896875
28.535714285714285 2.765896875
28.571428571428573 2.765896875
28.607142857142858 2.765896875
28.892857142857142 2.7585796875
28.928571428571427 2.7585796875
28.964285714285715 2.7585796875
29.0 2.7585796875
29.035714285714285 2.76223828125
29.071428571428573 2.76223828125
29.107142857142858 2.76223828125
29.142857142857142 2.76223828125
29.178571428571427 2.76223828125
29.214285714285715 2.76223828125
29.25 2.76223828125
29.285714285714285 2.76223828125
29.571428571428573 2.76223828125
29.607142857142858 2.76223828125
29.642857142857142 2.76223828125
29.678571428571427 2.765896875
29.714285714285715 2.76223828125
29.75 2.765896875
29.785714285714285 2.765896875
29.821428571428573 2.765896875
29.857142857142858 2.765896875
29.892857142857142 2.765896875
29.928571428571427 2.765896875
30.25 2.765896875
30.285714285714285 2.765896875
30.321428571428573 2.765896875
30.357142857142858 2.765896875
30.392857142857142 2.765896875
30.428571428571427 2.765896875
30.464285714285715 2.765896875
30.5 2.765896875
30.535714285714285 2.76955546875
30.571428571428573 2.765896875
30.892857142857142 2.765896875
30.928571428571427 2.765896875
30.964285714285715 2.765896875
31.0 2.765896875
31.035714285714285 2.765896875
31.071428571428573 2.765896875
31.107142857142858 2.765896875
31.142857142857142 2.765896875
31.178571428571427 2.765896875
31.214285714285715 2.765896875
31.25 2.765896875
31.285714285714285 2.765896875
31.535714285714285 2.76223828125
31.571428571428573 2.76223828125
31.607142857142858 2.7585796875
31.642857142857142 2.7585796875
31.678571428571427 2.76223828125
31.714285714285715 2.76223828125
31.75 2.76223828125
31.785714285714285 2.76223828125
31.821428571428573 2.76223828125
31.857142857142858 2.76223828125
31.892857142857142 2.76223828125
31.928571428571427 2.76223828125
31.964285714285715 2.76223828125
32.214285714285715 2.7585796875
32.25 2.7585796875
32.285714285714285 2.7585796875
32.32142857142857 2.7585796875
32.357142857142854 2.7585796875
32.392857142857146 2.76223828125
32.42857142857143 2.76223828125
32.464285714285715 2.76223828125
32.5 2.76223828125
32.535714285714285 2.76223828125
32.57142857142857 2.76223828125
32.607142857142854 2.76223828125
32.892857142857146 2.75492109375
32.92857142857143 2.7585796875
32.964285714285715 2.7585796875
33.0 2.7585796875
33.035714285714285 2.7585796875
33.07142857142857 2.7585796875
33.107142857142854 2.76223828125
33.142857142857146 2.76223828125
33.17857142857143 2.76223828125
33.214285714285715 2.7585796875
33.25 2.7585796875
33.285714285714285 2.7585796875
33.535714285714285 2.7512625
33.57142857142857 2.75492109375
33.607142857142854 2.75492109375
33.642857142857146 2.75492109375
33.67857142857143 2.75492109375
33.714285714285715 2.75492109375
33.75 2.75492109375
33.785714285714285 2.75492109375
33.82142857142857 2.75492109375
33.857142857142854 2.75492109375
33.892857142857146 2.75492109375
33.92857142857143 2.75492109375
33.964285714285715 2.75492109375
34.25 2.7512625
34.285714285714285 2.7512625
34.32142857142857 2.7512625
34.357142857142854 2.7512625
34.392857142857146 2.7512625
34.42857142857143 2.7512625
34.464285714285715 2.7512625
34.5 2.7512625
34.535714285714285 2.7512625
34.57142857142857 2.7512625
34.607142857142854 2.7512625
34.892857142857146 2.7512625
34.92857142857143 2.74760390625
34.964285714285715 2.74760390625
35.0 2.7512625
35.035714285714285 2.7512625
35.07142857142857 2.7512625
35.107142857142854 2.7512625
35.142857142857146 2.7512625
35.17857142857143 2.7512625
35.214285714285715 2.7512625
35.25 2.7512625
35.57142857142857 2.74760390625
35.607142857142854 2.7439453125
35.642857142857146 2.7439453125
35.67857142857143 2.7439453125
35.714285714285715 2.74760390625
35.75 2.74760390625
35.785714285714285 2.74760390625
35.82142857142857 2.74760390625
35.857142857142854 2.74760390625
35.892857142857146 2.74760390625
35.92857142857143 2.74760390625
36.25 2.7439453125
36.285714285714285 2.7439453125
36.32142857142857 2.7439453125
36.357142857142854 2.74760390625
36.392857142857146 2.74760390625
36.42857142857143 2.74760390625
36.464285714285715 2.74760390625
36.5 2.74760390625
36.535714285714285 2.74760390625
36.57142857142857 2.74760390625
36.607142857142854 2.74760390625
36.642857142857146 2.74760390625
36.892857142857146 2.74760390625
36.92857142857143 2.74760390625
36.964285714285715 2.74760390625
37.0 2.74760390625
37.035714285714285 2.74760390625
37.07142857142857 2.74760390625
37.107142857142854 2.74760390625
37.142857142857146 2.74760390625
37.17857142857143 2.74760390625
37.214285714285715 2.74760390625
37.25 2.74760390625
37.285714285714285 2.74760390625
37.57142857142857 2.74760390625
37.607142857142854 2.7439453125
37.642857142857146 2.74760390625
37.67857142857143 2.74760390625
37.714285714285715 2.74760390625
37.75 2.74760390625
37.785714285714285 2.74760390625
37.82142857142857 2.74760390625
37.857142857142854 2.74760390625
37.892857142857146 2.74760390625
37.92857142857143 2.74760390625
37.964285714285715 2.74760390625
38.214285714285715 2.7512625
38.25 2.74760390625
38.285714285714285 2.74760390625
38.32142857142857 2.74760390625
38.357142857142854 2.74760390625
38.392857142857146 2.7512625
38.42857142857143 2.7512625
38.464285714285715 2.7512625
38.5 2.7512625
38.535714285714285 2.7512625
38.57142857142857 2.7512625
38.607142857142854 2.7512625
38.892857142857146 2.74760390625
38.92857142857143 2.7512625
38.964285714285715 2.7512625
39.0 2.7512625
39.035714285714285 2.7512625
39.07142857142857 2.7512625
39.107142857142854 2.7512625
39.142857142857146 2.7512625
39.17857142857143 2.7512625
39.214285714285715 2.7512625
39.25 2.7512625
39.285714285714285 2.7512625
39.535714285714285 2.74760390625
39.57142857142857 2.7512625
39.607142857142854 2.7512625
39.642857142857146 2.7512625
39.67857142857143 2.7512625
39.714285714285715 2.7512625
39.75 2.7512625
39.785714285714285 2.7512625
39.82142857142857 2.7512625
39.857142857142854 2.7512625
39.892857142857146 2.7512625
39.92857142857143 2.7512625
