0.03571428571428571 1.58417109375
0.07142857142857142 1.58417109375
0.10714285714285714 1.58417109375
0.14285714285714285 1.58417109375
0.17857142857142858 1.58417109375
0.21428571428571427 1.5731953125
0.25 1.5731953125
0.2857142857142857 1.58417109375
0.32142857142857145 1.58417109375
0.35714285714285715 1.5731953125
0.39285714285714285 1.5731953125
0.42857142857142855 1.57685390625
0.4642857142857143 1.57685390625
0.5 1.57685390625
0.5357142857142857 1.79636953125
0.5714285714285714 1.59880546875
0.6071428571428571 1.59148828125
0.6428571428571429 1.7195390625
0.6785714285714286 1.59148828125
0.7142857142857143 1.59148828125
0.75 1.5878296875
0.7857142857142857 1.58417109375
0.8214285714285714 1.5805125
0.8571428571428571 1.57685390625
0.8928571428571429 1.57685390625
0.9285714285714286 1.5731953125
0.9642857142857143 1.5731953125
1.0 1.5731953125
1.0357142857142858 1.5731953125
1.0714285714285714 1.5731953125
1.1071428571428572 1.56953671875
1.1428571428571428 1.56953671875
1.1785714285714286 1.56953671875
1.2142857142857142 1.57685390625
1.25 1.57685390625
1.2857142857142858 1.56953671875
1.3214285714285714 1.56953671875
1.3571428571428572 1.57685390625
1.3928571428571428 1.57685390625
1.4285714285714286 1.57685390625
1.4642857142857142 1.5731953125
1.5 1.56953671875
1.5357142857142858 1.5731953125
1.5714285714285714 1.5731953125
1.6071428571428572 1.91344453125
1.6428571428571428 1.9097859375
1.6785714285714286 1.595146875
1.7142857142857142 1.595146875
1.75 1.59148828125
1.7857142857142858 1.595146875
1.8214285714285714 1.59880546875
1.8571428571428572 1.59148828125
1.8928571428571428 1.5878296875
1.9285714285714286 1.58417109375
1.9642857142857142 1.57685390625
2.0 1.57685390625
2.0357142857142856 1.5731953125
2.0714285714285716 1.56953671875
2.107142857142857 1.565878125
2.142857142857143 1.565878125
2.1785714285714284 1.565878125
2.2142857142857144 1.565878125
2.25 1.59148828125
2.2857142857142856 1.56221953125
2.3214285714285716 1.56221953125
2.357142857142857 1.56221953125
2.392857142857143 1.56221953125
2.4285714285714284 1.56221953125
2.4642857142857144 1.56221953125
2.5 1.56221953125
2.5357142857142856 1.5878296875
2.5714285714285716 1.5585609375
2.607142857142857 1.59148828125
2.642857142857143 1.5878296875
2.6785714285714284 1.5878296875
2.7142857142857144 1.56953671875
2.75 1.8512484375
2.7857142857142856 1.60612265625
2.8214285714285716 1.59148828125
2.857142857142857 1.5878296875
2.892857142857143 1.59148828125
2.9285714285714284 1.59148828125
2.9642857142857144 1.5805125
3.0 1.5731953125
3.0357142857142856 1.5585609375
3.0714285714285716 1.5439265625
3.107142857142857 1.5292921875
3.142857142857143 1.52563359375
3.1785714285714284 1.521975
3.2142857142857144 1.521975
3.25 1.521975
3.2857142857142856 1.51831640625
3.3214285714285716 1.51831640625
3.357142857142857 1.51831640625
3.392857142857143 1.5805125
3.4285714285714284 1.5805125
3.4642857142857144 1.5805125
3.5 1.5805125
3.5357142857142856 1.5805125
3.5714285714285716 1.57685390625
3.607142857142857 1.57685390625
3.642857142857143 1.57685390625
3.6785714285714284 1.5731953125
3.7142857142857144 1.56953671875
3.75 1.58417109375
3.7857142857142856 1.5805125
3.8214285714285716 1.56953671875
3.857142857142857 1.5585609375
3.892857142857143 1.73783203125
3.9285714285714284 1.57685390625
3.9642857142857144 1.565878125
4.0 1.5585609375
4.035714285714286 1.54026796875
4.071428571428571 1.536609375
4.107142857142857 1.50368203125
4.142857142857143 1.48173046875
4.178571428571429 1.46709609375
4.214285714285714 1.4561203125
4.25 1.448803125
4.285714285714286 1.4414859375
4.321428571428571 1.43782734375
4.357142857142857 1.43416875
4.392857142857143 1.43051015625
4.428571428571429 1.43051015625
4.464285714285714 1.43051015625
4.5 1.4268515625
4.535714285714286 1.55124375
4.571428571428571 1.42319296875
4.607142857142857 1.55124375
4.642857142857143 1.55124375
4.678571428571429 1.55124375
4.714285714285714 1.54758515625
4.75 1.54758515625
4.785714285714286 1.54758515625
4.821428571428571 1.419534375
4.857142857142857 1.56953671875
4.892857142857143 1.419534375
4.928571428571429 1.4414859375
4.964285714285714 1.84027265625
5.0 1.66466015625
5.035714285714286 1.52563359375
5.071428571428571 1.51099921875
5.107142857142857 1.48904765625
5.142857142857143 1.46709609375
5.178571428571429 1.45246171875
5.214285714285714 1.43416875
5.25 1.41587578125
5.285714285714286 1.4122171875
5.321428571428571 1.4122171875
5.357142857142857 1.4049
5.392857142857143 1.40124140625
5.428571428571429 1.40124140625
5.464285714285714 1.40124140625
5.5 1.40124140625
5.535714285714286 1.40124140625
5.571428571428571 1.3975828125
5.607142857142857 1.3975828125
5.642857142857143 1.3975828125
5.678571428571429 1.3975828125
5.714285714285714 1.3975828125
5.75 1.3975828125
5.785714285714286 1.3975828125
5.821428571428571 1.39392421875
5.857142857142857 1.390265625
5.892857142857143 1.390265625
5.928571428571429 1.37928984375
5.964285714285714 1.37928984375
6.0 1.39392421875
6.035714285714286 1.55490234375
6.071428571428571 1.43782734375
6.107142857142857 1.7341734375
6.142857142857143 1.6024640625
6.178571428571429 1.4853890625
6.214285714285714 1.4634375
6.25 1.419534375
6.285714285714286 1.4049
6.321428571428571 1.40124140625
6.357142857142857 1.3975828125
6.392857142857143 1.390265625
6.428571428571429 1.38660703125
6.464285714285714 1.38660703125
6.5 1.38660703125
6.535714285714286 1.3829484375
6.571428571428571 1.3829484375
6.607142857142857 1.3829484375
6.642857142857143 1.3829484375
6.678571428571429 1.3829484375
6.714285714285714 1.3829484375
6.75 1.37928984375
6.785714285714286 1.37928984375
6.821428571428571 1.37928984375
6.857142857142857 1.37928984375
6.892857142857143 1.37928984375
6.928571428571429 1.37928984375
6.964285714285714 1.37928984375
7.0 1.37928984375
7.035714285714286 1.37563125
7.071428571428571 1.3573382812500001
7.107142857142857 1.37928984375
7.142857142857143 1.37928984375
7.178571428571429 1.507340625
7.214285714285714 1.48904765625
7.25 1.48173046875
7.285714285714286 1.47441328125
7.321428571428571 1.43416875
7.357142857142857 1.40855859375
7.392857142857143 1.390265625
7.428571428571429 1.37563125
7.464285714285714 1.3683140625
7.5 1.360996875
7.535714285714286 1.3573382812500001
7.571428571428571 1.3536796875000001
7.607142857142857 1.35002109375
7.642857142857143 1.35002109375
7.678571428571429 1.35002109375
7.714285714285714 1.35002109375
7.75 1.35002109375
7.785714285714286 1.3463625
7.821428571428571 1.3463625
7.857142857142857 1.3463625
7.892857142857143 1.3463625
7.928571428571429 1.3463625
7.964285714285714 1.3463625
8.0 1.3463625
8.035714285714286 1.34270390625
8.071428571428571 1.34270390625
8.107142857142858 1.3390453125
8.142857142857142 1.33538671875
8.178571428571429 1.33538671875
8.214285714285714 1.32075234375
8.25 1.3390453125
8.285714285714286 1.4707546875
8.321428571428571 1.756125
8.357142857142858 1.60612265625
8.392857142857142 1.45246171875
8.428571428571429 1.4049
8.464285714285714 1.38660703125
8.5 1.36465546875
8.535714285714286 1.331728125
8.571428571428571 1.32806953125
8.607142857142858 1.31709375
8.642857142857142 1.3097765625
8.678571428571429 1.3097765625
8.714285714285714 1.3097765625
8.75 1.3097765625
8.785714285714286 1.3097765625
8.821428571428571 1.3097765625
8.857142857142858 1.3097765625
8.892857142857142 1.3097765625
8.928571428571429 1.30611796875
8.964285714285714 1.30611796875
9.0 1.3097765625
9.035714285714286 1.3097765625
9.071428571428571 1.30611796875
9.107142857142858 1.30611796875
9.142857142857142 1.30611796875
9.178571428571429 1.302459375
9.214285714285714 1.302459375
9.25 1.29880078125
9.285714285714286 1.287825
9.321428571428571 1.287825
9.357142857142858 1.3097765625
9.392857142857142 1.3097765625
9.428571428571429 1.3463625
9.464285714285714 1.69392890625
9.5 1.3829484375
9.535714285714286 1.3390453125
9.571428571428571 1.3390453125
9.607142857142858 1.2951421875
9.642857142857142 1.287825
9.678571428571429 1.28416640625
9.714285714285714 1.2805078125
9.75 1.27684921875
9.785714285714286 1.273190625
9.821428571428571 1.273190625
9.857142857142858 1.273190625
9.892857142857142 1.273190625
9.928571428571429 1.273190625
9.964285714285714 1.273190625
10.0 1.273190625
10.035714285714286 1.27684921875
10.071428571428571 1.27684921875
10.107142857142858 1.27684921875
10.142857142857142 1.27684921875
10.178571428571429 1.27684921875
10.214285714285714 1.27684921875
10.25 1.273190625
10.285714285714286 1.273190625
10.321428571428571 1.273190625
10.357142857142858 1.273190625
10.392857142857142 1.26953203125
10.428571428571429 1.25855625
10.464285714285714 1.2805078125
10.5 1.29148359375
10.535714285714286 1.36465546875
10.571428571428571 1.60612265625
10.607142857142858 1.4707546875
10.642857142857142 1.32806953125
10.678571428571429 1.29880078125
10.714285714285714 1.2658734375
10.75 1.2512390625
10.785714285714286 1.243921875
10.821428571428571 1.243921875
10.857142857142858 1.24026328125
10.892857142857142 1.2366046875
10.928571428571429 1.2366046875
10.964285714285714 1.23294609375
11.0 1.23294609375
11.035714285714286 1.23294609375
11.071428571428571 1.2366046875
11.107142857142858 1.2366046875
11.142857142857142 1.2366046875
11.178571428571429 1.2366046875
11.214285714285714 1.2366046875
11.25 1.2366046875
11.285714285714286 1.2366046875
11.321428571428571 1.2366046875
11.357142857142858 1.2366046875
11.392857142857142 1.2366046875
11.428571428571429 1.2366046875
11.464285714285714 1.23294609375
11.5 1.23294609375
11.535714285714286 1.24026328125
11.571428571428571 1.2512390625
11.607142857142858 1.26221484375
11.642857142857142 1.287825
11.678571428571429 1.67929453125
11.714285714285714 1.536609375
11.75 1.4122171875
11.785714285714286 1.287825
11.821428571428571 1.21831171875
11.857142857142858 1.21831171875
11.892857142857142 1.21831171875
11.928571428571429 1.2219703125
11.964285714285714 1.21831171875
12.0 1.21831171875
12.035714285714286 1.21831171875
12.071428571428571 1.21831171875
12.107142857142858 1.21831171875
12.142857142857142 1.2219703125
12.178571428571429 1.2219703125
12.214285714285714 1.2219703125
12.25 1.22562890625
12.285714285714286 1.2292875
12.321428571428571 1.22562890625
12.357142857142858 1.2292875
12.392857142857142 1.2292875
12.428571428571429 1.2292875
12.464285714285714 1.2292875
12.5 1.2292875
12.535714285714286 1.2292875
12.571428571428571 1.2292875
12.607142857142858 1.2292875
12.642857142857142 1.2366046875
12.678571428571429 1.24758046875
12.714285714285714 1.25855625
12.75 1.3244109375
12.785714285714286 1.60612265625
12.821428571428571 1.18172578125
12.857142857142858 1.35002109375
12.892857142857142 1.2109945312500001
12.928571428571429 1.16709140625
12.964285714285714 1.17075
13.0 1.1780671875
13.035714285714286 1.18172578125
13.071428571428571 1.185384375
13.107142857142858 1.1927015625
13.142857142857142 1.1927015625
13.178571428571429 1.1927015625
13.214285714285714 1.1927015625
13.25 1.19636015625
13.285714285714286 1.19636015625
13.321428571428571 1.19636015625
13.357142857142858 1.19636015625
13.392857142857142 1.20001875
13.428571428571429 1.20001875
13.464285714285714 1.20001875
13.5 1.20367734375
13.535714285714286 1.20367734375
13.571428571428571 1.20367734375
13.607142857142858 1.20367734375
13.642857142857142 1.20367734375
13.678571428571429 1.20367734375
13.714285714285714 1.20367734375
13.75 1.2292875
13.785714285714286 1.2292875
13.821428571428571 1.2219703125
13.857142857142858 1.2292875
13.892857142857142 1.26953203125
13.928571428571429 1.25489765625
13.964285714285714 1.126846875
14.0 1.27684921875
14.035714285714286 1.13050546875
14.071428571428571 1.1195296875
14.107142857142858 1.1195296875
14.142857142857142 1.1195296875
14.178571428571429 1.1195296875
14.214285714285714 1.1195296875
14.25 1.12318828125
14.285714285714286 1.12318828125
14.321428571428571 1.126846875
14.357142857142858 1.126846875
14.392857142857142 1.126846875
14.428571428571429 1.126846875
14.464285714285714 1.126846875
14.5 1.126846875
14.535714285714286 1.126846875
14.571428571428571 1.126846875
14.607142857142858 1.126846875
14.642857142857142 1.126846875
14.678571428571429 1.126846875
14.714285714285714 1.126846875
14.75 1.126846875
14.785714285714286 1.126846875
14.821428571428571 1.12318828125
14.857142857142858 1.1634328125
14.892857142857142 1.156115625
14.928571428571429 1.16709140625
14.964285714285714 1.13050546875
15.0 1.1341640625
15.035714285714286 1.07928515625
15.071428571428571 1.07928515625
15.107142857142858 1.18172578125
15.142857142857142 1.0609921875
15.178571428571429 1.0609921875
15.214285714285714 1.0609921875
15.25 1.06465078125
15.285714285714286 1.06465078125
15.321428571428571 1.06465078125
15.357142857142858 1.0609921875
15.392857142857142 1.0609921875
15.428571428571429 1.05733359375
15.464285714285714 1.05733359375
15.5 1.05733359375
15.535714285714286 1.05733359375
15.571428571428571 1.05733359375
15.607142857142858 1.05733359375
15.642857142857142 1.05733359375
15.678571428571429 1.0609921875
15.714285714285714 1.05733359375
15.75 1.05733359375
15.785714285714286 1.05733359375
15.821428571428571 1.0609921875
15.857142857142858 1.05733359375
15.892857142857142 1.05733359375
15.928571428571429 1.05733359375
15.964285714285714 1.05733359375
16.0 1.08660234375
16.035714285714285 1.1048953125
16.071428571428573 1.08294375
16.107142857142858 1.097578125
16.142857142857142 1.0463578125
16.178571428571427 1.0170890625
16.214285714285715 1.25489765625
16.25 1.11587109375
16.285714285714285 1.00611328125
16.321428571428573 1.00611328125
16.357142857142858 1.009771875
16.392857142857142 1.00611328125
16.428571428571427 1.00611328125
16.464285714285715 1.00611328125
16.5 1.00611328125
16.535714285714285 1.0024546875
16.571428571428573 1.0024546875
16.607142857142858 1.0024546875
16.642857142857142 1.0024546875
16.678571428571427 1.0024546875
16.714285714285715 1.0024546875
16.75 1.0024546875
16.785714285714285 1.00611328125
16.821428571428573 1.00611328125
16.857142857142858 1.00611328125
16.892857142857142 1.00611328125
16.928571428571427 1.00611328125
16.964285714285715 1.00611328125
17.0 1.00611328125
17.035714285714285 1.00611328125
17.071428571428573 1.009771875
17.107142857142858 1.0463578125
17.142857142857142 1.039040625
17.178571428571427 1.0463578125
17.214285714285715 1.02074765625
17.25 1.02806484375
17.285714285714285 0.9951375
17.321428571428573 0.96952734375
17.357142857142858 1.02074765625
17.392857142857142 0.9585515625
17.428571428571427 0.9622101562500001
17.464285714285715 0.9622101562500001
17.5 0.9585515625
17.535714285714285 0.9622101562500001
17.571428571428573 0.9622101562500001
17.607142857142858 0.9585515625
17.642857142857142 0.9622101562500001
17.678571428571427 0.9585515625
17.714285714285715 0.9585515625
17.75 0.9585515625
17.785714285714285 0.9585515625
17.821428571428573 0.9585515625
17.857142857142858 0.9585515625
17.892857142857142 0.9585515625
17.928571428571427 0.9585515625
17.964285714285715 0.9585515625
18.0 0.9585515625
18.035714285714285 0.9585515625
18.071428571428573 0.9585515625
18.107142857142858 0.9585515625
18.142857142857142 0.9585515625
18.178571428571427 0.9585515625
18.214285714285715 0.9731859375
18.25 1.0024546875
18.285714285714285 0.99879609375
18.321428571428573 0.99147890625
18.357142857142858 0.97684453125
18.392857142857142 0.92562421875
18.428571428571427 0.92562421875
18.464285714285715 1.13782265625
18.5 0.94025859375
18.535714285714285 0.91830703125
18.571428571428573 0.91830703125
18.607142857142858 0.9146484375
18.642857142857142 0.91830703125
18.678571428571427 0.9146484375
18.714285714285715 0.9146484375
18.75 0.9146484375
18.785714285714285 0.9146484375
18.821428571428573 0.9146484375
18.857142857142858 0.9146484375
18.892857142857142 0.9146484375
18.928571428571427 0.9146484375
18.964285714285715 0.9146484375
19.0 0.9146484375
19.035714285714285 0.9146484375
19.071428571428573 0.9146484375
19.107142857142858 0.9146484375
19.142857142857142 0.9146484375
19.178571428571427 0.9146484375
19.214285714285715 0.9146484375
19.25 0.91098984375
19.285714285714285 0.91098984375
19.321428571428573 0.93294140625
19.357142857142858 0.9585515625
19.392857142857142 0.96586875
19.428571428571427 0.951234375
19.464285714285715 0.95489296875
19.5 0.93294140625
19.535714285714285 0.9146484375
19.571428571428573 1.19636015625
19.607142857142858 0.9146484375
19.642857142857142 0.9146484375
19.678571428571427 0.9146484375
19.714285714285715 0.9146484375
19.75 0.9146484375
19.785714285714285 0.9146484375
19.821428571428573 0.9146484375
19.857142857142858 0.9146484375
19.892857142857142 0.9146484375
19.928571428571427 0.91098984375
19.964285714285715 0.91098984375
20.0 0.91098984375
20.035714285714285 0.91098984375
20.071428571428573 0.91098984375
20.107142857142858 0.91098984375
20.142857142857142 0.91098984375
20.178571428571427 0.91098984375
20.214285714285715 0.91098984375
20.25 0.91098984375
20.285714285714285 0.9146484375
20.321428571428573 0.9146484375
20.357142857142858 0.91098984375
20.392857142857142 0.91098984375
20.428571428571427 0.91830703125
20.464285714285715 0.9622101562500001
20.5 0.951234375
20.535714285714285 0.96952734375
20.571428571428573 0.9366
20.607142857142858 0.9292828125
20.642857142857142 0.90733125
20.678571428571427 1.14148125
20.714285714285715 0.9439171875
20.75 0.921965625
20.785714285714285 0.921965625
20.821428571428573 0.91830703125
20.857142857142858 0.91830703125
20.892857142857142 0.91830703125
20.928571428571427 0.91830703125
20.964285714285715 0.9146484375
21.0 0.91830703125
21.035714285714285 0.91830703125
21.071428571428573 0.9146484375
21.107142857142858 0.9146484375
21.142857142857142 0.9146484375
21.178571428571427 0.9146484375
21.214285714285715 0.9146484375
21.25 0.9146484375
21.285714285714285 0.9146484375
21.321428571428573 0.9146484375
21.357142857142858 0.91830703125
21.392857142857142 0.91830703125
21.428571428571427 0.91830703125
21.464285714285715 0.91830703125
21.5 0.91830703125
21.535714285714285 0.91830703125
21.571428571428573 0.93294140625
21.607142857142858 0.9585515625
21.642857142857142 0.9439171875
21.678571428571427 0.9585515625
21.714285714285715 0.95489296875
21.75 0.921965625
21.785714285714285 1.20367734375
21.821428571428573 1.04269921875
21.857142857142858 0.93294140625
21.892857142857142 0.93294140625
21.928571428571427 0.93294140625
21.964285714285715 0.93294140625
22.0 0.9292828125
22.035714285714285 0.93294140625
22.071428571428573 0.9292828125
22.107142857142858 0.9292828125
22.142857142857142 0.9292828125
22.178571428571427 0.9292828125
22.214285714285715 0.9292828125
22.25 0.9292828125
22.285714285714285 0.9292828125
22.321428571428573 0.9292828125
22.357142857142858 0.9292828125
22.392857142857142 0.9292828125
22.428571428571427 0.9292828125
22.464285714285715 0.9292828125
22.5 0.9292828125
22.535714285714285 0.9292828125
22.571428571428573 0.9292828125
22.607142857142858 0.9292828125
22.642857142857142 0.93294140625
22.678571428571427 0.97684453125
22.714285714285715 0.9622101562500001
22.75 0.980503125
22.785714285714285 0.9585515625
22.821428571428573 0.980503125
22.857142857142858 0.93294140625
22.892857142857142 1.15245703125
22.928571428571427 1.15245703125
22.964285714285715 0.95489296875
23.0 0.95489296875
23.035714285714285 0.95489296875
23.071428571428573 0.951234375
23.107142857142858 0.95489296875
23.142857142857142 0.95489296875
23.178571428571427 0.951234375
23.214285714285715 0.95489296875
23.25 0.951234375
23.285714285714285 0.951234375
23.321428571428573 0.951234375
23.357142857142858 0.951234375
23.392857142857142 0.951234375
23.428571428571427 0.951234375
23.464285714285715 0.951234375
23.5 0.951234375
23.535714285714285 0.951234375
23.571428571428573 0.94757578125
23.607142857142858 0.94757578125
23.642857142857142 0.951234375
23.678571428571427 0.94757578125
23.714285714285715 0.94757578125
23.75 0.98416171875
23.785714285714285 0.98416171875
23.821428571428573 0.9878203125
23.857142857142858 0.96952734375
23.892857142857142 1.0024546875
23.928571428571427 0.980503125
23.964285714285715 0.9585515625
24.0 1.19636015625
24.035714285714285 1.07196796875
24.071428571428573 0.97684453125
24.107142857142858 0.9731859375
24.142857142857142 0.9731859375
24.178571428571427 0.9731859375
24.214285714285715 0.9731859375
24.25 0.9731859375
24.285714285714285 0.9731859375
24.321428571428573 0.9731859375
24.357142857142858 0.96952734375
24.392857142857142 0.9731859375
24.428571428571427 0.9731859375
24.464285714285715 0.97684453125
24.5 0.97684453125
24.535714285714285 0.97684453125
24.571428571428573 0.97684453125
24.607142857142858 0.97684453125
24.642857142857142 0.980503125
24.678571428571427 0.980503125
24.714285714285715 0.98416171875
24.75 0.9878203125
24.785714285714285 0.9878203125
24.821428571428573 0.9878203125
24.857142857142858 1.00611328125
24.892857142857142 1.02074765625
24.928571428571427 1.02074765625
24.964285714285715 0.99879609375
25.0 1.0024546875
25.035714285714285 0.9951375
25.071428571428573 0.9622101562500001
25.107142857142858 0.9439171875
25.142857142857142 1.1487984375
25.178571428571427 0.9585515625
25.214285714285715 0.94757578125
25.25 0.94025859375
25.285714285714285 0.94025859375
25.321428571428573 0.94025859375
25.357142857142858 0.94025859375
25.392857142857142 0.94025859375
25.428571428571427 0.94025859375
25.464285714285715 0.94025859375
25.5 0.94025859375
25.535714285714285 0.94025859375
25.571428571428573 0.94025859375
25.607142857142858 0.9366
25.642857142857142 0.9366
25.678571428571427 0.9366
25.714285714285715 0.9366
25.75 0.9366
25.785714285714285 0.9366
25.821428571428573 0.9366
25.857142857142858 0.94025859375
25.892857142857142 0.94025859375
25.928571428571427 0.94025859375
25.964285714285715 0.9366
26.0 0.9585515625
26.035714285714285 0.97684453125
26.071428571428573 0.9878203125
26.107142857142858 0.98416171875
26.142857142857142 0.9622101562500001
26.178571428571427 0.9292828125
26.214285714285715 0.9292828125
26.25 1.05733359375
26.285714285714285 0.9366
26.321428571428573 0.9366
26.357142857142858 0.9366
26.392857142857142 0.93294140625
26.428571428571427 0.93294140625
26.464285714285715 0.93294140625
26.5 0.93294140625
26.535714285714285 0.93294140625
26.571428571428573 0.9292828125
26.607142857142858 0.9292828125
26.642857142857142 0.9292828125
26.678571428571427 0.9292828125
26.714285714285715 0.9292828125
26.75 0.9292828125
26.785714285714285 0.9292828125
26.821428571428573 0.9292828125
26.857142857142858 0.9292828125
26.892857142857142 0.93294140625
26.928571428571427 0.9292828125
26.964285714285715 0.93294140625
27.0 0.93294140625
27.035714285714285 0.93294140625
27.071428571428573 0.93294140625
27.107142857142858 0.97684453125
27.142857142857142 0.96952734375
27.178571428571427 0.980503125
27.214285714285715 0.9585515625
27.25 0.97684453125
27.285714285714285 0.94757578125
27.321428571428573 0.921965625
27.357142857142858 1.14148125
27.392857142857142 0.97684453125
27.428571428571427 0.92562421875
27.464285714285715 0.9292828125
27.5 0.9292828125
27.535714285714285 0.9292828125
27.571428571428573 0.92562421875
27.607142857142858 0.9292828125
27.642857142857142 0.92562421875
27.678571428571427 0.9292828125
27.714285714285715 0.9292828125
27.75 0.9292828125
27.785714285714285 0.9292828125
27.821428571428573 0.9292828125
27.857142857142858 0.9292828125
27.892857142857142 0.9292828125
27.928571428571427 0.9292828125
27.964285714285715 0.93294140625
28.0 0.9366
28.035714285714285 0.9366
28.071428571428573 0.9366
28.107142857142858 0.9366
28.142857142857142 0.9366
28.178571428571427 0.9366
28.214285714285715 0.951234375
28.25 0.96586875
28.285714285714285 0.9731859375
28.321428571428573 0.951234375
28.357142857142858 0.9731859375
28.392857142857142 0.951234375
28.428571428571427 0.9146484375
28.464285714285715 0.9146484375
28.5 0.9292828125
28.535714285714285 0.921965625
28.571428571428573 0.91830703125
28.607142857142858 0.91830703125
28.642857142857142 0.91830703125
28.678571428571427 0.91830703125
28.714285714285715 0.91830703125
28.75 0.91830703125
28.785714285714285 0.9146484375
28.821428571428573 0.91830703125
28.857142857142858 0.91830703125
28.892857142857142 0.91830703125
28.928571428571427 0.91830703125
28.964285714285715 0.91830703125
29.0 0.91830703125
29.035714285714285 0.91830703125
29.071428571428573 0.91830703125
29.107142857142858 0.921965625
29.142857142857142 0.921965625
29.178571428571427 0.921965625
29.214285714285715 0.921965625
29.25 0.92562421875
29.285714285714285 0.92562421875
29.321428571428573 0.92562421875
29.357142857142858 0.951234375
29.392857142857142 0.9622101562500001
29.428571428571427 0.93294140625
29.464285714285715 0.93294140625
29.5 0.94757578125
29.535714285714285 0.92562421875
29.571428571428573 1.15245703125
29.607142857142858 1.009771875
29.642857142857142 0.94757578125
29.678571428571427 0.94757578125
29.714285714285715 0.9439171875
29.75 0.94025859375
29.785714285714285 0.94025859375
29.821428571428573 0.94025859375
29.857142857142858 0.94025859375
29.892857142857142 0.94025859375
29.928571428571427 0.9439171875
29.964285714285715 0.94757578125
30.0 0.94757578125
30.035714285714285 0.94757578125
30.071428571428573 0.951234375
30.107142857142858 0.951234375
30.142857142857142 0.95489296875
30.178571428571427 0.95489296875
30.214285714285715 0.95489296875
30.25 0.95489296875
30.285714285714285 0.95489296875
30.321428571428573 0.9585515625
30.357142857142858 0.95489296875
30.392857142857142 0.95489296875
30.428571428571427 0.9878203125
30.464285714285715 0.98416171875
30.5 0.9878203125
30.535714285714285 0.95489296875
30.571428571428573 0.96586875
30.607142857142858 0.9585515625
30.642857142857142 0.921965625
30.678571428571427 0.921965625
30.714285714285715 1.08660234375
30.75 0.9292828125
30.785714285714285 0.9292828125
30.821428571428573 0.9292828125
30.857142857142858 0.9292828125
30.892857142857142 0.9292828125
30.928571428571427 0.92562421875
30.964285714285715 0.92562421875
31.0 0.92562421875
31.035714285714285 0.92562421875
31.071428571428573 0.92562421875
31.107142857142858 0.92562421875
31.142857142857142 0.921965625
31.178571428571427 0.921965625
31.214285714285715 0.92562421875
31.25 0.921965625
31.285714285714285 0.92562421875
31.321428571428573 0.92562421875
31.357142857142858 0.92562421875
31.392857142857142 0.92562421875
31.428571428571427 0.92562421875
31.464285714285715 0.92562421875
31.5 0.9292828125
31.535714285714285 0.9292828125
31.571428571428573 0.9622101562500001
31.607142857142858 0.96952734375
31.642857142857142 0.9366
31.678571428571427 0.9366
31.714285714285715 0.9622101562500001
31.75 0.9146484375
31.785714285714285 1.14148125
31.821428571428573 1.01343046875
31.857142857142858 0.93294140625
31.892857142857142 0.93294140625
31.928571428571427 0.93294140625
31.964285714285715 0.9292828125
32.0 0.9292828125
32.035714285714285 0.9292828125
32.07142857142857 0.9292828125
32.107142857142854 0.9292828125
32.142857142857146 0.9292828125
32.17857142857143 0.9292828125
32.214285714285715 0.9292828125
32.25 0.93294140625
32.285714285714285 0.93294140625
32.32142857142857 0.93294140625
32.357142857142854 0.93294140625
32.392857142857146 0.9366
32.42857142857143 0.94025859375
32.464285714285715 0.94025859375
32.5 0.94025859375
32.535714285714285 0.94025859375
32.57142857142857 0.9439171875
32.607142857142854 0.9439171875
32.642857142857146 0.9585515625
32.67857142857143 0.96952734375
32.714285714285715 0.96952734375
32.75 0.951234375
32.785714285714285 0.9622101562500001
32.82142857142857 0.9622101562500001
32.857142857142854 0.9366
32.892857142857146 0.9292828125
32.92857142857143 1.07928515625
32.964285714285715 0.94757578125
33.0 0.94025859375
33.035714285714285 0.9366
33.07142857142857 0.9366
33.107142857142854 0.94025859375
33.142857142857146 0.9366
33.17857142857143 0.9366
33.214285714285715 0.9366
33.25 0.9366
33.285714285714285 0.9366
33.32142857142857 0.9366
33.357142857142854 0.9366
33.392857142857146 0.9366
33.42857142857143 0.9366
33.464285714285715 0.9366
33.5 0.9366
33.535714285714285 0.9366
33.57142857142857 0.9366
33.607142857142854 0.94025859375
33.642857142857146 0.94025859375
33.67857142857143 0.94025859375
33.714285714285715 0.94025859375
33.75 0.9439171875
33.785714285714285 0.98416171875
33.82142857142857 0.9731859375
33.857142857142854 0.9878203125
33.892857142857146 0.9878203125
33.92857142857143 0.9878203125
33.964285714285715 0.96586875
34.0 1.17075
34.035714285714285 1.0170890625
34.07142857142857 0.9622101562500001
34.107142857142854 0.9622101562500001
34.142857142857146 0.9622101562500001
34.17857142857143 0.9585515625
34.214285714285715 0.9622101562500001
34.25 0.9622101562500001
34.285714285714285 0.9585515625
34.32142857142857 0.9585515625
34.357142857142854 0.9622101562500001
34.392857142857146 0.96586875
34.42857142857143 0.96586875
34.464285714285715 0.96586875
34.5 0.96952734375
34.535714285714285 0.96952734375
34.57142857142857 0.9731859375
34.607142857142854 0.97684453125
34.642857142857146 0.97684453125
34.67857142857143 0.97684453125
34.714285714285715 0.97684453125
34.75 0.97684453125
34.785714285714285 0.97684453125
34.82142857142857 0.97684453125
34.857142857142854 1.01343046875
34.892857142857146 1.01343046875
34.92857142857143 1.00611328125
34.964285714285715 1.01343046875
35.0 0.98416171875
35.035714285714285 0.98416171875
35.07142857142857 0.9622101562500001
35.107142857142854 1.2109945312500001
35.142857142857146 1.0756265625
35.17857142857143 0.9585515625
35.214285714285715 0.9585515625
35.25 0.9585515625
35.285714285714285 0.9585515625
35.32142857142857 0.9585515625
35.357142857142854 0.9585515625
35.392857142857146 0.9585515625
35.42857142857143 0.95489296875
35.464285714285715 0.951234375
35.5 0.95489296875
35.535714285714285 0.951234375
35.57142857142857 0.95489296875
35.607142857142854 0.95489296875
35.642857142857146 0.9585515625
35.67857142857143 0.95489296875
35.714285714285715 0.9585515625
35.75 0.9585515625
35.785714285714285 0.9585515625
35.82142857142857 0.9622101562500001
35.857142857142854 0.96586875
35.892857142857146 0.96586875
35.92857142857143 0.96586875
35.964285714285715 0.97684453125
36.0 1.00611328125
36.035714285714285 0.9951375
36.07142857142857 1.00611328125
36.107142857142854 0.97684453125
36.142857142857146 0.99879609375
36.17857142857143 0.97684453125
36.214285714285715 0.95489296875
36.25 1.17440859375
36.285714285714285 1.0024546875
36.32142857142857 0.9731859375
36.357142857142854 0.96952734375
36.392857142857146 0.96952734375
36.42857142857143 0.96586875
36.464285714285715 0.96586875
36.5 0.96586875
36.535714285714285 0.96586875
36.57142857142857 0.96586875
36.607142857142854 0.96586875
36.642857142857146 0.9622101562500001
36.67857142857143 0.96586875
36.714285714285715 0.96586875
36.75 0.96586875
36.785714285714285 0.96586875
36.82142857142857 0.96586875
36.857142857142854 0.96586875
36.892857142857146 0.96586875
36.92857142857143 0.96586875
36.964285714285715 0.96586875
37.0 0.96586875
37.035714285714285 0.96586875
37.07142857142857 0.96952734375
37.107142857142854 0.99879609375
37.142857142857146 0.9951375
37.17857142857143 1.0024546875
37.214285714285715 0.96586875
37.25 0.96952734375
37.285714285714285 0.9366
37.32142857142857 0.94025859375
37.357142857142854 1.1048953125
37.392857142857146 0.94757578125
37.42857142857143 0.9366
37.464285714285715 0.9366
37.5 0.9366
37.535714285714285 0.9366
37.57142857142857 0.9366
37.607142857142854 0.9366
37.642857142857146 0.93294140625
37.67857142857143 0.93294140625
37.714285714285715 0.93294140625
37.75 0.93294140625
37.785714285714285 0.9292828125
37.82142857142857 0.93294140625
37.857142857142854 0.93294140625
37.892857142857146 0.93294140625
37.92857142857143 0.93294140625
37.964285714285715 0.93294140625
38.0 0.93294140625
38.035714285714285 0.9366
38.07142857142857 0.9366
38.107142857142854 0.9366
38.142857142857146 0.9366
38.17857142857143 0.94025859375
38.214285714285715 0.9731859375
38.25 0.96952734375
38.285714285714285 0.980503125
38.32142857142857 0.94757578125
38.357142857142854 0.9731859375
38.392857142857146 0.94757578125
38.42857142857143 0.92562421875
38.464285714285715 1.15977421875
38.5 0.94025859375
38.535714285714285 0.94025859375
38.57142857142857 0.9366
38.607142857142854 0.9366
38.642857142857146 0.9366
38.67857142857143 0.93294140625
38.714285714285715 0.9366
38.75 0.93294140625
38.785714285714285 0.93294140625
38.82142857142857 0.93294140625
38.857142857142854 0.9366
38.892857142857146 0.9366
38.92857142857143 0.9366
38.964285714285715 0.9366
39.0 0.94025859375
39.035714285714285 0.94025859375
39.07142857142857 0.94025859375
39.107142857142854 0.94025859375
39.142857142857146 0.9439171875
39.17857142857143 0.9439171875
39.214285714285715 0.9439171875
39.25 0.9439171875
39.285714285714285 0.9439171875
39.32142857142857 0.9622101562500001
39.357142857142854 0.980503125
39.392857142857146 0.9731859375
39.42857142857143 0.9585515625
39.464285714285715 0.95489296875
39.5 0.93294140625
39.535714285714285 0.93294140625
39.57142857142857 0.9292828125
39.607142857142854 0.951234375
39.642857142857146 0.94025859375
39.67857142857143 0.94025859375
39.714285714285715 0.94025859375
39.75 0.94025859375
39.785714285714285 0.94025859375
39.82142857142857 0.9366
39.857142857142854 0.9366
39.892857142857146 0.9366
39.92857142857143 0.9366
