0.03571428571428571 0.9731859375
0.07142857142857142 0.9731859375
0.10714285714285714 0.96952734375
0.14285714285714285 0.96952734375
0.17857142857142858 0.96952734375
0.21428571428571427 0.96952734375
0.25 0.96952734375
0.2857142857142857 0.9731859375
0.32142857142857145 0.9731859375
0.35714285714285715 0.9731859375
0.39285714285714285 0.9731859375
0.42857142857142855 0.9731859375
0.4642857142857143 0.9731859375
0.5 0.9731859375
0.5357142857142857 0.9731859375
0.5714285714285714 0.9731859375
0.6071428571428571 0.9731859375
0.6785714285714286 0.97684453125
0.7142857142857143 0.9731859375
0.75 0.9731859375
0.7857142857142857 0.9731859375
0.8214285714285714 0.97684453125
0.8571428571428571 0.9731859375
0.8928571428571429 0.97684453125
0.9285714285714286 0.9731859375
1.0 0.97684453125
1.0357142857142858 0.97684453125
1.0714285714285714 0.97684453125
1.1071428571428572 0.97684453125
1.1428571428571428 0.97684453125
1.1785714285714286 0.97684453125
1.2142857142857142 0.97684453125
1.25 0.97684453125
1.2857142857142858 0.9731859375
1.3571428571428572 0.97684453125
1.3928571428571428 0.97684453125
1.4285714285714286 0.97684453125
1.4642857142857142 0.97684453125
1.5 0.97684453125
1.5357142857142858 0.97684453125
1.5714285714285714 0.97684453125
1.6071428571428572 0.9731859375
1.6785714285714286 0.97684453125
1.7142857142857142 0.97684453125
1.75 0.97684453125
1.7857142857142858 0.97684453125
1.8214285714285714 0.97684453125
1.8571428571428572 0.97684453125
1.8928571428571428 0.97684453125
1.9642857142857142 0.980503125
2.0 0.980503125
2.0357142857142856 0.97684453125
2.0714285714285716 0.980503125
2.107142857142857 0.97684453125
2.142857142857143 0.97684453125
2.1785714285714284 0.97684453125
2.2142857142857144 0.97684453125
2.2857142857142856 0.980503125
2.3214285714285716 0.980503125
2.357142857142857 0.980503125
2.392857142857143 0.980503125
2.4285714285714284 0.980503125
2.4642857142857144 0.980503125
2.5 0.980503125
2.5357142857142856 0.980503125
2.5714285714285716 0.980503125
2.642857142857143 0.98416171875
2.6785714285714284 0.98416171875
2.7142857142857144 0.980503125
2.75 0.98416171875
2.7857142857142856 0.98416171875
2.8214285714285716 0.98416171875
2.857142857142857 0.980503125
2.9285714285714284 0.98416171875
2.9642857142857144 0.98416171875
3.0 0.980503125
3.0357142857142856 0.98416171875
3.0714285714285716 0.98416171875
3.107142857142857 0.98416171875
3.142857142857143 0.98416171875
3.1785714285714284 0.98416171875
3.25 0.98416171875
3.2857142857142856 0.98416171875
3.3214285714285716 0.98416171875
3.357142857142857 0.98416171875
3.392857142857143 0.98416171875
3.4285714285714284 0.98416171875
3.4642857142857144 0.98416171875
3.5 0.98416171875
3.5357142857142856 0.98416171875
3.607142857142857 0.98416171875
3.642857142857143 0.98416171875
3.6785714285714284 0.98416171875
3.7142857142857144 0.98416171875
3.75 0.98416171875
3.7857142857142856 0.98416171875
3.8214285714285716 0.98416171875
3.857142857142857 0.98416171875
3.9285714285714284 0.9878203125
3.9642857142857144 0.98416171875
4.0 0.98416171875
4.035714285714286 0.98416171875
4.071428571428571 0.98416171875
4.107142857142857 0.98416171875
4.142857142857143 0.98416171875
4.214285714285714 0.9878203125
4.25 0.98416171875
4.285714285714286 0.98416171875
4.321428571428571 0.98416171875
4.357142857142857 0.98416171875
4.392857142857143 0.98416171875
4.428571428571429 0.98416171875
4.464285714285714 0.98416171875
4.535714285714286 0.9878203125
4.571428571428571 0.9878203125
4.607142857142857 0.98416171875
4.642857142857143 0.98416171875
4.678571428571429 0.98416171875
4.714285714285714 0.98416171875
4.75 0.98416171875
4.785714285714286 0.98416171875
4.821428571428571 0.98416171875
4.892857142857143 0.98416171875
4.928571428571429 0.98416171875
4.964285714285714 0.98416171875
5.0 0.98416171875
5.035714285714286 0.98416171875
5.071428571428571 0.98416171875
5.107142857142857 0.98416171875
5.142857142857143 0.98416171875
5.214285714285714 0.98416171875
5.25 0.98416171875
5.285714285714286 0.9878203125
5.321428571428571 0.98416171875
5.357142857142857 0.98416171875
5.392857142857143 0.98416171875
5.428571428571429 0.98416171875
5.464285714285714 0.98416171875
5.5 0.9878203125
5.535714285714286 0.98416171875
5.571428571428571 0.98416171875
5.607142857142857 0.98416171875
5.642857142857143 0.98416171875
5.678571428571429 0.98416171875
5.714285714285714 0.9878203125
5.75 0.98416171875
5.785714285714286 0.98416171875
5.857142857142857 0.9878203125
5.892857142857143 0.9878203125
5.928571428571429 0.9878203125
5.964285714285714 0.9878203125
6.0 0.9878203125
6.035714285714286 0.9878203125
6.071428571428571 0.98416171875
6.107142857142857 0.98416171875
6.178571428571429 0.9878203125
6.214285714285714 0.9878203125
6.25 0.9878203125
6.285714285714286 0.9878203125
6.321428571428571 0.98416171875
6.357142857142857 0.9878203125
6.392857142857143 0.9878203125
6.428571428571429 0.9878203125
6.5 0.9878203125
6.535714285714286 0.9878203125
6.571428571428571 0.9878203125
6.607142857142857 0.9878203125
6.642857142857143 0.9878203125
6.678571428571429 0.9878203125
6.714285714285714 0.98416171875
6.75 0.9878203125
6.821428571428571 0.9878203125
6.857142857142857 0.9878203125
6.892857142857143 0.9878203125
6.928571428571429 0.9878203125
6.964285714285714 0.9878203125
7.0 0.9878203125
7.035714285714286 0.9878203125
7.071428571428571 0.98416171875
7.142857142857143 0.9878203125
7.178571428571429 0.9878203125
7.214285714285714 0.98416171875
7.25 0.98416171875
7.285714285714286 0.9878203125
7.321428571428571 0.98416171875
7.357142857142857 0.9878203125
7.392857142857143 0.98416171875
7.464285714285714 0.9878203125
7.5 0.9878203125
7.535714285714286 0.9878203125
7.571428571428571 0.98416171875
7.607142857142857 0.9878203125
7.642857142857143 0.9878203125
7.678571428571429 0.9878203125
7.714285714285714 0.9878203125
7.75 0.9878203125
7.785714285714286 0.9878203125
7.821428571428571 0.9878203125
7.857142857142857 0.9878203125
7.892857142857143 0.9878203125
7.928571428571429 0.9878203125
7.964285714285714 0.9878203125
8.0 0.9878203125
8.035714285714286 0.9878203125
8.107142857142858 0.9878203125
8.142857142857142 0.9878203125
8.178571428571429 0.9878203125
8.214285714285714 0.9878203125
8.25 0.9878203125
8.285714285714286 0.9878203125
8.321428571428571 0.9878203125
8.357142857142858 0.9878203125
8.428571428571429 0.9878203125
8.464285714285714 0.9878203125
8.5 0.9878203125
8.535714285714286 0.9878203125
8.571428571428571 0.9878203125
8.607142857142858 0.98416171875
8.642857142857142 0.9878203125
8.678571428571429 0.98416171875
8.714285714285714 0.9878203125
8.75 0.9878203125
8.785714285714286 0.9878203125
8.821428571428571 0.9878203125
8.857142857142858 0.9878203125
8.892857142857142 0.9878203125
8.928571428571429 0.9878203125
8.964285714285714 0.9878203125
9.0 0.9878203125
9.071428571428571 0.9878203125
9.107142857142858 0.9878203125
9.142857142857142 0.98416171875
9.178571428571429 0.9878203125
9.214285714285714 0.9878203125
9.25 0.9878203125
9.285714285714286 0.9878203125
9.321428571428571 0.9878203125
9.392857142857142 0.98416171875
9.428571428571429 0.9878203125
9.464285714285714 0.9878203125
9.5 0.9878203125
9.535714285714286 0.9878203125
9.571428571428571 0.9878203125
9.607142857142858 0.9878203125
9.642857142857142 0.9878203125
9.714285714285714 0.98416171875
9.75 0.9878203125
9.785714285714286 0.9878203125
9.821428571428571 0.9878203125
9.857142857142858 0.9878203125
9.892857142857142 0.9878203125
9.928571428571429 0.9878203125
9.964285714285714 0.98416171875
10.0 0.98416171875
10.071428571428571 0.98416171875
10.107142857142858 0.9878203125
10.142857142857142 0.9878203125
10.178571428571429 0.9878203125
10.214285714285714 0.9878203125
10.25 0.9878203125
10.285714285714286 0.9878203125
10.357142857142858 0.9878203125
10.392857142857142 0.9878203125
10.428571428571429 0.9878203125
10.464285714285714 0.9878203125
10.5 0.9878203125
10.535714285714286 0.98416171875
10.571428571428571 0.9878203125
10.607142857142858 0.9878203125
10.678571428571429 0.9878203125
10.714285714285714 0.98416171875
10.75 0.9878203125
10.785714285714286 0.9878203125
10.821428571428571 0.9878203125
10.857142857142858 0.9878203125
10.892857142857142 0.9878203125
10.928571428571429 0.9878203125
10.964285714285714 0.9878203125
11.0 0.9878203125
11.035714285714286 0.9878203125
11.071428571428571 0.9878203125
11.107142857142858 0.9878203125
11.142857142857142 0.9878203125
11.178571428571429 0.9878203125
11.214285714285714 0.9878203125
11.25 0.9878203125
11.321428571428571 0.9878203125
11.357142857142858 0.9878203125
11.392857142857142 0.9878203125
11.428571428571429 0.9878203125
11.464285714285714 0.9878203125
11.5 0.9878203125
11.535714285714286 0.9878203125
11.571428571428571 0.9878203125
11.642857142857142 0.98416171875
11.678571428571429 0.9878203125
11.714285714285714 0.9878203125
11.75 0.9878203125
11.785714285714286 0.9878203125
11.821428571428571 0.9878203125
11.857142857142858 0.9878203125
11.892857142857142 0.9878203125
11.928571428571429 0.9878203125
12.0 0.9878203125
12.035714285714286 0.9878203125
12.071428571428571 0.9878203125
12.107142857142858 0.9878203125
12.142857142857142 0.9878203125
12.178571428571429 0.9878203125
12.214285714285714 0.9878203125
12.25 0.9878203125
12.321428571428571 0.9878203125
12.357142857142858 0.98416171875
12.392857142857142 0.9878203125
12.428571428571429 0.9878203125
12.464285714285714 0.9878203125
12.5 0.9878203125
12.535714285714286 0.9878203125
12.607142857142858 0.9878203125
12.642857142857142 0.9878203125
12.678571428571429 0.98416171875
12.714285714285714 0.9878203125
12.75 0.9878203125
12.785714285714286 0.9878203125
12.821428571428571 0.9878203125
12.857142857142858 0.9878203125
12.928571428571429 0.9878203125
12.964285714285714 0.98416171875
13.0 0.98416171875
13.035714285714286 0.98416171875
13.071428571428571 0.98416171875
13.107142857142858 0.9878203125
13.142857142857142 0.9878203125
13.178571428571429 0.9878203125
13.214285714285714 0.9878203125
13.285714285714286 0.9878203125
13.321428571428571 0.9878203125
13.357142857142858 0.9878203125
13.392857142857142 0.9878203125
13.428571428571429 0.9878203125
13.464285714285714 0.9878203125
13.5 0.9878203125
13.535714285714286 0.98416171875
13.607142857142858 0.98416171875
13.642857142857142 0.9878203125
13.678571428571429 0.9878203125
13.714285714285714 0.9878203125
13.75 0.98416171875
13.785714285714286 0.98416171875
13.821428571428571 0.98416171875
13.892857142857142 0.9878203125
13.928571428571429 0.9878203125
13.964285714285714 0.9878203125
14.0 0.9878203125
14.035714285714286 0.9878203125
14.071428571428571 0.9878203125
14.107142857142858 0.9878203125
14.142857142857142 0.9878203125
14.178571428571429 0.9878203125
14.25 0.9878203125
14.285714285714286 0.9878203125
14.321428571428571 0.9878203125
14.357142857142858 0.9878203125
14.392857142857142 0.9878203125
14.428571428571429 0.9878203125
14.464285714285714 0.9878203125
14.5 0.98416171875
14.571428571428571 0.9878203125
14.607142857142858 0.9878203125
14.642857142857142 0.9878203125
14.678571428571429 0.9878203125
14.714285714285714 0.9878203125
14.75 0.9878203125
14.785714285714286 0.98416171875
14.857142857142858 0.9878203125
14.892857142857142 0.9878203125
14.928571428571429 0.98416171875
14.964285714285714 0.9878203125
15.0 0.9878203125
15.035714285714286 0.9878203125
15.071428571428571 0.98416171875
15.107142857142858 0.9878203125
15.142857142857142 0.9878203125
15.214285714285714 0.9878203125
15.25 0.9878203125
15.285714285714286 0.9878203125
15.321428571428571 0.9878203125
15.357142857142858 0.9878203125
15.392857142857142 0.9878203125
15.428571428571429 0.9878203125
15.464285714285714 0.98416171875
15.535714285714286 0.9878203125
15.571428571428571 0.9878203125
15.607142857142858 0.9878203125
15.642857142857142 0.98416171875
15.678571428571429 0.9878203125
15.714285714285714 0.9878203125
15.75 0.9878203125
15.785714285714286 0.9878203125
15.857142857142858 0.9878203125
15.892857142857142 0.9878203125
15.928571428571429 0.9878203125
15.964285714285714 0.9878203125
16.0 0.9878203125
16.035714285714285 0.9878203125
16.071428571428573 0.9878203125
16.142857142857142 0.9878203125
16.178571428571427 0.9878203125
16.214285714285715 0.9878203125
16.25 0.9878203125
16.285714285714285 0.9878203125
16.321428571428573 0.9878203125
16.357142857142858 0.9878203125
16.392857142857142 0.9878203125
16.428571428571427 0.98416171875
16.5 0.9878203125
16.535714285714285 0.9878203125
16.571428571428573 0.9878203125
16.607142857142858 0.9878203125
16.642857142857142 0.9878203125
16.678571428571427 0.9878203125
16.714285714285715 0.9878203125
16.75 0.9878203125
16.821428571428573 0.9878203125
16.857142857142858 0.9878203125
16.892857142857142 0.9878203125
16.928571428571427 0.9878203125
16.964285714285715 0.9878203125
17.0 0.9878203125
17.035714285714285 0.98416171875
17.071428571428573 0.98416171875
17.142857142857142 0.9878203125
17.178571428571427 0.9878203125
17.214285714285715 0.9878203125
17.25 0.9878203125
17.285714285714285 0.9878203125
17.321428571428573 0.98416171875
17.357142857142858 0.9878203125
17.392857142857142 0.98416171875
17.464285714285715 0.9878203125
17.5 0.9878203125
17.535714285714285 0.9878203125
17.571428571428573 0.9878203125
17.607142857142858 0.9878203125
17.642857142857142 0.9878203125
17.678571428571427 0.9878203125
17.714285714285715 0.9878203125
17.785714285714285 0.9878203125
17.821428571428573 0.9878203125
17.857142857142858 0.9878203125
17.892857142857142 0.9878203125
17.928571428571427 0.9878203125
17.964285714285715 0.9878203125
18.0 0.9878203125
18.035714285714285 0.9878203125
18.107142857142858 0.9878203125
18.142857142857142 0.9878203125
18.178571428571427 0.9878203125
18.214285714285715 0.98416171875
18.25 0.9878203125
18.285714285714285 0.9878203125
18.321428571428573 0.9878203125
18.357142857142858 0.98416171875
18.464285714285715 0.9878203125
18.5 0.9878203125
18.535714285714285 0.9878203125
18.571428571428573 0.9878203125
18.607142857142858 0.9878203125
18.642857142857142 0.9878203125
18.678571428571427 0.98416171875
18.75 0.9878203125
18.785714285714285 0.98416171875
18.821428571428573 0.9878203125
18.857142857142858 0.9878203125
18.892857142857142 0.9878203125
18.928571428571427 0.9878203125
18.964285714285715 0.9878203125
19.0 0.9878203125
19.071428571428573 0.9878203125
19.107142857142858 0.9878203125
19.142857142857142 0.9878203125
19.178571428571427 0.9878203125
19.214285714285715 0.9878203125
19.25 0.9878203125
19.285714285714285 0.9878203125
19.321428571428573 0.9878203125
19.392857142857142 0.9878203125
19.428571428571427 0.9878203125
19.464285714285715 0.98416171875
19.5 0.9878203125
19.535714285714285 0.9878203125
19.571428571428573 0.98416171875
19.607142857142858 0.98416171875
19.642857142857142 0.9878203125
19.714285714285715 0.9878203125
19.75 0.98416171875
19.785714285714285 0.98416171875
19.821428571428573 0.9878203125
19.857142857142858 0.9878203125
19.892857142857142 0.9878203125
19.928571428571427 0.9878203125
19.964285714285715 0.9878203125
20.035714285714285 0.9878203125
20.071428571428573 0.9878203125
20.107142857142858 0.98416171875
20.142857142857142 0.9878203125
20.178571428571427 0.9878203125
20.214285714285715 0.98416171875
20.25 0.98416171875
20.285714285714285 0.98416171875
20.321428571428573 0.98416171875
20.357142857142858 0.9878203125
20.392857142857142 0.9878203125
20.428571428571427 0.9878203125
20.464285714285715 0.9878203125
20.5 0.9878203125
20.535714285714285 0.9878203125
20.571428571428573 0.9878203125
20.607142857142858 0.9878203125
20.642857142857142 0.9878203125
20.714285714285715 0.9878203125
20.75 0.9878203125
20.785714285714285 0.9878203125
20.821428571428573 0.9878203125
20.857142857142858 0.9878203125
20.892857142857142 0.9878203125
20.928571428571427 0.9878203125
21.0 0.9878203125
21.035714285714285 0.9878203125
21.071428571428573 0.9878203125
21.107142857142858 0.9878203125
21.142857142857142 0.9878203125
21.178571428571427 0.9878203125
21.214285714285715 0.9878203125
21.25 0.9878203125
21.321428571428573 0.9878203125
21.357142857142858 0.9878203125
21.392857142857142 0.9878203125
21.428571428571427 0.9878203125
21.464285714285715 0.9878203125
21.5 0.98416171875
21.535714285714285 0.98416171875
21.571428571428573 0.98416171875
21.642857142857142 0.9878203125
21.678571428571427 0.98416171875
21.714285714285715 0.98416171875
21.75 0.9878203125
21.785714285714285 0.9878203125
21.821428571428573 0.98416171875
21.857142857142858 0.9878203125
21.892857142857142 0.9878203125
21.928571428571427 0.9878203125
22.0 0.9878203125
22.035714285714285 0.9878203125
22.071428571428573 0.9878203125
22.107142857142858 0.9878203125
22.142857142857142 0.9878203125
22.178571428571427 0.9878203125
22.214285714285715 0.98416171875
22.285714285714285 0.9878203125
22.321428571428573 0.98416171875
22.357142857142858 0.9878203125
22.392857142857142 0.9878203125
22.428571428571427 0.9878203125
22.464285714285715 0.9878203125
22.5 0.9878203125
22.535714285714285 0.9878203125
22.571428571428573 0.9878203125
22.607142857142858 0.9878203125
22.642857142857142 0.9878203125
22.678571428571427 0.9878203125
22.714285714285715 0.9878203125
22.75 0.9878203125
22.785714285714285 0.9878203125
22.821428571428573 0.9878203125
22.857142857142858 0.9878203125
22.892857142857142 0.9878203125
22.964285714285715 0.9878203125
23.0 0.9878203125
23.035714285714285 0.9878203125
23.071428571428573 0.9878203125
23.107142857142858 0.9878203125
23.142857142857142 0.9878203125
23.178571428571427 0.9878203125
23.25 0.9878203125
23.285714285714285 0.9878203125
23.321428571428573 0.9878203125
23.357142857142858 0.9878203125
23.392857142857142 0.9878203125
23.428571428571427 0.9878203125
23.464285714285715 0.9878203125
23.5 0.98416171875
23.571428571428573 0.9878203125
23.607142857142858 0.9878203125
23.642857142857142 0.9878203125
23.678571428571427 0.9878203125
23.714285714285715 0.9878203125
23.75 0.9878203125
23.785714285714285 0.9878203125
23.821428571428573 0.9878203125
23.857142857142858 0.9878203125
23.928571428571427 0.9878203125
23.964285714285715 0.9878203125
24.0 0.9878203125
24.035714285714285 0.9878203125
24.071428571428573 0.9878203125
24.107142857142858 0.9878203125
24.142857142857142 0.9878203125
24.178571428571427 0.9878203125
24.25 0.9878203125
24.285714285714285 0.9878203125
24.321428571428573 0.9878203125
24.357142857142858 0.9878203125
24.392857142857142 0.9878203125
24.428571428571427 0.9878203125
24.464285714285715 0.9878203125
24.535714285714285 0.9878203125
24.571428571428573 0.9878203125
24.607142857142858 0.9878203125
24.642857142857142 0.9878203125
24.678571428571427 0.9878203125
24.714285714285715 0.9878203125
24.75 0.9878203125
24.785714285714285 0.9878203125
24.821428571428573 0.9878203125
24.857142857142858 0.9878203125
24.892857142857142 0.9878203125
24.928571428571427 0.9878203125
24.964285714285715 0.9878203125
25.0 0.9878203125
25.035714285714285 0.9878203125
25.071428571428573 0.9878203125
25.107142857142858 0.9878203125
25.142857142857142 0.9878203125
25.214285714285715 0.9878203125
25.25 0.9878203125
25.285714285714285 0.9878203125
25.321428571428573 0.9878203125
25.357142857142858 0.98416171875
25.392857142857142 0.9878203125
25.428571428571427 0.9878203125
25.464285714285715 0.98416171875
25.535714285714285 0.9878203125
25.571428571428573 0.9878203125
25.607142857142858 0.9878203125
25.642857142857142 0.9878203125
25.678571428571427 0.9878203125
25.714285714285715 0.9878203125
25.75 0.9878203125
25.785714285714285 0.9878203125
25.857142857142858 0.9878203125
25.892857142857142 0.98416171875
25.928571428571427 0.9878203125
25.964285714285715 0.9878203125
26.0 0.9878203125
26.035714285714285 0.9878203125
26.071428571428573 0.9878203125
26.107142857142858 0.9878203125
26.178571428571427 0.9878203125
26.214285714285715 0.9878203125
26.25 0.9878203125
26.285714285714285 0.9878203125
26.321428571428573 0.9878203125
26.357142857142858 0.9878203125
26.392857142857142 0.9878203125
26.428571428571427 0.9878203125
26.5 0.9878203125
26.535714285714285 0.9878203125
26.571428571428573 0.9878203125
26.607142857142858 0.9878203125
26.642857142857142 0.9878203125
26.678571428571427 0.9878203125
26.714285714285715 0.9878203125
26.75 0.98416171875
26.821428571428573 0.9878203125
26.857142857142858 0.9878203125
26.892857142857142 0.9878203125
26.928571428571427 0.9878203125
26.964285714285715 0.9878203125
27.0 0.9878203125
27.035714285714285 0.9878203125
27.071428571428573 0.9878203125
27.107142857142858 0.9878203125
27.142857142857142 0.9878203125
27.178571428571427 0.9878203125
27.214285714285715 0.9878203125
27.25 0.9878203125
27.285714285714285 0.9878203125
27.321428571428573 0.9878203125
27.357142857142858 0.9878203125
27.392857142857142 0.98416171875
27.464285714285715 0.9878203125
27.5 0.9878203125
27.535714285714285 0.9878203125
27.571428571428573 0.9878203125
27.607142857142858 0.9878203125
27.642857142857142 0.9878203125
27.678571428571427 0.98416171875
27.714285714285715 0.9878203125
27.785714285714285 0.98416171875
27.821428571428573 0.9878203125
27.857142857142858 0.9878203125
27.892857142857142 0.9878203125
27.928571428571427 0.9878203125
27.964285714285715 0.9878203125
28.0 0.9878203125
28.035714285714285 0.9878203125
28.107142857142858 0.9878203125
28.142857142857142 0.9878203125
28.178571428571427 0.9878203125
28.214285714285715 0.9878203125
28.25 0.9878203125
28.285714285714285 0.9878203125
28.321428571428573 0.9878203125
28.357142857142858 0.9878203125
28.428571428571427 0.9878203125
28.464285714285715 0.9878203125
28.5 0.9878203125
28.535714285714285 0.9878203125
28.571428571428573 0.9878203125
28.607142857142858 0.9878203125
28.642857142857142 0.9878203125
28.678571428571427 0.9878203125
28.75 0.9878203125
28.785714285714285 0.9878203125
28.821428571428573 0.9878203125
28.857142857142858 0.9878203125
28.892857142857142 0.9878203125
28.928571428571427 0.9878203125
28.964285714285715 0.9878203125
29.0 0.98416171875
29.035714285714285 0.98416171875
29.071428571428573 0.9878203125
29.107142857142858 0.9878203125
29.142857142857142 0.9878203125
29.178571428571427 0.9878203125
29.214285714285715 0.9878203125
29.25 0.9878203125
29.285714285714285 0.9878203125
29.321428571428573 0.9878203125
29.392857142857142 0.9878203125
29.428571428571427 0.9878203125
29.464285714285715 0.9878203125
29.5 0.9878203125
29.535714285714285 0.9878203125
29.571428571428573 0.9878203125
29.607142857142858 0.9878203125
29.642857142857142 0.98416171875
29.714285714285715 0.9878203125
29.75 0.9878203125
29.785714285714285 0.9878203125
29.821428571428573 0.9878203125
29.857142857142858 0.9878203125
29.892857142857142 0.9878203125
29.928571428571427 0.9878203125
29.964285714285715 0.9878203125
30.035714285714285 0.9878203125
30.071428571428573 0.9878203125
30.107142857142858 0.9878203125
30.142857142857142 0.9878203125
30.178571428571427 0.9878203125
30.214285714285715 0.9878203125
30.25 0.9878203125
30.285714285714285 0.9878203125
30.321428571428573 0.9878203125
30.357142857142858 0.9878203125
30.392857142857142 0.9878203125
30.428571428571427 0.9878203125
30.464285714285715 0.9878203125
30.5 0.9878203125
30.535714285714285 0.9878203125
30.571428571428573 0.9878203125
30.607142857142858 0.9878203125
30.678571428571427 0.9878203125
30.714285714285715 0.99147890625
30.75 0.9878203125
30.785714285714285 0.9878203125
30.821428571428573 0.9878203125
30.857142857142858 0.9878203125
30.892857142857142 0.9878203125
30.928571428571427 0.9878203125
30.964285714285715 0.9878203125
31.0 0.9878203125
31.035714285714285 0.9878203125
31.071428571428573 0.9878203125
31.107142857142858 0.9878203125
31.142857142857142 0.9878203125
31.178571428571427 0.9878203125
31.214285714285715 0.9878203125
31.25 0.9878203125
31.357142857142858 0.9878203125
31.392857142857142 0.9878203125
31.428571428571427 0.99147890625
31.464285714285715 0.9878203125
31.5 0.9878203125
31.535714285714285 0.9878203125
31.571428571428573 0.9878203125
31.607142857142858 0.98416171875
31.642857142857142 0.99147890625
31.678571428571427 0.9878203125
31.714285714285715 0.9878203125
31.75 0.9878203125
31.785714285714285 0.99147890625
31.821428571428573 0.9878203125
31.857142857142858 0.9878203125
31.892857142857142 0.9878203125
31.964285714285715 0.9878203125
32.0 0.99147890625
32.035714285714285 0.9878203125
32.07142857142857 0.9878203125
32.107142857142854 0.99147890625
32.142857142857146 0.99147890625
32.17857142857143 0.99147890625
32.214285714285715 0.9878203125
32.285714285714285 0.99147890625
32.32142857142857 0.9878203125
32.357142857142854 0.9878203125
32.392857142857146 0.9878203125
32.42857142857143 0.99147890625
32.464285714285715 0.9878203125
32.5 0.9878203125
32.535714285714285 0.9878203125
32.57142857142857 0.99147890625
32.607142857142854 0.99147890625
32.642857142857146 0.99147890625
32.67857142857143 0.99147890625
32.714285714285715 0.9878203125
32.75 0.9878203125
32.785714285714285 0.9878203125
32.82142857142857 0.9878203125
32.857142857142854 0.9878203125
32.92857142857143 0.99147890625
32.964285714285715 0.99147890625
33.0 0.99147890625
33.035714285714285 0.9878203125
33.07142857142857 0.9878203125
33.107142857142854 0.9878203125
33.142857142857146 0.9878203125
33.17857142857143 0.9878203125
33.214285714285715 0.9878203125
33.25 0.99147890625
33.285714285714285 0.9878203125
33.32142857142857 0.9878203125
33.357142857142854 0.9878203125
33.392857142857146 0.99147890625
33.42857142857143 0.99147890625
33.464285714285715 0.9878203125
33.5 0.99147890625
33.535714285714285 0.9878203125
33.607142857142854 0.99147890625
33.642857142857146 0.99147890625
33.67857142857143 0.99147890625
33.714285714285715 0.99147890625
33.75 0.9878203125
33.785714285714285 0.9878203125
33.82142857142857 0.9878203125
33.857142857142854 0.99147890625
33.92857142857143 0.99147890625
33.964285714285715 0.99147890625
34.0 0.99147890625
34.035714285714285 0.99147890625
34.07142857142857 0.9878203125
34.107142857142854 0.99147890625
34.142857142857146 0.9878203125
34.214285714285715 0.99147890625
34.25 0.9878203125
34.285714285714285 0.9878203125
34.32142857142857 0.99147890625
34.357142857142854 0.9878203125
34.392857142857146 0.9878203125
34.42857142857143 0.99147890625
34.464285714285715 0.99147890625
34.5 0.9878203125
34.57142857142857 0.99147890625
34.607142857142854 0.9878203125
34.642857142857146 0.99147890625
34.67857142857143 0.9878203125
34.714285714285715 0.99147890625
34.75 0.9878203125
34.785714285714285 0.9878203125
34.82142857142857 0.9878203125
34.892857142857146 0.99147890625
34.92857142857143 0.9878203125
34.964285714285715 0.99147890625
35.0 0.9878203125
35.035714285714285 0.99147890625
35.07142857142857 0.99147890625
35.107142857142854 0.99147890625
35.142857142857146 0.9878203125
35.214285714285715 0.99147890625
35.25 0.9878203125
35.285714285714285 0.99147890625
35.32142857142857 0.99147890625
35.357142857142854 0.99147890625
35.392857142857146 0.99147890625
35.42857142857143 0.99147890625
35.464285714285715 0.9878203125
35.5 0.99147890625
35.535714285714285 0.99147890625
35.57142857142857 0.99147890625
35.607142857142854 0.99147890625
35.642857142857146 0.99147890625
35.67857142857143 0.99147890625
35.714285714285715 0.9878203125
35.75 0.9878203125
35.785714285714285 0.9878203125
35.857142857142854 0.99147890625
35.892857142857146 0.99147890625
35.92857142857143 0.99147890625
35.964285714285715 0.99147890625
36.0 0.99147890625
36.035714285714285 0.9878203125
36.07142857142857 0.99147890625
36.107142857142854 0.9878203125
36.17857142857143 0.99147890625
36.214285714285715 0.99147890625
36.25 0.9878203125
36.285714285714285 0.99147890625
36.32142857142857 0.99147890625
36.357142857142854 0.99147890625
36.392857142857146 0.9878203125
36.464285714285715 0.99147890625
36.5 0.9878203125
36.535714285714285 0.9878203125
36.57142857142857 0.99147890625
36.607142857142854 0.9878203125
36.642857142857146 0.99147890625
36.67857142857143 0.99147890625
36.714285714285715 0.99147890625
36.82142857142857 0.99147890625
36.857142857142854 0.9878203125
36.892857142857146 0.99147890625
36.92857142857143 0.9878203125
36.964285714285715 0.99147890625
37.0 0.9878203125
37.035714285714285 0.9878203125
37.07142857142857 0.99147890625
37.142857142857146 0.99147890625
37.17857142857143 0.99147890625
37.214285714285715 0.99147890625
37.25 0.9878203125
37.285714285714285 0.99147890625
37.32142857142857 0.9878203125
37.357142857142854 0.99147890625
37.392857142857146 0.99147890625
37.464285714285715 0.99147890625
37.5 0.99147890625
37.535714285714285 0.9878203125
37.57142857142857 0.9878203125
37.607142857142854 0.99147890625
37.642857142857146 0.99147890625
37.67857142857143 0.99147890625
37.714285714285715 0.99147890625
37.75 0.99147890625
37.785714285714285 0.99147890625
37.82142857142857 0.99147890625
37.857142857142854 0.99147890625
37.892857142857146 0.99147890625
37.92857142857143 0.99147890625
37.964285714285715 0.99147890625
38.0 0.99147890625
38.035714285714285 0.99147890625
38.107142857142854 0.99147890625
38.142857142857146 0.99147890625
38.17857142857143 0.99147890625
38.214285714285715 0.99147890625
38.25 0.99147890625
38.285714285714285 0.99147890625
38.32142857142857 0.99147890625
38.357142857142854 0.99147890625
38.42857142857143 0.99147890625
38.464285714285715 0.9878203125
38.5 0.99147890625
38.535714285714285 0.99147890625
38.57142857142857 0.99147890625
38.607142857142854 0.99147890625
38.642857142857146 0.99147890625
38.67857142857143 0.99147890625
38.714285714285715 0.9878203125
38.75 0.99147890625
38.785714285714285 0.99147890625
38.82142857142857 0.99147890625
38.857142857142854 0.99147890625
38.892857142857146 0.99147890625
38.92857142857143 0.99147890625
38.964285714285715 0.9878203125
39.0 0.9878203125
39.07142857142857 0.99147890625
39.107142857142854 0.99147890625
39.142857142857146 0.99147890625
39.17857142857143 0.99147890625
39.214285714285715 0.99147890625
39.25 0.99147890625
39.285714285714285 0.99147890625
39.32142857142857 0.99147890625
39.392857142857146 0.99147890625
39.42857142857143 0.99147890625
39.464285714285715 0.99147890625
39.5 0.99147890625
39.535714285714285 0.99147890625
39.57142857142857 0.99147890625
39.607142857142854 0.99147890625
39.642857142857146 0.99147890625
39.67857142857143 0.99147890625
39.75 0.99147890625
39.785714285714285 0.99147890625
39.82142857142857 0.99147890625
39.857142857142854 0.99147890625
39.892857142857146 0.99147890625
39.92857142857143 0.99147890625
