0.03571428571428571 2.736628125
0.07142857142857142 2.736628125
0.10714285714285714 2.736628125
0.14285714285714285 2.736628125
0.17857142857142858 2.736628125
0.21428571428571427 2.736628125
0.25 2.736628125
0.2857142857142857 2.736628125
0.32142857142857145 2.736628125
0.35714285714285715 2.736628125
0.39285714285714285 2.736628125
0.42857142857142855 2.736628125
0.5357142857142857 2.7512625
0.5714285714285714 2.77687265625
0.6071428571428571 2.7878484375
0.6428571428571429 2.79150703125
0.6785714285714286 2.79150703125
0.7142857142857143 2.79150703125
0.75 2.79150703125
0.7857142857142857 2.79150703125
0.8214285714285714 2.79150703125
0.8571428571428571 2.79150703125
0.8928571428571429 2.79150703125
0.9285714285714286 2.79150703125
0.9642857142857143 2.79150703125
1.0 2.79150703125
1.0357142857142858 2.7878484375
1.0714285714285714 2.7878484375
1.1071428571428572 2.7878484375
1.1428571428571428 2.7878484375
1.1785714285714286 2.7878484375
1.2142857142857142 2.7878484375
1.25 2.7878484375
1.2857142857142858 2.7878484375
1.3214285714285714 2.7878484375
1.3571428571428572 2.7878484375
1.3928571428571428 2.7878484375
1.4285714285714286 2.7878484375
1.4642857142857142 2.7878484375
1.5 2.7878484375
1.5357142857142858 2.7878484375
1.5714285714285714 2.7878484375
1.6071428571428572 2.795165625
1.6428571428571428 2.81345859375
1.6785714285714286 2.83541015625
1.7142857142857142 2.83541015625
1.75 2.83906875
1.7857142857142858 2.83906875
1.8214285714285714 2.83541015625
1.8571428571428572 2.83906875
1.8928571428571428 2.83541015625
1.9285714285714286 2.83541015625
1.9642857142857142 2.83541015625
2.0 2.83541015625
2.0357142857142856 2.8317515625
2.0714285714285716 2.8317515625
2.107142857142857 2.8317515625
2.142857142857143 2.8317515625
2.1785714285714284 2.8317515625
2.2142857142857144 2.8317515625
2.25 2.8317515625
2.2857142857142856 2.8317515625
2.3214285714285716 2.8317515625
2.357142857142857 2.8317515625
2.392857142857143 2.8317515625
2.4285714285714284 2.8317515625
2.4642857142857144 2.8317515625
2.5 2.8317515625
2.5357142857142856 2.8317515625
2.5714285714285716 2.8317515625
2.607142857142857 2.8317515625
2.642857142857143 2.8317515625
2.6785714285714284 2.8317515625
2.7142857142857144 2.82809296875
2.75 2.85736171875
2.7857142857142856 2.8756546875
2.8214285714285716 2.882971875
2.857142857142857 2.882971875
2.892857142857143 2.882971875
2.9285714285714284 2.882971875
2.9642857142857144 2.88663046875
3.0 2.882971875
3.0357142857142856 2.882971875
3.0714285714285716 2.882971875
3.107142857142857 2.882971875
3.142857142857143 2.882971875
3.1785714285714284 2.882971875
3.2142857142857144 2.882971875
3.25 2.882971875
3.2857142857142856 2.882971875
3.3214285714285716 2.882971875
3.357142857142857 2.882971875
3.392857142857143 2.882971875
3.4285714285714284 2.87931328125
3.4642857142857144 2.882971875
3.5 2.87931328125
3.5357142857142856 2.87931328125
3.5714285714285716 2.87931328125
3.607142857142857 2.87931328125
3.642857142857143 2.882971875
3.6785714285714284 2.87931328125
3.7142857142857144 2.87931328125
3.75 2.87931328125
3.857142857142857 2.90126484375
3.892857142857143 2.9195578125
3.9285714285714284 2.92321640625
3.9642857142857144 2.92321640625
4.0 2.92321640625
4.035714285714286 2.92321640625
4.071428571428571 2.92321640625
4.107142857142857 2.92321640625
4.142857142857143 2.92321640625
4.178571428571429 2.92321640625
4.214285714285714 2.9195578125
4.25 2.9195578125
4.285714285714286 2.9195578125
4.321428571428571 2.9195578125
4.357142857142857 2.9195578125
4.392857142857143 2.9195578125
4.428571428571429 2.9195578125
4.464285714285714 2.9195578125
4.5 2.91589921875
4.535714285714286 2.91589921875
4.571428571428571 2.91589921875
4.607142857142857 2.91589921875
4.642857142857143 2.91589921875
4.678571428571429 2.91589921875
4.714285714285714 2.91589921875
4.75 2.91589921875
4.785714285714286 2.912240625
4.928571428571429 2.926875
4.964285714285714 2.94516796875
5.0 2.95248515625
5.035714285714286 2.95614375
5.071428571428571 2.95614375
5.107142857142857 2.95614375
5.142857142857143 2.95614375
5.178571428571429 2.95614375
5.214285714285714 2.95614375
5.25 2.95614375
5.285714285714286 2.95614375
5.321428571428571 2.95614375
5.357142857142857 2.95248515625
5.392857142857143 2.95248515625
5.428571428571429 2.95248515625
5.464285714285714 2.95248515625
5.5 2.95248515625
5.535714285714286 2.95248515625
5.571428571428571 2.95248515625
5.607142857142857 2.95248515625
5.642857142857143 2.95248515625
5.678571428571429 2.95248515625
5.714285714285714 2.95248515625
5.75 2.95248515625
5.785714285714286 2.9488265625
5.821428571428571 2.9488265625
5.857142857142857 2.9488265625
5.892857142857143 2.9488265625
5.928571428571429 2.9488265625
6.035714285714286 2.94516796875
6.071428571428571 2.970778125
6.107142857142857 2.98175390625
6.142857142857143 2.9854125
6.178571428571429 2.9854125
6.214285714285714 2.9854125
6.25 2.9854125
6.285714285714286 2.98175390625
6.321428571428571 2.98175390625
6.357142857142857 2.98175390625
6.392857142857143 2.98175390625
6.428571428571429 2.98175390625
6.464285714285714 2.98175390625
6.5 2.98175390625
6.535714285714286 2.98175390625
6.571428571428571 2.98175390625
6.607142857142857 2.98175390625
6.642857142857143 2.98175390625
6.678571428571429 2.9780953125
6.714285714285714 2.9780953125
6.75 2.9780953125
6.785714285714286 2.9780953125
6.821428571428571 2.9780953125
6.857142857142857 2.9780953125
6.892857142857143 2.9780953125
6.928571428571429 2.9780953125
6.964285714285714 2.9780953125
7.0 2.9780953125
7.035714285714286 2.9780953125
7.071428571428571 2.9780953125
7.142857142857143 3.0000468750000002
7.178571428571429 3.0000468750000002
7.214285714285714 3.01102265625
7.25 3.01833984375
7.285714285714286 3.01833984375
7.321428571428571 3.01468125
7.357142857142857 3.01468125
7.392857142857143 3.01468125
7.428571428571429 3.01468125
7.464285714285714 3.01468125
7.5 3.01468125
7.535714285714286 3.01468125
7.571428571428571 3.01102265625
7.607142857142857 3.01102265625
7.642857142857143 3.01102265625
7.678571428571429 3.01102265625
7.714285714285714 3.01102265625
7.75 3.01102265625
7.785714285714286 3.01102265625
7.821428571428571 3.01102265625
7.857142857142857 3.0073640625
7.892857142857143 3.0073640625
7.928571428571429 3.0073640625
7.964285714285714 3.0073640625
8.0 3.0073640625
8.035714285714286 3.0073640625
8.071428571428571 3.0073640625
8.107142857142858 3.0073640625
8.142857142857142 3.0073640625
8.25 3.029315625
8.285714285714286 3.04395
8.321428571428571 3.0512671875
8.357142857142858 3.05492578125
8.392857142857142 3.05492578125
8.428571428571429 3.05492578125
8.464285714285714 3.05492578125
8.5 3.05492578125
8.535714285714286 3.05492578125
8.571428571428571 3.05492578125
8.607142857142858 3.05492578125
8.642857142857142 3.05492578125
8.678571428571429 3.05492578125
8.714285714285714 3.05492578125
8.75 3.05492578125
8.785714285714286 3.05492578125
8.821428571428571 3.05492578125
8.857142857142858 3.05492578125
8.892857142857142 3.05492578125
8.928571428571429 3.05492578125
8.964285714285714 3.05492578125
9.0 3.05492578125
9.035714285714286 3.05492578125
9.071428571428571 3.05492578125
9.107142857142858 3.05492578125
9.142857142857142 3.05492578125
9.178571428571429 3.05492578125
9.214285714285714 3.05492578125
9.357142857142858 3.05492578125
9.392857142857142 3.07321875
9.428571428571429 3.07687734375
9.464285714285714 3.07687734375
9.5 3.07687734375
9.535714285714286 3.07687734375
9.571428571428571 3.07687734375
9.607142857142858 3.07687734375
9.642857142857142 3.07687734375
9.678571428571429 3.07687734375
9.714285714285714 3.07687734375
9.75 3.07321875
9.785714285714286 3.07321875
9.821428571428571 3.07321875
9.857142857142858 3.07321875
9.892857142857142 3.07321875
9.928571428571429 3.07321875
9.964285714285714 3.07321875
10.0 3.07321875
10.035714285714286 3.07321875
10.071428571428571 3.07321875
10.107142857142858 3.06956015625
10.142857142857142 3.06956015625
10.178571428571429 3.06956015625
10.214285714285714 3.06956015625
10.25 3.06956015625
10.285714285714286 3.06956015625
10.321428571428571 3.06956015625
10.357142857142858 3.06956015625
10.5 3.10614609375
10.535714285714286 3.1098046875
10.571428571428571 3.1098046875
10.607142857142858 3.1098046875
10.642857142857142 3.1098046875
10.678571428571429 3.1098046875
10.714285714285714 3.1098046875
10.75 3.1098046875
10.785714285714286 3.1098046875
10.821428571428571 3.1098046875
10.857142857142858 3.1098046875
10.892857142857142 3.1098046875
10.928571428571429 3.1098046875
10.964285714285714 3.1098046875
11.0 3.1098046875
11.035714285714286 3.1098046875
11.071428571428571 3.1098046875
11.107142857142858 3.1098046875
11.142857142857142 3.1098046875
11.178571428571429 3.1098046875
11.214285714285714 3.1098046875
11.25 3.10614609375
11.285714285714286 3.1098046875
11.321428571428571 3.1098046875
11.357142857142858 3.1098046875
11.392857142857142 3.10614609375
11.428571428571429 3.10614609375
11.571428571428571 3.12078046875
11.607142857142858 3.13175625
11.642857142857142 3.13175625
11.678571428571429 3.13175625
11.714285714285714 3.13175625
11.75 3.13175625
11.785714285714286 3.13175625
11.821428571428571 3.13175625
11.857142857142858 3.13175625
11.892857142857142 3.13175625
11.928571428571429 3.13175625
11.964285714285714 3.13175625
12.0 3.12809765625
12.035714285714286 3.13175625
12.071428571428571 3.13175625
12.107142857142858 3.12809765625
12.142857142857142 3.12809765625
12.178571428571429 3.12809765625
12.214285714285714 3.12809765625
12.25 3.12809765625
12.285714285714286 3.12809765625
12.321428571428571 3.12809765625
12.357142857142858 3.12809765625
12.392857142857142 3.12809765625
12.428571428571429 3.12809765625
12.464285714285714 3.12809765625
12.5 3.12809765625
12.535714285714286 3.12809765625
12.571428571428571 3.1244390625
12.678571428571429 3.146390625
12.714285714285714 3.16468359375
12.75 3.175659375
12.785714285714286 3.175659375
12.821428571428571 3.175659375
12.857142857142858 3.175659375
12.892857142857142 3.175659375
12.928571428571429 3.175659375
12.964285714285714 3.17200078125
13.0 3.17200078125
13.035714285714286 3.17200078125
13.071428571428571 3.17200078125
13.107142857142858 3.17200078125
13.142857142857142 3.17200078125
13.178571428571429 3.17200078125
13.214285714285714 3.17200078125
13.25 3.17200078125
13.285714285714286 3.17200078125
13.321428571428571 3.17200078125
13.357142857142858 3.17200078125
13.392857142857142 3.17200078125
13.428571428571429 3.17200078125
13.464285714285714 3.1683421875
13.5 3.1683421875
13.535714285714286 3.1683421875
13.571428571428571 3.1683421875
13.607142857142858 3.1683421875
13.642857142857142 3.1683421875
13.678571428571429 3.17200078125
13.714285714285714 3.17200078125
13.75 3.1829765625
13.785714285714286 3.20126953125
13.821428571428571 3.20858671875
13.857142857142858 3.20858671875
13.892857142857142 3.20858671875
13.928571428571429 3.20858671875
13.964285714285714 3.20858671875
14.0 3.20858671875
14.035714285714286 3.20858671875
14.071428571428571 3.20858671875
14.107142857142858 3.20858671875
14.142857142857142 3.20858671875
14.178571428571429 3.20858671875
14.214285714285714 3.20858671875
14.25 3.20858671875
14.285714285714286 3.20858671875
14.321428571428571 3.204928125
14.357142857142858 3.204928125
14.392857142857142 3.204928125
14.428571428571429 3.204928125
14.464285714285714 3.204928125
14.5 3.204928125
14.535714285714286 3.204928125
14.571428571428571 3.204928125
14.607142857142858 3.204928125
14.642857142857142 3.204928125
14.678571428571429 3.204928125
14.714285714285714 3.204928125
14.75 3.20126953125
14.785714285714286 3.20126953125
14.821428571428571 3.204928125
14.892857142857142 3.23053828125
14.928571428571429 3.23053828125
14.964285714285714 3.234196875
15.0 3.234196875
15.035714285714286 3.234196875
15.071428571428571 3.234196875
15.107142857142858 3.234196875
15.142857142857142 3.23053828125
15.178571428571429 3.23053828125
15.214285714285714 3.23053828125
15.25 3.23053828125
15.285714285714286 3.23053828125
15.321428571428571 3.23053828125
15.357142857142858 3.23053828125
15.392857142857142 3.23053828125
15.428571428571429 3.23053828125
15.464285714285714 3.23053828125
15.5 3.2268796875
15.535714285714286 3.2268796875
15.571428571428571 3.2268796875
15.607142857142858 3.2268796875
15.642857142857142 3.2268796875
15.678571428571429 3.2268796875
15.714285714285714 3.2268796875
15.75 3.2268796875
15.785714285714286 3.2268796875
15.821428571428571 3.2268796875
15.857142857142858 3.2268796875
16.0 3.25248984375
16.035714285714285 3.25248984375
16.071428571428573 3.25248984375
16.107142857142858 3.25248984375
16.142857142857142 3.25248984375
16.178571428571427 3.25248984375
16.214285714285715 3.25248984375
16.25 3.25248984375
16.285714285714285 3.25248984375
16.321428571428573 3.24883125
16.357142857142858 3.25248984375
16.392857142857142 3.24883125
16.428571428571427 3.24883125
16.464285714285715 3.24883125
16.5 3.24883125
16.535714285714285 3.24883125
16.571428571428573 3.24883125
16.607142857142858 3.24883125
16.642857142857142 3.24883125
16.678571428571427 3.24883125
16.714285714285715 3.24883125
16.75 3.24883125
16.785714285714285 3.24883125
16.821428571428573 3.24883125
16.857142857142858 3.24883125
16.892857142857142 3.24883125
16.928571428571427 3.24883125
16.964285714285715 3.24883125
17.0 3.24883125
17.071428571428573 3.25248984375
17.107142857142858 3.2707828125
17.142857142857142 3.27444140625
17.178571428571427 3.27444140625
17.214285714285715 3.27444140625
17.25 3.27444140625
17.285714285714285 3.2707828125
17.321428571428573 3.2707828125
17.357142857142858 3.2707828125
17.392857142857142 3.2707828125
17.428571428571427 3.2707828125
17.464285714285715 3.2707828125
17.5 3.2707828125
17.535714285714285 3.2707828125
17.571428571428573 3.2707828125
17.607142857142858 3.2707828125
17.642857142857142 3.26712421875
17.678571428571427 3.26712421875
17.714285714285715 3.26712421875
17.75 3.26712421875
17.785714285714285 3.26712421875
17.821428571428573 3.26712421875
17.857142857142858 3.26712421875
17.892857142857142 3.26712421875
17.928571428571427 3.26712421875
17.964285714285715 3.26712421875
18.0 3.26712421875
18.035714285714285 3.26712421875
18.071428571428573 3.26712421875
18.107142857142858 3.26712421875
18.142857142857142 3.26712421875
18.214285714285715 3.28907578125
18.25 3.292734375
18.285714285714285 3.292734375
18.321428571428573 3.292734375
18.357142857142858 3.292734375
18.392857142857142 3.292734375
18.428571428571427 3.292734375
18.464285714285715 3.292734375
18.5 3.28907578125
18.535714285714285 3.28907578125
18.571428571428573 3.28907578125
18.607142857142858 3.28907578125
18.642857142857142 3.28907578125
18.678571428571427 3.28907578125
18.714285714285715 3.28907578125
18.75 3.28907578125
18.785714285714285 3.28907578125
18.821428571428573 3.28907578125
18.857142857142858 3.28907578125
18.892857142857142 3.28907578125
18.928571428571427 3.28907578125
18.964285714285715 3.28907578125
19.0 3.28907578125
19.035714285714285 3.28907578125
19.071428571428573 3.28907578125
19.107142857142858 3.28907578125
19.142857142857142 3.28907578125
19.178571428571427 3.28907578125
19.285714285714285 3.30371015625
19.321428571428573 3.31834453125
19.357142857142858 3.322003125
19.392857142857142 3.322003125
19.428571428571427 3.31834453125
19.464285714285715 3.31834453125
19.5 3.31834453125
19.535714285714285 3.31834453125
19.571428571428573 3.31834453125
19.607142857142858 3.31834453125
19.642857142857142 3.31834453125
19.678571428571427 3.31834453125
19.714285714285715 3.31834453125
19.75 3.31834453125
19.785714285714285 3.31834453125
19.821428571428573 3.3146859375
19.857142857142858 3.3146859375
19.892857142857142 3.3146859375
19.928571428571427 3.3146859375
19.964285714285715 3.3146859375
20.0 3.3146859375
20.035714285714285 3.3146859375
20.071428571428573 3.3146859375
20.107142857142858 3.3146859375
20.142857142857142 3.3146859375
20.178571428571427 3.3146859375
20.214285714285715 3.3146859375
20.25 3.3146859375
20.285714285714285 3.31102734375
20.321428571428573 3.30371015625
20.357142857142858 3.30371015625
20.428571428571427 3.34029609375
20.464285714285715 3.3439546875
20.5 3.3439546875
20.535714285714285 3.34761328125
20.571428571428573 3.34761328125
20.607142857142858 3.3439546875
20.642857142857142 3.3439546875
20.678571428571427 3.3439546875
20.714285714285715 3.3439546875
20.75 3.3439546875
20.785714285714285 3.3439546875
20.821428571428573 3.3439546875
20.857142857142858 3.3439546875
20.892857142857142 3.34029609375
20.928571428571427 3.34029609375
20.964285714285715 3.34029609375
21.0 3.34029609375
21.035714285714285 3.34029609375
21.071428571428573 3.34029609375
21.107142857142858 3.34029609375
21.142857142857142 3.34029609375
21.178571428571427 3.34029609375
21.214285714285715 3.34029609375
21.25 3.34029609375
21.285714285714285 3.34029609375
21.321428571428573 3.34029609375
21.357142857142858 3.34029609375
21.392857142857142 3.34029609375
21.428571428571427 3.34029609375
21.464285714285715 3.34029609375
21.5 3.36224765625
21.535714285714285 3.3732234375
21.571428571428573 3.3732234375
21.607142857142858 3.3732234375
21.642857142857142 3.3732234375
21.678571428571427 3.36956484375
21.714285714285715 3.36956484375
21.75 3.36956484375
21.785714285714285 3.36956484375
21.821428571428573 3.36956484375
21.857142857142858 3.36956484375
21.892857142857142 3.36956484375
21.928571428571427 3.36956484375
21.964285714285715 3.36956484375
22.0 3.36956484375
22.035714285714285 3.36956484375
22.071428571428573 3.36956484375
22.107142857142858 3.36956484375
22.142857142857142 3.36590625
22.178571428571427 3.36590625
22.214285714285715 3.36590625
22.25 3.36590625
22.285714285714285 3.36590625
22.321428571428573 3.36590625
22.357142857142858 3.36590625
22.392857142857142 3.36590625
22.428571428571427 3.36590625
22.464285714285715 3.36590625
22.5 3.36590625
22.535714285714285 3.35493046875
22.607142857142858 3.380540625
22.642857142857142 3.39883359375
22.678571428571427 3.40615078125
22.714285714285715 3.41346796875
22.75 3.4171265625
22.785714285714285 3.4171265625
22.821428571428573 3.4171265625
22.857142857142858 3.4171265625
22.892857142857142 3.4171265625
22.928571428571427 3.4171265625
22.964285714285715 3.4171265625
23.0 3.41346796875
23.035714285714285 3.41346796875
23.071428571428573 3.41346796875
23.107142857142858 3.4171265625
23.142857142857142 3.4171265625
23.178571428571427 3.4171265625
23.214285714285715 3.41346796875
23.25 3.41346796875
23.285714285714285 3.41346796875
23.321428571428573 3.41346796875
23.357142857142858 3.41346796875
23.392857142857142 3.41346796875
23.428571428571427 3.41346796875
23.464285714285715 3.41346796875
23.5 3.41346796875
23.535714285714285 3.41346796875
23.571428571428573 3.41346796875
23.607142857142858 3.41346796875
23.642857142857142 3.4024921875
23.678571428571427 3.40615078125
23.714285714285715 3.42444375
23.75 3.4537125
23.785714285714285 3.4537125
23.821428571428573 3.45737109375
23.857142857142858 3.4610296875
23.892857142857142 3.4610296875
23.928571428571427 3.4610296875
23.964285714285715 3.4610296875
24.0 3.4610296875
24.035714285714285 3.4610296875
24.071428571428573 3.4610296875
24.107142857142858 3.4610296875
24.142857142857142 3.45737109375
24.178571428571427 3.45737109375
24.214285714285715 3.45737109375
24.25 3.45737109375
24.285714285714285 3.45737109375
24.321428571428573 3.45737109375
24.357142857142858 3.45737109375
24.392857142857142 3.45737109375
24.428571428571427 3.45737109375
24.464285714285715 3.45737109375
24.5 3.45737109375
24.535714285714285 3.45737109375
24.571428571428573 3.45737109375
24.607142857142858 3.45737109375
24.642857142857142 3.45737109375
24.678571428571427 3.4537125
24.714285714285715 3.4537125
24.75 3.4537125
24.785714285714285 3.45737109375
24.821428571428573 3.48298125
24.857142857142858 3.49395703125
24.892857142857142 3.5049328125
24.928571428571427 3.50859140625
24.964285714285715 3.51225
25.0 3.51590859375
25.035714285714285 3.51590859375
25.071428571428573 3.51590859375
25.107142857142858 3.51590859375
25.142857142857142 3.51590859375
25.178571428571427 3.51590859375
25.214285714285715 3.51590859375
25.25 3.51225
25.285714285714285 3.51225
25.321428571428573 3.51225
25.357142857142858 3.51225
25.392857142857142 3.51225
25.428571428571427 3.51225
25.464285714285715 3.51225
25.5 3.51225
25.535714285714285 3.51225
25.571428571428573 3.51225
25.607142857142858 3.51225
25.642857142857142 3.51225
25.678571428571427 3.51225
25.714285714285715 3.50859140625
25.75 3.51225
25.785714285714285 3.50859140625
25.821428571428573 3.50859140625
25.857142857142858 3.50859140625
25.892857142857142 3.50859140625
25.928571428571427 3.5342015625
25.964285714285715 3.5488359375
26.0 3.556153125
26.035714285714285 3.5634703125000002
26.071428571428573 3.5634703125000002
26.107142857142858 3.5634703125000002
26.142857142857142 3.5634703125000002
26.178571428571427 3.5634703125000002
26.214285714285715 3.5634703125000002
26.25 3.5634703125000002
26.285714285714285 3.5634703125000002
26.321428571428573 3.5634703125000002
26.357142857142858 3.5634703125000002
26.392857142857142 3.5634703125000002
26.428571428571427 3.5634703125000002
26.464285714285715 3.5634703125000002
26.5 3.5634703125000002
26.535714285714285 3.5634703125000002
26.571428571428573 3.5634703125000002
26.607142857142858 3.55981171875
26.642857142857142 3.55981171875
26.678571428571427 3.55981171875
26.714285714285715 3.55981171875
26.75 3.5634703125000002
26.785714285714285 3.5634703125000002
26.821428571428573 3.5634703125000002
26.857142857142858 3.5634703125000002
26.892857142857142 3.5634703125000002
26.928571428571427 3.5634703125000002
26.964285714285715 3.55981171875
27.0 3.585421875
27.035714285714285 3.59639765625
27.071428571428573 3.59639765625
27.107142857142858 3.61103203125
27.142857142857142 3.61103203125
27.178571428571427 3.61103203125
27.214285714285715 3.61103203125
27.25 3.61103203125
27.285714285714285 3.61103203125
27.321428571428573 3.61103203125
27.357142857142858 3.61103203125
27.392857142857142 3.61103203125
27.428571428571427 3.6073734375
27.464285714285715 3.6073734375
27.5 3.6073734375
27.535714285714285 3.6073734375
27.571428571428573 3.6073734375
27.607142857142858 3.6073734375
27.642857142857142 3.6073734375
27.678571428571427 3.6073734375
27.714285714285715 3.6073734375
27.75 3.6073734375
27.785714285714285 3.6073734375
27.821428571428573 3.6073734375
27.857142857142858 3.6073734375
27.892857142857142 3.6073734375
27.928571428571427 3.6073734375
27.964285714285715 3.6073734375
28.035714285714285 3.6073734375
28.071428571428573 3.6073734375
28.107142857142858 3.6220078125
28.142857142857142 3.64030078125
28.178571428571427 3.64761796875
28.214285714285715 3.6512765625
28.25 3.6512765625
28.285714285714285 3.6512765625
28.321428571428573 3.6512765625
28.357142857142858 3.64761796875
28.392857142857142 3.64761796875
28.428571428571427 3.64761796875
28.464285714285715 3.64761796875
28.5 3.64761796875
28.535714285714285 3.64761796875
28.571428571428573 3.64761796875
28.607142857142858 3.64761796875
28.642857142857142 3.64761796875
28.678571428571427 3.64761796875
28.714285714285715 3.64761796875
28.75 3.64761796875
28.785714285714285 3.64761796875
28.821428571428573 3.64761796875
28.857142857142858 3.64761796875
28.892857142857142 3.643959375
28.928571428571427 3.643959375
28.964285714285715 3.643959375
29.0 3.643959375
29.035714285714285 3.643959375
29.071428571428573 3.643959375
29.107142857142858 3.643959375
29.142857142857142 3.64761796875
29.214285714285715 3.65859375
29.25 3.69152109375
29.285714285714285 3.69152109375
29.321428571428573 3.69883828125
29.357142857142858 3.69883828125
29.392857142857142 3.69883828125
29.428571428571427 3.69883828125
29.464285714285715 3.702496875
29.5 3.702496875
29.535714285714285 3.69883828125
29.571428571428573 3.69883828125
29.607142857142858 3.69883828125
29.642857142857142 3.69883828125
29.678571428571427 3.69883828125
29.714285714285715 3.69883828125
29.75 3.69883828125
29.785714285714285 3.69883828125
29.821428571428573 3.69883828125
29.857142857142858 3.69883828125
29.892857142857142 3.69883828125
29.928571428571427 3.69883828125
29.964285714285715 3.6951796875
30.0 3.6951796875
30.035714285714285 3.6951796875
30.071428571428573 3.6951796875
30.107142857142858 3.6951796875
30.142857142857142 3.6951796875
30.178571428571427 3.6951796875
30.214285714285715 3.6951796875
30.285714285714285 3.6951796875
30.321428571428573 3.71713125
30.357142857142858 3.72810703125
30.392857142857142 3.731765625
30.428571428571427 3.7390828125
30.464285714285715 3.7390828125
30.5 3.7390828125
30.535714285714285 3.7390828125
30.571428571428573 3.7390828125
30.607142857142858 3.7390828125
30.642857142857142 3.73542421875
30.678571428571427 3.73542421875
30.714285714285715 3.73542421875
30.75 3.73542421875
30.785714285714285 3.73542421875
30.821428571428573 3.73542421875
30.857142857142858 3.73542421875
30.892857142857142 3.73542421875
30.928571428571427 3.73542421875
30.964285714285715 3.73542421875
31.0 3.73542421875
31.035714285714285 3.73542421875
31.071428571428573 3.73542421875
31.107142857142858 3.731765625
31.142857142857142 3.731765625
31.178571428571427 3.731765625
31.214285714285715 3.731765625
31.25 3.731765625
31.285714285714285 3.731765625
31.321428571428573 3.731765625
31.357142857142858 3.731765625
31.428571428571427 3.75005859375
31.464285714285715 3.76469296875
31.5 3.77566875
31.535714285714285 3.77932734375
31.571428571428573 3.7829859375
31.607142857142858 3.7829859375
31.642857142857142 3.7829859375
31.678571428571427 3.77932734375
31.714285714285715 3.77932734375
31.75 3.77932734375
31.785714285714285 3.77932734375
31.821428571428573 3.77932734375
31.857142857142858 3.77932734375
31.892857142857142 3.77932734375
31.928571428571427 3.77932734375
31.964285714285715 3.77932734375
32.0 3.77932734375
32.035714285714285 3.77932734375
32.07142857142857 3.77932734375
32.107142857142854 3.77932734375
32.142857142857146 3.77566875
32.17857142857143 3.77201015625
32.214285714285715 3.77566875
32.25 3.77566875
32.285714285714285 3.77566875
32.32142857142857 3.77566875
32.357142857142854 3.77566875
32.392857142857146 3.77566875
32.42857142857143 3.77566875
32.464285714285715 3.77932734375
32.535714285714285 3.7976203125
32.57142857142857 3.80859609375
32.607142857142854 3.81591328125
32.642857142857146 3.81591328125
32.67857142857143 3.819571875
32.714285714285715 3.81591328125
32.75 3.81591328125
32.785714285714285 3.81591328125
32.82142857142857 3.81591328125
32.857142857142854 3.81591328125
32.892857142857146 3.81591328125
32.92857142857143 3.81591328125
32.964285714285715 3.81591328125
33.0 3.81591328125
33.035714285714285 3.8122546875
33.07142857142857 3.8122546875
33.107142857142854 3.8122546875
33.142857142857146 3.8122546875
33.17857142857143 3.8122546875
33.214285714285715 3.8122546875
33.25 3.8122546875
33.285714285714285 3.8122546875
33.32142857142857 3.8122546875
33.357142857142854 3.8122546875
33.392857142857146 3.8122546875
33.42857142857143 3.8122546875
33.464285714285715 3.8122546875
33.5 3.8122546875
33.535714285714285 3.81591328125
33.607142857142854 3.8268890625
33.642857142857146 3.84518203125
33.67857142857143 3.8561578125000002
33.714285714285715 3.8561578125000002
33.75 3.8561578125000002
33.785714285714285 3.8561578125000002
33.82142857142857 3.8561578125000002
33.857142857142854 3.8561578125000002
33.892857142857146 3.8561578125000002
33.92857142857143 3.8561578125000002
33.964285714285715 3.8561578125000002
34.0 3.8561578125000002
34.035714285714285 3.8524992187500002
34.07142857142857 3.8524992187500002
34.107142857142854 3.8524992187500002
34.142857142857146 3.8524992187500002
34.17857142857143 3.8524992187500002
34.214285714285715 3.8524992187500002
34.25 3.8524992187500002
34.285714285714285 3.8524992187500002
34.32142857142857 3.8524992187500002
34.357142857142854 3.8524992187500002
34.392857142857146 3.8524992187500002
34.42857142857143 3.8524992187500002
34.464285714285715 3.8524992187500002
34.5 3.8488406250000002
34.535714285714285 3.8524992187500002
34.57142857142857 3.8488406250000002
34.607142857142854 3.8488406250000002
34.714285714285715 3.863475
34.75 3.88176796875
34.785714285714285 3.89274375
34.82142857142857 3.9000609375
34.857142857142854 3.907378125
34.892857142857146 3.907378125
34.92857142857143 3.907378125
34.964285714285715 3.90371953125
35.0 3.907378125
35.035714285714285 3.907378125
35.07142857142857 3.90371953125
35.107142857142854 3.90371953125
35.142857142857146 3.90371953125
35.17857142857143 3.90371953125
35.214285714285715 3.90371953125
35.25 3.90371953125
35.285714285714285 3.90371953125
35.32142857142857 3.90371953125
35.357142857142854 3.90371953125
35.392857142857146 3.90371953125
35.42857142857143 3.90371953125
35.464285714285715 3.90371953125
35.5 3.90371953125
35.535714285714285 3.90371953125
35.57142857142857 3.90371953125
35.607142857142854 3.90371953125
35.642857142857146 3.90371953125
35.67857142857143 3.9000609375
35.714285714285715 3.9000609375
35.75 3.9000609375
35.785714285714285 3.9000609375
35.857142857142854 3.936646875
35.892857142857146 3.9439640625
35.92857142857143 3.94762265625
35.964285714285715 3.95128125
36.0 3.94762265625
36.035714285714285 3.95128125
36.07142857142857 3.94762265625
36.107142857142854 3.94762265625
36.142857142857146 3.94762265625
36.17857142857143 3.94762265625
36.214285714285715 3.94762265625
36.25 3.94762265625
36.285714285714285 3.94762265625
36.32142857142857 3.9439640625
36.357142857142854 3.9439640625
36.392857142857146 3.9439640625
36.42857142857143 3.9439640625
36.464285714285715 3.9439640625
36.5 3.9439640625
36.535714285714285 3.9439640625
36.57142857142857 3.9439640625
36.607142857142854 3.9439640625
36.642857142857146 3.9439640625
36.67857142857143 3.9439640625
36.714285714285715 3.9439640625
36.75 3.9439640625
36.785714285714285 3.9439640625
36.82142857142857 3.9439640625
36.857142857142854 3.9293296875
36.92857142857143 3.96225703125
36.964285714285715 3.97689140625
37.0 3.99152578125
37.035714285714285 3.99152578125
37.07142857142857 3.99152578125
37.107142857142854 3.99152578125
37.142857142857146 3.99152578125
37.17857142857143 3.99152578125
37.214285714285715 3.99152578125
37.25 3.99152578125
37.285714285714285 3.99152578125
37.32142857142857 3.99152578125
37.357142857142854 3.99152578125
37.392857142857146 3.99152578125
37.42857142857143 3.9878671875
37.464285714285715 3.9878671875
37.5 3.9878671875
37.535714285714285 3.9878671875
37.57142857142857 3.9878671875
37.607142857142854 3.9878671875
37.642857142857146 3.9878671875
37.67857142857143 3.9878671875
37.714285714285715 3.9878671875
37.75 3.98420859375
37.785714285714285 3.98420859375
37.82142857142857 3.98420859375
37.857142857142854 3.9878671875
37.892857142857146 3.9878671875
37.964285714285715 3.97689140625
38.0 3.99884296875
38.035714285714285 3.99884296875
38.07142857142857 4.01347734375
38.107142857142854 4.0171359375
38.142857142857146 4.0171359375
38.17857142857143 4.0171359375
38.214285714285715 4.0171359375
38.25 4.0171359375
38.285714285714285 4.01347734375
38.32142857142857 4.01347734375
38.357142857142854 4.01347734375
38.392857142857146 4.01347734375
38.42857142857143 4.01347734375
38.464285714285715 4.01347734375
38.5 4.01347734375
38.535714285714285 4.01347734375
38.57142857142857 4.01347734375
38.607142857142854 4.00981875
38.642857142857146 4.01347734375
38.67857142857143 4.00981875
38.714285714285715 4.00981875
38.75 4.00981875
38.785714285714285 4.00981875
38.82142857142857 4.00981875
38.857142857142854 4.00981875
38.892857142857146 4.00981875
38.92857142857143 4.00981875
38.964285714285715 4.00981875
39.0 4.00981875
39.035714285714285 4.00981875
39.07142857142857 4.00981875
39.107142857142854 4.00981875
39.142857142857146 4.03542890625
39.17857142857143 4.04274609375
39.214285714285715 4.05006328125
39.25 4.05006328125
39.285714285714285 4.05006328125
39.32142857142857 4.05006328125
39.357142857142854 4.05006328125
39.392857142857146 4.0464046875
39.42857142857143 4.0464046875
39.464285714285715 4.0464046875
39.5 4.0464046875
39.535714285714285 4.04274609375
39.57142857142857 4.04274609375
39.607142857142854 4.04274609375
39.642857142857146 4.04274609375
39.67857142857143 4.04274609375
39.714285714285715 4.04274609375
39.75 4.04274609375
39.785714285714285 4.04274609375
39.82142857142857 4.04274609375
39.857142857142854 4.04274609375
39.892857142857146 4.04274609375
39.92857142857143 4.0390875
