0.03571428571428571 1.53295078125
0.07142857142857142 1.53295078125
0.10714285714285714 1.53295078125
0.14285714285714285 1.53295078125
0.17857142857142858 1.53295078125
0.21428571428571427 1.53295078125
0.25 1.53295078125
0.2857142857142857 1.53295078125
0.32142857142857145 1.53295078125
0.35714285714285715 1.53295078125
0.39285714285714285 1.53295078125
0.42857142857142855 1.5292921875
0.4642857142857143 1.52563359375
0.5 1.52563359375
0.5714285714285714 1.521975
0.6071428571428571 1.57685390625
0.6428571428571429 1.57685390625
0.6785714285714286 1.565878125
0.7142857142857143 1.565878125
0.75 1.565878125
0.7857142857142857 1.565878125
0.8214285714285714 1.565878125
0.8571428571428571 1.56221953125
0.8928571428571429 1.56221953125
0.9285714285714286 1.56221953125
0.9642857142857143 1.56221953125
1.0 1.56221953125
1.0357142857142858 1.56221953125
1.0714285714285714 1.56221953125
1.1071428571428572 1.56221953125
1.1428571428571428 1.56221953125
1.1785714285714286 1.5585609375
1.2142857142857142 1.5585609375
1.25 1.5585609375
1.2857142857142858 1.5585609375
1.3214285714285714 1.5585609375
1.3571428571428572 1.5585609375
1.3928571428571428 1.5585609375
1.4285714285714286 1.5585609375
1.4642857142857142 1.5585609375
1.5 1.5585609375
1.5357142857142858 1.55490234375
1.5714285714285714 1.55490234375
1.6785714285714286 1.59148828125
1.7142857142857142 1.6024640625
1.75 1.60978125
1.7857142857142858 1.61343984375
1.8214285714285714 1.6170984375
1.8571428571428572 1.6170984375
1.8928571428571428 1.62075703125
1.9285714285714286 1.62075703125
1.9642857142857142 1.62075703125
2.0 1.62075703125
2.0357142857142856 1.6170984375
2.0714285714285716 1.62075703125
2.107142857142857 1.62075703125
2.142857142857143 1.62075703125
2.1785714285714284 1.62075703125
2.2142857142857144 1.6170984375
2.25 1.62075703125
2.2857142857142856 1.62075703125
2.3214285714285716 1.6170984375
2.357142857142857 1.6170984375
2.392857142857143 1.6170984375
2.4285714285714284 1.6170984375
2.4642857142857144 1.6170984375
2.5 1.6170984375
2.5357142857142856 1.6170984375
2.5714285714285716 1.6170984375
2.607142857142857 1.6317328125
2.642857142857143 1.60978125
2.6785714285714284 1.60978125
2.7142857142857144 1.6024640625
2.7857142857142856 1.6317328125
2.8214285714285716 1.6427085937500001
2.857142857142857 1.65734296875
2.892857142857143 1.6610015625
2.9285714285714284 1.66466015625
2.9642857142857144 1.66466015625
3.0 1.66831875
3.0357142857142856 1.66831875
3.0714285714285716 1.66831875
3.107142857142857 1.66831875
3.142857142857143 1.66831875
3.1785714285714284 1.66831875
3.2142857142857144 1.66466015625
3.25 1.66466015625
3.2857142857142856 1.66466015625
3.3214285714285716 1.66466015625
3.357142857142857 1.66466015625
3.392857142857143 1.66466015625
3.4285714285714284 1.66466015625
3.4642857142857144 1.66466015625
3.5 1.66466015625
3.5357142857142856 1.66466015625
3.5714285714285716 1.66466015625
3.607142857142857 1.66466015625
3.642857142857143 1.66466015625
3.6785714285714284 1.66466015625
3.7142857142857144 1.66466015625
3.75 1.6610015625
3.7857142857142856 1.6610015625
3.8214285714285716 1.653684375
3.857142857142857 1.67929453125
3.892857142857143 1.70124609375
3.9285714285714284 1.712221875
3.9642857142857144 1.72319765625
4.0 1.73051484375
4.035714285714286 1.73051484375
4.071428571428571 1.7341734375
4.107142857142857 1.73051484375
4.142857142857143 1.73051484375
4.178571428571429 1.73051484375
4.214285714285714 1.73051484375
4.25 1.73051484375
4.285714285714286 1.73051484375
4.321428571428571 1.73051484375
4.357142857142857 1.73051484375
4.392857142857143 1.73051484375
4.428571428571429 1.73051484375
4.464285714285714 1.73051484375
4.5 1.73051484375
4.535714285714286 1.73051484375
4.571428571428571 1.72685625
4.607142857142857 1.72685625
4.642857142857143 1.72685625
4.678571428571429 1.72685625
4.714285714285714 1.72685625
4.75 1.72685625
4.785714285714286 1.72685625
4.821428571428571 1.72685625
4.892857142857143 1.71588046875
4.928571428571429 1.712221875
4.964285714285714 1.73783203125
5.0 1.756125
5.035714285714286 1.76710078125
5.071428571428571 1.770759375
5.107142857142857 1.770759375
5.142857142857143 1.770759375
5.178571428571429 1.770759375
5.214285714285714 1.77441796875
5.25 1.770759375
5.285714285714286 1.770759375
5.321428571428571 1.770759375
5.357142857142857 1.770759375
5.392857142857143 1.770759375
5.428571428571429 1.770759375
5.464285714285714 1.76710078125
5.5 1.76710078125
5.535714285714286 1.76710078125
5.571428571428571 1.76710078125
5.607142857142857 1.76710078125
5.642857142857143 1.76710078125
5.678571428571429 1.76710078125
5.714285714285714 1.76710078125
5.75 1.76710078125
5.785714285714286 1.76710078125
5.821428571428571 1.76710078125
5.857142857142857 1.76710078125
5.892857142857143 1.76710078125
5.928571428571429 1.7634421875
5.964285714285714 1.7634421875
6.0 1.7488078125
6.035714285714286 1.7488078125
6.071428571428571 1.770759375
6.107142857142857 1.80368671875
6.142857142857143 1.8146625
6.178571428571429 1.8146625
6.214285714285714 1.8146625
6.25 1.8146625
6.285714285714286 1.8146625
6.321428571428571 1.8146625
6.357142857142857 1.8146625
6.392857142857143 1.8146625
6.428571428571429 1.8146625
6.464285714285714 1.8146625
6.5 1.8146625
6.535714285714286 1.81100390625
6.571428571428571 1.8146625
6.607142857142857 1.81100390625
6.642857142857143 1.81100390625
6.678571428571429 1.81100390625
6.714285714285714 1.81100390625
6.75 1.81100390625
6.785714285714286 1.81100390625
6.821428571428571 1.81100390625
6.857142857142857 1.81832109375
6.892857142857143 1.8146625
6.928571428571429 1.81832109375
6.964285714285714 1.81832109375
7.0 1.81832109375
7.035714285714286 1.81832109375
7.107142857142857 1.79636953125
7.178571428571429 1.8366140625
7.214285714285714 1.84758984375
7.25 1.85490703125
7.285714285714286 1.858565625
7.321428571428571 1.85490703125
7.357142857142857 1.85490703125
7.392857142857143 1.85490703125
7.428571428571429 1.8512484375
7.464285714285714 1.8512484375
7.5 1.8512484375
7.535714285714286 1.8512484375
7.571428571428571 1.8512484375
7.607142857142857 1.8512484375
7.642857142857143 1.84758984375
7.678571428571429 1.84758984375
7.714285714285714 1.84758984375
7.75 1.84758984375
7.785714285714286 1.84758984375
7.821428571428571 1.84758984375
7.857142857142857 1.84758984375
7.892857142857143 1.84758984375
7.928571428571429 1.84758984375
7.964285714285714 1.84758984375
8.0 1.84758984375
8.035714285714286 1.85490703125
8.071428571428571 1.84758984375
8.107142857142858 1.84758984375
8.142857142857142 1.8512484375
8.178571428571429 1.84027265625
8.214285714285714 1.829296875
8.25 1.8366140625
8.285714285714286 1.8658828125
8.321428571428571 1.8805171875
8.357142857142858 1.887834375
8.392857142857142 1.887834375
8.428571428571429 1.887834375
8.464285714285714 1.887834375
8.5 1.88417578125
8.535714285714286 1.88417578125
8.571428571428571 1.887834375
8.607142857142858 1.887834375
8.642857142857142 1.887834375
8.678571428571429 1.887834375
8.714285714285714 1.887834375
8.75 1.887834375
8.785714285714286 1.8805171875
8.821428571428571 1.8805171875
8.857142857142858 1.8805171875
8.892857142857142 1.8805171875
8.928571428571429 1.8805171875
8.964285714285714 1.8805171875
9.0 1.8805171875
9.035714285714286 1.8805171875
9.071428571428571 1.8805171875
9.107142857142858 1.8805171875
9.142857142857142 1.8805171875
9.178571428571429 1.8805171875
9.214285714285714 1.8805171875
9.25 1.87685859375
9.357142857142858 1.88417578125
9.392857142857142 1.90612734375
9.428571428571429 1.917103125
9.464285714285714 1.9244203125000001
9.5 1.9280789062500001
9.535714285714286 1.93539609375
9.571428571428571 1.93539609375
9.607142857142858 1.93539609375
9.642857142857142 1.93539609375
9.678571428571429 1.93539609375
9.714285714285714 1.9317375
9.75 1.9244203125000001
9.785714285714286 1.9244203125000001
9.821428571428571 1.9317375
9.857142857142858 1.9244203125000001
9.892857142857142 1.9244203125000001
9.928571428571429 1.9317375
9.964285714285714 1.9244203125000001
10.0 1.92076171875
10.035714285714286 1.9244203125000001
10.071428571428571 1.9244203125000001
10.107142857142858 1.9244203125000001
10.142857142857142 1.9244203125000001
10.178571428571429 1.92076171875
10.214285714285714 1.92076171875
10.25 1.92076171875
10.285714285714286 1.92076171875
10.321428571428571 1.9280789062500001
10.357142857142858 1.92076171875
10.392857142857142 1.9097859375
10.464285714285714 1.92076171875
10.5 1.9390546875
10.535714285714286 1.9536890625
10.571428571428571 1.9683234375
10.607142857142858 1.975640625
10.642857142857142 1.98661640625
10.678571428571429 1.990275
10.714285714285714 1.99393359375
10.75 1.990275
10.785714285714286 1.990275
10.821428571428571 1.990275
10.857142857142858 1.990275
10.892857142857142 1.990275
10.928571428571429 1.990275
10.964285714285714 1.990275
11.0 1.990275
11.035714285714286 1.98661640625
11.071428571428571 1.990275
11.107142857142858 1.990275
11.142857142857142 1.990275
11.178571428571429 1.990275
11.214285714285714 1.990275
11.25 1.990275
11.285714285714286 1.990275
11.321428571428571 1.990275
11.357142857142858 1.990275
11.392857142857142 1.990275
11.428571428571429 1.990275
11.464285714285714 1.98661640625
11.5 1.975640625
11.571428571428571 1.99393359375
11.607142857142858 2.0268609375
11.642857142857142 2.0268609375
11.678571428571429 2.03783671875
11.714285714285714 2.0414953125
11.75 2.0414953125
11.785714285714286 2.0414953125
11.821428571428571 2.0414953125
11.857142857142858 2.0414953125
11.892857142857142 2.03783671875
11.928571428571429 2.03783671875
11.964285714285714 2.0414953125
12.0 2.03783671875
12.035714285714286 2.03783671875
12.071428571428571 2.03783671875
12.107142857142858 2.03783671875
12.142857142857142 2.03783671875
12.178571428571429 2.03783671875
12.214285714285714 2.03783671875
12.25 2.03783671875
12.285714285714286 2.03783671875
12.321428571428571 2.03783671875
12.357142857142858 2.03783671875
12.392857142857142 2.03783671875
12.428571428571429 2.03783671875
12.464285714285714 2.03783671875
12.5 2.03783671875
12.535714285714286 2.03783671875
12.571428571428571 2.034178125
12.642857142857142 2.02320234375
12.678571428571429 2.0488125
12.714285714285714 2.05978828125
12.75 2.07442265625
12.785714285714286 2.07808125
12.821428571428571 2.07808125
12.857142857142858 2.07808125
12.892857142857142 2.07808125
12.928571428571429 2.07808125
12.964285714285714 2.07808125
13.0 2.07808125
13.035714285714286 2.07808125
13.071428571428571 2.07808125
13.107142857142858 2.07808125
13.142857142857142 2.07808125
13.178571428571429 2.07808125
13.214285714285714 2.07808125
13.25 2.07808125
13.285714285714286 2.07808125
13.321428571428571 2.07808125
13.357142857142858 2.07808125
13.392857142857142 2.07808125
13.428571428571429 2.07808125
13.464285714285714 2.07442265625
13.5 2.07808125
13.535714285714286 2.07808125
13.571428571428571 2.07808125
13.607142857142858 2.07808125
13.642857142857142 2.07442265625
13.678571428571429 2.063446875
13.714285714285714 2.05247109375
13.785714285714286 2.0853984375
13.821428571428571 2.1000328125
13.857142857142858 2.10369140625
13.892857142857142 2.10369140625
13.928571428571429 2.10369140625
13.964285714285714 2.10369140625
14.0 2.10369140625
14.035714285714286 2.10369140625
14.071428571428571 2.1000328125
14.107142857142858 2.1000328125
14.142857142857142 2.1000328125
14.178571428571429 2.1000328125
14.214285714285714 2.1000328125
14.25 2.1000328125
14.285714285714286 2.09637421875
14.321428571428571 2.09637421875
14.357142857142858 2.09637421875
14.392857142857142 2.09637421875
14.428571428571429 2.09637421875
14.464285714285714 2.09637421875
14.5 2.09637421875
14.535714285714286 2.09637421875
14.571428571428571 2.09637421875
14.607142857142858 2.09637421875
14.642857142857142 2.09637421875
14.678571428571429 2.09637421875
14.714285714285714 2.09637421875
14.75 2.09637421875
14.821428571428571 2.07808125
14.857142857142858 2.1000328125
14.892857142857142 2.12564296875
14.928571428571429 2.12564296875
14.964285714285714 2.13661875
15.0 2.151253125
15.035714285714286 2.15491171875
15.071428571428571 2.1585703125
15.107142857142858 2.151253125
15.142857142857142 2.151253125
15.178571428571429 2.151253125
15.214285714285714 2.1585703125
15.25 2.1585703125
15.285714285714286 2.1585703125
15.321428571428571 2.1585703125
15.357142857142858 2.15491171875
15.392857142857142 2.1585703125
15.428571428571429 2.15491171875
15.464285714285714 2.15491171875
15.5 2.15491171875
15.535714285714286 2.15491171875
15.571428571428571 2.15491171875
15.607142857142858 2.15491171875
15.642857142857142 2.15491171875
15.678571428571429 2.15491171875
15.714285714285714 2.15491171875
15.75 2.15491171875
15.785714285714286 2.15491171875
15.821428571428571 2.15491171875
15.857142857142858 2.151253125
15.892857142857142 2.151253125
15.928571428571429 2.151253125
15.964285714285714 2.151253125
16.0 2.18418046875
16.035714285714285 2.1878390625
16.071428571428573 2.19149765625
16.107142857142858 2.19881484375
16.142857142857142 2.19881484375
16.178571428571427 2.2024734375
16.214285714285715 2.2024734375
16.25 2.2024734375
16.285714285714285 2.2024734375
16.321428571428573 2.2024734375
16.357142857142858 2.2024734375
16.392857142857142 2.2024734375
16.428571428571427 2.2024734375
16.464285714285715 2.2024734375
16.5 2.2024734375
16.535714285714285 2.2024734375
16.571428571428573 2.2024734375
16.607142857142858 2.19881484375
16.642857142857142 2.2024734375
16.678571428571427 2.2024734375
16.714285714285715 2.2024734375
16.75 2.2024734375
16.785714285714285 2.2024734375
16.821428571428573 2.2024734375
16.857142857142858 2.2024734375
16.892857142857142 2.2024734375
16.928571428571427 2.19881484375
16.964285714285715 2.19881484375
17.0 2.19881484375
17.035714285714285 2.19515625
17.071428571428573 2.20613203125
17.107142857142858 2.25735234375
17.142857142857142 2.25735234375
17.178571428571427 2.268328125
17.214285714285715 2.27198671875
17.25 2.2756453125
17.285714285714285 2.2756453125
17.321428571428573 2.2756453125
17.357142857142858 2.2756453125
17.392857142857142 2.2756453125
17.428571428571427 2.2756453125
17.464285714285715 2.2756453125
17.5 2.27198671875
17.535714285714285 2.27198671875
17.571428571428573 2.2756453125
17.607142857142858 2.27198671875
17.642857142857142 2.27198671875
17.678571428571427 2.27198671875
17.714285714285715 2.27198671875
17.75 2.27198671875
17.785714285714285 2.27198671875
17.821428571428573 2.27198671875
17.857142857142858 2.27198671875
17.892857142857142 2.27198671875
17.928571428571427 2.27198671875
17.964285714285715 2.27198671875
18.0 2.27198671875
18.035714285714285 2.27198671875
18.071428571428573 2.27198671875
18.142857142857142 2.2610109375
18.178571428571427 2.29393828125
18.214285714285715 2.29393828125
18.25 2.31588984375
18.285714285714285 2.3195484375
18.321428571428573 2.32320703125
18.357142857142858 2.32320703125
18.392857142857142 2.32320703125
18.428571428571427 2.32320703125
18.464285714285715 2.32320703125
18.5 2.32320703125
18.535714285714285 2.32320703125
18.571428571428573 2.32320703125
18.607142857142858 2.32320703125
18.642857142857142 2.32320703125
18.678571428571427 2.32320703125
18.714285714285715 2.32320703125
18.75 2.32320703125
18.785714285714285 2.32320703125
18.821428571428573 2.32320703125
18.857142857142858 2.32320703125
18.892857142857142 2.32320703125
18.928571428571427 2.32320703125
18.964285714285715 2.32320703125
19.0 2.3195484375
19.035714285714285 2.3195484375
19.071428571428573 2.3195484375
19.107142857142858 2.3195484375
19.142857142857142 2.3195484375
19.178571428571427 2.31223125
19.285714285714285 2.33784140625
19.321428571428573 2.3488171875
19.357142857142858 2.35979296875
19.392857142857142 2.36711015625
19.428571428571427 2.37076875
19.464285714285715 2.37442734375
19.5 2.37442734375
19.535714285714285 2.37076875
19.571428571428573 2.37076875
19.607142857142858 2.37076875
19.642857142857142 2.37076875
19.678571428571427 2.37076875
19.714285714285715 2.37076875
19.75 2.37076875
19.785714285714285 2.37076875
19.821428571428573 2.36711015625
19.857142857142858 2.36711015625
19.892857142857142 2.36711015625
19.928571428571427 2.36711015625
19.964285714285715 2.36711015625
20.0 2.36711015625
20.035714285714285 2.36711015625
20.071428571428573 2.35979296875
20.107142857142858 2.35979296875
20.142857142857142 2.36711015625
20.178571428571427 2.36711015625
20.214285714285715 2.36711015625
20.25 2.3634515625
20.285714285714285 2.3634515625
20.321428571428573 2.34515859375
20.392857142857142 2.39637890625
20.428571428571427 2.40369609375
20.464285714285715 2.41101328125
20.5 2.414671875
20.535714285714285 2.414671875
20.571428571428573 2.414671875
20.607142857142858 2.414671875
20.642857142857142 2.414671875
20.678571428571427 2.414671875
20.714285714285715 2.414671875
20.75 2.41101328125
20.785714285714285 2.41101328125
20.821428571428573 2.41101328125
20.857142857142858 2.41101328125
20.892857142857142 2.41101328125
20.928571428571427 2.41101328125
20.964285714285715 2.41101328125
21.0 2.4073546875
21.035714285714285 2.4073546875
21.071428571428573 2.4073546875
21.107142857142858 2.4073546875
21.142857142857142 2.4073546875
21.178571428571427 2.4073546875
21.214285714285715 2.4073546875
21.25 2.4073546875
21.285714285714285 2.4073546875
21.321428571428573 2.4073546875
21.357142857142858 2.40369609375
21.5 2.43296484375
21.535714285714285 2.44028203125
21.571428571428573 2.44759921875
21.607142857142858 2.45491640625
21.642857142857142 2.458575
21.678571428571427 2.46223359375
21.714285714285715 2.46223359375
21.75 2.46223359375
21.785714285714285 2.46223359375
21.821428571428573 2.46223359375
21.857142857142858 2.46223359375
21.892857142857142 2.46223359375
21.928571428571427 2.458575
21.964285714285715 2.458575
22.0 2.44759921875
22.035714285714285 2.44759921875
22.071428571428573 2.44759921875
22.107142857142858 2.44759921875
22.142857142857142 2.44759921875
22.178571428571427 2.44759921875
22.214285714285715 2.44759921875
22.25 2.458575
22.285714285714285 2.458575
22.321428571428573 2.458575
22.357142857142858 2.458575
22.392857142857142 2.44759921875
22.428571428571427 2.458575
22.464285714285715 2.45491640625
22.5 2.44028203125
22.535714285714285 2.4512578125
22.571428571428573 2.45491640625
22.607142857142858 2.4805265625
22.642857142857142 2.49150234375
22.678571428571427 2.49881953125
22.714285714285715 2.502478125
22.75 2.502478125
22.785714285714285 2.502478125
22.821428571428573 2.502478125
22.857142857142858 2.502478125
22.892857142857142 2.502478125
22.928571428571427 2.49881953125
22.964285714285715 2.49881953125
23.0 2.49881953125
23.035714285714285 2.49881953125
23.071428571428573 2.49881953125
23.107142857142858 2.49881953125
23.142857142857142 2.49881953125
23.178571428571427 2.49881953125
23.214285714285715 2.49881953125
23.25 2.49881953125
23.285714285714285 2.49881953125
23.321428571428573 2.49881953125
23.357142857142858 2.49881953125
23.392857142857142 2.49881953125
23.428571428571427 2.49881953125
23.464285714285715 2.49881953125
23.5 2.49881953125
23.535714285714285 2.49881953125
23.571428571428573 2.4951609375
23.678571428571427 2.4951609375
23.714285714285715 2.51345390625
23.75 2.53540546875
23.785714285714285 2.5390640625
23.821428571428573 2.5390640625
23.857142857142858 2.5390640625
23.892857142857142 2.5390640625
23.928571428571427 2.5390640625
23.964285714285715 2.5390640625
24.0 2.5390640625
24.035714285714285 2.5390640625
24.071428571428573 2.5390640625
24.107142857142858 2.5390640625
24.142857142857142 2.5390640625
24.178571428571427 2.5390640625
24.214285714285715 2.5390640625
24.25 2.5390640625
24.285714285714285 2.5390640625
24.321428571428573 2.53540546875
24.357142857142858 2.53540546875
24.392857142857142 2.53540546875
24.428571428571427 2.53540546875
24.464285714285715 2.53540546875
24.5 2.53540546875
24.535714285714285 2.53540546875
24.571428571428573 2.53540546875
24.607142857142858 2.53540546875
24.642857142857142 2.53540546875
24.678571428571427 2.5390640625
24.714285714285715 2.53540546875
24.785714285714285 2.55735703125
24.821428571428573 2.57199140625
24.857142857142858 2.57930859375
24.892857142857142 2.58662578125
24.928571428571427 2.590284375
24.964285714285715 2.590284375
25.0 2.58662578125
25.035714285714285 2.58662578125
25.071428571428573 2.58662578125
25.107142857142858 2.58662578125
25.142857142857142 2.58662578125
25.178571428571427 2.58662578125
25.214285714285715 2.58662578125
25.25 2.58662578125
25.285714285714285 2.58662578125
25.321428571428573 2.5829671875
25.357142857142858 2.5829671875
25.392857142857142 2.5829671875
25.428571428571427 2.5829671875
25.464285714285715 2.5829671875
25.5 2.5829671875
25.535714285714285 2.5829671875
25.571428571428573 2.5829671875
25.607142857142858 2.5829671875
25.642857142857142 2.5829671875
25.678571428571427 2.5829671875
25.714285714285715 2.5829671875
25.75 2.5829671875
25.821428571428573 2.5829671875
25.892857142857142 2.59394296875
25.928571428571427 2.6122359375
25.964285714285715 2.62321171875
26.0 2.6341875
26.035714285714285 2.63784609375
26.071428571428573 2.6341875
26.107142857142858 2.63784609375
26.142857142857142 2.63784609375
26.178571428571427 2.6341875
26.214285714285715 2.6341875
26.25 2.6341875
26.285714285714285 2.6341875
26.321428571428573 2.6341875
26.357142857142858 2.6341875
26.392857142857142 2.6341875
26.428571428571427 2.6341875
26.464285714285715 2.6341875
26.5 2.63052890625
26.535714285714285 2.63052890625
26.571428571428573 2.63052890625
26.607142857142858 2.63052890625
26.642857142857142 2.63052890625
26.678571428571427 2.63052890625
26.714285714285715 2.63052890625
26.75 2.63052890625
26.785714285714285 2.63052890625
26.821428571428573 2.6268703125
27.0 2.648821875
27.035714285714285 2.65979765625
27.071428571428573 2.66711484375
27.107142857142858 2.67443203125
27.142857142857142 2.67443203125
27.178571428571427 2.67443203125
27.214285714285715 2.67443203125
27.25 2.67443203125
27.285714285714285 2.6707734375
27.321428571428573 2.6707734375
27.357142857142858 2.6707734375
27.392857142857142 2.6707734375
27.428571428571427 2.66711484375
27.464285714285715 2.66711484375
27.5 2.66711484375
27.535714285714285 2.66711484375
27.571428571428573 2.66711484375
27.607142857142858 2.66711484375
27.642857142857142 2.66711484375
27.678571428571427 2.66711484375
27.714285714285715 2.66711484375
27.75 2.66711484375
27.785714285714285 2.66711484375
27.821428571428573 2.66711484375
27.857142857142858 2.66711484375
27.892857142857142 2.66711484375
27.928571428571427 2.66711484375
27.964285714285715 2.66711484375
28.0 2.66711484375
28.035714285714285 2.66345625
28.071428571428573 2.66711484375
28.107142857142858 2.69638359375
28.142857142857142 2.7073593750000002
28.178571428571427 2.7146765625000002
28.214285714285715 2.72199375
28.25 2.72199375
28.285714285714285 2.72199375
28.321428571428573 2.72199375
28.357142857142858 2.72199375
28.392857142857142 2.72199375
28.428571428571427 2.72199375
28.464285714285715 2.72199375
28.5 2.71833515625
28.535714285714285 2.72199375
28.571428571428573 2.72199375
28.607142857142858 2.71833515625
28.642857142857142 2.71833515625
28.678571428571427 2.71833515625
28.714285714285715 2.71833515625
28.75 2.71833515625
28.785714285714285 2.71833515625
28.821428571428573 2.71833515625
28.857142857142858 2.71833515625
28.892857142857142 2.71833515625
28.928571428571427 2.71833515625
28.964285714285715 2.71833515625
29.0 2.71833515625
29.035714285714285 2.71833515625
29.071428571428573 2.71833515625
29.107142857142858 2.71833515625
29.142857142857142 2.71833515625
29.178571428571427 2.7439453125
29.214285714285715 2.7439453125
29.25 2.76955546875
29.285714285714285 2.7732140625
29.321428571428573 2.78053125
29.357142857142858 2.78418984375
29.392857142857142 2.78418984375
29.428571428571427 2.78418984375
29.464285714285715 2.78418984375
29.5 2.78418984375
29.535714285714285 2.78418984375
29.571428571428573 2.78418984375
29.607142857142858 2.78418984375
29.642857142857142 2.78418984375
29.678571428571427 2.78418984375
29.714285714285715 2.78053125
29.75 2.78053125
29.785714285714285 2.78053125
29.821428571428573 2.78053125
29.857142857142858 2.78053125
29.892857142857142 2.78053125
29.928571428571427 2.78053125
29.964285714285715 2.78053125
30.0 2.78053125
30.035714285714285 2.78053125
30.071428571428573 2.78053125
30.107142857142858 2.77687265625
30.142857142857142 2.78053125
30.25 2.78053125
30.285714285714285 2.79882421875
30.321428571428573 2.81345859375
30.357142857142858 2.824434375
30.392857142857142 2.82809296875
30.428571428571427 2.8317515625
30.464285714285715 2.8317515625
30.5 2.8317515625
30.535714285714285 2.8317515625
30.571428571428573 2.8317515625
30.607142857142858 2.8317515625
30.642857142857142 2.8317515625
30.678571428571427 2.8317515625
30.714285714285715 2.8317515625
30.75 2.82809296875
30.785714285714285 2.82809296875
30.821428571428573 2.82809296875
30.857142857142858 2.82809296875
30.892857142857142 2.82809296875
30.928571428571427 2.82809296875
30.964285714285715 2.82809296875
31.0 2.82809296875
31.035714285714285 2.82809296875
31.071428571428573 2.82809296875
31.107142857142858 2.82809296875
31.142857142857142 2.82809296875
31.178571428571427 2.82809296875
31.214285714285715 2.82809296875
31.25 2.82809296875
31.321428571428573 2.824434375
31.357142857142858 2.84272734375
31.392857142857142 2.85736171875
31.428571428571427 2.85736171875
31.464285714285715 2.8683375
31.5 2.882971875
31.535714285714285 2.88663046875
31.571428571428573 2.882971875
31.607142857142858 2.882971875
31.642857142857142 2.882971875
31.678571428571427 2.882971875
31.714285714285715 2.882971875
31.75 2.882971875
31.785714285714285 2.882971875
31.821428571428573 2.882971875
31.857142857142858 2.87931328125
31.892857142857142 2.87931328125
31.928571428571427 2.87931328125
31.964285714285715 2.87931328125
32.0 2.87931328125
32.035714285714285 2.87931328125
32.07142857142857 2.8756546875
32.107142857142854 2.8756546875
32.142857142857146 2.8756546875
32.17857142857143 2.8756546875
32.214285714285715 2.8756546875
32.25 2.8756546875
32.285714285714285 2.8756546875
32.32142857142857 2.8756546875
32.357142857142854 2.8756546875
32.392857142857146 2.87931328125
32.42857142857143 2.87931328125
32.5 2.9049234375
32.535714285714285 2.912240625
32.57142857142857 2.91589921875
32.607142857142854 2.91589921875
32.642857142857146 2.91589921875
32.67857142857143 2.912240625
32.714285714285715 2.912240625
32.75 2.912240625
32.785714285714285 2.912240625
32.82142857142857 2.912240625
32.857142857142854 2.90858203125
32.892857142857146 2.90858203125
32.92857142857143 2.90858203125
32.964285714285715 2.90858203125
33.0 2.90858203125
33.035714285714285 2.90858203125
33.07142857142857 2.90858203125
33.107142857142854 2.90858203125
33.142857142857146 2.90858203125
33.17857142857143 2.90858203125
33.214285714285715 2.90858203125
33.25 2.90858203125
33.285714285714285 2.90858203125
33.32142857142857 2.90858203125
33.357142857142854 2.90858203125
33.392857142857146 2.90858203125
33.42857142857143 2.90858203125
33.464285714285715 2.90858203125
33.535714285714285 2.9049234375
33.57142857142857 2.90126484375
33.607142857142854 2.93053359375
33.642857142857146 2.941509375
33.67857142857143 2.95248515625
33.714285714285715 2.95980234375
33.75 2.95980234375
33.785714285714285 2.95980234375
33.82142857142857 2.95980234375
33.857142857142854 2.95980234375
33.892857142857146 2.95980234375
33.92857142857143 2.95980234375
33.964285714285715 2.95980234375
34.0 2.95980234375
34.035714285714285 2.95980234375
34.07142857142857 2.95980234375
34.107142857142854 2.95980234375
34.142857142857146 2.95980234375
34.17857142857143 2.95614375
34.214285714285715 2.95614375
34.25 2.95614375
34.285714285714285 2.95614375
34.32142857142857 2.95614375
34.357142857142854 2.95614375
34.392857142857146 2.95614375
34.42857142857143 2.95614375
34.464285714285715 2.95614375
34.5 2.95614375
34.535714285714285 2.95614375
34.57142857142857 2.95614375
34.714285714285715 2.9780953125
34.75 3.0000468750000002
34.785714285714285 3.0000468750000002
34.82142857142857 3.0000468750000002
34.857142857142854 3.0000468750000002
34.892857142857146 3.0000468750000002
34.92857142857143 3.0000468750000002
34.964285714285715 3.0000468750000002
35.0 3.0000468750000002
35.035714285714285 2.9963882812500002
35.07142857142857 2.9963882812500002
35.107142857142854 2.9927296875000002
35.142857142857146 2.9927296875000002
35.17857142857143 2.9927296875000002
35.214285714285715 2.9927296875000002
35.25 2.9927296875000002
35.285714285714285 2.9927296875000002
35.32142857142857 2.9927296875000002
35.357142857142854 2.9927296875000002
35.392857142857146 2.9927296875000002
35.42857142857143 2.9927296875000002
35.464285714285715 2.9927296875000002
35.5 2.9927296875000002
35.535714285714285 2.9927296875000002
35.57142857142857 2.9927296875000002
35.607142857142854 2.98907109375
35.642857142857146 2.98907109375
35.67857142857143 2.98907109375
35.714285714285715 2.98907109375
35.75 2.98907109375
35.785714285714285 3.01468125
35.82142857142857 3.0366328125
35.857142857142854 3.04395
35.892857142857146 3.0512671875
35.92857142857143 3.0512671875
35.964285714285715 3.0512671875
36.0 3.0512671875
36.035714285714285 3.0512671875
36.07142857142857 3.0512671875
36.107142857142854 3.0512671875
36.142857142857146 3.0512671875
36.17857142857143 3.0512671875
36.214285714285715 3.0512671875
36.25 3.0512671875
36.285714285714285 3.0512671875
36.32142857142857 3.0512671875
36.357142857142854 3.0512671875
36.392857142857146 3.0512671875
36.42857142857143 3.0512671875
36.464285714285715 3.0512671875
36.5 3.0512671875
36.535714285714285 3.0512671875
36.57142857142857 3.0512671875
36.607142857142854 3.04760859375
36.642857142857146 3.0512671875
36.67857142857143 3.04760859375
36.714285714285715 3.04760859375
36.75 3.0512671875
36.82142857142857 3.04760859375
36.892857142857146 3.0659015625
36.92857142857143 3.08419453125
36.964285714285715 3.0951703125
37.0 3.1024875
37.035714285714285 3.10614609375
37.07142857142857 3.10614609375
37.107142857142854 3.10614609375
37.142857142857146 3.10614609375
37.17857142857143 3.10614609375
37.214285714285715 3.10614609375
37.25 3.10614609375
37.285714285714285 3.1024875
37.32142857142857 3.1024875
37.357142857142854 3.10614609375
37.392857142857146 3.10614609375
37.42857142857143 3.1024875
37.464285714285715 3.1024875
37.5 3.1024875
37.535714285714285 3.1024875
37.57142857142857 3.1024875
37.607142857142854 3.1024875
37.642857142857146 3.1024875
37.67857142857143 3.1024875
37.714285714285715 3.1024875
37.75 3.1024875
37.785714285714285 3.1024875
37.82142857142857 3.1024875
37.857142857142854 3.1024875
37.92857142857143 3.09151171875
38.0 3.1390734375
38.035714285714285 3.15004921875
38.07142857142857 3.15736640625
38.107142857142854 3.161025
38.142857142857146 3.161025
38.17857142857143 3.161025
38.214285714285715 3.161025
38.25 3.161025
38.285714285714285 3.161025
38.32142857142857 3.161025
38.357142857142854 3.161025
38.392857142857146 3.161025
38.42857142857143 3.161025
38.464285714285715 3.161025
38.5 3.161025
38.535714285714285 3.15736640625
38.57142857142857 3.161025
38.607142857142854 3.161025
38.642857142857146 3.15736640625
38.67857142857143 3.15736640625
38.714285714285715 3.15736640625
38.75 3.15736640625
38.785714285714285 3.15736640625
38.82142857142857 3.15736640625
38.857142857142854 3.15736640625
38.892857142857146 3.15736640625
38.92857142857143 3.15736640625
38.964285714285715 3.15736640625
39.035714285714285 3.15736640625
39.07142857142857 3.17200078125
39.107142857142854 3.19395234375
39.142857142857146 3.204928125
39.17857142857143 3.2122453125
39.214285714285715 3.21590390625
39.25 3.21590390625
39.285714285714285 3.21590390625
39.32142857142857 3.21590390625
39.357142857142854 3.21590390625
39.392857142857146 3.21590390625
39.42857142857143 3.21590390625
39.464285714285715 3.21590390625
39.5 3.21590390625
39.535714285714285 3.21590390625
39.57142857142857 3.21590390625
39.607142857142854 3.21590390625
39.642857142857146 3.2122453125
39.67857142857143 3.21590390625
39.714285714285715 3.21590390625
39.75 3.21590390625
39.785714285714285 3.21590390625
39.82142857142857 3.21590390625
39.857142857142854 3.2122453125
39.892857142857146 3.2122453125
