0.03571428571428571 0.8561109375
0.07142857142857142 0.8561109375
0.10714285714285714 0.8561109375
0.14285714285714285 0.8561109375
0.17857142857142858 0.8561109375
0.21428571428571427 0.8561109375
0.25 0.8561109375
0.2857142857142857 0.8561109375
0.32142857142857145 0.8561109375
0.35714285714285715 0.8561109375
0.39285714285714285 0.8561109375
0.42857142857142855 0.85976953125
0.4642857142857143 0.8561109375
0.5 0.8561109375
0.5357142857142857 0.8561109375
0.5714285714285714 0.8561109375
0.6071428571428571 0.8561109375
0.6428571428571429 0.8561109375
0.6785714285714286 0.8561109375
0.7142857142857143 0.8561109375
0.75 0.8561109375
0.7857142857142857 0.8561109375
0.8214285714285714 0.8561109375
0.8571428571428571 0.8561109375
0.8928571428571429 0.8561109375
0.9285714285714286 0.84879375
1.1428571428571428 1.0317234375
1.1785714285714286 0.96952734375
1.2142857142857142 0.8780625
1.25 0.86708671875
1.2857142857142858 0.87440390625
1.3214285714285714 0.88172109375
1.3571428571428572 0.88903828125
1.3928571428571428 0.8926968750000001
1.6428571428571428 0.88903828125
1.6785714285714286 0.88903828125
1.7142857142857142 0.88903828125
1.75 0.8853796875
1.7857142857142858 0.8853796875
1.8214285714285714 0.88172109375
1.8571428571428572 0.88172109375
1.8928571428571428 0.88172109375
1.9285714285714286 0.88172109375
1.9642857142857142 0.88172109375
2.0 0.8780625
2.0357142857142856 0.8780625
2.0714285714285716 0.88172109375
2.107142857142857 0.88172109375
2.142857142857143 0.88172109375
2.1785714285714284 0.88172109375
2.2142857142857144 0.8780625
2.25 0.8780625
2.2857142857142856 0.8780625
2.3214285714285716 0.88172109375
2.357142857142857 0.88172109375
2.392857142857143 0.8780625
2.4285714285714284 0.8780625
2.4642857142857144 0.8780625
2.5 0.8780625
2.5357142857142856 0.8780625
2.5714285714285716 0.8780625
2.607142857142857 0.8780625
2.642857142857143 0.8780625
2.6785714285714284 0.8780625
2.7142857142857144 0.8780625
2.75 0.8780625
2.7857142857142856 0.8780625
2.8214285714285716 0.87440390625
2.857142857142857 0.8780625
2.892857142857143 0.87440390625
2.9285714285714284 0.834159375
2.9642857142857144 0.84879375
3.1785714285714284 0.9951375
3.2142857142857144 0.91098984375
3.25 0.9000140625
3.2857142857142856 0.9000140625
3.3214285714285716 0.9000140625
3.357142857142857 0.90733125
3.392857142857143 0.90733125
3.4285714285714284 0.90733125
3.4642857142857144 0.90733125
3.5 0.90733125
3.5357142857142856 0.90733125
3.5714285714285716 0.90367265625
3.607142857142857 0.90367265625
3.642857142857143 0.90367265625
3.6785714285714284 0.90367265625
3.7142857142857144 0.90367265625
3.75 0.9000140625
3.7857142857142856 0.9000140625
3.8214285714285716 0.9000140625
3.857142857142857 0.9000140625
3.892857142857143 0.90367265625
3.9285714285714284 0.90367265625
3.9642857142857144 0.90367265625
4.0 0.9000140625
4.035714285714286 0.9000140625
4.071428571428571 0.90367265625
4.107142857142857 0.90367265625
4.142857142857143 0.9000140625
4.178571428571429 0.9000140625
4.214285714285714 0.9000140625
4.25 0.90367265625
4.285714285714286 0.90367265625
4.321428571428571 0.9000140625
4.357142857142857 0.9000140625
4.392857142857143 0.9000140625
4.428571428571429 0.90367265625
4.464285714285714 0.90367265625
4.5 0.90367265625
4.535714285714286 0.90367265625
4.571428571428571 0.90367265625
4.607142857142857 0.90367265625
4.642857142857143 0.9000140625
4.678571428571429 0.9000140625
4.714285714285714 0.90367265625
4.75 0.9000140625
4.785714285714286 0.90367265625
4.821428571428571 0.90367265625
4.857142857142857 0.88172109375
5.178571428571429 1.02074765625
5.214285714285714 0.8926968750000001
5.25 0.86708671875
5.285714285714286 0.86708671875
5.321428571428571 0.86708671875
5.357142857142857 0.8780625
5.392857142857143 0.8780625
5.428571428571429 0.8780625
5.464285714285714 0.87440390625
5.5 0.8780625
5.535714285714286 0.8780625
5.571428571428571 0.8780625
5.607142857142857 0.87440390625
5.642857142857143 0.87440390625
5.678571428571429 0.8780625
5.714285714285714 0.87440390625
5.75 0.87440390625
5.785714285714286 0.87440390625
5.821428571428571 0.87440390625
5.857142857142857 0.87440390625
5.892857142857143 0.8780625
5.928571428571429 0.8780625
5.964285714285714 0.8780625
6.0 0.8780625
6.035714285714286 0.8780625
6.071428571428571 0.87440390625
6.107142857142857 0.87440390625
6.142857142857143 0.8780625
6.178571428571429 0.8780625
6.214285714285714 0.8780625
6.25 0.8780625
6.285714285714286 0.87440390625
6.321428571428571 0.87440390625
6.357142857142857 0.87440390625
6.392857142857143 0.87440390625
6.428571428571429 0.87440390625
6.464285714285714 0.87440390625
6.5 0.8780625
6.535714285714286 0.87440390625
6.571428571428571 0.87440390625
6.607142857142857 0.87440390625
6.642857142857143 0.8780625
6.678571428571429 0.87440390625
6.714285714285714 0.87440390625
6.75 0.87440390625
6.785714285714286 0.87440390625
6.821428571428571 0.8780625
6.857142857142857 0.8780625
6.892857142857143 0.8414765625
7.178571428571429 0.94757578125
7.214285714285714 0.85245234375
7.25 0.834159375
7.285714285714286 0.81586640625
7.321428571428571 0.8122078125
7.357142857142857 0.8195250000000001
7.392857142857143 0.8122078125
7.428571428571429 0.81586640625
7.464285714285714 0.81586640625
7.5 0.81586640625
7.535714285714286 0.81586640625
7.571428571428571 0.81586640625
7.607142857142857 0.8122078125
7.642857142857143 0.81586640625
7.678571428571429 0.81586640625
7.714285714285714 0.8122078125
7.75 0.8122078125
7.785714285714286 0.8122078125
7.821428571428571 0.81586640625
7.857142857142857 0.81586640625
7.892857142857143 0.81586640625
7.928571428571429 0.8122078125
7.964285714285714 0.81586640625
8.0 0.81586640625
8.035714285714286 0.81586640625
8.071428571428571 0.81586640625
8.107142857142858 0.81586640625
8.142857142857142 0.81586640625
8.178571428571429 0.8122078125
8.214285714285714 0.81586640625
8.25 0.81586640625
8.285714285714286 0.81586640625
8.321428571428571 0.81586640625
8.357142857142858 0.81586640625
8.392857142857142 0.81586640625
8.428571428571429 0.81586640625
8.464285714285714 0.81586640625
8.5 0.81586640625
8.535714285714286 0.81586640625
8.571428571428571 0.81586640625
8.607142857142858 0.81586640625
8.642857142857142 0.81586640625
8.678571428571429 0.81586640625
8.714285714285714 0.81586640625
8.75 0.81586640625
8.785714285714286 0.81586640625
8.821428571428571 0.81586640625
8.857142857142858 0.8122078125
8.892857142857142 0.81586640625
8.928571428571429 0.7829390625
9.214285714285714 0.91830703125
9.25 0.75732890625
9.285714285714286 0.7500117187500001
9.321428571428571 0.7500117187500001
9.357142857142858 0.75732890625
9.392857142857142 0.75732890625
9.428571428571429 0.75732890625
9.464285714285714 0.7609875
9.5 0.76464609375
9.535714285714286 0.76464609375
9.571428571428571 0.76464609375
9.607142857142858 0.76464609375
9.642857142857142 0.76464609375
9.678571428571429 0.76464609375
9.714285714285714 0.76464609375
9.75 0.7683046875
9.785714285714286 0.7683046875
9.821428571428571 0.7683046875
9.857142857142858 0.76464609375
9.892857142857142 0.7683046875
9.928571428571429 0.7683046875
9.964285714285714 0.7683046875
10.0 0.7683046875
10.035714285714286 0.7683046875
10.071428571428571 0.76464609375
10.107142857142858 0.76464609375
10.142857142857142 0.76464609375
10.178571428571429 0.76464609375
10.214285714285714 0.7683046875
10.25 0.76464609375
10.285714285714286 0.76464609375
10.321428571428571 0.7683046875
10.357142857142858 0.76464609375
10.392857142857142 0.76464609375
10.428571428571429 0.76464609375
10.464285714285714 0.76464609375
10.5 0.76464609375
10.535714285714286 0.76464609375
10.571428571428571 0.76464609375
10.607142857142858 0.76464609375
10.642857142857142 0.76464609375
10.678571428571429 0.76464609375
10.714285714285714 0.7683046875
10.75 0.7683046875
10.785714285714286 0.7683046875
10.821428571428571 0.76464609375
10.857142857142858 0.7683046875
10.892857142857142 0.76464609375
10.928571428571429 0.72806015625
11.214285714285714 0.91098984375
13.142857142857142 1.02440625
13.178571428571429 0.9585515625
13.214285714285714 0.8707453125
13.25 0.77196328125
13.285714285714286 0.63293671875
13.321428571428571 0.6439125
13.357142857142858 0.65488828125
13.392857142857142 0.64757109375
13.428571428571429 0.6439125
13.464285714285714 0.6439125
13.5 0.6439125
13.535714285714286 0.6439125
13.571428571428571 0.64025390625
13.607142857142858 0.6439125
13.642857142857142 0.64025390625
13.678571428571429 0.6439125
13.714285714285714 0.64025390625
13.75 0.64025390625
13.785714285714286 0.64025390625
13.821428571428571 0.64025390625
13.857142857142858 0.64025390625
13.892857142857142 0.64025390625
13.928571428571429 0.6439125
13.964285714285714 0.64025390625
14.0 0.64025390625
14.035714285714286 0.64025390625
14.071428571428571 0.6439125
14.107142857142858 0.64025390625
14.142857142857142 0.64025390625
14.178571428571429 0.64025390625
14.214285714285714 0.64025390625
14.25 0.64025390625
14.285714285714286 0.6439125
14.321428571428571 0.64025390625
14.357142857142858 0.64025390625
14.392857142857142 0.6439125
14.428571428571429 0.64025390625
14.464285714285714 0.64025390625
14.5 0.64025390625
14.535714285714286 0.64025390625
14.571428571428571 0.64025390625
14.607142857142858 0.64025390625
14.642857142857142 0.6439125
14.678571428571429 0.64025390625
14.714285714285714 0.64025390625
14.75 0.64025390625
14.785714285714286 0.64025390625
14.821428571428571 0.64025390625
14.857142857142858 0.64025390625
14.892857142857142 0.64025390625
14.928571428571429 0.6439125
14.964285714285714 0.6439125
15.25 0.80854921875
15.285714285714286 0.75732890625
15.321428571428571 0.600009375
15.357142857142858 0.59635078125
15.392857142857142 0.59635078125
15.428571428571429 0.58903359375
15.464285714285714 0.58171640625
15.5 0.5780578125
15.535714285714286 0.5780578125
15.571428571428571 0.5780578125
15.607142857142858 0.5780578125
15.642857142857142 0.58171640625
15.678571428571429 0.58171640625
15.714285714285714 0.5780578125
15.75 0.5780578125
15.785714285714286 0.5780578125
15.821428571428571 0.5780578125
15.857142857142858 0.5780578125
15.892857142857142 0.58171640625
15.928571428571429 0.58171640625
15.964285714285714 0.5780578125
16.0 0.5780578125
16.035714285714285 0.58171640625
16.071428571428573 0.5780578125
16.107142857142858 0.58171640625
16.142857142857142 0.58171640625
16.178571428571427 0.585375
16.214285714285715 0.5780578125
16.25 0.5780578125
16.285714285714285 0.5780578125
16.321428571428573 0.58171640625
16.357142857142858 0.58171640625
16.392857142857142 0.58171640625
16.428571428571427 0.58171640625
16.464285714285715 0.5780578125
16.5 0.5780578125
16.535714285714285 0.58171640625
16.571428571428573 0.58171640625
16.607142857142858 0.5780578125
16.642857142857142 0.58171640625
16.678571428571427 0.5780578125
16.714285714285715 0.5780578125
16.75 0.5780578125
16.785714285714285 0.5780578125
16.821428571428573 0.5780578125
16.857142857142858 0.58171640625
16.892857142857142 0.58171640625
16.928571428571427 0.58171640625
16.964285714285715 0.58171640625
17.0 0.56708203125
17.178571428571427 0.58171640625
17.214285714285715 0.5780578125
17.25 0.75732890625
17.285714285714285 0.658546875
17.321428571428573 0.55610625
17.357142857142858 0.55976484375
17.392857142857142 0.541471875
17.428571428571427 0.55976484375
17.464285714285715 0.55244765625
17.5 0.55244765625
17.535714285714285 0.5487890625
17.571428571428573 0.5487890625
17.607142857142858 0.5487890625
17.642857142857142 0.5487890625
17.678571428571427 0.5487890625
17.714285714285715 0.5487890625
17.75 0.5487890625
17.785714285714285 0.5487890625
17.821428571428573 0.5487890625
17.857142857142858 0.5487890625
17.892857142857142 0.5487890625
17.928571428571427 0.5487890625
17.964285714285715 0.5487890625
18.0 0.5487890625
18.035714285714285 0.5487890625
18.071428571428573 0.5487890625
18.107142857142858 0.5487890625
18.142857142857142 0.5487890625
18.178571428571427 0.5487890625
18.214285714285715 0.5487890625
18.25 0.5487890625
18.285714285714285 0.55244765625
18.321428571428573 0.55244765625
18.357142857142858 0.5487890625
18.392857142857142 0.5487890625
18.428571428571427 0.5487890625
18.464285714285715 0.5487890625
18.5 0.5487890625
18.535714285714285 0.5487890625
18.571428571428573 0.5487890625
18.607142857142858 0.5487890625
18.642857142857142 0.5487890625
18.678571428571427 0.5487890625
18.714285714285715 0.55244765625
18.75 0.5487890625
18.785714285714285 0.5487890625
18.821428571428573 0.5487890625
18.857142857142858 0.5487890625
18.892857142857142 0.5487890625
18.928571428571427 0.5487890625
18.964285714285715 0.5487890625
19.0 0.55244765625
19.035714285714285 0.5341546875
19.071428571428573 0.53049609375
19.178571428571427 0.55244765625
19.285714285714285 0.7244015625
19.821428571428573 0.541471875
19.857142857142858 0.53781328125
19.892857142857142 0.53781328125
19.928571428571427 0.53781328125
19.964285714285715 0.53781328125
20.0 0.53781328125
20.035714285714285 0.53781328125
20.071428571428573 0.53781328125
20.107142857142858 0.53781328125
20.142857142857142 0.53781328125
20.178571428571427 0.53781328125
20.214285714285715 0.53781328125
20.25 0.53781328125
20.285714285714285 0.53781328125
20.321428571428573 0.53781328125
20.357142857142858 0.53781328125
20.392857142857142 0.5341546875
20.428571428571427 0.53781328125
20.464285714285715 0.5341546875
20.5 0.53781328125
20.535714285714285 0.53781328125
20.571428571428573 0.53781328125
20.607142857142858 0.5341546875
20.642857142857142 0.53781328125
20.678571428571427 0.53781328125
20.714285714285715 0.53781328125
20.75 0.53781328125
20.785714285714285 0.5341546875
20.821428571428573 0.5341546875
20.857142857142858 0.53781328125
20.892857142857142 0.5341546875
20.928571428571427 0.53781328125
20.964285714285715 0.53781328125
21.0 0.5341546875
21.071428571428573 0.53781328125
21.214285714285715 0.5195203125
21.321428571428573 0.66952265625
21.357142857142858 0.4902515625
21.392857142857142 0.47927578125
21.428571428571427 0.4756171875
21.464285714285715 0.4756171875
21.5 0.482934375
21.535714285714285 0.47927578125
21.571428571428573 0.47927578125
21.607142857142858 0.47927578125
21.642857142857142 0.482934375
21.678571428571427 0.482934375
21.714285714285715 0.47927578125
21.75 0.482934375
21.785714285714285 0.482934375
21.821428571428573 0.482934375
21.857142857142858 0.482934375
21.892857142857142 0.482934375
21.928571428571427 0.482934375
21.964285714285715 0.482934375
22.0 0.482934375
22.035714285714285 0.47927578125
22.071428571428573 0.482934375
22.107142857142858 0.482934375
22.142857142857142 0.482934375
22.178571428571427 0.482934375
22.214285714285715 0.482934375
22.25 0.482934375
22.285714285714285 0.482934375
22.321428571428573 0.482934375
22.357142857142858 0.482934375
22.392857142857142 0.482934375
22.428571428571427 0.482934375
22.464285714285715 0.482934375
22.5 0.482934375
22.535714285714285 0.482934375
22.571428571428573 0.482934375
22.607142857142858 0.482934375
22.642857142857142 0.482934375
22.678571428571427 0.482934375
22.714285714285715 0.482934375
22.75 0.482934375
22.785714285714285 0.482934375
22.821428571428573 0.482934375
22.857142857142858 0.482934375
22.892857142857142 0.482934375
22.928571428571427 0.48659296875
22.964285714285715 0.482934375
23.0 0.48659296875
23.035714285714285 0.47927578125
23.321428571428573 0.61464375
23.357142857142858 0.4756171875
23.392857142857142 0.46464140625
23.428571428571427 0.4609828125
23.464285714285715 0.4756171875
23.5 0.4756171875
23.535714285714285 0.47927578125
23.571428571428573 0.47927578125
23.607142857142858 0.47927578125
23.642857142857142 0.47927578125
23.678571428571427 0.47927578125
23.714285714285715 0.47927578125
23.75 0.4756171875
23.785714285714285 0.47927578125
23.821428571428573 0.47927578125
23.857142857142858 0.47927578125
23.892857142857142 0.47927578125
23.928571428571427 0.47927578125
23.964285714285715 0.4756171875
24.0 0.47927578125
24.035714285714285 0.4756171875
24.071428571428573 0.47927578125
24.107142857142858 0.47927578125
24.142857142857142 0.47927578125
24.178571428571427 0.47927578125
24.214285714285715 0.4756171875
24.25 0.47927578125
24.285714285714285 0.4756171875
24.321428571428573 0.4756171875
24.357142857142858 0.47927578125
24.392857142857142 0.47927578125
24.428571428571427 0.4756171875
24.464285714285715 0.4756171875
24.5 0.4756171875
24.535714285714285 0.4756171875
24.571428571428573 0.4756171875
24.607142857142858 0.4756171875
24.642857142857142 0.4756171875
24.678571428571427 0.4756171875
24.714285714285715 0.4756171875
24.75 0.47927578125
24.785714285714285 0.4756171875
24.821428571428573 0.4756171875
24.857142857142858 0.47195859375
24.892857142857142 0.47927578125
24.928571428571427 0.4756171875
24.964285714285715 0.4756171875
25.0 0.4756171875
25.035714285714285 0.47927578125
25.071428571428573 0.45732421875
25.357142857142858 0.43537265625
25.392857142857142 0.47195859375
25.428571428571427 0.4756171875
25.464285714285715 0.47195859375
25.5 0.4683
25.535714285714285 0.46464140625
25.571428571428573 0.46464140625
25.607142857142858 0.46464140625
25.642857142857142 0.46464140625
25.678571428571427 0.46464140625
25.714285714285715 0.46464140625
25.75 0.46464140625
25.785714285714285 0.46464140625
25.821428571428573 0.46464140625
25.857142857142858 0.46464140625
25.892857142857142 0.46464140625
25.928571428571427 0.46464140625
25.964285714285715 0.46464140625
26.0 0.46464140625
26.035714285714285 0.46464140625
26.071428571428573 0.46464140625
26.107142857142858 0.46464140625
26.142857142857142 0.46464140625
26.178571428571427 0.46464140625
26.214285714285715 0.46464140625
26.25 0.46464140625
26.285714285714285 0.46464140625
26.321428571428573 0.46464140625
26.357142857142858 0.46464140625
26.392857142857142 0.46464140625
26.428571428571427 0.46464140625
26.464285714285715 0.46464140625
26.5 0.46464140625
26.535714285714285 0.46464140625
26.571428571428573 0.46464140625
26.607142857142858 0.46464140625
26.642857142857142 0.46464140625
26.678571428571427 0.46464140625
26.714285714285715 0.46464140625
26.75 0.46464140625
26.785714285714285 0.46464140625
26.821428571428573 0.46464140625
26.857142857142858 0.46464140625
26.892857142857142 0.46464140625
26.928571428571427 0.46464140625
26.964285714285715 0.46464140625
27.0 0.4683
27.035714285714285 0.45732421875
27.25 0.482934375
27.321428571428573 0.6512296875
29.285714285714285 0.687815625
29.321428571428573 0.6073265625000001
29.357142857142858 0.5341546875
29.392857142857142 0.3878109375
29.428571428571427 0.38049375
29.464285714285715 0.37683515625
29.5 0.37683515625
29.535714285714285 0.38049375
29.571428571428573 0.38049375
29.607142857142858 0.38049375
29.642857142857142 0.38415234375
29.678571428571427 0.38415234375
29.714285714285715 0.3878109375
29.75 0.3878109375
29.785714285714285 0.3878109375
29.821428571428573 0.3878109375
29.857142857142858 0.3878109375
29.892857142857142 0.395128125
29.928571428571427 0.395128125
29.964285714285715 0.39878671875
30.0 0.3878109375
30.035714285714285 0.395128125
30.071428571428573 0.39878671875
30.107142857142858 0.39878671875
30.142857142857142 0.395128125
30.178571428571427 0.39878671875
30.214285714285715 0.39878671875
30.25 0.39878671875
30.285714285714285 0.39878671875
30.321428571428573 0.39878671875
30.357142857142858 0.395128125
30.392857142857142 0.39878671875
30.428571428571427 0.39878671875
30.464285714285715 0.39878671875
30.5 0.39878671875
30.535714285714285 0.39878671875
30.571428571428573 0.39878671875
30.607142857142858 0.395128125
30.642857142857142 0.395128125
30.678571428571427 0.39878671875
30.714285714285715 0.39878671875
30.75 0.395128125
30.785714285714285 0.39878671875
30.821428571428573 0.39878671875
30.857142857142858 0.39878671875
30.892857142857142 0.39878671875
30.928571428571427 0.39878671875
30.964285714285715 0.39878671875
31.0 0.39878671875
31.035714285714285 0.4024453125
31.071428571428573 0.40976250000000003
31.107142857142858 0.41342109375
31.25 0.38415234375
31.357142857142858 0.55610625
31.392857142857142 0.3731765625
31.428571428571427 0.395128125
31.464285714285715 0.3878109375
31.5 0.38415234375
31.535714285714285 0.3878109375
31.571428571428573 0.3878109375
31.607142857142858 0.38415234375
31.642857142857142 0.3878109375
31.678571428571427 0.39878671875
31.714285714285715 0.39878671875
31.75 0.3878109375
31.785714285714285 0.39878671875
31.821428571428573 0.39878671875
31.857142857142858 0.39878671875
31.892857142857142 0.395128125
31.928571428571427 0.395128125
31.964285714285715 0.395128125
32.0 0.4024453125
32.035714285714285 0.4024453125
32.07142857142857 0.39878671875
32.107142857142854 0.39878671875
32.142857142857146 0.39878671875
32.17857142857143 0.39878671875
32.214285714285715 0.39878671875
32.25 0.39878671875
32.285714285714285 0.4024453125
32.32142857142857 0.39878671875
32.357142857142854 0.39878671875
32.392857142857146 0.39878671875
32.42857142857143 0.39878671875
32.464285714285715 0.39878671875
32.5 0.39878671875
32.535714285714285 0.395128125
32.57142857142857 0.39878671875
32.607142857142854 0.39878671875
32.642857142857146 0.39878671875
32.67857142857143 0.395128125
32.714285714285715 0.39878671875
32.75 0.39878671875
32.785714285714285 0.39878671875
32.82142857142857 0.39878671875
32.857142857142854 0.39878671875
32.892857142857146 0.39878671875
32.92857142857143 0.39878671875
32.964285714285715 0.39878671875
33.0 0.39878671875
33.035714285714285 0.4024453125
33.07142857142857 0.3878109375
33.285714285714285 0.38049375
33.357142857142854 0.50854453125
33.392857142857146 0.351225
33.42857142857143 0.3439078125
33.464285714285715 0.3439078125
33.5 0.3439078125
33.535714285714285 0.3439078125
33.57142857142857 0.3439078125
33.607142857142854 0.34756640625
33.642857142857146 0.3439078125
33.67857142857143 0.34756640625
33.714285714285715 0.3439078125
33.75 0.3439078125
33.785714285714285 0.3439078125
33.82142857142857 0.34756640625
33.857142857142854 0.34756640625
33.892857142857146 0.34756640625
33.92857142857143 0.351225
33.964285714285715 0.351225
34.0 0.351225
34.035714285714285 0.351225
34.07142857142857 0.351225
34.107142857142854 0.351225
34.142857142857146 0.351225
34.17857142857143 0.351225
34.214285714285715 0.351225
34.25 0.35488359375
34.285714285714285 0.35488359375
34.32142857142857 0.35488359375
34.357142857142854 0.35488359375
34.392857142857146 0.351225
34.42857142857143 0.35488359375
34.464285714285715 0.351225
34.5 0.351225
34.535714285714285 0.35488359375
34.57142857142857 0.35488359375
34.607142857142854 0.35488359375
34.642857142857146 0.351225
34.67857142857143 0.34756640625
34.714285714285715 0.351225
34.75 0.34756640625
34.785714285714285 0.34756640625
34.82142857142857 0.351225
34.857142857142854 0.351225
34.892857142857146 0.351225
34.92857142857143 0.351225
34.964285714285715 0.351225
35.0 0.3585421875
35.035714285714285 0.3585421875
35.07142857142857 0.365859375
35.107142857142854 0.34024921875
35.357142857142854 0.51586171875
35.392857142857146 0.43903125
35.42857142857143 0.3878109375
35.464285714285715 0.395128125
35.5 0.395128125
35.535714285714285 0.395128125
35.57142857142857 0.39878671875
35.607142857142854 0.395128125
35.642857142857146 0.395128125
35.67857142857143 0.39878671875
35.714285714285715 0.395128125
35.75 0.395128125
35.785714285714285 0.395128125
35.82142857142857 0.395128125
35.857142857142854 0.395128125
35.892857142857146 0.395128125
35.92857142857143 0.39878671875
35.964285714285715 0.39878671875
36.0 0.395128125
36.035714285714285 0.395128125
36.07142857142857 0.395128125
36.107142857142854 0.395128125
36.142857142857146 0.39878671875
36.17857142857143 0.395128125
36.214285714285715 0.39878671875
36.25 0.39878671875
36.285714285714285 0.39878671875
36.32142857142857 0.39878671875
36.357142857142854 0.39878671875
36.392857142857146 0.395128125
36.42857142857143 0.39878671875
36.464285714285715 0.39878671875
36.5 0.39878671875
36.535714285714285 0.39878671875
36.57142857142857 0.39878671875
36.607142857142854 0.39878671875
36.642857142857146 0.39878671875
36.67857142857143 0.39878671875
36.714285714285715 0.39878671875
36.75 0.39878671875
36.785714285714285 0.39878671875
36.82142857142857 0.4024453125
36.857142857142854 0.39878671875
36.892857142857146 0.39878671875
36.92857142857143 0.39878671875
36.964285714285715 0.39878671875
37.0 0.39878671875
37.035714285714285 0.4024453125
37.07142857142857 0.4024453125
37.107142857142854 0.42073828125
37.25 0.41342109375
37.357142857142854 0.55610625
37.392857142857146 0.4024453125
37.42857142857143 0.4024453125
37.464285714285715 0.39878671875
37.5 0.39878671875
37.535714285714285 0.40976250000000003
37.57142857142857 0.40976250000000003
37.607142857142854 0.40976250000000003
37.642857142857146 0.40976250000000003
37.67857142857143 0.40976250000000003
37.714285714285715 0.40976250000000003
37.75 0.40976250000000003
37.785714285714285 0.40976250000000003
37.82142857142857 0.40976250000000003
37.857142857142854 0.40976250000000003
37.892857142857146 0.40976250000000003
37.92857142857143 0.40976250000000003
37.964285714285715 0.40976250000000003
38.0 0.40976250000000003
38.035714285714285 0.40976250000000003
38.07142857142857 0.40976250000000003
38.107142857142854 0.40976250000000003
38.142857142857146 0.40976250000000003
38.17857142857143 0.40976250000000003
38.214285714285715 0.40610390625
38.25 0.40976250000000003
38.285714285714285 0.40976250000000003
38.32142857142857 0.40610390625
38.357142857142854 0.40610390625
38.392857142857146 0.40976250000000003
38.42857142857143 0.40976250000000003
38.464285714285715 0.40610390625
38.5 0.40976250000000003
38.535714285714285 0.40976250000000003
38.57142857142857 0.40976250000000003
38.607142857142854 0.40610390625
38.642857142857146 0.40976250000000003
38.67857142857143 0.40976250000000003
38.714285714285715 0.40610390625
38.75 0.40976250000000003
38.785714285714285 0.40976250000000003
38.82142857142857 0.40976250000000003
38.857142857142854 0.40976250000000003
38.892857142857146 0.40976250000000003
38.92857142857143 0.40976250000000003
38.964285714285715 0.40976250000000003
39.0 0.40976250000000003
39.035714285714285 0.40976250000000003
39.07142857142857 0.4024453125
39.25 0.42073828125
39.357142857142854 0.41342109375
39.392857142857146 0.40976250000000003
39.42857142857143 0.40610390625
39.464285714285715 0.40610390625
39.5 0.40610390625
39.535714285714285 0.4170796875
39.57142857142857 0.4170796875
39.607142857142854 0.41342109375
39.642857142857146 0.41342109375
39.67857142857143 0.4170796875
39.714285714285715 0.4170796875
39.75 0.4170796875
39.785714285714285 0.41342109375
39.82142857142857 0.41342109375
39.857142857142854 0.41342109375
39.892857142857146 0.41342109375
39.92857142857143 0.41342109375
