0.03571428571428571 2.48784375
0.07142857142857142 2.48784375
0.10714285714285714 2.4805265625
0.14285714285714285 2.4805265625
0.17857142857142858 2.47686796875
0.21428571428571427 2.473209375
0.2857142857142857 2.502478125
0.32142857142857145 2.49150234375
0.35714285714285715 2.49150234375
0.39285714285714285 2.49150234375
0.42857142857142855 2.48784375
0.4642857142857143 2.4805265625
0.5 2.4805265625
0.5357142857142857 2.49150234375
0.6428571428571429 2.49150234375
0.6785714285714286 2.49150234375
0.7142857142857143 2.48784375
0.75 2.4805265625
0.7857142857142857 2.4805265625
0.8214285714285714 2.47686796875
0.9285714285714286 2.48784375
0.9642857142857143 2.48784375
1.0 2.48418515625
1.0357142857142858 2.4805265625
1.0714285714285714 2.47686796875
1.1071428571428572 2.473209375
1.1428571428571428 2.47686796875
1.2142857142857142 2.49881953125
1.25 2.48784375
1.2857142857142858 2.48784375
1.3214285714285714 2.48418515625
1.3571428571428572 2.4805265625
1.3928571428571428 2.4805265625
1.4285714285714286 2.47686796875
1.5 2.502478125
1.5357142857142858 2.4951609375
1.5714285714285714 2.48784375
1.6071428571428572 2.48784375
1.6428571428571428 2.4805265625
1.6785714285714286 2.47686796875
1.7142857142857142 2.473209375
1.75 2.48418515625
1.7857142857142858 2.49881953125
1.8214285714285714 2.49150234375
1.8571428571428572 2.4805265625
1.8928571428571428 2.4805265625
1.9285714285714286 2.47686796875
1.9642857142857142 2.473209375
2.0 2.46955078125
2.0357142857142856 2.46955078125
2.0714285714285716 2.4805265625
2.107142857142857 2.48784375
2.142857142857143 2.473209375
2.1785714285714284 2.473209375
2.2142857142857144 2.473209375
2.25 2.46955078125
2.2857142857142856 2.46955078125
2.3214285714285716 2.46223359375
2.357142857142857 2.473209375
2.392857142857143 2.48784375
2.4285714285714284 2.48418515625
2.4642857142857144 2.46955078125
2.5 2.46223359375
2.5357142857142856 2.46223359375
2.5714285714285716 2.458575
2.607142857142857 2.4512578125
2.642857142857143 2.458575
2.75 2.458575
2.7857142857142856 2.4512578125
2.8214285714285716 2.4512578125
2.857142857142857 2.44759921875
2.892857142857143 2.443940625
2.9285714285714284 2.443940625
2.9642857142857144 2.443940625
3.0714285714285716 2.45491640625
3.107142857142857 2.443940625
3.142857142857143 2.443940625
3.1785714285714284 2.44028203125
3.2142857142857144 2.44028203125
3.25 2.443940625
3.2857142857142856 2.458575
3.3214285714285716 2.46223359375
3.357142857142857 2.44759921875
3.392857142857143 2.44028203125
3.4285714285714284 2.44028203125
3.4642857142857144 2.44028203125
3.5 2.4366234375
3.5357142857142856 2.4366234375
3.5714285714285716 2.44028203125
3.607142857142857 2.458575
3.642857142857143 2.44759921875
3.6785714285714284 2.44028203125
3.7142857142857144 2.4366234375
3.75 2.43296484375
3.7857142857142856 2.4293062500000002
3.8214285714285716 2.4256476562500002
3.857142857142857 2.44028203125
3.892857142857143 2.4512578125
3.9285714285714284 2.443940625
3.9642857142857144 2.443940625
4.0 2.4293062500000002
4.035714285714286 2.4256476562500002
4.071428571428571 2.4256476562500002
4.107142857142857 2.4256476562500002
4.142857142857143 2.4256476562500002
4.178571428571429 2.4366234375
4.214285714285714 2.44759921875
4.25 2.443940625
4.285714285714286 2.43296484375
4.321428571428571 2.43296484375
4.357142857142857 2.4293062500000002
4.392857142857143 2.4293062500000002
4.428571428571429 2.4293062500000002
4.464285714285714 2.4256476562500002
4.535714285714286 2.4512578125
4.571428571428571 2.44028203125
4.607142857142857 2.4366234375
4.642857142857143 2.43296484375
4.678571428571429 2.43296484375
4.714285714285714 2.43296484375
4.75 2.43296484375
4.785714285714286 2.443940625
4.857142857142857 2.443940625
4.892857142857143 2.443940625
4.928571428571429 2.44028203125
4.964285714285714 2.44028203125
5.0 2.43296484375
5.035714285714286 2.43296484375
5.071428571428571 2.44028203125
5.107142857142857 2.45491640625
5.178571428571429 2.44028203125
5.214285714285714 2.43296484375
5.25 2.4293062500000002
5.285714285714286 2.4293062500000002
5.321428571428571 2.4256476562500002
5.357142857142857 2.43296484375
5.5 2.4293062500000002
5.535714285714286 2.4256476562500002
5.571428571428571 2.4256476562500002
5.607142857142857 2.4219890625000002
5.642857142857143 2.4219890625000002
5.678571428571429 2.4293062500000002
5.75 2.44759921875
5.785714285714286 2.44028203125
5.821428571428571 2.43296484375
5.857142857142857 2.4293062500000002
5.892857142857143 2.4256476562500002
5.928571428571429 2.4256476562500002
5.964285714285714 2.4293062500000002
6.0 2.44028203125
6.035714285714286 2.4512578125
6.071428571428571 2.44028203125
6.107142857142857 2.43296484375
6.142857142857143 2.4293062500000002
6.178571428571429 2.4256476562500002
6.214285714285714 2.4256476562500002
6.25 2.4219890625000002
6.285714285714286 2.4219890625000002
6.357142857142857 2.443940625
6.392857142857143 2.4366234375
6.428571428571429 2.43296484375
6.464285714285714 2.43296484375
6.5 2.4256476562500002
6.535714285714286 2.4256476562500002
6.571428571428571 2.4219890625000002
6.607142857142857 2.4366234375
6.714285714285714 2.4366234375
6.75 2.4293062500000002
6.785714285714286 2.4256476562500002
6.821428571428571 2.4256476562500002
6.857142857142857 2.41833046875
6.892857142857143 2.4256476562500002
7.0 2.4219890625000002
7.035714285714286 2.41833046875
7.071428571428571 2.41833046875
7.107142857142857 2.41101328125
7.142857142857143 2.4073546875
7.178571428571429 2.40369609375
7.214285714285714 2.4073546875
7.285714285714286 2.41833046875
7.321428571428571 2.41101328125
7.357142857142857 2.4073546875
7.392857142857143 2.40369609375
7.428571428571429 2.4000375
7.464285714285714 2.39637890625
7.5 2.4000375
7.535714285714286 2.414671875
7.607142857142857 2.414671875
7.642857142857143 2.39637890625
7.678571428571429 2.3927203125
7.714285714285714 2.38906171875
7.75 2.38906171875
7.785714285714286 2.38906171875
7.821428571428571 2.4000375
7.857142857142857 2.41101328125
7.892857142857143 2.40369609375
7.928571428571429 2.3927203125
7.964285714285714 2.385403125
8.0 2.3780859375
8.035714285714286 2.3780859375
8.071428571428571 2.37442734375
8.178571428571429 2.39637890625
8.214285714285714 2.385403125
8.25 2.38174453125
8.285714285714286 2.37442734375
8.321428571428571 2.37076875
8.357142857142858 2.37076875
8.392857142857142 2.36711015625
8.428571428571429 2.36711015625
8.5 2.385403125
8.535714285714286 2.37076875
8.571428571428571 2.37076875
8.607142857142858 2.3634515625
8.642857142857142 2.35979296875
8.678571428571429 2.35979296875
8.714285714285714 2.356134375
8.821428571428571 2.36711015625
8.857142857142858 2.3634515625
8.892857142857142 2.356134375
8.928571428571429 2.35247578125
8.964285714285714 2.35247578125
9.0 2.34515859375
9.035714285714286 2.34515859375
9.107142857142858 2.35979296875
9.142857142857142 2.35247578125
9.178571428571429 2.34515859375
9.214285714285714 2.3415
9.25 2.33784140625
9.285714285714286 2.3341828125
9.321428571428571 2.3341828125
9.357142857142858 2.3415
9.428571428571429 2.34515859375
9.464285714285714 2.3415
9.5 2.33052421875
9.535714285714286 2.33052421875
9.571428571428571 2.32320703125
9.607142857142858 2.32320703125
9.642857142857142 2.326865625
9.714285714285714 2.33784140625
9.75 2.33052421875
9.785714285714286 2.326865625
9.821428571428571 2.32320703125
9.857142857142858 2.3195484375
9.892857142857142 2.3195484375
9.928571428571429 2.3195484375
9.964285714285714 2.3195484375
10.0 2.33052421875
10.035714285714286 2.32320703125
10.071428571428571 2.32320703125
10.107142857142858 2.31223125
10.142857142857142 2.30857265625
10.178571428571429 2.30857265625
10.214285714285714 2.30857265625
10.25 2.30857265625
10.357142857142858 2.30125546875
10.392857142857142 2.30125546875
10.428571428571429 2.297596875
10.464285714285714 2.2902796875
10.5 2.2902796875
10.535714285714286 2.28662109375
10.607142857142858 2.297596875
10.642857142857142 2.2902796875
10.678571428571429 2.2829625
10.714285714285714 2.2756453125
10.75 2.27198671875
10.785714285714286 2.268328125
10.821428571428571 2.268328125
10.928571428571429 2.27930390625
10.964285714285714 2.27198671875
11.0 2.26466953125
11.035714285714286 2.2610109375
11.071428571428571 2.25735234375
11.107142857142858 2.25369375
11.142857142857142 2.25003515625
11.25 2.25369375
11.285714285714286 2.25003515625
11.321428571428571 2.25003515625
11.357142857142858 2.2463765625
11.392857142857142 2.24271796875
11.428571428571429 2.23540078125
11.464285714285714 2.2317421875
11.535714285714286 2.2463765625
11.571428571428571 2.239059375
11.607142857142858 2.23540078125
11.642857142857142 2.2317421875
11.678571428571429 2.2317421875
11.714285714285714 2.2317421875
11.75 2.2171078125
11.785714285714286 2.2317421875
11.821428571428571 2.2317421875
11.857142857142858 2.22076640625
11.892857142857142 2.2171078125
11.928571428571429 2.2171078125
11.964285714285714 2.21344921875
12.0 2.21344921875
12.035714285714286 2.20613203125
12.071428571428571 2.19515625
12.142857142857142 2.21344921875
12.178571428571429 2.20613203125
12.214285714285714 2.20613203125
12.25 2.2024734375
12.285714285714286 2.19881484375
12.321428571428571 2.19515625
12.357142857142858 2.17686328125
12.464285714285714 2.19149765625
12.5 2.18418046875
12.535714285714286 2.180521875
12.571428571428571 2.180521875
12.607142857142858 2.17686328125
12.642857142857142 2.1658875
12.678571428571429 2.1658875
12.714285714285714 2.1732046875
12.75 2.17686328125
12.785714285714286 2.1732046875
12.821428571428571 2.1732046875
12.857142857142858 2.16954609375
12.892857142857142 2.16954609375
12.928571428571429 2.1658875
12.964285714285714 2.16222890625
13.035714285714286 2.16954609375
13.071428571428571 2.1658875
13.107142857142858 2.16222890625
13.142857142857142 2.1585703125
13.178571428571429 2.1585703125
13.214285714285714 2.15491171875
13.25 2.15491171875
13.285714285714286 2.14759453125
13.321428571428571 2.1585703125
13.357142857142858 2.1585703125
13.392857142857142 2.151253125
13.428571428571429 2.151253125
13.464285714285714 2.14759453125
13.5 2.1439359375
13.535714285714286 2.1439359375
13.571428571428571 2.1439359375
13.607142857142858 2.14759453125
13.642857142857142 2.14759453125
13.678571428571429 2.151253125
13.714285714285714 2.1439359375
13.75 2.1402773437500002
13.785714285714286 2.13661875
13.821428571428571 2.13661875
13.857142857142858 2.13661875
13.892857142857142 2.1293015625
13.928571428571429 2.1402773437500002
13.964285714285714 2.1439359375
14.0 2.13661875
14.035714285714286 2.13296015625
14.071428571428571 2.1293015625
14.107142857142858 2.1293015625
14.142857142857142 2.1293015625
14.178571428571429 2.1293015625
14.214285714285714 2.1146671875
14.25 2.1402773437500002
14.285714285714286 2.13296015625
14.321428571428571 2.1293015625
14.357142857142858 2.12564296875
14.392857142857142 2.121984375
14.428571428571429 2.121984375
14.464285714285714 2.121984375
14.5 2.11100859375
14.571428571428571 2.13296015625
14.607142857142858 2.121984375
14.642857142857142 2.11832578125
14.678571428571429 2.1146671875
14.714285714285714 2.11100859375
14.75 2.11100859375
14.785714285714286 2.10369140625
14.857142857142858 2.121984375
14.892857142857142 2.11832578125
14.928571428571429 2.11100859375
14.964285714285714 2.10735
15.0 2.1000328125
15.035714285714286 2.09637421875
15.071428571428571 2.09637421875
15.107142857142858 2.092715625
15.142857142857142 2.10735
15.178571428571429 2.10735
15.214285714285714 2.10369140625
15.25 2.1000328125
15.285714285714286 2.09637421875
15.321428571428571 2.092715625
15.357142857142858 2.08905703125
15.392857142857142 2.08905703125
15.428571428571429 2.08173984375
15.464285714285714 2.1000328125
15.5 2.092715625
15.535714285714286 2.092715625
15.571428571428571 2.08905703125
15.607142857142858 2.08173984375
15.642857142857142 2.07808125
15.678571428571429 2.07808125
15.714285714285714 2.06710546875
15.75 2.0853984375
15.785714285714286 2.08905703125
15.821428571428571 2.08173984375
15.857142857142858 2.08173984375
15.892857142857142 2.07808125
15.928571428571429 2.07442265625
15.964285714285714 2.0707640625
16.0 2.05978828125
16.035714285714285 2.07442265625
16.071428571428573 2.08173984375
16.107142857142858 2.0707640625
16.142857142857142 2.0707640625
16.178571428571427 2.06710546875
16.214285714285715 2.063446875
16.25 2.05978828125
16.285714285714285 2.0561296875
16.321428571428573 2.0488125
16.357142857142858 2.0707640625
16.392857142857142 2.0707640625
16.428571428571427 2.063446875
16.464285714285715 2.05978828125
16.5 2.05247109375
16.535714285714285 2.0488125
16.571428571428573 2.0488125
16.607142857142858 2.0414953125
16.678571428571427 2.0561296875
16.714285714285715 2.0488125
16.75 2.04515390625
16.785714285714285 2.04515390625
16.821428571428573 2.0414953125
16.857142857142858 2.034178125
16.892857142857142 2.034178125
16.928571428571427 2.03051953125
16.964285714285715 2.03051953125
17.0 2.0414953125
17.035714285714285 2.034178125
17.071428571428573 2.034178125
17.107142857142858 2.03051953125
17.142857142857142 2.0268609375
17.178571428571427 2.02320234375
17.214285714285715 2.02320234375
17.25 2.01588515625
17.285714285714285 2.03051953125
17.321428571428573 2.0268609375
17.357142857142858 2.01588515625
17.392857142857142 2.01588515625
17.428571428571427 2.01588515625
17.464285714285715 2.0122265625
17.5 2.00856796875
17.535714285714285 1.9975921875
17.571428571428573 2.01588515625
17.607142857142858 2.01588515625
17.642857142857142 2.00856796875
17.678571428571427 2.004909375
17.714285714285715 2.00125078125
17.75 2.00125078125
17.785714285714285 1.9975921875
17.821428571428573 1.99393359375
17.857142857142858 2.00125078125
17.892857142857142 2.004909375
17.928571428571427 1.9975921875
17.964285714285715 1.9975921875
18.0 1.990275
18.035714285714285 1.98661640625
18.071428571428573 1.9829578125
18.107142857142858 1.9829578125
18.142857142857142 1.97198203125
18.214285714285715 1.99393359375
18.25 1.97929921875
18.285714285714285 1.97929921875
18.321428571428573 1.975640625
18.357142857142858 1.97198203125
18.392857142857142 1.9683234375
18.428571428571427 1.96100625
18.5 1.97929921875
18.535714285714285 1.97198203125
18.571428571428573 1.96466484375
18.607142857142858 1.96100625
18.642857142857142 1.96100625
18.678571428571427 1.95734765625
18.714285714285715 1.9536890625
18.75 1.95003046875
18.785714285714285 1.96466484375
18.821428571428573 1.96100625
18.857142857142858 1.9536890625
18.892857142857142 1.9536890625
18.928571428571427 1.95003046875
18.964285714285715 1.946371875
19.0 1.94271328125
19.035714285714285 1.94271328125
19.071428571428573 1.93539609375
19.107142857142858 1.9536890625
19.142857142857142 1.9536890625
19.178571428571427 1.946371875
19.214285714285715 1.94271328125
19.25 1.93539609375
19.285714285714285 1.93539609375
19.321428571428573 1.9317375
19.357142857142858 1.92076171875
19.392857142857142 1.94271328125
19.428571428571427 1.94271328125
19.464285714285715 1.93539609375
19.5 1.9317375
19.535714285714285 1.9280789062500001
19.571428571428573 1.9280789062500001
19.607142857142858 1.9244203125000001
19.642857142857142 1.9097859375
19.678571428571427 1.9097859375
19.714285714285715 1.9244203125000001
19.75 1.9244203125000001
19.785714285714285 1.92076171875
19.821428571428573 1.92076171875
19.857142857142858 1.917103125
19.892857142857142 1.91344453125
19.928571428571427 1.9097859375
19.964285714285715 1.89881015625
20.0 1.91344453125
20.071428571428573 1.91344453125
20.107142857142858 1.90612734375
20.142857142857142 1.90246875
20.178571428571427 1.90246875
20.214285714285715 1.89881015625
20.25 1.887834375
20.285714285714285 1.89881015625
20.321428571428573 1.9097859375
20.357142857142858 1.90246875
20.392857142857142 1.89881015625
20.428571428571427 1.8951515625
20.464285714285715 1.887834375
20.5 1.887834375
20.535714285714285 1.887834375
20.571428571428573 1.8805171875
20.607142857142858 1.8951515625
20.642857142857142 1.89149296875
20.678571428571427 1.88417578125
20.714285714285715 1.8805171875
20.75 1.87685859375
20.785714285714285 1.87685859375
20.821428571428573 1.8732
20.857142857142858 1.86954140625
20.892857142857142 1.8658828125
20.928571428571427 1.88417578125
20.964285714285715 1.88417578125
21.0 1.87685859375
21.035714285714285 1.8732
21.071428571428573 1.8658828125
21.107142857142858 1.86222421875
21.142857142857142 1.86222421875
21.178571428571427 1.8512484375
21.214285714285715 1.86954140625
21.25 1.86954140625
21.285714285714285 1.86222421875
21.321428571428573 1.858565625
21.357142857142858 1.8512484375
21.392857142857142 1.8512484375
21.428571428571427 1.84758984375
21.464285714285715 1.84758984375
21.535714285714285 1.858565625
21.571428571428573 1.8512484375
21.607142857142858 1.84393125
21.642857142857142 1.84393125
21.678571428571427 1.84027265625
21.714285714285715 1.8366140625
21.75 1.83295546875
21.785714285714285 1.82563828125
21.821428571428573 1.84027265625
21.857142857142858 1.84027265625
21.892857142857142 1.84027265625
21.928571428571427 1.8366140625
21.964285714285715 1.83295546875
22.0 1.82563828125
22.035714285714285 1.8219796875
22.071428571428573 1.81832109375
22.107142857142858 1.82563828125
22.142857142857142 1.8366140625
22.178571428571427 1.83295546875
22.214285714285715 1.82563828125
22.25 1.8219796875
22.285714285714285 1.81832109375
22.321428571428573 1.8146625
22.357142857142858 1.81100390625
22.392857142857142 1.81100390625
22.428571428571427 1.8146625
22.464285714285715 1.82563828125
22.5 1.81832109375
22.535714285714285 1.8146625
22.571428571428573 1.8073453125
22.607142857142858 1.80368671875
22.642857142857142 1.80368671875
22.678571428571427 1.80368671875
22.714285714285715 1.79636953125
22.75 1.8146625
22.785714285714285 1.81832109375
22.821428571428573 1.81100390625
22.857142857142858 1.800028125
22.892857142857142 1.79636953125
22.928571428571427 1.79636953125
22.964285714285715 1.79636953125
23.0 1.7853937500000001
23.035714285714285 1.80368671875
23.071428571428573 1.81100390625
23.107142857142858 1.80368671875
23.142857142857142 1.800028125
23.178571428571427 1.7927109375
23.214285714285715 1.78905234375
23.25 1.78905234375
23.285714285714285 1.78905234375
23.321428571428573 1.7780765625
23.392857142857142 1.79636953125
23.428571428571427 1.7927109375
23.464285714285715 1.78905234375
23.5 1.7853937500000001
23.535714285714285 1.7817351562500001
23.571428571428573 1.7817351562500001
23.607142857142858 1.770759375
23.714285714285715 1.78905234375
23.75 1.7853937500000001
23.785714285714285 1.7817351562500001
23.821428571428573 1.7780765625
23.857142857142858 1.7780765625
23.892857142857142 1.76710078125
23.928571428571427 1.770759375
23.964285714285715 1.770759375
24.0 1.7780765625
24.035714285714285 1.77441796875
24.071428571428573 1.77441796875
24.107142857142858 1.770759375
24.142857142857142 1.76710078125
24.178571428571427 1.76710078125
24.214285714285715 1.7634421875
24.25 1.77441796875
24.285714285714285 1.77441796875
24.321428571428573 1.770759375
24.357142857142858 1.76710078125
24.392857142857142 1.76710078125
24.428571428571427 1.7634421875
24.464285714285715 1.75978359375
24.5 1.75978359375
24.535714285714285 1.7488078125
24.571428571428573 1.76710078125
24.607142857142858 1.76710078125
24.642857142857142 1.7634421875
24.678571428571427 1.75978359375
24.714285714285715 1.75978359375
24.75 1.75246640625
24.785714285714285 1.75246640625
24.821428571428573 1.75246640625
24.857142857142858 1.756125
24.892857142857142 1.7634421875
24.928571428571427 1.756125
24.964285714285715 1.75246640625
25.0 1.7488078125
25.035714285714285 1.7488078125
25.071428571428573 1.74514921875
25.107142857142858 1.74514921875
25.142857142857142 1.7341734375
25.178571428571427 1.7488078125
25.214285714285715 1.756125
25.25 1.74514921875
25.285714285714285 1.741490625
25.321428571428573 1.741490625
25.357142857142858 1.73783203125
25.392857142857142 1.73783203125
25.428571428571427 1.72319765625
25.464285714285715 1.7341734375
25.5 1.74514921875
25.535714285714285 1.73783203125
25.571428571428573 1.7341734375
25.607142857142858 1.73051484375
25.642857142857142 1.73051484375
25.678571428571427 1.73051484375
25.714285714285715 1.73051484375
25.75 1.72319765625
25.821428571428573 1.73051484375
25.857142857142858 1.72685625
25.892857142857142 1.72685625
25.928571428571427 1.72319765625
25.964285714285715 1.7195390625
26.0 1.7195390625
26.035714285714285 1.712221875
26.071428571428573 1.712221875
26.107142857142858 1.72685625
26.142857142857142 1.72319765625
26.178571428571427 1.7195390625
26.214285714285715 1.7195390625
26.25 1.71588046875
26.285714285714285 1.71588046875
26.321428571428573 1.712221875
26.357142857142858 1.70124609375
26.392857142857142 1.7195390625
26.428571428571427 1.7195390625
26.464285714285715 1.71588046875
26.5 1.712221875
26.535714285714285 1.712221875
26.571428571428573 1.70856328125
26.607142857142858 1.7049046875
26.642857142857142 1.69392890625
26.678571428571427 1.712221875
26.714285714285715 1.71588046875
26.75 1.70856328125
26.785714285714285 1.70856328125
26.821428571428573 1.70856328125
26.857142857142858 1.7049046875
26.892857142857142 1.7049046875
26.928571428571427 1.70124609375
26.964285714285715 1.6902703125
27.0 1.7049046875
27.035714285714285 1.71588046875
27.071428571428573 1.70856328125
27.107142857142858 1.70856328125
27.142857142857142 1.70856328125
27.178571428571427 1.7049046875
27.214285714285715 1.70124609375
27.25 1.69392890625
27.285714285714285 1.7049046875
27.321428571428573 1.7195390625
27.357142857142858 1.712221875
27.392857142857142 1.71588046875
27.428571428571427 1.71588046875
27.464285714285715 1.712221875
27.5 1.712221875
27.535714285714285 1.70856328125
27.571428571428573 1.6975875
27.642857142857142 1.71588046875
27.678571428571427 1.71588046875
27.714285714285715 1.71588046875
27.75 1.71588046875
27.785714285714285 1.712221875
27.821428571428573 1.70856328125
27.857142857142858 1.6975875
27.892857142857142 1.70124609375
27.964285714285715 1.7195390625
28.0 1.71588046875
28.035714285714285 1.712221875
28.071428571428573 1.712221875
28.107142857142858 1.7049046875
28.142857142857142 1.6975875
28.178571428571427 1.6975875
28.214285714285715 1.71588046875
28.25 1.71588046875
28.285714285714285 1.71588046875
28.321428571428573 1.71588046875
28.357142857142858 1.712221875
28.392857142857142 1.70856328125
28.428571428571427 1.7049046875
28.464285714285715 1.70124609375
28.5 1.712221875
28.535714285714285 1.72319765625
28.571428571428573 1.71588046875
28.607142857142858 1.71588046875
28.642857142857142 1.71588046875
28.678571428571427 1.712221875
28.714285714285715 1.70856328125
28.75 1.70124609375
28.785714285714285 1.6975875
28.821428571428573 1.7195390625
28.857142857142858 1.72319765625
28.892857142857142 1.72319765625
28.928571428571427 1.72319765625
28.964285714285715 1.7195390625
29.0 1.70856328125
29.035714285714285 1.70124609375
29.071428571428573 1.70124609375
29.107142857142858 1.7195390625
29.142857142857142 1.72685625
29.178571428571427 1.72319765625
29.214285714285715 1.72319765625
29.25 1.7195390625
29.285714285714285 1.712221875
29.321428571428573 1.712221875
29.357142857142858 1.7049046875
29.392857142857142 1.7195390625
29.464285714285715 1.72685625
29.5 1.72685625
29.535714285714285 1.72319765625
29.571428571428573 1.72319765625
29.607142857142858 1.7195390625
29.642857142857142 1.712221875
29.678571428571427 1.70856328125
29.714285714285715 1.7195390625
29.785714285714285 1.7341734375
29.821428571428573 1.73051484375
29.857142857142858 1.72685625
29.892857142857142 1.7195390625
29.928571428571427 1.7195390625
29.964285714285715 1.712221875
30.035714285714285 1.73783203125
30.071428571428573 1.7341734375
30.107142857142858 1.73051484375
30.142857142857142 1.72685625
30.178571428571427 1.72319765625
30.214285714285715 1.71588046875
30.25 1.712221875
30.357142857142858 1.7341734375
30.392857142857142 1.73051484375
30.428571428571427 1.73051484375
30.464285714285715 1.72319765625
30.5 1.7195390625
30.535714285714285 1.7195390625
30.571428571428573 1.712221875
30.607142857142858 1.71588046875
30.642857142857142 1.7341734375
30.678571428571427 1.73783203125
30.714285714285715 1.7341734375
30.75 1.72319765625
30.785714285714285 1.7195390625
30.821428571428573 1.72319765625
30.857142857142858 1.71588046875
30.892857142857142 1.71588046875
30.928571428571427 1.73051484375
30.964285714285715 1.73783203125
31.0 1.7341734375
31.035714285714285 1.7341734375
31.071428571428573 1.72685625
31.107142857142858 1.72319765625
31.142857142857142 1.72319765625
31.178571428571427 1.7195390625
31.214285714285715 1.71588046875
31.25 1.74514921875
31.285714285714285 1.73783203125
31.321428571428573 1.7341734375
31.357142857142858 1.73051484375
31.392857142857142 1.72685625
31.428571428571427 1.72319765625
31.464285714285715 1.7195390625
31.5 1.71588046875
31.571428571428573 1.74514921875
31.607142857142858 1.73783203125
31.642857142857142 1.7341734375
31.678571428571427 1.7341734375
31.714285714285715 1.73051484375
31.75 1.72319765625
31.785714285714285 1.712221875
31.821428571428573 1.72685625
31.892857142857142 1.73783203125
31.928571428571427 1.73783203125
31.964285714285715 1.7341734375
32.0 1.72685625
32.035714285714285 1.72685625
32.07142857142857 1.72319765625
32.107142857142854 1.7195390625
32.17857142857143 1.7341734375
32.214285714285715 1.7341734375
32.25 1.73051484375
32.285714285714285 1.72319765625
32.32142857142857 1.72319765625
32.357142857142854 1.7195390625
32.392857142857146 1.712221875
32.42857142857143 1.712221875
32.464285714285715 1.7341734375
32.5 1.7341734375
32.535714285714285 1.7341734375
32.57142857142857 1.73051484375
32.607142857142854 1.7195390625
32.642857142857146 1.7195390625
32.67857142857143 1.712221875
32.714285714285715 1.712221875
32.75 1.7341734375
32.785714285714285 1.7341734375
32.82142857142857 1.73051484375
32.857142857142854 1.73051484375
32.892857142857146 1.72319765625
32.92857142857143 1.72319765625
32.964285714285715 1.72319765625
33.0 1.712221875
33.035714285714285 1.70856328125
33.07142857142857 1.73051484375
33.107142857142854 1.7341734375
33.142857142857146 1.7341734375
33.17857142857143 1.72685625
33.214285714285715 1.72319765625
33.25 1.72319765625
33.285714285714285 1.7195390625
33.32142857142857 1.70856328125
33.392857142857146 1.73783203125
33.42857142857143 1.7341734375
33.464285714285715 1.73051484375
33.5 1.72685625
33.535714285714285 1.72319765625
33.57142857142857 1.72319765625
33.607142857142854 1.70856328125
33.714285714285715 1.7341734375
33.75 1.7341734375
33.785714285714285 1.73051484375
33.82142857142857 1.72319765625
33.857142857142854 1.72319765625
33.892857142857146 1.72319765625
33.92857142857143 1.70856328125
33.964285714285715 1.72319765625
34.0 1.7341734375
34.035714285714285 1.7341734375
34.07142857142857 1.7341734375
34.107142857142854 1.72685625
34.142857142857146 1.72319765625
34.17857142857143 1.72319765625
34.214285714285715 1.712221875
34.25 1.7195390625
34.285714285714285 1.73783203125
34.32142857142857 1.7341734375
34.357142857142854 1.7341734375
34.392857142857146 1.72685625
34.42857142857143 1.72685625
34.464285714285715 1.7195390625
34.5 1.70856328125
34.535714285714285 1.712221875
34.57142857142857 1.73051484375
34.607142857142854 1.73051484375
34.642857142857146 1.73051484375
34.67857142857143 1.72685625
34.714285714285715 1.72319765625
34.75 1.7195390625
34.785714285714285 1.7195390625
34.82142857142857 1.712221875
34.892857142857146 1.73051484375
34.92857142857143 1.73051484375
34.964285714285715 1.72685625
35.0 1.72319765625
35.035714285714285 1.71588046875
35.07142857142857 1.7195390625
35.107142857142854 1.712221875
35.142857142857146 1.7049046875
35.17857142857143 1.72319765625
35.214285714285715 1.73051484375
35.25 1.72319765625
35.285714285714285 1.72319765625
35.32142857142857 1.7195390625
35.357142857142854 1.71588046875
35.392857142857146 1.70856328125
35.42857142857143 1.6975875
35.464285714285715 1.6975875
35.5 1.7195390625
35.535714285714285 1.712221875
35.57142857142857 1.712221875
35.607142857142854 1.70856328125
35.642857142857146 1.70856328125
35.67857142857143 1.7049046875
35.714285714285715 1.70124609375
35.75 1.69392890625
35.785714285714285 1.70124609375
35.82142857142857 1.70856328125
35.857142857142854 1.70124609375
35.892857142857146 1.70124609375
35.92857142857143 1.6975875
35.964285714285715 1.6975875
36.0 1.69392890625
36.035714285714285 1.67929453125
36.142857142857146 1.6902703125
36.17857142857143 1.6902703125
36.214285714285715 1.68661171875
36.25 1.67929453125
36.285714285714285 1.67929453125
36.32142857142857 1.67197734375
36.357142857142854 1.6756359375
36.42857142857143 1.682953125
36.464285714285715 1.67929453125
36.5 1.6756359375
36.535714285714285 1.67197734375
36.57142857142857 1.67197734375
36.607142857142854 1.66831875
36.642857142857146 1.66466015625
36.67857142857143 1.6610015625
36.714285714285715 1.6756359375
36.75 1.66466015625
36.785714285714285 1.66466015625
36.82142857142857 1.66466015625
36.857142857142854 1.65734296875
36.892857142857146 1.65734296875
36.92857142857143 1.653684375
36.964285714285715 1.6463671875
37.0 1.66466015625
37.035714285714285 1.66466015625
37.07142857142857 1.65734296875
37.107142857142854 1.65002578125
37.142857142857146 1.6463671875
37.17857142857143 1.6463671875
37.214285714285715 1.6463671875
37.25 1.63539140625
37.285714285714285 1.653684375
37.32142857142857 1.653684375
37.357142857142854 1.65002578125
37.392857142857146 1.6463671875
37.42857142857143 1.6390500000000001
37.464285714285715 1.6390500000000001
37.5 1.6390500000000001
37.535714285714285 1.63539140625
37.57142857142857 1.624415625
37.607142857142854 1.65002578125
37.642857142857146 1.6427085937500001
37.67857142857143 1.6390500000000001
37.714285714285715 1.6390500000000001
37.75 1.6317328125
37.785714285714285 1.62807421875
37.82142857142857 1.62807421875
37.857142857142854 1.6170984375
37.964285714285715 1.63539140625
38.0 1.6317328125
38.035714285714285 1.624415625
38.07142857142857 1.62075703125
38.107142857142854 1.62075703125
38.142857142857146 1.62075703125
38.17857142857143 1.60978125
38.25 1.62807421875
38.285714285714285 1.62075703125
38.32142857142857 1.6170984375
38.357142857142854 1.61343984375
38.392857142857146 1.60978125
38.42857142857143 1.60978125
38.464285714285715 1.60612265625
38.5 1.60978125
38.535714285714285 1.624415625
38.57142857142857 1.62075703125
38.607142857142854 1.60978125
38.642857142857146 1.60612265625
38.67857142857143 1.6024640625
38.714285714285715 1.6024640625
38.75 1.59880546875
38.785714285714285 1.59880546875
38.82142857142857 1.61343984375
38.857142857142854 1.60978125
38.892857142857146 1.6024640625
38.92857142857143 1.59880546875
38.964285714285715 1.595146875
39.0 1.59148828125
39.035714285714285 1.5878296875
39.07142857142857 1.58417109375
39.107142857142854 1.59880546875
39.142857142857146 1.59880546875
39.17857142857143 1.59148828125
39.214285714285715 1.59148828125
39.25 1.58417109375
39.285714285714285 1.5805125
39.32142857142857 1.57685390625
39.357142857142854 1.57685390625
39.392857142857146 1.56953671875
39.42857142857143 1.5878296875
39.464285714285715 1.5878296875
39.5 1.5805125
39.535714285714285 1.5805125
39.57142857142857 1.5731953125
39.607142857142854 1.56953671875
39.642857142857146 1.565878125
39.67857142857143 1.5585609375
39.785714285714285 1.5731953125
39.82142857142857 1.5731953125
39.857142857142854 1.56953671875
39.892857142857146 1.56221953125
39.92857142857143 1.56221953125
