0.25 3.0659015625
0.2857142857142857 3.0659015625
0.32142857142857145 3.0659015625
0.35714285714285715 3.0659015625
0.39285714285714285 3.0659015625
0.42857142857142855 3.0659015625
0.4642857142857143 3.0659015625
0.5 3.0659015625
0.5357142857142857 3.0659015625
0.5714285714285714 3.0659015625
0.6785714285714286 3.0659015625
0.8214285714285714 3.0659015625
0.8571428571428571 3.0659015625
0.8928571428571429 3.0659015625
0.9285714285714286 3.0659015625
0.9642857142857143 3.0659015625
1.0 3.0659015625
1.0357142857142858 3.0659015625
1.0714285714285714 3.0659015625
1.1071428571428572 3.0659015625
1.1428571428571428 3.0659015625
1.4285714285714286 3.0659015625
1.4642857142857142 3.0659015625
1.5 3.0659015625
1.5357142857142858 3.0659015625
1.5714285714285714 3.0659015625
1.6071428571428572 3.0659015625
1.6428571428571428 3.0659015625
1.6785714285714286 3.0659015625
1.7142857142857142 3.0659015625
1.75 3.0659015625
2.0 3.0659015625
2.0357142857142856 3.0659015625
2.0714285714285716 3.0659015625
2.107142857142857 3.0659015625
2.142857142857143 3.0659015625
2.1785714285714284 3.0659015625
2.2142857142857144 3.06224296875
2.25 3.0659015625
2.2857142857142856 3.06224296875
2.3214285714285716 3.0659015625
2.357142857142857 3.0659015625
2.607142857142857 3.0659015625
2.642857142857143 3.0659015625
2.6785714285714284 3.0659015625
2.7142857142857144 3.0659015625
2.75 3.0659015625
2.7857142857142856 3.0659015625
2.8214285714285716 3.0659015625
2.857142857142857 3.0659015625
2.892857142857143 3.06224296875
2.9285714285714284 3.0659015625
3.0 3.0659015625
3.0714285714285716 3.0659015625
3.1785714285714284 3.06224296875
3.2142857142857144 3.06224296875
3.25 3.06224296875
3.2857142857142856 3.06224296875
3.3214285714285716 3.06224296875
3.357142857142857 3.06224296875
3.392857142857143 3.06224296875
3.4285714285714284 3.06224296875
3.4642857142857144 3.06224296875
3.5 3.06224296875
3.7857142857142856 3.06224296875
3.8214285714285716 3.06224296875
3.857142857142857 3.06224296875
3.892857142857143 3.06224296875
3.9285714285714284 3.06224296875
3.9642857142857144 3.06224296875
4.0 3.06224296875
4.035714285714286 3.06224296875
4.071428571428571 3.06224296875
4.107142857142857 3.06224296875
4.357142857142857 3.06224296875
4.392857142857143 3.06224296875
4.428571428571429 3.06224296875
4.464285714285714 3.06224296875
4.5 3.06224296875
4.535714285714286 3.06224296875
4.571428571428571 3.06224296875
4.607142857142857 3.06224296875
4.642857142857143 3.06224296875
4.678571428571429 3.06224296875
4.714285714285714 3.06224296875
4.785714285714286 3.06224296875
4.964285714285714 3.06224296875
5.0 3.06224296875
5.035714285714286 3.06224296875
5.071428571428571 3.06224296875
5.107142857142857 3.06224296875
5.142857142857143 3.06224296875
5.178571428571429 3.06224296875
5.214285714285714 3.06224296875
5.25 3.06224296875
5.285714285714286 3.06224296875
5.357142857142857 3.06224296875
5.428571428571429 3.06224296875
5.535714285714286 3.06224296875
5.571428571428571 3.06224296875
5.607142857142857 3.06224296875
5.642857142857143 3.06224296875
5.678571428571429 3.06224296875
5.714285714285714 3.06224296875
5.75 3.06224296875
5.785714285714286 3.06224296875
5.821428571428571 3.06224296875
5.857142857142857 3.06224296875
6.107142857142857 3.06224296875
6.142857142857143 3.06224296875
6.178571428571429 3.06224296875
6.214285714285714 3.06224296875
6.25 3.06224296875
6.285714285714286 3.06224296875
6.321428571428571 3.06224296875
6.357142857142857 3.06224296875
6.392857142857143 3.06224296875
6.428571428571429 3.06224296875
6.464285714285714 3.06224296875
6.75 3.06224296875
6.785714285714286 3.06224296875
6.821428571428571 3.06224296875
6.857142857142857 3.06224296875
6.892857142857143 3.06224296875
6.928571428571429 3.06224296875
6.964285714285714 3.06224296875
7.0 3.06224296875
7.035714285714286 3.06224296875
7.071428571428571 3.06224296875
7.321428571428571 3.06224296875
7.357142857142857 3.06224296875
7.392857142857143 3.058584375
7.428571428571429 3.058584375
7.464285714285714 3.058584375
7.5 3.06224296875
7.535714285714286 3.06224296875
7.571428571428571 3.058584375
7.607142857142857 3.06224296875
7.714285714285714 3.06224296875
7.785714285714286 3.058584375
7.892857142857143 3.058584375
7.928571428571429 3.06224296875
7.964285714285714 3.058584375
8.0 3.058584375
8.035714285714286 3.058584375
8.071428571428571 3.058584375
8.107142857142858 3.058584375
8.142857142857142 3.058584375
8.178571428571429 3.058584375
8.214285714285714 3.058584375
8.5 3.058584375
8.535714285714286 3.058584375
8.571428571428571 3.058584375
8.607142857142858 3.058584375
8.642857142857142 3.058584375
8.678571428571429 3.058584375
8.714285714285714 3.058584375
8.75 3.058584375
8.785714285714286 3.058584375
8.821428571428571 3.058584375
8.964285714285714 3.058584375
9.071428571428571 3.058584375
9.107142857142858 3.058584375
9.142857142857142 3.058584375
9.178571428571429 3.058584375
9.214285714285714 3.058584375
9.25 3.058584375
9.285714285714286 3.058584375
9.321428571428571 3.058584375
9.357142857142858 3.058584375
9.392857142857142 3.058584375
9.428571428571429 3.058584375
9.535714285714286 3.058584375
9.678571428571429 3.058584375
9.714285714285714 3.058584375
9.75 3.058584375
9.785714285714286 3.058584375
9.821428571428571 3.058584375
9.857142857142858 3.058584375
9.892857142857142 3.058584375
9.928571428571429 3.058584375
9.964285714285714 3.058584375
10.071428571428571 3.058584375
10.142857142857142 3.058584375
10.25 3.058584375
10.285714285714286 3.058584375
10.321428571428571 3.058584375
10.357142857142858 3.058584375
10.392857142857142 3.058584375
10.428571428571429 3.058584375
10.464285714285714 3.058584375
10.5 3.058584375
10.535714285714286 3.058584375
10.571428571428571 3.058584375
10.857142857142858 3.058584375
10.892857142857142 3.058584375
10.928571428571429 3.058584375
10.964285714285714 3.058584375
11.0 3.058584375
11.035714285714286 3.058584375
11.071428571428571 3.058584375
11.107142857142858 3.058584375
11.142857142857142 3.058584375
11.178571428571429 3.058584375
11.428571428571429 3.058584375
11.464285714285714 3.058584375
11.5 3.058584375
11.535714285714286 3.058584375
11.571428571428571 3.058584375
11.607142857142858 3.058584375
11.642857142857142 3.058584375
11.678571428571429 3.058584375
11.714285714285714 3.058584375
11.75 3.058584375
11.892857142857142 3.058584375
11.964285714285714 3.058584375
12.035714285714286 3.05492578125
12.071428571428571 3.05492578125
12.107142857142858 3.058584375
12.142857142857142 3.058584375
12.178571428571429 3.058584375
12.214285714285714 3.058584375
12.25 3.058584375
12.285714285714286 3.058584375
12.321428571428571 3.058584375
12.428571428571429 3.05492578125
12.607142857142858 3.05492578125
12.642857142857142 3.058584375
12.678571428571429 3.058584375
12.714285714285714 3.058584375
12.75 3.05492578125
12.785714285714286 3.058584375
12.821428571428571 3.058584375
12.857142857142858 3.058584375
12.892857142857142 3.058584375
12.928571428571429 3.058584375
13.214285714285714 3.05492578125
13.25 3.058584375
13.285714285714286 3.058584375
13.321428571428571 3.05492578125
13.357142857142858 3.05492578125
13.392857142857142 3.05492578125
13.428571428571429 3.05492578125
13.464285714285714 3.05492578125
13.5 3.05492578125
13.571428571428571 3.058584375
13.785714285714286 3.05492578125
13.821428571428571 3.05492578125
13.857142857142858 3.05492578125
13.892857142857142 3.05492578125
13.928571428571429 3.05492578125
13.964285714285714 3.05492578125
14.0 3.05492578125
14.035714285714286 3.05492578125
14.071428571428571 3.05492578125
14.107142857142858 3.05492578125
14.357142857142858 3.05492578125
14.392857142857142 3.05492578125
14.428571428571429 3.05492578125
14.464285714285714 3.05492578125
14.5 3.05492578125
14.535714285714286 3.05492578125
14.571428571428571 3.05492578125
14.607142857142858 3.05492578125
14.642857142857142 3.05492578125
14.678571428571429 3.05492578125
14.785714285714286 3.05492578125
14.964285714285714 3.05492578125
15.0 3.05492578125
15.035714285714286 3.05492578125
15.071428571428571 3.05492578125
15.107142857142858 3.05492578125
15.142857142857142 3.05492578125
15.178571428571429 3.05492578125
15.214285714285714 3.05492578125
15.25 3.05492578125
15.285714285714286 3.05492578125
15.535714285714286 3.05492578125
15.571428571428571 3.05492578125
15.607142857142858 3.05492578125
15.642857142857142 3.05492578125
15.678571428571429 3.05492578125
15.714285714285714 3.05492578125
15.75 3.05492578125
15.785714285714286 3.05492578125
15.821428571428571 3.05492578125
15.857142857142858 3.05492578125
15.964285714285714 3.05492578125
16.0 3.05492578125
16.142857142857142 3.05492578125
16.178571428571427 3.05492578125
16.214285714285715 3.05492578125
16.25 3.05492578125
16.285714285714285 3.05492578125
16.321428571428573 3.05492578125
16.357142857142858 3.05492578125
16.392857142857142 3.05492578125
16.428571428571427 3.05492578125
16.464285714285715 3.05492578125
16.535714285714285 3.05492578125
16.714285714285715 3.0512671875
16.75 3.05492578125
16.785714285714285 3.05492578125
16.821428571428573 3.05492578125
16.857142857142858 3.05492578125
16.892857142857142 3.05492578125
16.928571428571427 3.05492578125
16.964285714285715 3.05492578125
17.0 3.05492578125
17.035714285714285 3.05492578125
17.107142857142858 3.0512671875
17.142857142857142 3.05492578125
17.285714285714285 3.05492578125
17.321428571428573 3.05492578125
17.357142857142858 3.0512671875
17.392857142857142 3.0512671875
17.428571428571427 3.0512671875
17.464285714285715 3.0512671875
17.5 3.05492578125
17.535714285714285 3.0512671875
17.571428571428573 3.05492578125
17.607142857142858 3.0512671875
17.892857142857142 3.0512671875
17.928571428571427 3.0512671875
17.964285714285715 3.0512671875
18.0 3.0512671875
18.035714285714285 3.0512671875
18.071428571428573 3.0512671875
18.107142857142858 3.0512671875
18.142857142857142 3.0512671875
18.178571428571427 3.0512671875
18.214285714285715 3.0512671875
18.285714285714285 3.0512671875
18.5 3.0512671875
18.535714285714285 3.0512671875
18.571428571428573 3.0512671875
18.607142857142858 3.0512671875
18.642857142857142 3.0512671875
18.678571428571427 3.0512671875
18.714285714285715 3.0512671875
18.75 3.0512671875
18.785714285714285 3.0512671875
18.821428571428573 3.0512671875
18.892857142857142 3.0512671875
19.071428571428573 3.04760859375
19.107142857142858 3.0512671875
19.142857142857142 3.0512671875
19.178571428571427 3.0512671875
19.214285714285715 3.0512671875
19.25 3.0512671875
19.285714285714285 3.0512671875
19.321428571428573 3.0512671875
19.357142857142858 3.0512671875
19.392857142857142 3.0512671875
19.642857142857142 3.0512671875
19.678571428571427 3.0512671875
19.714285714285715 3.0512671875
19.75 3.0512671875
19.785714285714285 3.0512671875
19.821428571428573 3.0512671875
19.857142857142858 3.0512671875
19.892857142857142 3.0512671875
19.928571428571427 3.0512671875
19.964285714285715 3.04760859375
20.0 3.0512671875
20.071428571428573 3.0512671875
20.25 3.0512671875
20.285714285714285 3.04760859375
20.321428571428573 3.04760859375
20.357142857142858 3.04760859375
20.392857142857142 3.04760859375
20.428571428571427 3.04760859375
20.464285714285715 3.0512671875
20.5 3.04760859375
20.535714285714285 3.0512671875
20.571428571428573 3.0512671875
20.642857142857142 3.04760859375
20.714285714285715 3.04760859375
20.857142857142858 3.04760859375
20.892857142857142 3.04760859375
20.928571428571427 3.04760859375
20.964285714285715 3.04760859375
21.0 3.04760859375
21.035714285714285 3.04760859375
21.071428571428573 3.04760859375
21.107142857142858 3.04760859375
21.142857142857142 3.04760859375
21.178571428571427 3.04760859375
21.25 3.04760859375
21.321428571428573 3.04760859375
21.428571428571427 3.04760859375
21.464285714285715 3.04760859375
21.5 3.04760859375
21.535714285714285 3.04760859375
21.571428571428573 3.04760859375
21.607142857142858 3.04760859375
21.642857142857142 3.04760859375
21.678571428571427 3.04760859375
21.714285714285715 3.04760859375
21.75 3.04760859375
22.0 3.04760859375
22.035714285714285 3.04760859375
22.071428571428573 3.04760859375
22.107142857142858 3.04760859375
22.142857142857142 3.04760859375
22.178571428571427 3.04760859375
22.214285714285715 3.04760859375
22.25 3.04760859375
22.285714285714285 3.04760859375
22.321428571428573 3.04760859375
22.607142857142858 3.04760859375
22.642857142857142 3.04760859375
22.678571428571427 3.04760859375
22.714285714285715 3.04760859375
22.75 3.04760859375
22.785714285714285 3.04760859375
22.821428571428573 3.04760859375
22.857142857142858 3.04760859375
22.892857142857142 3.04760859375
22.928571428571427 3.04760859375
23.0 3.04760859375
23.214285714285715 3.04760859375
23.25 3.04760859375
23.285714285714285 3.04760859375
23.321428571428573 3.04395
23.357142857142858 3.04760859375
23.392857142857142 3.04760859375
23.428571428571427 3.04760859375
23.464285714285715 3.04760859375
23.5 3.04760859375
23.535714285714285 3.04760859375
23.607142857142858 3.04760859375
23.678571428571427 3.04760859375
23.75 3.04395
23.785714285714285 3.04760859375
23.821428571428573 3.04760859375
23.857142857142858 3.04760859375
23.892857142857142 3.04760859375
23.928571428571427 3.04760859375
23.964285714285715 3.04395
24.0 3.04395
24.035714285714285 3.04395
24.071428571428573 3.04395
24.107142857142858 3.04395
24.321428571428573 3.04395
24.357142857142858 3.04395
24.392857142857142 3.04395
24.428571428571427 3.04395
24.464285714285715 3.04760859375
24.5 3.04395
24.535714285714285 3.04395
24.571428571428573 3.04395
24.607142857142858 3.04760859375
24.642857142857142 3.04395
24.678571428571427 3.04395
24.964285714285715 3.04395
25.0 3.04395
25.035714285714285 3.04395
25.071428571428573 3.04395
25.107142857142858 3.04395
25.142857142857142 3.04395
25.178571428571427 3.04395
25.214285714285715 3.04395
25.25 3.04395
25.285714285714285 3.04395
25.5 3.04395
25.571428571428573 3.04395
25.607142857142858 3.04395
25.642857142857142 3.04395
25.678571428571427 3.04395
25.714285714285715 3.04395
25.75 3.04395
25.785714285714285 3.04395
25.821428571428573 3.04395
25.857142857142858 3.04395
25.892857142857142 3.04395
25.964285714285715 3.04395
26.107142857142858 3.04029140625
26.142857142857142 3.04029140625
26.178571428571427 3.04029140625
26.214285714285715 3.04395
26.25 3.04395
26.285714285714285 3.04029140625
26.321428571428573 3.04395
26.357142857142858 3.04029140625
26.392857142857142 3.04029140625
26.428571428571427 3.04029140625
26.464285714285715 3.04029140625
26.714285714285715 3.04029140625
26.75 3.04029140625
26.785714285714285 3.04029140625
26.821428571428573 3.04029140625
26.857142857142858 3.04029140625
26.892857142857142 3.04029140625
26.928571428571427 3.04029140625
26.964285714285715 3.04029140625
27.0 3.04029140625
27.035714285714285 3.04029140625
27.321428571428573 3.04029140625
27.357142857142858 3.04029140625
27.392857142857142 3.04029140625
27.428571428571427 3.04029140625
27.464285714285715 3.04029140625
27.5 3.04029140625
27.535714285714285 3.04029140625
27.571428571428573 3.04029140625
27.607142857142858 3.04029140625
27.642857142857142 3.04029140625
27.714285714285715 3.04029140625
27.785714285714285 3.04029140625
27.928571428571427 3.04029140625
27.964285714285715 3.04029140625
28.0 3.04029140625
28.035714285714285 3.04029140625
28.071428571428573 3.04029140625
28.107142857142858 3.04029140625
28.142857142857142 3.04029140625
28.178571428571427 3.04029140625
28.214285714285715 3.04029140625
28.285714285714285 3.04029140625
28.321428571428573 3.04029140625
28.357142857142858 3.04029140625
28.5 3.04029140625
28.535714285714285 3.04029140625
28.571428571428573 3.04029140625
28.607142857142858 3.04029140625
28.642857142857142 3.04029140625
28.678571428571427 3.04029140625
28.714285714285715 3.04029140625
28.75 3.04029140625
28.785714285714285 3.04029140625
28.821428571428573 3.04029140625
29.071428571428573 3.04029140625
29.107142857142858 3.04029140625
29.142857142857142 3.0366328125
29.178571428571427 3.04029140625
29.214285714285715 3.04029140625
29.25 3.0366328125
29.285714285714285 3.0366328125
29.321428571428573 3.0366328125
29.357142857142858 3.0366328125
29.392857142857142 3.0366328125
29.607142857142858 3.0366328125
29.642857142857142 3.0366328125
29.678571428571427 3.0366328125
29.714285714285715 3.0366328125
29.75 3.0366328125
29.785714285714285 3.0366328125
29.821428571428573 3.0366328125
29.857142857142858 3.0366328125
29.892857142857142 3.0366328125
29.928571428571427 3.0366328125
29.964285714285715 3.0366328125
30.0 3.0366328125
30.142857142857142 3.0366328125
30.25 3.0366328125
30.285714285714285 3.0366328125
30.321428571428573 3.0366328125
30.357142857142858 3.0366328125
30.392857142857142 3.0366328125
30.428571428571427 3.0366328125
30.464285714285715 3.0366328125
30.5 3.0366328125
30.535714285714285 3.0366328125
30.571428571428573 3.0366328125
30.678571428571427 3.0366328125
30.821428571428573 3.03297421875
30.857142857142858 3.0366328125
30.892857142857142 3.0366328125
30.928571428571427 3.0366328125
30.964285714285715 3.0366328125
31.0 3.0366328125
31.035714285714285 3.0366328125
31.071428571428573 3.0366328125
31.107142857142858 3.0366328125
31.142857142857142 3.0366328125
31.178571428571427 3.0366328125
31.428571428571427 3.03297421875
31.464285714285715 3.03297421875
31.5 3.03297421875
31.535714285714285 3.03297421875
31.571428571428573 3.03297421875
31.607142857142858 3.03297421875
31.642857142857142 3.03297421875
31.678571428571427 3.03297421875
31.714285714285715 3.03297421875
31.75 3.03297421875
31.821428571428573 3.03297421875
31.892857142857142 3.03297421875
32.0 3.03297421875
32.035714285714285 3.03297421875
32.07142857142857 3.03297421875
32.107142857142854 3.03297421875
32.142857142857146 3.03297421875
32.17857142857143 3.03297421875
32.214285714285715 3.03297421875
32.25 3.03297421875
32.285714285714285 3.03297421875
32.32142857142857 3.03297421875
32.357142857142854 3.03297421875
32.57142857142857 3.03297421875
32.607142857142854 3.03297421875
32.642857142857146 3.03297421875
32.67857142857143 3.03297421875
32.714285714285715 3.03297421875
32.75 3.03297421875
32.785714285714285 3.03297421875
32.82142857142857 3.03297421875
32.857142857142854 3.03297421875
32.892857142857146 3.03297421875
32.92857142857143 3.03297421875
33.0 3.03297421875
33.17857142857143 3.03297421875
33.214285714285715 3.03297421875
33.25 3.03297421875
33.285714285714285 3.03297421875
33.32142857142857 3.03297421875
33.357142857142854 3.03297421875
33.392857142857146 3.03297421875
33.42857142857143 3.03297421875
33.464285714285715 3.03297421875
33.5 3.03297421875
33.785714285714285 3.03297421875
33.82142857142857 3.03297421875
33.857142857142854 3.03297421875
33.892857142857146 3.03297421875
33.92857142857143 3.03297421875
33.964285714285715 3.03297421875
34.0 3.03297421875
34.035714285714285 3.03297421875
34.07142857142857 3.03297421875
34.107142857142854 3.03297421875
34.17857142857143 3.03297421875
34.25 3.03297421875
34.357142857142854 3.03297421875
34.392857142857146 3.03297421875
34.42857142857143 3.03297421875
34.464285714285715 3.03297421875
34.5 3.03297421875
34.535714285714285 3.03297421875
34.57142857142857 3.03297421875
34.607142857142854 3.03297421875
34.642857142857146 3.03297421875
34.67857142857143 3.03297421875
34.714285714285715 3.03297421875
34.785714285714285 3.03297421875
34.92857142857143 3.029315625
34.964285714285715 3.03297421875
35.0 3.03297421875
35.035714285714285 3.03297421875
35.07142857142857 3.03297421875
35.107142857142854 3.03297421875
35.142857142857146 3.03297421875
35.17857142857143 3.03297421875
35.214285714285715 3.03297421875
35.25 3.03297421875
35.285714285714285 3.03297421875
35.357142857142854 3.03297421875
35.5 3.03297421875
35.535714285714285 3.029315625
35.57142857142857 3.03297421875
35.607142857142854 3.03297421875
35.642857142857146 3.03297421875
35.67857142857143 3.03297421875
35.714285714285715 3.03297421875
35.75 3.029315625
35.785714285714285 3.03297421875
35.82142857142857 3.03297421875
35.857142857142854 3.03297421875
36.107142857142854 3.03297421875
36.142857142857146 3.03297421875
36.17857142857143 3.029315625
36.214285714285715 3.029315625
36.25 3.029315625
36.285714285714285 3.03297421875
36.32142857142857 3.03297421875
36.357142857142854 3.03297421875
36.392857142857146 3.03297421875
36.42857142857143 3.03297421875
36.464285714285715 3.03297421875
36.535714285714285 3.029315625
36.75 3.03297421875
36.785714285714285 3.03297421875
36.82142857142857 3.03297421875
36.857142857142854 3.03297421875
36.892857142857146 3.03297421875
36.92857142857143 3.03297421875
36.964285714285715 3.03297421875
37.0 3.03297421875
37.035714285714285 3.029315625
37.07142857142857 3.029315625
37.107142857142854 3.029315625
37.285714285714285 3.029315625
37.32142857142857 3.029315625
37.357142857142854 3.029315625
37.392857142857146 3.029315625
37.42857142857143 3.029315625
37.464285714285715 3.029315625
37.5 3.029315625
37.535714285714285 3.029315625
37.57142857142857 3.029315625
37.607142857142854 3.029315625
37.714285714285715 3.029315625
37.892857142857146 3.029315625
37.92857142857143 3.029315625
37.964285714285715 3.029315625
38.0 3.029315625
38.035714285714285 3.029315625
38.07142857142857 3.029315625
38.107142857142854 3.029315625
38.142857142857146 3.029315625
38.17857142857143 3.029315625
38.214285714285715 3.029315625
38.285714285714285 3.029315625
38.464285714285715 3.029315625
38.5 3.029315625
38.535714285714285 3.029315625
38.57142857142857 3.029315625
38.607142857142854 3.029315625
38.642857142857146 3.029315625
38.67857142857143 3.029315625
38.714285714285715 3.029315625
38.75 3.029315625
38.785714285714285 3.029315625
38.82142857142857 3.029315625
38.857142857142854 3.029315625
38.892857142857146 3.029315625
38.92857142857143 3.029315625
39.07142857142857 3.029315625
39.107142857142854 3.029315625
39.142857142857146 3.029315625
39.17857142857143 3.029315625
39.214285714285715 3.029315625
39.25 3.029315625
39.285714285714285 3.029315625
39.32142857142857 3.029315625
39.357142857142854 3.029315625
39.392857142857146 3.029315625
39.42857142857143 3.029315625
39.642857142857146 3.029315625
39.67857142857143 3.029315625
39.714285714285715 3.029315625
39.75 3.029315625
39.785714285714285 3.029315625
39.82142857142857 3.029315625
39.857142857142854 3.029315625
39.892857142857146 3.029315625
