0.03571428571428571 2.52077109375
0.07142857142857142 2.5171125
0.25 2.52077109375
0.2857142857142857 2.52077109375
0.32142857142857145 2.52077109375
0.35714285714285715 2.52077109375
0.5357142857142857 2.5171125
0.5714285714285714 2.5171125
0.6071428571428571 2.52077109375
0.7857142857142857 2.52077109375
0.8214285714285714 2.52077109375
0.8571428571428571 2.52077109375
0.8928571428571429 2.52077109375
0.9285714285714286 2.52077109375
1.0357142857142858 2.52077109375
1.0714285714285714 2.52077109375
1.1071428571428572 2.52077109375
1.1428571428571428 2.52077109375
1.1785714285714286 2.52077109375
1.3571428571428572 2.52077109375
1.3928571428571428 2.52077109375
1.4285714285714286 2.52077109375
1.4642857142857142 2.52077109375
1.6071428571428572 2.52077109375
1.6428571428571428 2.52077109375
1.6785714285714286 2.52077109375
1.7142857142857142 2.5244296875
1.75 2.52077109375
1.9285714285714286 2.5244296875
1.9642857142857142 2.5244296875
2.0 2.5244296875
2.0357142857142856 2.5244296875
2.1785714285714284 2.52077109375
2.2142857142857144 2.52077109375
2.25 2.52077109375
2.2857142857142856 2.52077109375
2.3214285714285716 2.52077109375
2.4642857142857144 2.5244296875
2.5 2.5244296875
2.5357142857142856 2.5244296875
2.5714285714285716 2.5244296875
2.75 2.5244296875
2.7857142857142856 2.5244296875
2.8214285714285716 2.5244296875
2.857142857142857 2.5244296875
3.0 2.5244296875
3.0357142857142856 2.5244296875
3.0714285714285716 2.5244296875
3.107142857142857 2.5244296875
3.142857142857143 2.5244296875
3.2857142857142856 2.5244296875
3.3214285714285716 2.5244296875
3.357142857142857 2.5244296875
3.392857142857143 2.5244296875
3.5714285714285716 2.5244296875
3.607142857142857 2.5244296875
3.642857142857143 2.5244296875
3.6785714285714284 2.5244296875
3.857142857142857 2.5244296875
3.892857142857143 2.5244296875
3.9285714285714284 2.5244296875
3.9642857142857144 2.5244296875
4.142857142857143 2.5244296875
4.178571428571429 2.5244296875
4.214285714285714 2.5244296875
4.25 2.5244296875
4.392857142857143 2.5244296875
4.428571428571429 2.5244296875
4.464285714285714 2.5244296875
4.5 2.5244296875
4.535714285714286 2.5244296875
4.678571428571429 2.5244296875
4.714285714285714 2.5244296875
4.75 2.5244296875
4.785714285714286 2.5244296875
4.821428571428571 2.52808828125
4.964285714285714 2.5244296875
5.0 2.5244296875
5.035714285714286 2.5244296875
5.071428571428571 2.5244296875
5.25 2.52808828125
5.285714285714286 2.52808828125
5.321428571428571 2.52808828125
5.357142857142857 2.52808828125
5.5 2.52808828125
5.535714285714286 2.52808828125
5.571428571428571 2.5244296875
5.607142857142857 2.52808828125
5.642857142857143 2.52808828125
5.785714285714286 2.52808828125
5.821428571428571 2.52808828125
5.857142857142857 2.52808828125
5.892857142857143 2.52808828125
6.071428571428571 2.52808828125
6.107142857142857 2.52808828125
6.142857142857143 2.52808828125
6.178571428571429 2.5244296875
6.214285714285714 2.52808828125
6.357142857142857 2.52808828125
6.392857142857143 2.52808828125
6.428571428571429 2.52808828125
6.464285714285714 2.52808828125
6.607142857142857 2.52808828125
6.642857142857143 2.52808828125
6.678571428571429 2.52808828125
6.714285714285714 2.52808828125
6.75 2.52808828125
6.892857142857143 2.531746875
6.928571428571429 2.531746875
6.964285714285714 2.52808828125
7.0 2.52808828125
7.035714285714286 2.52808828125
7.178571428571429 2.52808828125
7.214285714285714 2.52808828125
7.25 2.52808828125
7.285714285714286 2.531746875
7.464285714285714 2.531746875
7.5 2.531746875
7.535714285714286 2.531746875
7.571428571428571 2.531746875
7.75 2.531746875
7.785714285714286 2.531746875
7.821428571428571 2.531746875
7.857142857142857 2.531746875
8.0 2.531746875
8.035714285714286 2.531746875
8.071428571428571 2.531746875
8.107142857142858 2.531746875
8.142857142857142 2.531746875
8.285714285714286 2.531746875
8.321428571428571 2.531746875
8.357142857142858 2.531746875
8.392857142857142 2.531746875
8.571428571428571 2.531746875
8.607142857142858 2.531746875
8.642857142857142 2.531746875
8.678571428571429 2.531746875
8.857142857142858 2.531746875
8.892857142857142 2.531746875
8.928571428571429 2.531746875
8.964285714285714 2.531746875
9.107142857142858 2.531746875
9.142857142857142 2.53540546875
9.178571428571429 2.531746875
9.214285714285714 2.53540546875
9.25 2.53540546875
9.428571428571429 2.531746875
9.464285714285714 2.531746875
9.5 2.53540546875
9.678571428571429 2.53540546875
9.714285714285714 2.53540546875
9.75 2.53540546875
9.785714285714286 2.53540546875
9.821428571428571 2.531746875
9.964285714285714 2.53540546875
10.0 2.53540546875
10.035714285714286 2.53540546875
10.071428571428571 2.53540546875
10.25 2.53540546875
10.285714285714286 2.53540546875
10.321428571428571 2.53540546875
10.357142857142858 2.53540546875
10.5 2.53540546875
10.535714285714286 2.53540546875
10.571428571428571 2.53540546875
10.607142857142858 2.53540546875
10.642857142857142 2.53540546875
10.785714285714286 2.53540546875
10.821428571428571 2.53540546875
10.857142857142858 2.53540546875
10.892857142857142 2.53540546875
11.071428571428571 2.53540546875
11.107142857142858 2.53540546875
11.142857142857142 2.53540546875
11.178571428571429 2.53540546875
11.214285714285714 2.53540546875
11.357142857142858 2.53540546875
11.392857142857142 2.53540546875
11.428571428571429 2.53540546875
11.464285714285714 2.53540546875
11.642857142857142 2.53540546875
11.678571428571429 2.53540546875
11.714285714285714 2.53540546875
11.892857142857142 2.53540546875
11.928571428571429 2.53540546875
11.964285714285714 2.53540546875
12.0 2.53540546875
12.035714285714286 2.5390640625
12.214285714285714 2.53540546875
12.25 2.53540546875
12.285714285714286 2.53540546875
12.464285714285714 2.53540546875
12.5 2.53540546875
12.535714285714286 2.5390640625
12.571428571428571 2.5390640625
12.75 2.53540546875
12.785714285714286 2.5390640625
12.821428571428571 2.5390640625
12.857142857142858 2.5390640625
13.035714285714286 2.5390640625
13.071428571428571 2.5390640625
13.107142857142858 2.5390640625
13.285714285714286 2.5390640625
13.321428571428571 2.5390640625
13.357142857142858 2.5390640625
13.392857142857142 2.5390640625
13.428571428571429 2.5390640625
13.571428571428571 2.5390640625
13.607142857142858 2.5390640625
13.642857142857142 2.5390640625
13.678571428571429 2.5390640625
13.857142857142858 2.5390640625
13.892857142857142 2.5390640625
13.928571428571429 2.5390640625
13.964285714285714 2.5390640625
14.107142857142858 2.5390640625
14.142857142857142 2.5390640625
14.178571428571429 2.5390640625
14.214285714285714 2.5390640625
14.25 2.5390640625
14.428571428571429 2.5390640625
14.464285714285714 2.5390640625
14.5 2.5390640625
14.678571428571429 2.54272265625
14.714285714285714 2.54272265625
14.75 2.54272265625
14.785714285714286 2.5390640625
14.821428571428571 2.5390640625
14.964285714285714 2.54272265625
15.0 2.54272265625
15.035714285714286 2.5390640625
15.071428571428571 2.5390640625
15.25 2.5390640625
15.285714285714286 2.5390640625
15.321428571428571 2.5390640625
15.5 2.54272265625
15.535714285714286 2.54272265625
15.571428571428571 2.54272265625
15.607142857142858 2.54272265625
15.642857142857142 2.54272265625
15.785714285714286 2.54272265625
15.821428571428571 2.54272265625
15.857142857142858 2.54272265625
15.892857142857142 2.54272265625
16.071428571428573 2.54272265625
16.107142857142858 2.54272265625
16.142857142857142 2.54272265625
16.178571428571427 2.54272265625
16.214285714285715 2.54272265625
16.357142857142858 2.54272265625
16.392857142857142 2.54272265625
16.428571428571427 2.54272265625
16.464285714285715 2.54272265625
16.642857142857142 2.54272265625
16.678571428571427 2.54272265625
16.714285714285715 2.54272265625
16.75 2.54272265625
16.892857142857142 2.54638125
16.928571428571427 2.54272265625
16.964285714285715 2.54272265625
17.0 2.54272265625
17.035714285714285 2.54272265625
17.178571428571427 2.54638125
17.214285714285715 2.54638125
17.25 2.54272265625
17.321428571428573 2.54272265625
17.464285714285715 2.54272265625
17.5 2.54638125
17.535714285714285 2.54638125
17.571428571428573 2.54272265625
17.75 2.54638125
17.785714285714285 2.54638125
17.821428571428573 2.54638125
18.035714285714285 2.54638125
18.071428571428573 2.54638125
18.107142857142858 2.54638125
18.285714285714285 2.54638125
18.321428571428573 2.54638125
18.357142857142858 2.54638125
18.392857142857142 2.54638125
18.428571428571427 2.54638125
18.571428571428573 2.54638125
18.607142857142858 2.54638125
18.642857142857142 2.54638125
18.678571428571427 2.54638125
18.714285714285715 2.54638125
18.857142857142858 2.54638125
18.892857142857142 2.54638125
18.928571428571427 2.54638125
18.964285714285715 2.54638125
19.107142857142858 2.54638125
19.142857142857142 2.54638125
19.178571428571427 2.54638125
19.214285714285715 2.54638125
19.25 2.54638125
19.392857142857142 2.54638125
19.428571428571427 2.54638125
19.464285714285715 2.54638125
19.5 2.54638125
19.678571428571427 2.54638125
19.714285714285715 2.54638125
19.75 2.54638125
19.785714285714285 2.54638125
19.964285714285715 2.54638125
20.0 2.54638125
20.035714285714285 2.54638125
20.071428571428573 2.54638125
20.25 2.54638125
20.285714285714285 2.54638125
20.321428571428573 2.54638125
20.357142857142858 2.54638125
20.5 2.54638125
20.535714285714285 2.54638125
20.571428571428573 2.54638125
20.607142857142858 2.54638125
20.642857142857142 2.54638125
20.785714285714285 2.54638125
20.821428571428573 2.55003984375
20.857142857142858 2.55003984375
20.892857142857142 2.54638125
20.928571428571427 2.54638125
21.071428571428573 2.54638125
21.107142857142858 2.54638125
21.142857142857142 2.55003984375
21.178571428571427 2.54638125
21.357142857142858 2.55003984375
21.392857142857142 2.54638125
21.428571428571427 2.55003984375
21.464285714285715 2.54638125
21.607142857142858 2.55003984375
21.642857142857142 2.55003984375
21.678571428571427 2.55003984375
21.714285714285715 2.55003984375
21.892857142857142 2.55003984375
21.928571428571427 2.55003984375
21.964285714285715 2.55003984375
22.0 2.54638125
22.178571428571427 2.55003984375
22.214285714285715 2.55003984375
22.25 2.55003984375
22.285714285714285 2.55003984375
22.321428571428573 2.55003984375
22.464285714285715 2.55003984375
22.5 2.55003984375
22.535714285714285 2.55003984375
22.571428571428573 2.55003984375
22.75 2.55003984375
22.785714285714285 2.55003984375
22.821428571428573 2.55003984375
22.857142857142858 2.55003984375
23.0 2.55003984375
23.035714285714285 2.55003984375
23.071428571428573 2.55003984375
23.107142857142858 2.55003984375
23.142857142857142 2.55003984375
23.321428571428573 2.55003984375
23.357142857142858 2.55003984375
23.392857142857142 2.55003984375
23.571428571428573 2.55003984375
23.607142857142858 2.55003984375
23.642857142857142 2.55003984375
23.678571428571427 2.55003984375
23.714285714285715 2.55003984375
23.857142857142858 2.55003984375
23.892857142857142 2.55003984375
23.928571428571427 2.55003984375
23.964285714285715 2.55003984375
24.107142857142858 2.5536984375
24.142857142857142 2.5536984375
24.178571428571427 2.5536984375
24.214285714285715 2.5536984375
24.392857142857142 2.5536984375
24.428571428571427 2.5536984375
24.464285714285715 2.5536984375
24.5 2.5536984375
24.535714285714285 2.5536984375
24.678571428571427 2.5536984375
24.714285714285715 2.5536984375
24.75 2.5536984375
24.785714285714285 2.5536984375
24.964285714285715 2.5536984375
25.0 2.5536984375
25.035714285714285 2.5536984375
25.071428571428573 2.5536984375
25.25 2.5536984375
25.285714285714285 2.5536984375
25.321428571428573 2.55003984375
25.357142857142858 2.55003984375
25.5 2.5536984375
25.535714285714285 2.5536984375
25.571428571428573 2.5536984375
25.607142857142858 2.5536984375
25.785714285714285 2.5536984375
25.821428571428573 2.5536984375
25.857142857142858 2.5536984375
25.892857142857142 2.5536984375
25.928571428571427 2.5536984375
26.107142857142858 2.5536984375
26.142857142857142 2.5536984375
26.178571428571427 2.5536984375
26.357142857142858 2.5536984375
26.392857142857142 2.5536984375
26.428571428571427 2.5536984375
26.464285714285715 2.5536984375
26.607142857142858 2.5536984375
26.642857142857142 2.5536984375
26.678571428571427 2.5536984375
26.714285714285715 2.5536984375
26.75 2.5536984375
26.928571428571427 2.5536984375
26.964285714285715 2.5536984375
27.0 2.5536984375
27.178571428571427 2.5536984375
27.214285714285715 2.5536984375
27.25 2.5536984375
27.285714285714285 2.5536984375
27.321428571428573 2.5536984375
27.464285714285715 2.5536984375
27.5 2.5536984375
27.535714285714285 2.5536984375
27.571428571428573 2.5536984375
27.75 2.5536984375
27.785714285714285 2.5536984375
27.821428571428573 2.5536984375
28.0 2.5536984375
28.035714285714285 2.5536984375
28.071428571428573 2.5536984375
28.107142857142858 2.5536984375
28.142857142857142 2.5536984375
28.321428571428573 2.5536984375
28.357142857142858 2.5536984375
28.392857142857142 2.5536984375
28.571428571428573 2.55735703125
28.607142857142858 2.5536984375
28.642857142857142 2.5536984375
28.678571428571427 2.5536984375
28.714285714285715 2.5536984375
28.857142857142858 2.5536984375
28.892857142857142 2.5536984375
28.928571428571427 2.5536984375
28.964285714285715 2.5536984375
29.107142857142858 2.5536984375
29.142857142857142 2.5536984375
29.178571428571427 2.5536984375
29.214285714285715 2.5536984375
29.392857142857142 2.5536984375
29.428571428571427 2.5536984375
29.464285714285715 2.5536984375
29.5 2.5536984375
29.535714285714285 2.55735703125
29.678571428571427 2.55735703125
29.714285714285715 2.55735703125
29.75 2.55735703125
29.785714285714285 2.5536984375
29.964285714285715 2.5536984375
30.0 2.55735703125
30.035714285714285 2.55735703125
30.071428571428573 2.5536984375
30.25 2.5536984375
30.285714285714285 2.5536984375
30.321428571428573 2.5536984375
30.357142857142858 2.55735703125
30.535714285714285 2.5536984375
30.571428571428573 2.5536984375
30.607142857142858 2.5536984375
30.785714285714285 2.5536984375
30.821428571428573 2.5536984375
30.857142857142858 2.5536984375
30.892857142857142 2.55735703125
30.928571428571427 2.55735703125
31.071428571428573 2.55735703125
31.107142857142858 2.5536984375
31.142857142857142 2.55735703125
31.178571428571427 2.55735703125
31.214285714285715 2.55735703125
31.357142857142858 2.55735703125
31.392857142857142 2.55735703125
31.428571428571427 2.55735703125
31.464285714285715 2.55735703125
31.607142857142858 2.55735703125
31.642857142857142 2.5536984375
31.678571428571427 2.5536984375
31.714285714285715 2.5536984375
31.75 2.55735703125
31.892857142857142 2.55735703125
31.928571428571427 2.55735703125
31.964285714285715 2.55735703125
32.0 2.55735703125
32.035714285714285 2.55735703125
32.17857142857143 2.55735703125
32.214285714285715 2.55735703125
32.25 2.55735703125
32.285714285714285 2.55735703125
32.42857142857143 2.55735703125
32.464285714285715 2.55735703125
32.5 2.55735703125
32.535714285714285 2.55735703125
32.57142857142857 2.55735703125
32.75 2.55735703125
32.785714285714285 2.55735703125
32.82142857142857 2.55735703125
33.0 2.55735703125
33.035714285714285 2.55735703125
33.07142857142857 2.55735703125
33.107142857142854 2.55735703125
33.142857142857146 2.55735703125
33.285714285714285 2.55735703125
33.32142857142857 2.55735703125
33.357142857142854 2.55735703125
33.392857142857146 2.55735703125
33.42857142857143 2.55735703125
33.57142857142857 2.55735703125
33.607142857142854 2.55735703125
33.642857142857146 2.55735703125
33.67857142857143 2.55735703125
33.857142857142854 2.55735703125
33.892857142857146 2.55735703125
33.92857142857143 2.55735703125
33.964285714285715 2.55735703125
34.142857142857146 2.55735703125
34.17857142857143 2.55735703125
34.214285714285715 2.55735703125
34.25 2.55735703125
34.392857142857146 2.55735703125
34.42857142857143 2.55735703125
34.464285714285715 2.55735703125
34.5 2.55735703125
34.535714285714285 2.55735703125
34.67857142857143 2.55735703125
34.714285714285715 2.55735703125
34.75 2.561015625
34.785714285714285 2.561015625
34.82142857142857 2.55735703125
34.964285714285715 2.55735703125
35.0 2.561015625
35.035714285714285 2.561015625
35.07142857142857 2.55735703125
35.25 2.561015625
35.285714285714285 2.561015625
35.32142857142857 2.561015625
35.357142857142854 2.55735703125
35.5 2.561015625
35.535714285714285 2.561015625
35.57142857142857 2.55735703125
35.607142857142854 2.55735703125
35.642857142857146 2.561015625
35.785714285714285 2.561015625
35.82142857142857 2.561015625
35.857142857142854 2.561015625
35.892857142857146 2.561015625
36.07142857142857 2.561015625
36.107142857142854 2.561015625
36.142857142857146 2.561015625
36.17857142857143 2.55735703125
36.214285714285715 2.55735703125
36.357142857142854 2.561015625
36.392857142857146 2.561015625
36.42857142857143 2.561015625
36.464285714285715 2.561015625
36.607142857142854 2.561015625
36.642857142857146 2.561015625
36.67857142857143 2.561015625
36.714285714285715 2.561015625
36.75 2.55735703125
36.892857142857146 2.561015625
36.92857142857143 2.561015625
36.964285714285715 2.561015625
37.0 2.561015625
37.035714285714285 2.561015625
37.17857142857143 2.561015625
37.214285714285715 2.561015625
37.25 2.561015625
37.464285714285715 2.561015625
37.5 2.561015625
37.535714285714285 2.561015625
37.57142857142857 2.561015625
37.714285714285715 2.561015625
37.75 2.561015625
37.785714285714285 2.561015625
37.82142857142857 2.561015625
37.857142857142854 2.561015625
38.0 2.561015625
38.035714285714285 2.561015625
38.07142857142857 2.561015625
38.107142857142854 2.561015625
38.285714285714285 2.561015625
38.32142857142857 2.561015625
38.357142857142854 2.561015625
38.392857142857146 2.561015625
38.42857142857143 2.561015625
38.607142857142854 2.55735703125
38.642857142857146 2.561015625
38.67857142857143 2.561015625
38.857142857142854 2.561015625
38.92857142857143 2.561015625
38.964285714285715 2.561015625
39.107142857142854 2.561015625
39.142857142857146 2.561015625
39.17857142857143 2.561015625
39.214285714285715 2.561015625
39.25 2.55735703125
39.42857142857143 2.561015625
39.464285714285715 2.561015625
39.5 2.561015625
39.67857142857143 2.561015625
39.714285714285715 2.561015625
39.75 2.561015625
39.785714285714285 2.561015625
39.82142857142857 2.561015625
