0.03571428571428571 3.01102265625
0.07142857142857142 3.01102265625
0.10714285714285714 3.01102265625
0.14285714285714285 3.01102265625
0.17857142857142858 3.01102265625
0.21428571428571427 3.01102265625
0.25 3.01468125
0.2857142857142857 3.01468125
0.32142857142857145 3.01833984375
0.35714285714285715 3.0219984375
0.39285714285714285 3.0219984375
0.42857142857142855 3.0219984375
0.4642857142857143 3.01468125
0.5 3.01102265625
0.5357142857142857 3.01102265625
0.5714285714285714 3.01102265625
0.6071428571428571 3.01102265625
0.6428571428571429 3.01102265625
0.6785714285714286 3.0073640625
0.7142857142857143 3.0073640625
0.75 3.00370546875
0.7857142857142857 3.00370546875
0.8214285714285714 3.00370546875
0.8571428571428571 3.00370546875
0.8928571428571429 3.00370546875
0.9285714285714286 3.00370546875
0.9642857142857143 3.00370546875
1.0 3.00370546875
1.0357142857142858 3.0000468750000002
1.0714285714285714 3.00370546875
1.1071428571428572 3.00370546875
1.1428571428571428 3.00370546875
1.1785714285714286 3.00370546875
1.2142857142857142 3.0000468750000002
1.25 3.0000468750000002
1.2857142857142858 3.0000468750000002
1.3214285714285714 3.00370546875
1.3571428571428572 3.00370546875
1.3928571428571428 3.00370546875
1.4285714285714286 3.00370546875
1.4642857142857142 3.01468125
1.5 3.01468125
1.5357142857142858 3.01102265625
1.5714285714285714 3.0073640625
1.6071428571428572 3.00370546875
1.6428571428571428 3.00370546875
1.6785714285714286 3.00370546875
1.7142857142857142 3.00370546875
1.75 3.0000468750000002
1.7857142857142858 3.0000468750000002
1.8214285714285714 3.0000468750000002
1.8571428571428572 3.0000468750000002
1.8928571428571428 2.9963882812500002
1.9285714285714286 2.9963882812500002
1.9642857142857142 2.9963882812500002
2.0 2.9963882812500002
2.0357142857142856 2.9963882812500002
2.0714285714285716 2.9963882812500002
2.107142857142857 2.9963882812500002
2.142857142857143 2.9963882812500002
2.1785714285714284 2.9963882812500002
2.2142857142857144 2.9927296875000002
2.25 2.9927296875000002
2.2857142857142856 2.9927296875000002
2.3214285714285716 2.9927296875000002
2.357142857142857 2.9927296875000002
2.392857142857143 2.9927296875000002
2.4285714285714284 2.9927296875000002
2.4642857142857144 2.9963882812500002
2.5 2.9963882812500002
2.5357142857142856 3.0000468750000002
2.5714285714285716 3.00370546875
2.607142857142857 3.0073640625
2.642857142857143 3.0073640625
2.6785714285714284 3.0000468750000002
2.7142857142857144 3.0000468750000002
2.75 2.9963882812500002
2.7857142857142856 2.9963882812500002
2.8214285714285716 2.9963882812500002
2.857142857142857 2.9927296875000002
2.892857142857143 2.9927296875000002
2.9285714285714284 2.9927296875000002
2.9642857142857144 2.9927296875000002
3.0 2.9927296875000002
3.0357142857142856 2.98907109375
3.0714285714285716 2.98907109375
3.107142857142857 2.98907109375
3.142857142857143 2.98907109375
3.1785714285714284 2.98907109375
3.2142857142857144 2.98907109375
3.25 2.98907109375
3.2857142857142856 2.98907109375
3.3214285714285716 2.98907109375
3.357142857142857 2.98907109375
3.392857142857143 2.9854125
3.4285714285714284 2.9854125
3.4642857142857144 2.9854125
3.5 2.9854125
3.5357142857142856 2.9854125
3.5714285714285716 2.98907109375
3.607142857142857 2.9927296875000002
3.642857142857143 2.9927296875000002
3.6785714285714284 3.0000468750000002
3.7142857142857144 3.0000468750000002
3.75 3.0000468750000002
3.7857142857142856 2.9927296875000002
3.8214285714285716 2.9927296875000002
3.857142857142857 2.98907109375
3.892857142857143 2.98907109375
3.9285714285714284 2.98907109375
3.9642857142857144 2.9854125
4.0 2.9854125
4.035714285714286 2.9854125
4.071428571428571 2.9854125
4.107142857142857 2.9854125
4.142857142857143 2.98175390625
4.178571428571429 2.9854125
4.214285714285714 2.98175390625
4.25 2.98175390625
4.285714285714286 2.98175390625
4.321428571428571 2.98175390625
4.357142857142857 2.98175390625
4.392857142857143 2.98175390625
4.428571428571429 2.98175390625
4.464285714285714 2.98175390625
4.5 2.9780953125
4.535714285714286 2.9780953125
4.571428571428571 2.9780953125
4.607142857142857 2.9780953125
4.642857142857143 2.9780953125
4.678571428571429 2.98175390625
4.714285714285714 2.9854125
4.75 2.9854125
4.785714285714286 2.98907109375
4.821428571428571 2.98907109375
4.857142857142857 2.98907109375
4.892857142857143 2.9854125
4.928571428571429 2.98175390625
4.964285714285714 2.98175390625
5.0 2.9780953125
5.035714285714286 2.9780953125
5.071428571428571 2.9780953125
5.107142857142857 2.9780953125
5.142857142857143 2.9780953125
5.178571428571429 2.97443671875
5.214285714285714 2.97443671875
5.25 2.97443671875
5.285714285714286 2.97443671875
5.321428571428571 2.97443671875
5.357142857142857 2.97443671875
5.392857142857143 2.97443671875
5.428571428571429 2.97443671875
5.464285714285714 2.970778125
5.5 2.970778125
5.535714285714286 2.970778125
5.571428571428571 2.970778125
5.607142857142857 2.970778125
5.642857142857143 2.970778125
5.678571428571429 2.970778125
5.714285714285714 2.970778125
5.75 2.970778125
5.785714285714286 2.97443671875
5.821428571428571 2.9780953125
5.857142857142857 2.9780953125
5.892857142857143 2.9780953125
5.928571428571429 2.9854125
5.964285714285714 2.9854125
6.0 2.98175390625
6.035714285714286 2.9780953125
6.071428571428571 2.9780953125
6.107142857142857 2.97443671875
6.142857142857143 2.97443671875
6.178571428571429 2.97443671875
6.214285714285714 2.97443671875
6.25 2.970778125
6.285714285714286 2.970778125
6.321428571428571 2.970778125
6.357142857142857 2.970778125
6.392857142857143 2.970778125
6.428571428571429 2.970778125
6.464285714285714 2.970778125
6.5 2.96711953125
6.535714285714286 2.96711953125
6.571428571428571 2.96711953125
6.607142857142857 2.96711953125
6.642857142857143 2.96711953125
6.678571428571429 2.96711953125
6.714285714285714 2.96711953125
6.75 2.96711953125
6.785714285714286 2.96711953125
6.821428571428571 2.96711953125
6.857142857142857 2.96711953125
6.892857142857143 2.970778125
6.928571428571429 2.97443671875
6.964285714285714 2.97443671875
7.0 2.9780953125
7.035714285714286 2.9780953125
7.071428571428571 2.98175390625
7.107142857142857 2.9780953125
7.142857142857143 2.97443671875
7.178571428571429 2.970778125
7.214285714285714 2.970778125
7.25 2.970778125
7.285714285714286 2.970778125
7.321428571428571 2.96711953125
7.357142857142857 2.96711953125
7.392857142857143 2.96711953125
7.428571428571429 2.96711953125
7.464285714285714 2.9634609375
7.5 2.9634609375
7.535714285714286 2.9634609375
7.571428571428571 2.9634609375
7.607142857142857 2.9634609375
7.642857142857143 2.9634609375
7.678571428571429 2.95980234375
7.714285714285714 2.95980234375
7.75 2.95980234375
7.785714285714286 2.95980234375
7.821428571428571 2.95980234375
7.857142857142857 2.95980234375
7.892857142857143 2.95980234375
7.928571428571429 2.95980234375
7.964285714285714 2.95980234375
8.0 2.95980234375
8.035714285714286 2.96711953125
8.071428571428571 2.96711953125
8.107142857142858 2.96711953125
8.142857142857142 2.97443671875
8.178571428571429 2.97443671875
8.214285714285714 2.96711953125
8.25 2.9634609375
8.285714285714286 2.9634609375
8.321428571428571 2.9634609375
8.357142857142858 2.95980234375
8.392857142857142 2.95980234375
8.428571428571429 2.95980234375
8.464285714285714 2.95980234375
8.5 2.95614375
8.535714285714286 2.95614375
8.571428571428571 2.95614375
8.607142857142858 2.95614375
8.642857142857142 2.95614375
8.678571428571429 2.95248515625
8.714285714285714 2.95248515625
8.75 2.95248515625
8.785714285714286 2.95248515625
8.821428571428571 2.95248515625
8.857142857142858 2.95248515625
8.892857142857142 2.95248515625
8.928571428571429 2.95248515625
8.964285714285714 2.95248515625
9.0 2.9488265625
9.035714285714286 2.9488265625
9.071428571428571 2.9488265625
9.107142857142858 2.95614375
9.142857142857142 2.95980234375
9.178571428571429 2.95980234375
9.214285714285714 2.96711953125
9.25 2.9634609375
9.285714285714286 2.96711953125
9.321428571428571 2.9634609375
9.357142857142858 2.95980234375
9.392857142857142 2.95980234375
9.428571428571429 2.95614375
9.464285714285714 2.95614375
9.5 2.95614375
9.535714285714286 2.95614375
9.571428571428571 2.95248515625
9.607142857142858 2.95248515625
9.642857142857142 2.95248515625
9.678571428571429 2.95248515625
9.714285714285714 2.95248515625
9.75 2.95248515625
9.785714285714286 2.9488265625
9.821428571428571 2.9488265625
9.857142857142858 2.9488265625
9.892857142857142 2.9488265625
9.928571428571429 2.9488265625
9.964285714285714 2.9488265625
10.0 2.9488265625
10.035714285714286 2.9488265625
10.071428571428571 2.9488265625
10.107142857142858 2.94516796875
10.142857142857142 2.9488265625
10.178571428571429 2.9488265625
10.214285714285714 2.95248515625
10.25 2.95614375
10.285714285714286 2.95614375
10.321428571428571 2.95614375
10.357142857142858 2.95980234375
10.392857142857142 2.9634609375
10.428571428571429 2.95980234375
10.464285714285714 2.95614375
10.5 2.95248515625
10.535714285714286 2.95248515625
10.571428571428571 2.95248515625
10.607142857142858 2.9488265625
10.642857142857142 2.9488265625
10.678571428571429 2.9488265625
10.714285714285714 2.9488265625
10.75 2.9488265625
10.785714285714286 2.94516796875
10.821428571428571 2.94516796875
10.857142857142858 2.94516796875
10.892857142857142 2.94516796875
10.928571428571429 2.94516796875
10.964285714285714 2.941509375
11.0 2.941509375
11.035714285714286 2.941509375
11.071428571428571 2.941509375
11.107142857142858 2.941509375
11.142857142857142 2.941509375
11.178571428571429 2.941509375
11.214285714285714 2.941509375
11.25 2.941509375
11.285714285714286 2.941509375
11.321428571428571 2.941509375
11.357142857142858 2.9488265625
11.392857142857142 2.9488265625
11.428571428571429 2.9488265625
11.464285714285714 2.95614375
11.5 2.95614375
11.535714285714286 2.95248515625
11.571428571428571 2.9488265625
11.607142857142858 2.9488265625
11.642857142857142 2.94516796875
11.678571428571429 2.94516796875
11.714285714285714 2.94516796875
11.75 2.941509375
11.785714285714286 2.941509375
11.821428571428571 2.941509375
11.857142857142858 2.941509375
11.892857142857142 2.941509375
11.928571428571429 2.941509375
11.964285714285714 2.941509375
12.0 2.93785078125
12.035714285714286 2.93785078125
12.071428571428571 2.93785078125
12.107142857142858 2.93785078125
12.142857142857142 2.93785078125
12.178571428571429 2.93785078125
12.214285714285714 2.93785078125
12.25 2.93785078125
12.285714285714286 2.93785078125
12.321428571428571 2.93785078125
12.357142857142858 2.9341921875
12.392857142857142 2.93785078125
12.428571428571429 2.93785078125
12.464285714285714 2.941509375
12.5 2.941509375
12.535714285714286 2.94516796875
12.571428571428571 2.9488265625
12.607142857142858 2.95248515625
12.642857142857142 2.94516796875
12.678571428571429 2.94516796875
12.714285714285714 2.941509375
12.75 2.93785078125
12.785714285714286 2.93785078125
12.821428571428571 2.9341921875
12.857142857142858 2.9341921875
12.892857142857142 2.9341921875
12.928571428571429 2.9341921875
12.964285714285714 2.9341921875
13.0 2.9341921875
13.035714285714286 2.93053359375
13.071428571428571 2.93053359375
13.107142857142858 2.93053359375
13.142857142857142 2.93053359375
13.178571428571429 2.93053359375
13.214285714285714 2.93053359375
13.25 2.93053359375
13.285714285714286 2.93053359375
13.321428571428571 2.93053359375
13.357142857142858 2.93053359375
13.392857142857142 2.93053359375
13.428571428571429 2.93053359375
13.464285714285714 2.926875
13.5 2.926875
13.535714285714286 2.93053359375
13.571428571428571 2.9341921875
13.607142857142858 2.93785078125
13.642857142857142 2.93785078125
13.678571428571429 2.941509375
13.714285714285714 2.941509375
13.75 2.93785078125
13.785714285714286 2.9341921875
13.821428571428571 2.9341921875
13.857142857142858 2.9341921875
13.892857142857142 2.93053359375
13.928571428571429 2.93053359375
13.964285714285714 2.93053359375
14.0 2.926875
14.035714285714286 2.926875
14.071428571428571 2.926875
14.107142857142858 2.926875
14.142857142857142 2.926875
14.178571428571429 2.926875
14.214285714285714 2.926875
14.25 2.92321640625
14.285714285714286 2.92321640625
14.321428571428571 2.92321640625
14.357142857142858 2.92321640625
14.392857142857142 2.92321640625
14.428571428571429 2.92321640625
14.464285714285714 2.92321640625
14.5 2.92321640625
14.535714285714286 2.92321640625
14.571428571428571 2.92321640625
14.607142857142858 2.92321640625
14.642857142857142 2.92321640625
14.678571428571429 2.926875
14.714285714285714 2.93053359375
14.75 2.93053359375
14.785714285714286 2.93785078125
14.821428571428571 2.93785078125
14.857142857142858 2.92321640625
14.892857142857142 2.93053359375
14.928571428571429 2.93053359375
14.964285714285714 2.926875
15.0 2.926875
15.035714285714286 2.926875
15.071428571428571 2.92321640625
15.107142857142858 2.92321640625
15.142857142857142 2.92321640625
15.178571428571429 2.92321640625
15.214285714285714 2.92321640625
15.25 2.9195578125
15.285714285714286 2.9195578125
15.321428571428571 2.9195578125
15.357142857142858 2.9195578125
15.392857142857142 2.9195578125
15.428571428571429 2.9195578125
15.464285714285714 2.9195578125
15.5 2.9195578125
15.535714285714286 2.9195578125
15.571428571428571 2.9195578125
15.607142857142858 2.9195578125
15.642857142857142 2.91589921875
15.678571428571429 2.91589921875
15.714285714285714 2.91589921875
15.75 2.9195578125
15.785714285714286 2.92321640625
15.821428571428571 2.92321640625
15.857142857142858 2.92321640625
15.892857142857142 2.93053359375
15.928571428571429 2.93053359375
15.964285714285714 2.93053359375
16.0 2.926875
16.035714285714285 2.926875
16.071428571428573 2.92321640625
16.107142857142858 2.92321640625
16.142857142857142 2.9195578125
16.178571428571427 2.9195578125
16.214285714285715 2.9195578125
16.25 2.9195578125
16.285714285714285 2.9195578125
16.321428571428573 2.91589921875
16.357142857142858 2.91589921875
16.392857142857142 2.91589921875
16.428571428571427 2.91589921875
16.464285714285715 2.91589921875
16.5 2.91589921875
16.535714285714285 2.91589921875
16.571428571428573 2.91589921875
16.607142857142858 2.912240625
16.642857142857142 2.912240625
16.678571428571427 2.912240625
16.714285714285715 2.912240625
16.75 2.912240625
16.785714285714285 2.912240625
16.821428571428573 2.912240625
16.857142857142858 2.91589921875
16.892857142857142 2.91589921875
16.928571428571427 2.9195578125
16.964285714285715 2.92321640625
17.0 2.926875
17.035714285714285 2.93053359375
17.071428571428573 2.93053359375
17.107142857142858 2.92321640625
17.142857142857142 2.9195578125
17.178571428571427 2.9195578125
17.214285714285715 2.9195578125
17.25 2.91589921875
17.285714285714285 2.91589921875
17.321428571428573 2.91589921875
17.357142857142858 2.912240625
17.392857142857142 2.912240625
17.428571428571427 2.912240625
17.464285714285715 2.912240625
17.5 2.912240625
17.535714285714285 2.912240625
17.571428571428573 2.912240625
17.607142857142858 2.90858203125
17.642857142857142 2.90858203125
17.678571428571427 2.90858203125
17.714285714285715 2.90858203125
17.75 2.90858203125
17.785714285714285 2.90858203125
17.821428571428573 2.90858203125
17.857142857142858 2.90858203125
17.892857142857142 2.90858203125
17.928571428571427 2.90858203125
17.964285714285715 2.90858203125
18.0 2.912240625
18.035714285714285 2.91589921875
18.071428571428573 2.91589921875
18.107142857142858 2.9195578125
18.142857142857142 2.92321640625
18.178571428571427 2.92321640625
18.214285714285715 2.91589921875
18.25 2.91589921875
18.285714285714285 2.912240625
18.321428571428573 2.912240625
18.357142857142858 2.90858203125
18.392857142857142 2.90858203125
18.428571428571427 2.90858203125
18.464285714285715 2.90858203125
18.5 2.9049234375
18.535714285714285 2.9049234375
18.571428571428573 2.9049234375
18.607142857142858 2.9049234375
18.642857142857142 2.9049234375
18.678571428571427 2.9049234375
18.714285714285715 2.90126484375
18.75 2.90126484375
18.785714285714285 2.90126484375
18.821428571428573 2.90126484375
18.857142857142858 2.90126484375
18.892857142857142 2.90126484375
18.928571428571427 2.90126484375
18.964285714285715 2.90126484375
19.0 2.90126484375
19.035714285714285 2.90126484375
19.071428571428573 2.90126484375
19.107142857142858 2.9049234375
19.142857142857142 2.90858203125
19.178571428571427 2.90858203125
19.214285714285715 2.912240625
19.25 2.91589921875
19.285714285714285 2.91589921875
19.321428571428573 2.90858203125
19.357142857142858 2.9049234375
19.392857142857142 2.9049234375
19.428571428571427 2.9049234375
19.464285714285715 2.90126484375
19.5 2.90126484375
19.535714285714285 2.90126484375
19.571428571428573 2.90126484375
19.607142857142858 2.89760625
19.642857142857142 2.89760625
19.678571428571427 2.89760625
19.714285714285715 2.89760625
19.75 2.89760625
19.785714285714285 2.89760625
19.821428571428573 2.89760625
19.857142857142858 2.89394765625
19.892857142857142 2.89394765625
19.928571428571427 2.89394765625
19.964285714285715 2.89394765625
20.0 2.89394765625
20.035714285714285 2.89394765625
20.071428571428573 2.89394765625
20.107142857142858 2.89394765625
20.142857142857142 2.89394765625
20.178571428571427 2.89394765625
20.214285714285715 2.89394765625
20.25 2.90126484375
20.285714285714285 2.90126484375
20.321428571428573 2.9049234375
20.357142857142858 2.90858203125
20.392857142857142 2.90858203125
20.428571428571427 2.90126484375
20.464285714285715 2.90126484375
20.5 2.89760625
20.535714285714285 2.89760625
20.571428571428573 2.89394765625
20.607142857142858 2.89394765625
20.642857142857142 2.89394765625
20.678571428571427 2.89394765625
20.714285714285715 2.89394765625
20.75 2.8902890625
20.785714285714285 2.8902890625
20.821428571428573 2.8902890625
20.857142857142858 2.8902890625
20.892857142857142 2.8902890625
20.928571428571427 2.8902890625
20.964285714285715 2.8902890625
21.0 2.88663046875
21.035714285714285 2.88663046875
21.071428571428573 2.88663046875
21.107142857142858 2.88663046875
21.142857142857142 2.88663046875
21.178571428571427 2.88663046875
21.214285714285715 2.88663046875
21.25 2.88663046875
21.285714285714285 2.88663046875
21.321428571428573 2.8902890625
21.357142857142858 2.8902890625
21.392857142857142 2.89394765625
21.428571428571427 2.89394765625
21.464285714285715 2.89760625
21.5 2.90126484375
21.535714285714285 2.89394765625
21.571428571428573 2.89394765625
21.607142857142858 2.8902890625
21.642857142857142 2.8902890625
21.678571428571427 2.88663046875
21.714285714285715 2.88663046875
21.75 2.88663046875
21.785714285714285 2.88663046875
21.821428571428573 2.88663046875
21.857142857142858 2.882971875
21.892857142857142 2.882971875
21.928571428571427 2.882971875
21.964285714285715 2.882971875
22.0 2.882971875
22.035714285714285 2.882971875
22.071428571428573 2.882971875
22.107142857142858 2.882971875
22.142857142857142 2.882971875
22.178571428571427 2.87931328125
22.214285714285715 2.882971875
22.25 2.882971875
22.285714285714285 2.87931328125
22.321428571428573 2.87931328125
22.357142857142858 2.87931328125
22.392857142857142 2.87931328125
22.428571428571427 2.882971875
22.464285714285715 2.88663046875
22.5 2.88663046875
22.535714285714285 2.89394765625
22.571428571428573 2.89394765625
22.607142857142858 2.8902890625
22.642857142857142 2.88663046875
22.678571428571427 2.88663046875
22.714285714285715 2.882971875
22.75 2.882971875
22.785714285714285 2.882971875
22.821428571428573 2.882971875
22.857142857142858 2.87931328125
22.892857142857142 2.87931328125
22.928571428571427 2.87931328125
22.964285714285715 2.87931328125
23.0 2.8756546875
23.035714285714285 2.8756546875
23.071428571428573 2.8756546875
23.107142857142858 2.8756546875
23.142857142857142 2.8756546875
23.178571428571427 2.8756546875
23.214285714285715 2.8756546875
23.25 2.8756546875
23.285714285714285 2.8756546875
23.321428571428573 2.8756546875
23.357142857142858 2.8756546875
23.392857142857142 2.87199609375
23.428571428571427 2.8756546875
23.464285714285715 2.87199609375
23.5 2.87199609375
23.535714285714285 2.87931328125
23.571428571428573 2.882971875
23.607142857142858 2.882971875
23.642857142857142 2.88663046875
23.678571428571427 2.88663046875
23.714285714285715 2.8902890625
23.75 2.882971875
23.785714285714285 2.882971875
23.821428571428573 2.87931328125
23.857142857142858 2.87931328125
23.892857142857142 2.8756546875
23.928571428571427 2.8756546875
23.964285714285715 2.8756546875
24.0 2.8756546875
24.035714285714285 2.8756546875
24.071428571428573 2.8756546875
24.107142857142858 2.87199609375
24.142857142857142 2.87199609375
24.178571428571427 2.87199609375
24.214285714285715 2.87199609375
24.25 2.87199609375
24.285714285714285 2.87199609375
24.321428571428573 2.87199609375
24.357142857142858 2.8683375
24.392857142857142 2.8683375
24.428571428571427 2.8683375
24.464285714285715 2.8683375
24.5 2.8683375
24.535714285714285 2.8683375
24.571428571428573 2.8683375
24.607142857142858 2.8683375
24.642857142857142 2.8683375
24.678571428571427 2.8756546875
24.714285714285715 2.8756546875
24.75 2.8756546875
24.785714285714285 2.882971875
24.821428571428573 2.882971875
24.857142857142858 2.87931328125
24.892857142857142 2.8756546875
24.928571428571427 2.8756546875
24.964285714285715 2.8756546875
25.0 2.8756546875
25.035714285714285 2.87199609375
25.071428571428573 2.87199609375
25.107142857142858 2.87199609375
25.142857142857142 2.87199609375
25.178571428571427 2.8683375
25.214285714285715 2.8683375
25.25 2.8683375
25.285714285714285 2.8683375
25.321428571428573 2.8683375
25.357142857142858 2.86467890625
25.392857142857142 2.8683375
25.428571428571427 2.86467890625
25.464285714285715 2.86467890625
25.5 2.86467890625
25.535714285714285 2.86467890625
25.571428571428573 2.86467890625
25.607142857142858 2.86467890625
25.642857142857142 2.86467890625
25.678571428571427 2.86467890625
25.714285714285715 2.86467890625
25.75 2.8683375
25.785714285714285 2.8683375
25.821428571428573 2.8683375
25.857142857142858 2.8756546875
25.892857142857142 2.8756546875
25.928571428571427 2.87931328125
25.964285714285715 2.8756546875
26.0 2.87199609375
26.035714285714285 2.87199609375
26.071428571428573 2.8683375
26.107142857142858 2.8683375
26.142857142857142 2.8683375
26.178571428571427 2.86467890625
26.214285714285715 2.86467890625
26.25 2.86467890625
26.285714285714285 2.86467890625
26.321428571428573 2.86467890625
26.357142857142858 2.8610203125
26.392857142857142 2.8610203125
26.428571428571427 2.8610203125
26.464285714285715 2.8610203125
26.5 2.8610203125
26.535714285714285 2.8610203125
26.571428571428573 2.8610203125
26.607142857142858 2.8610203125
26.642857142857142 2.8610203125
26.678571428571427 2.8610203125
26.714285714285715 2.8610203125
26.75 2.8610203125
26.785714285714285 2.8610203125
26.821428571428573 2.8610203125
26.857142857142858 2.8610203125
26.892857142857142 2.86467890625
26.928571428571427 2.8683375
26.964285714285715 2.8683375
27.0 2.87199609375
27.035714285714285 2.8756546875
27.071428571428573 2.87199609375
27.107142857142858 2.8683375
27.142857142857142 2.86467890625
27.178571428571427 2.86467890625
27.214285714285715 2.86467890625
27.25 2.8610203125
27.285714285714285 2.8610203125
27.321428571428573 2.8610203125
27.357142857142858 2.8610203125
27.392857142857142 2.8610203125
27.428571428571427 2.85736171875
27.464285714285715 2.85736171875
27.5 2.85736171875
27.535714285714285 2.85736171875
27.571428571428573 2.85736171875
27.607142857142858 2.85736171875
27.642857142857142 2.85736171875
27.678571428571427 2.85736171875
27.714285714285715 2.85736171875
27.75 2.85736171875
27.785714285714285 2.85736171875
27.821428571428573 2.853703125
27.857142857142858 2.853703125
27.892857142857142 2.853703125
27.928571428571427 2.853703125
27.964285714285715 2.853703125
28.0 2.8610203125
28.035714285714285 2.8610203125
28.071428571428573 2.8610203125
28.107142857142858 2.8683375
28.142857142857142 2.87199609375
28.178571428571427 2.8683375
28.214285714285715 2.86467890625
28.25 2.8610203125
28.285714285714285 2.8610203125
28.321428571428573 2.8610203125
28.357142857142858 2.85736171875
28.392857142857142 2.85736171875
28.428571428571427 2.85736171875
28.464285714285715 2.85736171875
28.5 2.853703125
28.535714285714285 2.853703125
28.571428571428573 2.853703125
28.607142857142858 2.853703125
28.642857142857142 2.853703125
28.678571428571427 2.853703125
28.714285714285715 2.853703125
28.75 2.853703125
28.785714285714285 2.853703125
28.821428571428573 2.85004453125
28.857142857142858 2.85004453125
28.892857142857142 2.85004453125
28.928571428571427 2.85004453125
28.964285714285715 2.85004453125
29.0 2.85004453125
29.035714285714285 2.85004453125
29.071428571428573 2.85004453125
29.107142857142858 2.85736171875
29.142857142857142 2.85736171875
29.178571428571427 2.85736171875
29.214285714285715 2.8610203125
29.25 2.86467890625
29.285714285714285 2.8610203125
29.321428571428573 2.85736171875
29.357142857142858 2.853703125
29.392857142857142 2.853703125
29.428571428571427 2.853703125
29.464285714285715 2.853703125
29.5 2.85004453125
29.535714285714285 2.85004453125
29.571428571428573 2.85004453125
29.607142857142858 2.8463859375
29.642857142857142 2.8463859375
29.678571428571427 2.8463859375
29.714285714285715 2.8463859375
29.75 2.8463859375
29.785714285714285 2.8463859375
29.821428571428573 2.8463859375
29.857142857142858 2.84272734375
29.892857142857142 2.84272734375
29.928571428571427 2.84272734375
29.964285714285715 2.84272734375
30.0 2.84272734375
30.035714285714285 2.84272734375
30.071428571428573 2.84272734375
30.107142857142858 2.84272734375
30.142857142857142 2.84272734375
30.178571428571427 2.84272734375
30.214285714285715 2.8463859375
30.25 2.85004453125
30.285714285714285 2.85004453125
30.321428571428573 2.85736171875
30.357142857142858 2.85736171875
30.392857142857142 2.853703125
30.428571428571427 2.853703125
30.464285714285715 2.85004453125
30.5 2.85004453125
30.535714285714285 2.8463859375
30.571428571428573 2.8463859375
30.607142857142858 2.8463859375
30.642857142857142 2.8463859375
30.678571428571427 2.84272734375
30.714285714285715 2.84272734375
30.75 2.84272734375
30.785714285714285 2.84272734375
30.821428571428573 2.84272734375
30.857142857142858 2.83906875
30.892857142857142 2.83906875
30.928571428571427 2.83906875
30.964285714285715 2.83906875
31.0 2.83906875
31.035714285714285 2.83906875
31.071428571428573 2.83906875
31.107142857142858 2.83906875
31.142857142857142 2.83906875
31.178571428571427 2.83906875
31.214285714285715 2.83906875
31.25 2.83906875
31.285714285714285 2.83906875
31.321428571428573 2.83906875
31.357142857142858 2.8463859375
31.392857142857142 2.8463859375
31.428571428571427 2.85004453125
31.464285714285715 2.853703125
31.5 2.85004453125
31.535714285714285 2.8463859375
31.571428571428573 2.84272734375
31.607142857142858 2.84272734375
31.642857142857142 2.83906875
31.678571428571427 2.83906875
31.714285714285715 2.83906875
31.75 2.83541015625
31.785714285714285 2.83541015625
31.821428571428573 2.83541015625
31.857142857142858 2.83541015625
31.892857142857142 2.83541015625
31.928571428571427 2.83541015625
31.964285714285715 2.83541015625
32.0 2.83541015625
32.035714285714285 2.8317515625
32.07142857142857 2.8317515625
32.107142857142854 2.8317515625
32.142857142857146 2.8317515625
32.17857142857143 2.8317515625
32.214285714285715 2.8317515625
32.25 2.8317515625
32.285714285714285 2.8317515625
32.32142857142857 2.8317515625
32.357142857142854 2.8317515625
32.392857142857146 2.8317515625
32.42857142857143 2.83541015625
32.464285714285715 2.83906875
32.5 2.83906875
32.535714285714285 2.8463859375
32.57142857142857 2.8463859375
32.607142857142854 2.8463859375
32.642857142857146 2.84272734375
32.67857142857143 2.83906875
32.714285714285715 2.83906875
32.75 2.83541015625
32.785714285714285 2.83541015625
32.82142857142857 2.83541015625
32.857142857142854 2.8317515625
32.892857142857146 2.8317515625
32.92857142857143 2.8317515625
32.964285714285715 2.8317515625
33.0 2.8317515625
33.035714285714285 2.8317515625
33.07142857142857 2.8317515625
33.107142857142854 2.82809296875
33.142857142857146 2.82809296875
33.17857142857143 2.82809296875
33.214285714285715 2.82809296875
33.25 2.82809296875
33.285714285714285 2.82809296875
33.32142857142857 2.82809296875
33.357142857142854 2.82809296875
33.392857142857146 2.82809296875
33.42857142857143 2.82809296875
33.464285714285715 2.824434375
33.5 2.82809296875
33.535714285714285 2.82809296875
33.57142857142857 2.8317515625
33.607142857142854 2.83541015625
33.642857142857146 2.83906875
33.67857142857143 2.84272734375
33.714285714285715 2.84272734375
33.75 2.83541015625
33.785714285714285 2.83541015625
33.82142857142857 2.8317515625
33.857142857142854 2.8317515625
33.892857142857146 2.8317515625
33.92857142857143 2.82809296875
33.964285714285715 2.82809296875
34.0 2.82809296875
34.035714285714285 2.82809296875
34.07142857142857 2.82809296875
34.107142857142854 2.824434375
34.142857142857146 2.824434375
34.17857142857143 2.824434375
34.214285714285715 2.824434375
34.25 2.824434375
34.285714285714285 2.824434375
34.32142857142857 2.82077578125
34.357142857142854 2.82077578125
34.392857142857146 2.82077578125
34.42857142857143 2.82077578125
34.464285714285715 2.82077578125
34.5 2.82077578125
34.535714285714285 2.82077578125
34.57142857142857 2.82077578125
34.607142857142854 2.82077578125
34.642857142857146 2.82809296875
34.67857142857143 2.82809296875
34.714285714285715 2.82809296875
34.75 2.83541015625
34.785714285714285 2.83541015625
34.82142857142857 2.83541015625
34.857142857142854 2.8317515625
34.892857142857146 2.82809296875
34.92857142857143 2.824434375
34.964285714285715 2.824434375
35.0 2.82077578125
35.035714285714285 2.82077578125
35.07142857142857 2.82077578125
35.107142857142854 2.8171171875
35.142857142857146 2.8171171875
35.17857142857143 2.8171171875
35.214285714285715 2.8171171875
35.25 2.8171171875
35.285714285714285 2.81345859375
35.32142857142857 2.81345859375
35.357142857142854 2.81345859375
35.392857142857146 2.81345859375
35.42857142857143 2.81345859375
35.464285714285715 2.81345859375
35.5 2.81345859375
35.535714285714285 2.81345859375
35.57142857142857 2.81345859375
35.607142857142854 2.81345859375
35.642857142857146 2.81345859375
35.67857142857143 2.81345859375
35.714285714285715 2.81345859375
35.75 2.8171171875
35.785714285714285 2.82077578125
35.82142857142857 2.82077578125
35.857142857142854 2.82809296875
35.892857142857146 2.8317515625
35.92857142857143 2.82809296875
35.964285714285715 2.82809296875
36.0 2.82077578125
36.035714285714285 2.82077578125
36.07142857142857 2.82077578125
36.107142857142854 2.8171171875
36.142857142857146 2.8171171875
36.17857142857143 2.8171171875
36.214285714285715 2.81345859375
36.25 2.81345859375
36.285714285714285 2.81345859375
36.32142857142857 2.81345859375
36.357142857142854 2.81345859375
36.392857142857146 2.81345859375
36.42857142857143 2.81345859375
36.464285714285715 2.8098
36.5 2.8098
36.535714285714285 2.8098
36.57142857142857 2.8098
36.607142857142854 2.8098
36.642857142857146 2.8098
36.67857142857143 2.8098
36.714285714285715 2.8098
36.75 2.8098
36.785714285714285 2.8098
36.82142857142857 2.8098
36.857142857142854 2.81345859375
36.892857142857146 2.8171171875
36.92857142857143 2.8171171875
36.964285714285715 2.8171171875
37.0 2.824434375
37.035714285714285 2.82809296875
37.07142857142857 2.82077578125
37.107142857142854 2.8171171875
37.142857142857146 2.8171171875
37.17857142857143 2.81345859375
37.214285714285715 2.81345859375
37.25 2.81345859375
37.285714285714285 2.81345859375
37.32142857142857 2.8098
37.357142857142854 2.8098
37.392857142857146 2.8098
37.42857142857143 2.8098
37.464285714285715 2.8098
37.5 2.80614140625
37.535714285714285 2.80614140625
37.57142857142857 2.80614140625
37.607142857142854 2.80614140625
37.642857142857146 2.80614140625
37.67857142857143 2.80614140625
37.714285714285715 2.80614140625
37.75 2.80614140625
37.785714285714285 2.80614140625
37.82142857142857 2.80614140625
37.857142857142854 2.80614140625
37.892857142857146 2.80614140625
37.92857142857143 2.80614140625
37.964285714285715 2.80614140625
38.0 2.8098
38.035714285714285 2.81345859375
38.07142857142857 2.81345859375
38.107142857142854 2.82077578125
38.142857142857146 2.82077578125
38.17857142857143 2.81345859375
38.214285714285715 2.81345859375
38.25 2.8098
38.285714285714285 2.8098
38.32142857142857 2.8098
38.357142857142854 2.80614140625
38.392857142857146 2.8098
38.42857142857143 2.80614140625
38.464285714285715 2.80614140625
38.5 2.80614140625
38.535714285714285 2.80614140625
38.57142857142857 2.80614140625
38.607142857142854 2.8024828125
38.642857142857146 2.8024828125
38.67857142857143 2.8024828125
38.714285714285715 2.8024828125
38.75 2.8024828125
38.785714285714285 2.8024828125
38.82142857142857 2.8024828125
38.857142857142854 2.8024828125
38.892857142857146 2.8024828125
38.92857142857143 2.8024828125
38.964285714285715 2.8024828125
39.0 2.8024828125
39.035714285714285 2.79882421875
39.07142857142857 2.8024828125
39.107142857142854 2.80614140625
39.142857142857146 2.80614140625
39.17857142857143 2.8098
39.214285714285715 2.81345859375
39.25 2.8171171875
39.285714285714285 2.8098
39.32142857142857 2.8098
39.357142857142854 2.80614140625
39.392857142857146 2.80614140625
39.42857142857143 2.80614140625
39.464285714285715 2.8024828125
39.5 2.8024828125
39.535714285714285 2.8024828125
39.57142857142857 2.8024828125
39.607142857142854 2.79882421875
39.642857142857146 2.79882421875
39.67857142857143 2.79882421875
39.714285714285715 2.79882421875
39.75 2.79882421875
39.785714285714285 2.79882421875
39.82142857142857 2.79882421875
39.857142857142854 2.79882421875
39.892857142857146 2.795165625
39.92857142857143 2.795165625
