0.03571428571428571 1.37928984375
0.07142857142857142 1.37928984375
0.10714285714285714 1.37563125
0.14285714285714285 1.37563125
0.17857142857142858 1.37563125
0.21428571428571427 1.37563125
0.25 1.37563125
0.2857142857142857 1.37563125
0.32142857142857145 1.37563125
0.42857142857142855 1.3829484375
0.4642857142857143 1.37928984375
0.5 1.37928984375
0.5357142857142857 1.37563125
0.5714285714285714 1.37563125
0.6071428571428571 1.37563125
0.6428571428571429 1.37563125
0.6785714285714286 1.37563125
0.7142857142857143 1.37563125
0.8571428571428571 1.37928984375
0.8928571428571429 1.37928984375
0.9285714285714286 1.37928984375
0.9642857142857143 1.37563125
1.0 1.37563125
1.0357142857142858 1.37563125
1.0714285714285714 1.37563125
1.1071428571428572 1.37563125
1.1428571428571428 1.37563125
1.25 1.3829484375
1.2857142857142858 1.37928984375
1.3214285714285714 1.37928984375
1.3571428571428572 1.37928984375
1.3928571428571428 1.37928984375
1.4285714285714286 1.37563125
1.4642857142857142 1.37563125
1.5 1.37563125
1.5357142857142858 1.37563125
1.5714285714285714 1.37563125
1.6428571428571428 1.3829484375
1.6785714285714286 1.37928984375
1.7142857142857142 1.37928984375
1.75 1.37928984375
1.7857142857142858 1.37563125
1.8214285714285714 1.37563125
1.8571428571428572 1.37928984375
1.8928571428571428 1.37563125
1.9285714285714286 1.37563125
1.9642857142857142 1.37563125
2.0 1.37928984375
2.107142857142857 1.37928984375
2.142857142857143 1.37928984375
2.1785714285714284 1.37928984375
2.2142857142857144 1.37928984375
2.25 1.37928984375
2.2857142857142856 1.37928984375
2.3214285714285716 1.37563125
2.357142857142857 1.37928984375
2.392857142857143 1.37563125
2.4285714285714284 1.37563125
2.5 1.3829484375
2.5357142857142856 1.37928984375
2.5714285714285716 1.37928984375
2.607142857142857 1.37928984375
2.642857142857143 1.37563125
2.6785714285714284 1.37563125
2.7142857142857144 1.37563125
2.75 1.37563125
2.7857142857142856 1.37563125
2.8214285714285716 1.37563125
2.9285714285714284 1.38660703125
2.9642857142857144 1.37928984375
3.0 1.37928984375
3.0357142857142856 1.37928984375
3.0714285714285716 1.37563125
3.107142857142857 1.37563125
3.142857142857143 1.37563125
3.1785714285714284 1.37563125
3.2142857142857144 1.37563125
3.25 1.37563125
3.3214285714285716 1.37928984375
3.357142857142857 1.37928984375
3.392857142857143 1.37928984375
3.4285714285714284 1.37928984375
3.4642857142857144 1.37928984375
3.5 1.37563125
3.5357142857142856 1.37563125
3.5714285714285716 1.37563125
3.607142857142857 1.37563125
3.642857142857143 1.37928984375
3.7142857142857144 1.37928984375
3.75 1.37928984375
3.7857142857142856 1.37928984375
3.8214285714285716 1.37928984375
3.857142857142857 1.37563125
3.892857142857143 1.37928984375
3.9285714285714284 1.37563125
3.9642857142857144 1.37563125
4.0 1.37563125
4.035714285714286 1.37563125
4.071428571428571 1.37563125
4.178571428571429 1.3829484375
4.214285714285714 1.37928984375
4.25 1.37928984375
4.285714285714286 1.37928984375
4.321428571428571 1.37563125
4.357142857142857 1.37563125
4.392857142857143 1.37563125
4.428571428571429 1.37563125
4.464285714285714 1.37563125
4.571428571428571 1.3829484375
4.607142857142857 1.37928984375
4.642857142857143 1.37928984375
4.678571428571429 1.37928984375
4.714285714285714 1.37928984375
4.75 1.37928984375
4.785714285714286 1.37928984375
4.821428571428571 1.37563125
4.857142857142857 1.37928984375
4.892857142857143 1.37928984375
5.0 1.3829484375
5.035714285714286 1.37928984375
5.071428571428571 1.37928984375
5.107142857142857 1.37928984375
5.142857142857143 1.37563125
5.178571428571429 1.37563125
5.214285714285714 1.37563125
5.25 1.37563125
5.285714285714286 1.37563125
5.321428571428571 1.37563125
5.428571428571429 1.37928984375
5.464285714285714 1.37928984375
5.5 1.37928984375
5.535714285714286 1.37928984375
5.571428571428571 1.37563125
5.607142857142857 1.37928984375
5.642857142857143 1.37928984375
5.678571428571429 1.37563125
5.714285714285714 1.37563125
5.857142857142857 1.37928984375
5.892857142857143 1.37928984375
5.928571428571429 1.37928984375
5.964285714285714 1.37563125
6.0 1.37563125
6.035714285714286 1.37563125
6.071428571428571 1.37563125
6.107142857142857 1.37563125
6.142857142857143 1.37563125
6.178571428571429 1.37563125
6.25 1.3829484375
6.285714285714286 1.37928984375
6.321428571428571 1.37928984375
6.357142857142857 1.37563125
6.392857142857143 1.37563125
6.428571428571429 1.37563125
6.464285714285714 1.37563125
6.5 1.37563125
6.535714285714286 1.37563125
6.571428571428571 1.37563125
6.714285714285714 1.37928984375
6.75 1.37928984375
6.785714285714286 1.37563125
6.821428571428571 1.37563125
6.857142857142857 1.37563125
6.892857142857143 1.37563125
6.928571428571429 1.37563125
6.964285714285714 1.37563125
7.107142857142857 1.37928984375
7.142857142857143 1.37928984375
7.178571428571429 1.37563125
7.214285714285714 1.37563125
7.25 1.37563125
7.285714285714286 1.37563125
7.321428571428571 1.37563125
7.357142857142857 1.37563125
7.392857142857143 1.37563125
7.5 1.37928984375
7.535714285714286 1.37928984375
7.571428571428571 1.37928984375
7.607142857142857 1.37928984375
7.642857142857143 1.37928984375
7.678571428571429 1.37563125
7.714285714285714 1.37563125
7.75 1.37563125
7.785714285714286 1.37563125
7.821428571428571 1.37563125
7.928571428571429 1.3829484375
7.964285714285714 1.37928984375
8.0 1.37928984375
8.035714285714286 1.37928984375
8.071428571428571 1.37928984375
8.107142857142858 1.37928984375
8.142857142857142 1.37563125
8.178571428571429 1.37563125
8.214285714285714 1.37563125
8.321428571428571 1.3829484375
8.357142857142858 1.37928984375
8.392857142857142 1.37928984375
8.428571428571429 1.37928984375
8.464285714285714 1.37563125
8.5 1.37563125
8.535714285714286 1.37563125
8.571428571428571 1.37563125
8.607142857142858 1.37563125
8.642857142857142 1.37563125
8.785714285714286 1.37928984375
8.821428571428571 1.37928984375
8.857142857142858 1.37928984375
8.892857142857142 1.37928984375
8.928571428571429 1.37928984375
8.964285714285714 1.37563125
9.0 1.37563125
9.035714285714286 1.37563125
9.071428571428571 1.37563125
9.142857142857142 1.37928984375
9.178571428571429 1.3829484375
9.214285714285714 1.37928984375
9.25 1.37928984375
9.285714285714286 1.37563125
9.321428571428571 1.37928984375
9.357142857142858 1.37928984375
9.392857142857142 1.37563125
9.428571428571429 1.37563125
9.464285714285714 1.37563125
9.571428571428571 1.3829484375
9.607142857142858 1.37928984375
9.642857142857142 1.37928984375
9.678571428571429 1.37928984375
9.714285714285714 1.37928984375
9.75 1.37563125
9.785714285714286 1.37563125
9.821428571428571 1.37563125
9.857142857142858 1.37563125
9.892857142857142 1.37563125
9.928571428571429 1.37563125
10.0 1.3829484375
10.035714285714286 1.37928984375
10.071428571428571 1.37928984375
10.107142857142858 1.37928984375
10.142857142857142 1.37928984375
10.178571428571429 1.37928984375
10.214285714285714 1.37928984375
10.25 1.37928984375
10.285714285714286 1.37563125
10.321428571428571 1.37563125
10.392857142857142 1.3829484375
10.428571428571429 1.37928984375
10.464285714285714 1.37928984375
10.5 1.37928984375
10.535714285714286 1.37928984375
10.571428571428571 1.37928984375
10.607142857142858 1.37563125
10.642857142857142 1.37563125
10.678571428571429 1.37563125
10.714285714285714 1.37563125
10.857142857142858 1.37928984375
10.892857142857142 1.37928984375
10.928571428571429 1.37928984375
10.964285714285714 1.37563125
11.0 1.37563125
11.035714285714286 1.37563125
11.071428571428571 1.37563125
11.107142857142858 1.37563125
11.142857142857142 1.37563125
11.178571428571429 1.37563125
11.25 1.37928984375
11.285714285714286 1.37563125
11.321428571428571 1.37563125
11.357142857142858 1.37928984375
11.392857142857142 1.37928984375
11.428571428571429 1.37928984375
11.464285714285714 1.37563125
11.5 1.37563125
11.535714285714286 1.37563125
11.571428571428571 1.37563125
11.714285714285714 1.37928984375
11.75 1.37928984375
11.785714285714286 1.37928984375
11.821428571428571 1.37928984375
11.857142857142858 1.37563125
11.892857142857142 1.37563125
11.928571428571429 1.37563125
11.964285714285714 1.37563125
12.0 1.37563125
12.071428571428571 1.37928984375
12.107142857142858 1.37928984375
12.142857142857142 1.37928984375
12.178571428571429 1.37928984375
12.214285714285714 1.37928984375
12.25 1.37563125
12.285714285714286 1.37563125
12.321428571428571 1.37563125
12.357142857142858 1.37563125
12.392857142857142 1.37563125
12.535714285714286 1.37928984375
12.571428571428571 1.37928984375
12.607142857142858 1.37928984375
12.642857142857142 1.37563125
12.678571428571429 1.37563125
12.714285714285714 1.37563125
12.75 1.37563125
12.785714285714286 1.37563125
12.821428571428571 1.37563125
12.928571428571429 1.3829484375
12.964285714285714 1.37928984375
13.0 1.37928984375
13.035714285714286 1.37928984375
13.071428571428571 1.37563125
13.107142857142858 1.37563125
13.142857142857142 1.37563125
13.178571428571429 1.37563125
13.214285714285714 1.37563125
13.321428571428571 1.3829484375
13.357142857142858 1.37928984375
13.392857142857142 1.37928984375
13.428571428571429 1.37563125
13.464285714285714 1.37928984375
13.5 1.37563125
13.535714285714286 1.37563125
13.571428571428571 1.37563125
13.607142857142858 1.37563125
13.642857142857142 1.37563125
13.75 1.3829484375
13.785714285714286 1.37928984375
13.821428571428571 1.37928984375
13.857142857142858 1.37928984375
13.892857142857142 1.37928984375
13.928571428571429 1.37563125
13.964285714285714 1.37563125
14.0 1.37563125
14.035714285714286 1.37563125
14.071428571428571 1.37563125
14.178571428571429 1.37928984375
14.214285714285714 1.37563125
14.25 1.37928984375
14.285714285714286 1.37563125
14.321428571428571 1.37563125
14.357142857142858 1.37563125
14.392857142857142 1.37563125
14.428571428571429 1.37563125
14.464285714285714 1.37563125
14.607142857142858 1.37563125
14.642857142857142 1.37563125
14.678571428571429 1.37928984375
14.714285714285714 1.37563125
14.75 1.37563125
14.785714285714286 1.37563125
14.821428571428571 1.37563125
14.857142857142858 1.37563125
14.892857142857142 1.37563125
14.928571428571429 1.37563125
15.0 1.3829484375
15.035714285714286 1.37563125
15.071428571428571 1.37928984375
15.107142857142858 1.37563125
15.142857142857142 1.37928984375
15.178571428571429 1.37563125
15.214285714285714 1.37563125
15.25 1.37563125
15.285714285714286 1.37563125
15.321428571428571 1.37563125
15.392857142857142 1.3829484375
15.428571428571429 1.37928984375
15.464285714285714 1.37928984375
15.5 1.37928984375
15.535714285714286 1.37928984375
15.571428571428571 1.37928984375
15.607142857142858 1.37563125
15.642857142857142 1.37563125
15.678571428571429 1.37928984375
15.714285714285714 1.37563125
15.75 1.37563125
15.857142857142858 1.37928984375
15.892857142857142 1.37563125
15.928571428571429 1.37563125
15.964285714285714 1.37563125
16.0 1.37928984375
16.035714285714285 1.37563125
16.071428571428573 1.37563125
16.107142857142858 1.37563125
16.142857142857142 1.37563125
16.285714285714285 1.37928984375
16.321428571428573 1.37928984375
16.357142857142858 1.37563125
16.392857142857142 1.37928984375
16.428571428571427 1.37563125
16.464285714285715 1.37563125
16.5 1.37563125
16.535714285714285 1.37563125
16.571428571428573 1.37563125
16.678571428571427 1.37928984375
16.714285714285715 1.37928984375
16.75 1.37928984375
16.785714285714285 1.37928984375
16.821428571428573 1.37928984375
16.857142857142858 1.37563125
16.892857142857142 1.37563125
16.928571428571427 1.37563125
16.964285714285715 1.37563125
17.0 1.37563125
17.107142857142858 1.37928984375
17.142857142857142 1.37928984375
17.178571428571427 1.37928984375
17.214285714285715 1.37928984375
17.25 1.37563125
17.285714285714285 1.37563125
17.321428571428573 1.37563125
17.357142857142858 1.37563125
17.392857142857142 1.37563125
17.5 1.3829484375
17.535714285714285 1.37928984375
17.571428571428573 1.37928984375
17.607142857142858 1.37928984375
17.642857142857142 1.37563125
17.678571428571427 1.37563125
17.714285714285715 1.37563125
17.75 1.37563125
17.785714285714285 1.37563125
17.821428571428573 1.37563125
17.928571428571427 1.3829484375
17.964285714285715 1.37928984375
18.0 1.37928984375
18.035714285714285 1.37563125
18.071428571428573 1.37563125
18.107142857142858 1.37563125
18.142857142857142 1.37563125
18.178571428571427 1.37563125
18.214285714285715 1.37563125
18.357142857142858 1.37928984375
18.392857142857142 1.37928984375
18.428571428571427 1.37563125
18.464285714285715 1.37928984375
18.5 1.37563125
18.535714285714285 1.37563125
18.571428571428573 1.37563125
18.607142857142858 1.37563125
18.642857142857142 1.37563125
18.678571428571427 1.37563125
18.75 1.37928984375
18.785714285714285 1.37928984375
18.821428571428573 1.37928984375
18.857142857142858 1.37928984375
18.892857142857142 1.37928984375
18.928571428571427 1.37928984375
18.964285714285715 1.37563125
19.0 1.37563125
19.035714285714285 1.37563125
19.071428571428573 1.37563125
19.178571428571427 1.37928984375
19.214285714285715 1.37928984375
19.25 1.37928984375
19.285714285714285 1.37928984375
19.321428571428573 1.37928984375
19.357142857142858 1.37928984375
19.392857142857142 1.37563125
19.428571428571427 1.37563125
19.464285714285715 1.37563125
19.607142857142858 1.37928984375
19.642857142857142 1.37928984375
19.678571428571427 1.37928984375
19.714285714285715 1.37563125
19.75 1.37928984375
19.785714285714285 1.37563125
19.821428571428573 1.37563125
19.857142857142858 1.37563125
19.892857142857142 1.37563125
19.928571428571427 1.37563125
20.0 1.37928984375
20.035714285714285 1.37928984375
20.071428571428573 1.37928984375
20.107142857142858 1.37928984375
20.142857142857142 1.37928984375
20.178571428571427 1.37563125
20.214285714285715 1.37563125
20.25 1.37563125
20.285714285714285 1.37563125
20.321428571428573 1.37563125
20.428571428571427 1.3829484375
20.464285714285715 1.37928984375
20.5 1.37563125
20.535714285714285 1.37928984375
20.571428571428573 1.37563125
20.607142857142858 1.37563125
20.642857142857142 1.37563125
20.678571428571427 1.37563125
20.714285714285715 1.37563125
20.75 1.37563125
20.857142857142858 1.37928984375
20.892857142857142 1.37928984375
20.928571428571427 1.37928984375
20.964285714285715 1.37928984375
21.0 1.37928984375
21.035714285714285 1.37928984375
21.071428571428573 1.37563125
21.107142857142858 1.37563125
21.142857142857142 1.37563125
21.214285714285715 1.37928984375
21.285714285714285 1.37928984375
21.321428571428573 1.37928984375
21.357142857142858 1.37928984375
21.392857142857142 1.37928984375
21.428571428571427 1.37928984375
21.464285714285715 1.37563125
21.5 1.37563125
21.535714285714285 1.37563125
21.571428571428573 1.37563125
21.678571428571427 1.3829484375
21.714285714285715 1.37928984375
21.75 1.37563125
21.785714285714285 1.37563125
21.821428571428573 1.37563125
21.857142857142858 1.37563125
21.892857142857142 1.37563125
21.928571428571427 1.37563125
21.964285714285715 1.37563125
22.071428571428573 1.3829484375
22.107142857142858 1.37928984375
22.142857142857142 1.37928984375
22.178571428571427 1.37928984375
22.214285714285715 1.37928984375
22.25 1.37928984375
22.285714285714285 1.37563125
22.321428571428573 1.37563125
22.357142857142858 1.37563125
22.392857142857142 1.37563125
22.5 1.3829484375
22.535714285714285 1.37928984375
22.571428571428573 1.37928984375
22.607142857142858 1.37928984375
22.642857142857142 1.37563125
22.678571428571427 1.37928984375
22.714285714285715 1.37563125
22.75 1.37563125
22.785714285714285 1.37563125
22.821428571428573 1.37563125
22.928571428571427 1.37928984375
22.964285714285715 1.37928984375
23.0 1.37563125
23.035714285714285 1.37928984375
23.071428571428573 1.37563125
23.107142857142858 1.37928984375
23.142857142857142 1.37563125
23.178571428571427 1.37563125
23.214285714285715 1.37563125
23.321428571428573 1.3829484375
23.357142857142858 1.37563125
23.392857142857142 1.37563125
23.428571428571427 1.37928984375
23.464285714285715 1.37928984375
23.5 1.37563125
23.535714285714285 1.37563125
23.571428571428573 1.37563125
23.607142857142858 1.37563125
23.642857142857142 1.37563125
23.678571428571427 1.37563125
23.75 1.3829484375
23.785714285714285 1.37563125
23.821428571428573 1.37928984375
23.857142857142858 1.37928984375
23.892857142857142 1.37928984375
23.928571428571427 1.37563125
23.964285714285715 1.37563125
24.0 1.37563125
24.035714285714285 1.37563125
24.071428571428573 1.37563125
24.214285714285715 1.37928984375
24.25 1.37928984375
24.285714285714285 1.37928984375
24.321428571428573 1.37563125
24.357142857142858 1.37563125
24.392857142857142 1.37563125
24.428571428571427 1.37563125
24.464285714285715 1.37563125
24.607142857142858 1.37928984375
24.642857142857142 1.37928984375
24.678571428571427 1.37928984375
24.714285714285715 1.37928984375
24.75 1.37563125
24.785714285714285 1.37563125
24.821428571428573 1.37563125
24.857142857142858 1.37563125
24.892857142857142 1.37563125
25.035714285714285 1.37928984375
25.071428571428573 1.37928984375
25.107142857142858 1.37928984375
25.142857142857142 1.37563125
25.178571428571427 1.37563125
25.214285714285715 1.37563125
25.25 1.37563125
25.285714285714285 1.37563125
25.321428571428573 1.37563125
25.428571428571427 1.37928984375
25.464285714285715 1.37928984375
25.5 1.37563125
25.535714285714285 1.37563125
25.571428571428573 1.37563125
25.607142857142858 1.37563125
25.642857142857142 1.37563125
25.678571428571427 1.37563125
25.714285714285715 1.37563125
25.75 1.37563125
25.857142857142858 1.37928984375
25.892857142857142 1.37928984375
25.928571428571427 1.37928984375
25.964285714285715 1.37928984375
26.0 1.37563125
26.035714285714285 1.37563125
26.071428571428573 1.37563125
26.107142857142858 1.37563125
26.142857142857142 1.37563125
26.178571428571427 1.37563125
26.25 1.37928984375
26.285714285714285 1.37928984375
26.321428571428573 1.37563125
26.357142857142858 1.37928984375
26.392857142857142 1.37563125
26.428571428571427 1.37563125
26.464285714285715 1.37563125
26.5 1.37563125
26.535714285714285 1.37563125
26.571428571428573 1.37563125
26.678571428571427 1.3829484375
26.714285714285715 1.37928984375
26.75 1.37928984375
26.785714285714285 1.37928984375
26.821428571428573 1.37563125
26.857142857142858 1.37563125
26.892857142857142 1.37563125
26.928571428571427 1.37563125
26.964285714285715 1.37563125
27.035714285714285 1.37928984375
27.107142857142858 1.37928984375
27.142857142857142 1.37928984375
27.178571428571427 1.37928984375
27.214285714285715 1.37563125
27.25 1.37563125
27.285714285714285 1.37563125
27.321428571428573 1.37563125
27.357142857142858 1.37563125
27.392857142857142 1.37563125
27.5 1.37928984375
27.535714285714285 1.37928984375
27.571428571428573 1.37928984375
27.607142857142858 1.37563125
27.642857142857142 1.37563125
27.678571428571427 1.37563125
27.714285714285715 1.37563125
27.75 1.37563125
27.785714285714285 1.37563125
27.821428571428573 1.37563125
27.964285714285715 1.37928984375
28.0 1.37928984375
28.035714285714285 1.37563125
28.071428571428573 1.37563125
28.107142857142858 1.37563125
28.142857142857142 1.37563125
28.178571428571427 1.37563125
28.214285714285715 1.37563125
28.25 1.37563125
28.357142857142858 1.37928984375
28.392857142857142 1.37563125
28.428571428571427 1.37928984375
28.464285714285715 1.37928984375
28.5 1.37563125
28.535714285714285 1.37563125
28.571428571428573 1.37563125
28.607142857142858 1.37563125
28.642857142857142 1.37563125
28.785714285714285 1.37928984375
28.821428571428573 1.37928984375
28.857142857142858 1.37928984375
28.892857142857142 1.37563125
28.928571428571427 1.37928984375
28.964285714285715 1.37563125
29.0 1.37563125
29.035714285714285 1.37563125
29.071428571428573 1.37563125
29.142857142857142 1.37928984375
29.178571428571427 1.37928984375
29.214285714285715 1.37928984375
29.25 1.37928984375
29.285714285714285 1.37563125
29.321428571428573 1.37563125
29.357142857142858 1.37563125
29.392857142857142 1.37563125
29.428571428571427 1.37563125
29.464285714285715 1.37563125
29.5 1.37563125
29.607142857142858 1.37928984375
29.642857142857142 1.37928984375
29.678571428571427 1.37928984375
29.714285714285715 1.37928984375
29.75 1.37563125
29.785714285714285 1.37563125
29.821428571428573 1.37563125
29.857142857142858 1.37563125
29.892857142857142 1.37563125
30.035714285714285 1.37928984375
30.071428571428573 1.37928984375
30.107142857142858 1.37928984375
30.142857142857142 1.37563125
30.178571428571427 1.37563125
30.214285714285715 1.37563125
30.25 1.37563125
30.285714285714285 1.37563125
30.321428571428573 1.37563125
30.428571428571427 1.3829484375
30.464285714285715 1.37928984375
30.5 1.37928984375
30.535714285714285 1.37928984375
30.571428571428573 1.37563125
30.607142857142858 1.37563125
30.642857142857142 1.37563125
30.678571428571427 1.37563125
30.714285714285715 1.37563125
30.857142857142858 1.37928984375
30.892857142857142 1.37563125
30.928571428571427 1.37563125
30.964285714285715 1.37563125
31.0 1.37563125
31.035714285714285 1.37563125
31.071428571428573 1.37563125
31.107142857142858 1.37563125
31.142857142857142 1.37563125
31.25 1.37928984375
31.285714285714285 1.37928984375
31.321428571428573 1.37928984375
31.357142857142858 1.37928984375
31.392857142857142 1.37563125
31.428571428571427 1.37563125
31.464285714285715 1.37563125
31.5 1.37563125
31.535714285714285 1.37563125
31.571428571428573 1.37563125
31.678571428571427 1.37928984375
31.714285714285715 1.37928984375
31.75 1.37928984375
31.785714285714285 1.37563125
31.821428571428573 1.37563125
31.857142857142858 1.37563125
31.892857142857142 1.37563125
31.928571428571427 1.37563125
31.964285714285715 1.37563125
32.0 1.37563125
32.035714285714285 1.37563125
32.107142857142854 1.37928984375
32.142857142857146 1.37928984375
32.17857142857143 1.37928984375
32.214285714285715 1.37928984375
32.25 1.37928984375
32.285714285714285 1.37928984375
32.32142857142857 1.37928984375
32.357142857142854 1.37563125
32.392857142857146 1.37563125
32.42857142857143 1.37563125
32.5 1.37928984375
32.535714285714285 1.37563125
32.57142857142857 1.37563125
32.607142857142854 1.37563125
32.642857142857146 1.37563125
32.67857142857143 1.37563125
32.714285714285715 1.37563125
32.75 1.37563125
32.785714285714285 1.37563125
32.82142857142857 1.37563125
32.964285714285715 1.37928984375
33.0 1.37928984375
33.035714285714285 1.37928984375
33.07142857142857 1.37563125
33.107142857142854 1.37563125
33.142857142857146 1.37563125
33.17857142857143 1.37563125
33.214285714285715 1.37563125
33.25 1.37563125
33.285714285714285 1.37563125
33.357142857142854 1.3829484375
33.392857142857146 1.37928984375
33.42857142857143 1.37928984375
33.464285714285715 1.37928984375
33.5 1.37563125
33.535714285714285 1.37563125
33.57142857142857 1.37563125
33.607142857142854 1.37563125
33.642857142857146 1.37563125
33.785714285714285 1.37928984375
33.82142857142857 1.37928984375
33.857142857142854 1.37563125
33.892857142857146 1.37928984375
33.92857142857143 1.37563125
33.964285714285715 1.37563125
34.0 1.37563125
34.035714285714285 1.37563125
34.07142857142857 1.37563125
34.17857142857143 1.3829484375
34.214285714285715 1.37928984375
34.25 1.37563125
34.285714285714285 1.37563125
34.32142857142857 1.37563125
34.357142857142854 1.37563125
34.392857142857146 1.37563125
34.42857142857143 1.37563125
34.464285714285715 1.37563125
34.57142857142857 1.3829484375
34.607142857142854 1.37928984375
34.642857142857146 1.37928984375
34.67857142857143 1.37928984375
34.714285714285715 1.37563125
34.75 1.37563125
34.785714285714285 1.37563125
34.82142857142857 1.37563125
34.857142857142854 1.37563125
34.892857142857146 1.37563125
34.92857142857143 1.37563125
35.0 1.37928984375
35.035714285714285 1.37928984375
35.07142857142857 1.37928984375
35.107142857142854 1.37563125
35.142857142857146 1.37563125
35.17857142857143 1.37563125
35.214285714285715 1.37563125
35.25 1.37563125
35.285714285714285 1.37563125
35.32142857142857 1.37563125
35.392857142857146 1.37928984375
35.42857142857143 1.37928984375
35.464285714285715 1.37928984375
35.5 1.37928984375
35.535714285714285 1.37928984375
35.57142857142857 1.37928984375
35.607142857142854 1.37563125
35.642857142857146 1.37928984375
35.67857142857143 1.37563125
35.714285714285715 1.37563125
35.857142857142854 1.37928984375
35.892857142857146 1.37563125
35.92857142857143 1.37928984375
35.964285714285715 1.37928984375
36.0 1.37563125
36.035714285714285 1.37563125
36.07142857142857 1.37563125
36.107142857142854 1.37563125
36.142857142857146 1.37563125
36.17857142857143 1.37563125
36.25 1.3829484375
36.285714285714285 1.37928984375
36.32142857142857 1.37563125
36.357142857142854 1.37563125
36.392857142857146 1.37563125
36.42857142857143 1.37563125
36.464285714285715 1.37563125
36.5 1.37563125
36.535714285714285 1.37928984375
36.57142857142857 1.37563125
36.67857142857143 1.37928984375
36.714285714285715 1.37928984375
36.75 1.37928984375
36.785714285714285 1.37563125
36.82142857142857 1.37563125
36.857142857142854 1.37563125
36.892857142857146 1.37563125
36.92857142857143 1.37563125
36.964285714285715 1.37563125
37.0 1.37563125
37.107142857142854 1.37928984375
37.142857142857146 1.37928984375
37.17857142857143 1.37563125
37.214285714285715 1.37563125
37.25 1.37563125
37.285714285714285 1.37563125
37.32142857142857 1.37563125
37.357142857142854 1.37563125
37.392857142857146 1.37563125
37.535714285714285 1.37928984375
37.57142857142857 1.37928984375
37.607142857142854 1.37928984375
37.642857142857146 1.37563125
37.67857142857143 1.37563125
37.714285714285715 1.37563125
37.75 1.37563125
37.785714285714285 1.37563125
37.82142857142857 1.37563125
37.92857142857143 1.37928984375
37.964285714285715 1.37928984375
38.0 1.37928984375
38.035714285714285 1.37563125
38.07142857142857 1.37563125
38.107142857142854 1.37928984375
38.142857142857146 1.37563125
38.17857142857143 1.37563125
38.214285714285715 1.37928984375
38.25 1.37563125
38.285714285714285 1.37563125
38.357142857142854 1.37928984375
38.392857142857146 1.37928984375
38.42857142857143 1.37563125
38.464285714285715 1.37563125
38.5 1.37563125
38.535714285714285 1.37563125
38.57142857142857 1.37563125
38.607142857142854 1.37563125
38.642857142857146 1.37563125
38.785714285714285 1.37928984375
38.82142857142857 1.37928984375
38.857142857142854 1.37928984375
38.892857142857146 1.37928984375
38.92857142857143 1.37563125
38.964285714285715 1.37563125
39.0 1.37563125
39.035714285714285 1.37563125
39.07142857142857 1.37563125
39.17857142857143 1.3829484375
39.214285714285715 1.37928984375
39.25 1.37928984375
39.285714285714285 1.37563125
39.32142857142857 1.37563125
39.357142857142854 1.37563125
39.392857142857146 1.37563125
39.42857142857143 1.37563125
39.464285714285715 1.37563125
39.535714285714285 1.37928984375
39.607142857142854 1.37928984375
39.642857142857146 1.37928984375
39.67857142857143 1.37928984375
39.714285714285715 1.37928984375
39.75 1.37928984375
39.785714285714285 1.37563125
39.82142857142857 1.37563125
39.857142857142854 1.37563125
39.892857142857146 1.37563125
