0.03571428571428571 0.834159375
0.07142857142857142 0.83050078125
0.25 0.834159375
0.2857142857142857 0.834159375
0.32142857142857145 0.834159375
0.35714285714285715 0.83050078125
0.39285714285714285 0.83050078125
0.5714285714285714 0.834159375
0.6071428571428571 0.834159375
0.6428571428571429 0.83050078125
0.6785714285714286 0.83050078125
0.7142857142857143 0.83050078125
0.8571428571428571 0.834159375
0.8928571428571429 0.834159375
0.9285714285714286 0.834159375
0.9642857142857143 0.834159375
1.0 0.834159375
1.0357142857142858 0.83050078125
1.1785714285714286 0.83781796875
1.2142857142857142 0.834159375
1.25 0.834159375
1.2857142857142858 0.834159375
1.3214285714285714 0.83050078125
1.3571428571428572 0.834159375
1.5 0.834159375
1.5357142857142858 0.834159375
1.5714285714285714 0.834159375
1.6071428571428572 0.83050078125
1.6428571428571428 0.834159375
1.6785714285714286 0.834159375
1.8571428571428572 0.83781796875
1.8928571428571428 0.834159375
1.9285714285714286 0.834159375
1.9642857142857142 0.83781796875
2.0 0.83781796875
2.142857142857143 0.8414765625
2.1785714285714284 0.83781796875
2.2142857142857144 0.83781796875
2.25 0.834159375
2.2857142857142856 0.83781796875
2.3214285714285716 0.834159375
2.5 0.83781796875
2.5357142857142856 0.83050078125
2.5714285714285716 0.83050078125
2.607142857142857 0.83781796875
2.642857142857143 0.83781796875
2.8214285714285716 0.83781796875
2.857142857142857 0.83781796875
2.892857142857143 0.834159375
2.9285714285714284 0.83781796875
2.9642857142857144 0.83781796875
3.107142857142857 0.834159375
3.142857142857143 0.83781796875
3.1785714285714284 0.83781796875
3.2142857142857144 0.83781796875
3.25 0.83781796875
3.2857142857142856 0.83781796875
3.4285714285714284 0.84513515625
3.4642857142857144 0.84513515625
3.5 0.83781796875
3.5357142857142856 0.83781796875
3.5714285714285716 0.8414765625
3.607142857142857 0.83781796875
3.7857142857142856 0.8414765625
3.8214285714285716 0.8414765625
3.857142857142857 0.83781796875
3.892857142857143 0.8414765625
3.9285714285714284 0.8414765625
3.9642857142857144 0.8414765625
4.107142857142857 0.8414765625
4.142857142857143 0.83781796875
4.178571428571429 0.83781796875
4.214285714285714 0.83781796875
4.25 0.8414765625
4.285714285714286 0.83781796875
4.392857142857143 0.8414765625
4.428571428571429 0.8414765625
4.464285714285714 0.84513515625
4.5 0.83781796875
4.535714285714286 0.8414765625
4.571428571428571 0.83781796875
4.75 0.83781796875
4.785714285714286 0.83781796875
4.821428571428571 0.83781796875
4.857142857142857 0.83781796875
4.892857142857143 0.8414765625
5.071428571428571 0.8414765625
5.107142857142857 0.8414765625
5.142857142857143 0.8414765625
5.178571428571429 0.8414765625
5.214285714285714 0.83781796875
5.392857142857143 0.8414765625
5.428571428571429 0.83781796875
5.464285714285714 0.83781796875
5.5 0.83781796875
5.535714285714286 0.83781796875
5.571428571428571 0.8414765625
5.714285714285714 0.8414765625
5.75 0.8414765625
5.785714285714286 0.84513515625
5.821428571428571 0.8414765625
5.857142857142857 0.8414765625
6.035714285714286 0.84513515625
6.071428571428571 0.8414765625
6.107142857142857 0.8414765625
6.142857142857143 0.8414765625
6.178571428571429 0.834159375
6.214285714285714 0.83781796875
6.357142857142857 0.8414765625
6.392857142857143 0.8414765625
6.428571428571429 0.83781796875
6.464285714285714 0.8414765625
6.5 0.8414765625
6.535714285714286 0.8414765625
6.642857142857143 0.84513515625
6.678571428571429 0.84513515625
6.714285714285714 0.8414765625
6.75 0.8414765625
6.785714285714286 0.8414765625
6.821428571428571 0.8414765625
7.0 0.84879375
7.035714285714286 0.8414765625
7.071428571428571 0.84513515625
7.107142857142857 0.8414765625
7.142857142857143 0.8414765625
7.321428571428571 0.84513515625
7.357142857142857 0.8414765625
7.392857142857143 0.84513515625
7.428571428571429 0.84513515625
7.464285714285714 0.8414765625
7.5 0.84513515625
7.642857142857143 0.8414765625
7.678571428571429 0.8414765625
7.714285714285714 0.8414765625
7.75 0.8414765625
7.785714285714286 0.8414765625
7.821428571428571 0.83781796875
7.964285714285714 0.84879375
8.0 0.84513515625
8.035714285714286 0.84513515625
8.071428571428571 0.84513515625
8.107142857142858 0.84513515625
8.285714285714286 0.84879375
8.321428571428571 0.8414765625
8.357142857142858 0.83781796875
8.392857142857142 0.8414765625
8.428571428571429 0.8414765625
8.464285714285714 0.8414765625
8.607142857142858 0.84513515625
8.642857142857142 0.84513515625
8.678571428571429 0.84513515625
8.714285714285714 0.84513515625
8.75 0.84513515625
8.785714285714286 0.84513515625
8.964285714285714 0.8414765625
9.0 0.8414765625
9.035714285714286 0.84513515625
9.071428571428571 0.8414765625
9.107142857142858 0.8414765625
9.25 0.84879375
9.285714285714286 0.84513515625
9.321428571428571 0.84513515625
9.357142857142858 0.84513515625
9.392857142857142 0.8414765625
9.571428571428571 0.84879375
9.607142857142858 0.8414765625
9.642857142857142 0.83781796875
9.678571428571429 0.8414765625
9.714285714285714 0.8414765625
9.75 0.83781796875
9.892857142857142 0.84513515625
9.928571428571429 0.8414765625
9.964285714285714 0.84513515625
10.0 0.84513515625
10.035714285714286 0.84513515625
10.071428571428571 0.84513515625
10.25 0.84513515625
10.285714285714286 0.84513515625
10.321428571428571 0.84513515625
10.357142857142858 0.84513515625
10.535714285714286 0.85245234375
10.571428571428571 0.8414765625
10.607142857142858 0.8414765625
10.642857142857142 0.8414765625
10.678571428571429 0.8414765625
10.714285714285714 0.84513515625
10.857142857142858 0.84513515625
10.892857142857142 0.84513515625
10.928571428571429 0.84513515625
10.964285714285714 0.84513515625
11.0 0.8414765625
11.035714285714286 0.8414765625
11.214285714285714 0.84513515625
11.25 0.84513515625
11.285714285714286 0.84513515625
11.321428571428571 0.84513515625
11.357142857142858 0.84513515625
11.5 0.85245234375
11.535714285714286 0.84513515625
11.571428571428571 0.84513515625
11.607142857142858 0.84513515625
11.642857142857142 0.8414765625
11.821428571428571 0.84879375
11.857142857142858 0.84879375
11.892857142857142 0.84879375
11.928571428571429 0.84513515625
11.964285714285714 0.84513515625
12.0 0.84513515625
12.142857142857142 0.84513515625
12.178571428571429 0.84879375
12.214285714285714 0.84879375
12.25 0.84879375
12.285714285714286 0.84879375
12.321428571428571 0.84879375
12.5 0.84879375
12.535714285714286 0.84879375
12.571428571428571 0.84513515625
12.607142857142858 0.84879375
12.642857142857142 0.84879375
12.785714285714286 0.84879375
12.821428571428571 0.84879375
12.857142857142858 0.84879375
12.892857142857142 0.84879375
12.928571428571429 0.84879375
12.964285714285714 0.84879375
13.107142857142858 0.8561109375
13.142857142857142 0.84879375
13.178571428571429 0.84879375
13.214285714285714 0.84879375
13.25 0.84513515625
13.285714285714286 0.84879375
13.464285714285714 0.84513515625
13.5 0.84879375
13.535714285714286 0.84513515625
13.571428571428571 0.84513515625
13.607142857142858 0.84513515625
13.785714285714286 0.84879375
13.821428571428571 0.84879375
13.857142857142858 0.84879375
13.892857142857142 0.84879375
13.928571428571429 0.84879375
13.964285714285714 0.84513515625
14.107142857142858 0.84513515625
14.142857142857142 0.84513515625
14.178571428571429 0.84513515625
14.214285714285714 0.84513515625
14.25 0.84879375
14.428571428571429 0.85245234375
14.464285714285714 0.84879375
14.5 0.84879375
14.535714285714286 0.84879375
14.571428571428571 0.84879375
14.75 0.84879375
14.785714285714286 0.84879375
14.821428571428571 0.84513515625
14.857142857142858 0.84513515625
14.892857142857142 0.84513515625
14.928571428571429 0.84879375
15.035714285714286 0.84879375
15.071428571428571 0.84513515625
15.107142857142858 0.84513515625
15.142857142857142 0.84513515625
15.178571428571429 0.84513515625
15.214285714285714 0.84513515625
15.357142857142858 0.85245234375
15.392857142857142 0.84879375
15.428571428571429 0.84879375
15.464285714285714 0.84879375
15.5 0.85245234375
15.535714285714286 0.84879375
15.714285714285714 0.85245234375
15.75 0.84879375
15.785714285714286 0.84879375
15.821428571428571 0.84879375
15.857142857142858 0.84879375
16.035714285714285 0.85245234375
16.071428571428573 0.85245234375
16.107142857142858 0.84879375
16.142857142857142 0.85245234375
16.178571428571427 0.84879375
16.214285714285715 0.85245234375
16.357142857142858 0.85245234375
16.392857142857142 0.84879375
16.428571428571427 0.84879375
16.464285714285715 0.84879375
16.5 0.84879375
16.678571428571427 0.8561109375
16.714285714285715 0.85245234375
16.75 0.85245234375
16.785714285714285 0.84879375
16.821428571428573 0.84879375
17.0 0.85245234375
17.035714285714285 0.84879375
17.071428571428573 0.85245234375
17.107142857142858 0.85245234375
17.142857142857142 0.84879375
17.178571428571427 0.85245234375
17.357142857142858 0.85245234375
17.392857142857142 0.85245234375
17.428571428571427 0.85245234375
17.464285714285715 0.85245234375
17.5 0.85245234375
17.607142857142858 0.85245234375
17.642857142857142 0.85245234375
17.678571428571427 0.85245234375
17.714285714285715 0.85245234375
17.75 0.85245234375
17.785714285714285 0.84879375
17.964285714285715 0.85245234375
18.0 0.84879375
18.035714285714285 0.85245234375
18.071428571428573 0.85245234375
18.107142857142858 0.85245234375
18.285714285714285 0.85245234375
18.321428571428573 0.85245234375
18.357142857142858 0.84879375
18.392857142857142 0.84879375
18.428571428571427 0.85245234375
18.464285714285715 0.85245234375
18.607142857142858 0.85245234375
18.642857142857142 0.85245234375
18.678571428571427 0.85245234375
18.714285714285715 0.85245234375
18.75 0.85245234375
18.928571428571427 0.8561109375
18.964285714285715 0.85245234375
19.0 0.85245234375
19.035714285714285 0.85245234375
19.071428571428573 0.85245234375
19.25 0.84879375
19.285714285714285 0.84879375
19.321428571428573 0.84879375
19.357142857142858 0.84879375
19.392857142857142 0.85245234375
19.428571428571427 0.85245234375
19.607142857142858 0.84879375
19.642857142857142 0.84879375
19.678571428571427 0.85245234375
19.714285714285715 0.85245234375
19.75 0.85245234375
19.892857142857142 0.8561109375
19.928571428571427 0.85245234375
19.964285714285715 0.85245234375
20.0 0.85245234375
20.035714285714285 0.85245234375
20.071428571428573 0.85245234375
20.214285714285715 0.8561109375
20.25 0.85245234375
20.285714285714285 0.85245234375
20.321428571428573 0.8561109375
20.357142857142858 0.85245234375
20.392857142857142 0.85245234375
20.535714285714285 0.85245234375
20.571428571428573 0.8561109375
20.607142857142858 0.85245234375
20.642857142857142 0.85245234375
20.678571428571427 0.85245234375
20.714285714285715 0.85245234375
20.892857142857142 0.85245234375
20.928571428571427 0.85245234375
20.964285714285715 0.8561109375
21.0 0.8561109375
21.035714285714285 0.8561109375
21.178571428571427 0.85976953125
21.214285714285715 0.85245234375
21.25 0.84513515625
21.285714285714285 0.84879375
21.321428571428573 0.84879375
21.5 0.85976953125
21.535714285714285 0.8561109375
21.571428571428573 0.85245234375
21.607142857142858 0.85245234375
21.642857142857142 0.85245234375
21.678571428571427 0.85245234375
21.857142857142858 0.85245234375
21.892857142857142 0.85245234375
21.928571428571427 0.85245234375
21.964285714285715 0.85245234375
22.0 0.8561109375
22.178571428571427 0.8561109375
22.214285714285715 0.8561109375
22.25 0.8561109375
22.285714285714285 0.8561109375
22.321428571428573 0.85245234375
22.464285714285715 0.85976953125
22.5 0.8561109375
22.535714285714285 0.8561109375
22.571428571428573 0.8561109375
22.607142857142858 0.85245234375
22.642857142857142 0.85245234375
22.785714285714285 0.8561109375
22.821428571428573 0.85245234375
22.857142857142858 0.85245234375
22.892857142857142 0.85245234375
22.928571428571427 0.8561109375
22.964285714285715 0.8561109375
23.107142857142858 0.8561109375
23.142857142857142 0.8561109375
23.178571428571427 0.8561109375
23.214285714285715 0.8561109375
23.25 0.8561109375
23.285714285714285 0.8561109375
23.428571428571427 0.85976953125
23.464285714285715 0.85245234375
23.5 0.8561109375
23.535714285714285 0.8561109375
23.571428571428573 0.8561109375
23.607142857142858 0.8561109375
23.75 0.85976953125
23.785714285714285 0.8561109375
23.821428571428573 0.85245234375
23.857142857142858 0.8561109375
23.892857142857142 0.8561109375
23.928571428571427 0.85245234375
24.107142857142858 0.8561109375
24.142857142857142 0.8561109375
24.178571428571427 0.85245234375
24.214285714285715 0.8561109375
24.25 0.8561109375
24.428571428571427 0.8561109375
24.464285714285715 0.85245234375
24.5 0.8561109375
24.535714285714285 0.85245234375
24.571428571428573 0.85245234375
24.75 0.8561109375
24.785714285714285 0.8561109375
24.821428571428573 0.8561109375
24.857142857142858 0.8561109375
24.892857142857142 0.8561109375
25.071428571428573 0.85976953125
25.107142857142858 0.8561109375
25.142857142857142 0.8561109375
25.178571428571427 0.8561109375
25.214285714285715 0.8561109375
25.392857142857142 0.8561109375
25.428571428571427 0.85245234375
25.464285714285715 0.8561109375
25.5 0.8561109375
25.535714285714285 0.8561109375
25.571428571428573 0.85245234375
25.714285714285715 0.8561109375
25.75 0.8561109375
25.785714285714285 0.8561109375
25.821428571428573 0.8561109375
25.857142857142858 0.8561109375
25.892857142857142 0.8561109375
26.0 0.8561109375
26.035714285714285 0.8561109375
26.071428571428573 0.8561109375
26.107142857142858 0.8561109375
26.142857142857142 0.8561109375
26.178571428571427 0.85976953125
26.357142857142858 0.8561109375
26.392857142857142 0.8561109375
26.428571428571427 0.8561109375
26.464285714285715 0.8561109375
26.5 0.8561109375
26.678571428571427 0.8561109375
26.714285714285715 0.8561109375
26.75 0.8561109375
26.785714285714285 0.8561109375
26.821428571428573 0.8561109375
27.0 0.8561109375
27.035714285714285 0.84879375
27.071428571428573 0.85245234375
27.107142857142858 0.8561109375
27.142857142857142 0.8561109375
27.321428571428573 0.85976953125
27.357142857142858 0.85245234375
27.392857142857142 0.85245234375
27.428571428571427 0.8561109375
27.464285714285715 0.8561109375
27.642857142857142 0.8561109375
27.678571428571427 0.8561109375
27.714285714285715 0.85245234375
27.75 0.8561109375
27.785714285714285 0.85976953125
27.821428571428573 0.85976953125
27.964285714285715 0.85976953125
28.0 0.85976953125
28.035714285714285 0.85976953125
28.071428571428573 0.8561109375
28.107142857142858 0.8561109375
28.142857142857142 0.8561109375
28.285714285714285 0.85976953125
28.321428571428573 0.8561109375
28.357142857142858 0.8561109375
28.392857142857142 0.8561109375
28.428571428571427 0.8561109375
28.607142857142858 0.863428125
28.642857142857142 0.85245234375
28.678571428571427 0.8561109375
28.714285714285715 0.8561109375
28.75 0.8561109375
28.785714285714285 0.8561109375
28.928571428571427 0.85245234375
28.964285714285715 0.8561109375
29.0 0.85245234375
29.035714285714285 0.8561109375
29.071428571428573 0.85245234375
29.107142857142858 0.85245234375
29.25 0.8561109375
29.285714285714285 0.85245234375
29.321428571428573 0.8561109375
29.357142857142858 0.8561109375
29.392857142857142 0.8561109375
29.428571428571427 0.8561109375
29.571428571428573 0.8561109375
29.607142857142858 0.8561109375
29.642857142857142 0.8561109375
29.678571428571427 0.85976953125
29.714285714285715 0.85976953125
29.892857142857142 0.85976953125
29.928571428571427 0.8561109375
29.964285714285715 0.8561109375
30.0 0.8561109375
30.035714285714285 0.8561109375
30.071428571428573 0.8561109375
30.25 0.85976953125
30.285714285714285 0.8561109375
30.321428571428573 0.8561109375
30.357142857142858 0.8561109375
30.392857142857142 0.8561109375
30.571428571428573 0.8561109375
30.607142857142858 0.8561109375
30.642857142857142 0.8561109375
30.678571428571427 0.8561109375
30.714285714285715 0.8561109375
30.857142857142858 0.85976953125
30.892857142857142 0.8561109375
30.928571428571427 0.8561109375
30.964285714285715 0.8561109375
31.0 0.85976953125
31.178571428571427 0.85976953125
31.214285714285715 0.8561109375
31.25 0.85245234375
31.285714285714285 0.85245234375
31.321428571428573 0.8561109375
31.357142857142858 0.8561109375
31.5 0.8561109375
31.535714285714285 0.8561109375
31.571428571428573 0.85976953125
31.607142857142858 0.85976953125
31.642857142857142 0.85976953125
31.678571428571427 0.8561109375
31.821428571428573 0.863428125
31.857142857142858 0.85976953125
31.892857142857142 0.8561109375
31.928571428571427 0.8561109375
31.964285714285715 0.8561109375
32.142857142857146 0.85976953125
32.17857142857143 0.8561109375
32.214285714285715 0.8561109375
32.25 0.8561109375
32.285714285714285 0.8561109375
32.32142857142857 0.85976953125
32.5 0.8561109375
32.535714285714285 0.8561109375
32.57142857142857 0.8561109375
32.607142857142854 0.8561109375
32.642857142857146 0.85976953125
32.82142857142857 0.85976953125
32.857142857142854 0.8561109375
32.892857142857146 0.8561109375
32.92857142857143 0.8561109375
32.964285714285715 0.8561109375
33.107142857142854 0.85976953125
33.142857142857146 0.8561109375
33.17857142857143 0.8561109375
33.214285714285715 0.8561109375
33.25 0.8561109375
33.285714285714285 0.8561109375
33.464285714285715 0.863428125
33.5 0.8561109375
33.535714285714285 0.8561109375
33.57142857142857 0.8561109375
33.607142857142854 0.85976953125
33.75 0.8561109375
33.785714285714285 0.8561109375
33.82142857142857 0.8561109375
33.857142857142854 0.8561109375
33.892857142857146 0.8561109375
33.92857142857143 0.8561109375
33.964285714285715 0.8561109375
34.107142857142854 0.8561109375
34.142857142857146 0.8561109375
34.17857142857143 0.8561109375
34.214285714285715 0.8561109375
34.25 0.8561109375
34.392857142857146 0.85976953125
34.42857142857143 0.85976953125
34.464285714285715 0.85245234375
34.5 0.8561109375
34.535714285714285 0.85976953125
34.57142857142857 0.85976953125
34.75 0.8561109375
34.785714285714285 0.8561109375
34.82142857142857 0.85976953125
34.857142857142854 0.85976953125
34.892857142857146 0.8561109375
35.07142857142857 0.85976953125
35.107142857142854 0.85976953125
35.142857142857146 0.8561109375
35.17857142857143 0.85245234375
35.214285714285715 0.85976953125
35.392857142857146 0.8561109375
35.42857142857143 0.8561109375
35.464285714285715 0.8561109375
35.5 0.85976953125
35.535714285714285 0.8561109375
35.57142857142857 0.8561109375
35.714285714285715 0.863428125
35.75 0.8561109375
35.785714285714285 0.85976953125
35.82142857142857 0.85976953125
35.857142857142854 0.8561109375
36.035714285714285 0.85976953125
36.07142857142857 0.85976953125
36.107142857142854 0.85976953125
36.142857142857146 0.85976953125
36.17857142857143 0.85976953125
36.214285714285715 0.85976953125
36.357142857142854 0.85976953125
36.392857142857146 0.85976953125
36.42857142857143 0.8561109375
36.464285714285715 0.8561109375
36.5 0.8561109375
36.535714285714285 0.8561109375
36.642857142857146 0.863428125
36.67857142857143 0.863428125
36.714285714285715 0.85976953125
36.75 0.8561109375
36.785714285714285 0.8561109375
36.82142857142857 0.8561109375
37.0 0.863428125
37.035714285714285 0.85976953125
37.07142857142857 0.8561109375
37.107142857142854 0.8561109375
37.142857142857146 0.8561109375
37.32142857142857 0.8561109375
37.357142857142854 0.8561109375
37.392857142857146 0.8561109375
37.42857142857143 0.8561109375
37.464285714285715 0.8561109375
37.642857142857146 0.8561109375
37.67857142857143 0.85976953125
37.714285714285715 0.85976953125
37.75 0.85976953125
37.785714285714285 0.85976953125
37.82142857142857 0.85976953125
37.964285714285715 0.863428125
38.0 0.8561109375
38.035714285714285 0.85976953125
38.07142857142857 0.8561109375
38.107142857142854 0.8561109375
38.285714285714285 0.85976953125
38.32142857142857 0.8561109375
38.357142857142854 0.85976953125
38.392857142857146 0.85976953125
38.42857142857143 0.85976953125
38.464285714285715 0.85976953125
38.607142857142854 0.85976953125
38.642857142857146 0.85976953125
38.67857142857143 0.85976953125
38.714285714285715 0.85976953125
38.75 0.85976953125
38.785714285714285 0.85976953125
38.92857142857143 0.8561109375
38.964285714285715 0.8561109375
39.0 0.85976953125
39.035714285714285 0.85976953125
39.07142857142857 0.85976953125
39.107142857142854 0.85976953125
39.25 0.863428125
39.285714285714285 0.8561109375
39.32142857142857 0.8561109375
39.357142857142854 0.8561109375
39.392857142857146 0.85976953125
39.42857142857143 0.85976953125
39.57142857142857 0.863428125
39.607142857142854 0.8561109375
39.642857142857146 0.85976953125
39.67857142857143 0.85976953125
39.714285714285715 0.85976953125
39.75 0.85976953125
