0.03571428571428571 2.9634609375
0.07142857142857142 2.8683375
0.10714285714285714 2.97443671875
0.14285714285714285 2.9634609375
0.17857142857142858 2.95614375
0.21428571428571427 2.95248515625
0.25 2.9488265625
0.2857142857142857 2.94516796875
0.32142857142857145 2.941509375
0.39285714285714285 2.95614375
0.42857142857142855 2.94516796875
0.4642857142857143 2.9341921875
0.5 2.93053359375
0.5357142857142857 2.92321640625
0.5714285714285714 2.92321640625
0.6071428571428571 2.92321640625
0.6428571428571429 2.9195578125
0.7142857142857143 2.926875
0.75 2.90858203125
0.7857142857142857 2.90126484375
0.8214285714285714 2.90126484375
0.8571428571428571 2.89760625
0.8928571428571429 2.89760625
0.9285714285714286 2.8902890625
1.0 2.90126484375
1.0357142857142858 2.89394765625
1.0714285714285714 2.88663046875
1.1071428571428572 2.87931328125
1.1428571428571428 2.87199609375
1.1785714285714286 2.8683375
1.2142857142857142 2.8683375
1.2857142857142858 2.87199609375
1.3214285714285714 2.8610203125
1.3571428571428572 2.853703125
1.3928571428571428 2.8463859375
1.4285714285714286 2.83906875
1.4642857142857142 2.83541015625
1.5 2.83541015625
1.6071428571428572 2.83906875
1.6428571428571428 2.82809296875
1.6785714285714286 2.81345859375
1.7142857142857142 2.81345859375
1.75 2.8024828125
1.7857142857142858 2.8024828125
1.8928571428571428 2.8024828125
1.9285714285714286 2.79882421875
1.9642857142857142 2.79150703125
2.0 2.78418984375
2.0357142857142856 2.77687265625
2.0714285714285716 2.7732140625
2.142857142857143 2.7732140625
2.1785714285714284 2.76955546875
2.2142857142857144 2.765896875
2.25 2.75492109375
2.2857142857142856 2.7512625
2.3214285714285716 2.7439453125
2.357142857142857 2.7439453125
2.392857142857143 2.74028671875
2.4642857142857144 2.74028671875
2.5 2.74028671875
2.5357142857142856 2.74028671875
2.5714285714285716 2.7293109375
2.607142857142857 2.71833515625
2.642857142857143 2.7146765625000002
2.6785714285714284 2.7110179687500002
2.7142857142857144 2.7110179687500002
2.75 2.7073593750000002
2.7857142857142856 2.7110179687500002
2.8214285714285716 2.7146765625000002
2.857142857142857 2.70370078125
2.892857142857143 2.69638359375
2.9285714285714284 2.692725
2.9642857142857144 2.68906640625
3.0 2.6854078125
3.0357142857142856 2.6854078125
3.0714285714285716 2.692725
3.107142857142857 2.68906640625
3.142857142857143 2.68174921875
3.1785714285714284 2.67443203125
3.2142857142857144 2.66711484375
3.25 2.66711484375
3.2857142857142856 2.66345625
3.3214285714285716 2.66345625
3.357142857142857 2.6561390625
3.392857142857143 2.66711484375
3.4285714285714284 2.66345625
3.4642857142857144 2.6561390625
3.5 2.64516328125
3.5357142857142856 2.64516328125
3.5714285714285716 2.6415046875
3.607142857142857 2.6341875
3.642857142857143 2.6268703125
3.6785714285714284 2.6415046875
3.7142857142857144 2.6341875
3.75 2.6268703125
3.7857142857142856 2.619553125
3.8214285714285716 2.6122359375
3.857142857142857 2.60857734375
3.892857142857143 2.60491875
3.9285714285714284 2.60491875
3.9642857142857144 2.5976015625
4.0 2.60491875
4.035714285714286 2.60126015625
4.071428571428571 2.60126015625
4.107142857142857 2.590284375
4.142857142857143 2.5829671875
4.178571428571429 2.5829671875
4.214285714285714 2.5829671875
4.25 2.57565
4.321428571428571 2.5829671875
4.357142857142857 2.5683328125
4.392857142857143 2.5683328125
4.428571428571429 2.56467421875
4.464285714285714 2.561015625
4.5 2.561015625
4.535714285714286 2.5536984375
4.607142857142857 2.561015625
4.642857142857143 2.55735703125
4.678571428571429 2.55003984375
4.714285714285714 2.54272265625
4.75 2.5390640625
4.785714285714286 2.53540546875
4.821428571428571 2.53540546875
4.892857142857143 2.53540546875
4.928571428571429 2.531746875
4.964285714285714 2.531746875
5.0 2.5244296875
5.035714285714286 2.5244296875
5.071428571428571 2.52077109375
5.107142857142857 2.52077109375
5.178571428571429 2.5244296875
5.214285714285714 2.5171125
5.25 2.51345390625
5.285714285714286 2.5171125
5.321428571428571 2.5097953125
5.357142857142857 2.502478125
5.392857142857143 2.502478125
5.428571428571429 2.49881953125
5.464285714285714 2.49881953125
5.5 2.49881953125
5.535714285714286 2.49881953125
5.571428571428571 2.49150234375
5.607142857142857 2.48418515625
5.642857142857143 2.47686796875
5.678571428571429 2.473209375
5.714285714285714 2.473209375
5.75 2.4658921875
5.785714285714286 2.46955078125
5.821428571428571 2.473209375
5.857142857142857 2.46955078125
5.892857142857143 2.46955078125
5.928571428571429 2.4658921875
5.964285714285714 2.46223359375
6.0 2.46223359375
6.035714285714286 2.46223359375
6.071428571428571 2.45491640625
6.107142857142857 2.4658921875
6.142857142857143 2.458575
6.178571428571429 2.458575
6.214285714285714 2.45491640625
6.25 2.45491640625
6.285714285714286 2.4512578125
6.321428571428571 2.4512578125
6.357142857142857 2.44028203125
6.392857142857143 2.45491640625
6.428571428571429 2.44759921875
6.464285714285714 2.44759921875
6.5 2.443940625
6.535714285714286 2.443940625
6.571428571428571 2.44028203125
6.607142857142857 2.44028203125
6.642857142857143 2.4366234375
6.678571428571429 2.4293062500000002
6.714285714285714 2.443940625
6.75 2.4366234375
6.785714285714286 2.43296484375
6.821428571428571 2.43296484375
6.857142857142857 2.43296484375
6.892857142857143 2.4293062500000002
6.928571428571429 2.4256476562500002
6.964285714285714 2.41833046875
7.0 2.43296484375
7.035714285714286 2.4293062500000002
7.071428571428571 2.4256476562500002
7.107142857142857 2.4293062500000002
7.142857142857143 2.4256476562500002
7.178571428571429 2.4219890625000002
7.214285714285714 2.41833046875
7.25 2.41101328125
7.321428571428571 2.4219890625000002
7.357142857142857 2.4219890625000002
7.392857142857143 2.41833046875
7.428571428571429 2.414671875
7.464285714285714 2.414671875
7.5 2.41101328125
7.535714285714286 2.41101328125
7.571428571428571 2.4073546875
7.607142857142857 2.414671875
7.642857142857143 2.414671875
7.678571428571429 2.414671875
7.714285714285714 2.4073546875
7.75 2.3927203125
7.785714285714286 2.38906171875
7.821428571428571 2.38906171875
7.857142857142857 2.38906171875
7.892857142857143 2.39637890625
7.928571428571429 2.3927203125
7.964285714285714 2.3927203125
8.0 2.385403125
8.035714285714286 2.3780859375
8.071428571428571 2.37076875
8.107142857142858 2.36711015625
8.142857142857142 2.36711015625
8.178571428571429 2.3634515625
8.214285714285714 2.3634515625
8.25 2.3634515625
8.285714285714286 2.35979296875
8.321428571428571 2.356134375
8.357142857142858 2.3488171875
8.392857142857142 2.34515859375
8.428571428571429 2.34515859375
8.464285714285714 2.34515859375
8.5 2.3415
8.535714285714286 2.34515859375
8.571428571428571 2.34515859375
8.607142857142858 2.326865625
8.642857142857142 2.3195484375
8.678571428571429 2.31588984375
8.714285714285714 2.31588984375
8.75 2.31223125
8.785714285714286 2.30857265625
8.821428571428571 2.3195484375
8.857142857142858 2.31223125
8.892857142857142 2.30857265625
8.928571428571429 2.297596875
8.964285714285714 2.29393828125
9.0 2.2902796875
9.035714285714286 2.2902796875
9.071428571428571 2.2902796875
9.107142857142858 2.297596875
9.142857142857142 2.2902796875
9.178571428571429 2.2829625
9.214285714285714 2.27930390625
9.25 2.27198671875
9.285714285714286 2.268328125
9.321428571428571 2.268328125
9.357142857142858 2.26466953125
9.392857142857142 2.25735234375
9.428571428571429 2.2756453125
9.464285714285714 2.268328125
9.5 2.26466953125
9.535714285714286 2.26466953125
9.571428571428571 2.2610109375
9.607142857142858 2.2610109375
9.642857142857142 2.2610109375
9.678571428571429 2.25369375
9.714285714285714 2.26466953125
9.75 2.2610109375
9.785714285714286 2.25735234375
9.821428571428571 2.25003515625
9.857142857142858 2.24271796875
9.892857142857142 2.239059375
9.928571428571429 2.239059375
9.964285714285714 2.239059375
10.035714285714286 2.239059375
10.071428571428571 2.24271796875
10.107142857142858 2.2317421875
10.142857142857142 2.22808359375
10.178571428571429 2.224425
10.214285714285714 2.22076640625
10.25 2.22076640625
10.285714285714286 2.22076640625
10.321428571428571 2.22808359375
10.357142857142858 2.224425
10.392857142857142 2.22076640625
10.428571428571429 2.2171078125
10.464285714285714 2.21344921875
10.5 2.20613203125
10.535714285714286 2.20613203125
10.607142857142858 2.20613203125
10.642857142857142 2.2024734375
10.678571428571429 2.2024734375
10.714285714285714 2.19515625
10.75 2.19149765625
10.785714285714286 2.18418046875
10.821428571428571 2.180521875
10.857142857142858 2.17686328125
10.892857142857142 2.17686328125
10.928571428571429 2.180521875
10.964285714285714 2.17686328125
11.0 2.1658875
11.035714285714286 2.1585703125
11.071428571428571 2.15491171875
11.107142857142858 2.151253125
11.142857142857142 2.151253125
11.178571428571429 2.14759453125
11.214285714285714 2.14759453125
11.25 2.14759453125
11.285714285714286 2.14759453125
11.321428571428571 2.1402773437500002
11.357142857142858 2.13296015625
11.392857142857142 2.1293015625
11.428571428571429 2.1293015625
11.464285714285714 2.1293015625
11.5 2.12564296875
11.535714285714286 2.1293015625
11.571428571428571 2.1293015625
11.607142857142858 2.11832578125
11.642857142857142 2.11100859375
11.678571428571429 2.10369140625
11.714285714285714 2.10369140625
11.75 2.1000328125
11.785714285714286 2.1000328125
11.821428571428571 2.09637421875
11.857142857142858 2.1000328125
11.892857142857142 2.092715625
11.928571428571429 2.0853984375
11.964285714285714 2.07808125
12.0 2.07442265625
12.035714285714286 2.0707640625
12.071428571428571 2.0707640625
12.107142857142858 2.063446875
12.142857142857142 2.08173984375
12.178571428571429 2.07442265625
12.214285714285714 2.06710546875
12.25 2.05978828125
12.285714285714286 2.05247109375
12.321428571428571 2.05247109375
12.357142857142858 2.0488125
12.392857142857142 2.04515390625
12.428571428571429 2.063446875
12.464285714285714 2.0561296875
12.5 2.0488125
12.535714285714286 2.0414953125
12.571428571428571 2.034178125
12.607142857142858 2.03051953125
12.642857142857142 2.03051953125
12.678571428571429 2.0268609375
12.714285714285714 2.02320234375
12.75 2.034178125
12.785714285714286 2.03051953125
12.821428571428571 2.01954375
12.857142857142858 2.01588515625
12.892857142857142 2.0122265625
12.928571428571429 2.0122265625
12.964285714285714 2.0122265625
13.0 2.00125078125
13.071428571428571 2.01588515625
13.107142857142858 2.004909375
13.142857142857142 1.99393359375
13.178571428571429 1.9975921875
13.214285714285714 1.990275
13.25 1.98661640625
13.285714285714286 1.9829578125
13.321428571428571 1.99393359375
13.357142857142858 1.990275
13.392857142857142 1.9829578125
13.428571428571429 1.975640625
13.464285714285714 1.96466484375
13.5 1.96100625
13.535714285714286 1.95734765625
13.571428571428571 1.9536890625
13.607142857142858 1.96100625
13.642857142857142 1.96466484375
13.678571428571429 1.96100625
13.714285714285714 1.95734765625
13.75 1.946371875
13.785714285714286 1.94271328125
13.821428571428571 1.94271328125
13.857142857142858 1.9390546875
13.892857142857142 1.93539609375
13.928571428571429 1.9390546875
13.964285714285714 1.9390546875
14.0 1.9390546875
14.035714285714286 1.93539609375
14.071428571428571 1.9280789062500001
14.107142857142858 1.917103125
14.142857142857142 1.917103125
14.178571428571429 1.917103125
14.214285714285714 1.92076171875
14.25 1.92076171875
14.285714285714286 1.92076171875
14.321428571428571 1.91344453125
14.357142857142858 1.90612734375
14.392857142857142 1.90246875
14.428571428571429 1.89881015625
14.464285714285714 1.89881015625
14.5 1.89881015625
14.535714285714286 1.90246875
14.571428571428571 1.90246875
14.607142857142858 1.8951515625
14.642857142857142 1.887834375
14.678571428571429 1.88417578125
14.714285714285714 1.88417578125
14.75 1.8805171875
14.821428571428571 1.87685859375
14.857142857142858 1.89149296875
14.892857142857142 1.88417578125
14.928571428571429 1.87685859375
14.964285714285714 1.86954140625
15.0 1.86222421875
15.035714285714286 1.858565625
15.071428571428571 1.858565625
15.107142857142858 1.85490703125
15.142857142857142 1.86954140625
15.178571428571429 1.86222421875
15.214285714285714 1.85490703125
15.25 1.8512484375
15.285714285714286 1.84027265625
15.321428571428571 1.8366140625
15.357142857142858 1.83295546875
15.392857142857142 1.83295546875
15.428571428571429 1.82563828125
15.464285714285714 1.84393125
15.5 1.829296875
15.535714285714286 1.829296875
15.571428571428571 1.8219796875
15.607142857142858 1.8073453125
15.642857142857142 1.8073453125
15.678571428571429 1.8073453125
15.714285714285714 1.800028125
15.75 1.81832109375
15.785714285714286 1.8146625
15.821428571428571 1.8073453125
15.857142857142858 1.800028125
15.892857142857142 1.79636953125
15.928571428571429 1.78905234375
15.964285714285714 1.7853937500000001
16.0 1.7780765625
16.035714285714285 1.800028125
16.071428571428573 1.800028125
16.107142857142858 1.78905234375
16.142857142857142 1.7817351562500001
16.178571428571427 1.77441796875
16.214285714285715 1.76710078125
16.25 1.76710078125
16.285714285714285 1.76710078125
16.321428571428573 1.7634421875
16.357142857142858 1.770759375
16.392857142857142 1.770759375
16.428571428571427 1.756125
16.464285714285715 1.756125
16.5 1.741490625
16.535714285714285 1.741490625
16.571428571428573 1.741490625
16.642857142857142 1.75246640625
16.678571428571427 1.7488078125
16.714285714285715 1.74514921875
16.75 1.7341734375
16.785714285714285 1.73051484375
16.821428571428573 1.72685625
16.857142857142858 1.72319765625
16.928571428571427 1.73051484375
16.964285714285715 1.73051484375
17.0 1.72319765625
17.035714285714285 1.71588046875
17.142857142857142 1.6975875
17.178571428571427 1.6975875
17.25 1.7049046875
17.285714285714285 1.6975875
17.321428571428573 1.6975875
17.357142857142858 1.68661171875
17.392857142857142 1.682953125
17.428571428571427 1.682953125
17.464285714285715 1.67929453125
17.5 1.67929453125
17.535714285714285 1.6756359375
17.571428571428573 1.682953125
17.607142857142858 1.67929453125
17.642857142857142 1.67197734375
17.678571428571427 1.66466015625
17.714285714285715 1.65734296875
17.75 1.653684375
17.785714285714285 1.653684375
17.857142857142858 1.6610015625
17.892857142857142 1.65734296875
17.928571428571427 1.65002578125
17.964285714285715 1.6427085937500001
18.0 1.63539140625
18.035714285714285 1.6317328125
18.071428571428573 1.6317328125
18.107142857142858 1.6317328125
18.142857142857142 1.62807421875
18.178571428571427 1.6390500000000001
18.214285714285715 1.6317328125
18.25 1.62807421875
18.285714285714285 1.62075703125
18.321428571428573 1.6170984375
18.357142857142858 1.60978125
18.392857142857142 1.60978125
18.428571428571427 1.6024640625
18.464285714285715 1.6170984375
18.5 1.60978125
18.535714285714285 1.60612265625
18.571428571428573 1.6024640625
18.607142857142858 1.595146875
18.642857142857142 1.59148828125
18.678571428571427 1.5878296875
18.714285714285715 1.5878296875
18.75 1.6024640625
18.785714285714285 1.6024640625
18.821428571428573 1.5878296875
18.857142857142858 1.58417109375
18.892857142857142 1.57685390625
18.928571428571427 1.5731953125
18.964285714285715 1.5731953125
19.0 1.56953671875
19.035714285714285 1.565878125
19.071428571428573 1.5805125
19.107142857142858 1.5731953125
19.142857142857142 1.5731953125
19.178571428571427 1.565878125
19.214285714285715 1.56221953125
19.25 1.55490234375
19.285714285714285 1.55490234375
19.357142857142858 1.56221953125
19.392857142857142 1.5585609375
19.428571428571427 1.55490234375
19.464285714285715 1.54758515625
19.5 1.54026796875
19.535714285714285 1.53295078125
19.571428571428573 1.5292921875
19.607142857142858 1.53295078125
19.678571428571427 1.54026796875
19.714285714285715 1.536609375
19.75 1.521975
19.785714285714285 1.5146578125
19.821428571428573 1.50368203125
19.857142857142858 1.50368203125
19.892857142857142 1.50368203125
19.964285714285715 1.507340625
20.0 1.507340625
20.035714285714285 1.50368203125
20.071428571428573 1.4963648437500001
20.107142857142858 1.4853890625
20.178571428571427 1.48173046875
20.214285714285715 1.48173046875
20.25 1.4853890625
20.285714285714285 1.4853890625
20.321428571428573 1.4853890625
20.357142857142858 1.478071875
20.392857142857142 1.47441328125
20.428571428571427 1.4707546875
20.464285714285715 1.46709609375
20.5 1.46709609375
20.535714285714285 1.46709609375
20.571428571428573 1.46709609375
