0.03571428571428571 2.17686328125
0.07142857142857142 2.151253125
0.10714285714285714 2.1293015625
0.14285714285714285 2.121984375
0.17857142857142858 2.1146671875
0.21428571428571427 2.1146671875
0.25 2.11100859375
0.2857142857142857 2.11100859375
0.32142857142857145 2.10735
0.35714285714285715 2.10369140625
0.39285714285714285 2.10369140625
0.42857142857142855 2.10369140625
0.4642857142857143 2.10369140625
0.5 2.10735
0.5357142857142857 2.2902796875
0.5714285714285714 2.2902796875
0.6071428571428571 2.2902796875
0.6428571428571429 2.10735
0.6785714285714286 2.2902796875
0.7142857142857143 2.10735
0.75 2.10735
0.7857142857142857 2.10735
0.8214285714285714 2.10735
0.9285714285714286 2.09637421875
1.1071428571428572 2.27930390625
1.25 2.15491171875
1.2857142857142858 2.15491171875
1.3214285714285714 2.151253125
1.3571428571428572 2.14759453125
1.3928571428571428 2.1439359375
1.4285714285714286 2.1439359375
1.4642857142857142 2.1439359375
1.5 2.1439359375
1.5357142857142858 2.1439359375
1.5714285714285714 2.1439359375
1.6071428571428572 2.14759453125
1.6428571428571428 2.14759453125
1.6785714285714286 2.14759453125
1.7142857142857142 2.14759453125
1.75 2.14759453125
1.7857142857142858 2.14759453125
1.8214285714285714 2.14759453125
1.8571428571428572 2.1439359375
1.8928571428571428 2.1439359375
1.9285714285714286 2.1439359375
2.1785714285714284 2.25003515625
2.357142857142857 2.15491171875
2.392857142857143 2.151253125
2.4285714285714284 2.14759453125
2.4642857142857144 2.1402773437500002
2.5 2.13661875
2.5357142857142856 2.13296015625
2.5714285714285716 2.1293015625
2.607142857142857 2.1293015625
2.642857142857143 2.12564296875
2.6785714285714284 2.12564296875
2.7142857142857144 2.1293015625
2.75 2.1293015625
2.7857142857142856 2.1293015625
2.8214285714285716 2.1293015625
2.857142857142857 2.1293015625
2.892857142857143 2.1293015625
2.9285714285714284 2.1293015625
2.9642857142857144 2.1293015625
3.0 2.1293015625
3.0357142857142856 2.1293015625
3.0714285714285716 2.1293015625
3.107142857142857 2.11832578125
3.5 2.151253125
3.5357142857142856 2.14759453125
3.5714285714285716 2.14759453125
3.607142857142857 2.13296015625
3.642857142857143 2.13296015625
3.6785714285714284 2.1293015625
3.7142857142857144 2.1293015625
3.75 2.1293015625
3.7857142857142856 2.1293015625
3.8214285714285716 2.1293015625
3.857142857142857 2.1293015625
3.892857142857143 2.1293015625
3.9285714285714284 2.13296015625
3.9642857142857144 2.13296015625
4.0 2.13296015625
4.035714285714286 2.13296015625
4.071428571428571 2.13661875
4.107142857142857 2.13661875
4.142857142857143 2.13296015625
4.178571428571429 2.13296015625
4.428571428571429 2.23540078125
4.464285714285714 2.28662109375
4.571428571428571 2.151253125
4.607142857142857 2.1439359375
4.642857142857143 2.13661875
4.678571428571429 2.1293015625
4.714285714285714 2.12564296875
4.75 2.121984375
4.785714285714286 2.11832578125
4.821428571428571 2.11832578125
4.857142857142857 2.11832578125
4.892857142857143 2.11832578125
4.928571428571429 2.11832578125
4.964285714285714 2.11832578125
5.0 2.121984375
5.035714285714286 2.121984375
5.071428571428571 2.121984375
5.107142857142857 2.121984375
5.142857142857143 2.121984375
5.178571428571429 2.121984375
5.214285714285714 2.121984375
5.25 2.121984375
5.285714285714286 2.121984375
5.464285714285714 2.0853984375
5.5 2.16222890625
5.535714285714286 2.25735234375
5.571428571428571 2.20613203125
5.678571428571429 2.121984375
5.714285714285714 2.11100859375
5.75 2.1000328125
5.785714285714286 2.092715625
5.821428571428571 2.0853984375
5.857142857142857 2.07808125
5.892857142857143 2.07442265625
5.928571428571429 2.0707640625
5.964285714285714 2.0707640625
6.0 2.0707640625
6.035714285714286 2.0707640625
6.071428571428571 2.0707640625
6.107142857142857 2.0707640625
6.142857142857143 2.0707640625
6.178571428571429 2.0707640625
6.214285714285714 2.0707640625
6.25 2.0707640625
6.285714285714286 2.0707640625
6.321428571428571 2.0707640625
6.357142857142857 2.06710546875
6.392857142857143 2.06710546875
6.5 2.0488125
6.607142857142857 2.08905703125
6.642857142857143 2.092715625
6.714285714285714 2.1585703125
6.75 2.09637421875
6.785714285714286 2.08173984375
6.821428571428571 2.0707640625
6.857142857142857 2.05978828125
6.892857142857143 2.05247109375
6.928571428571429 2.04515390625
6.964285714285714 2.03783671875
7.0 2.034178125
7.035714285714286 2.03051953125
7.071428571428571 2.0268609375
7.107142857142857 2.0268609375
7.142857142857143 2.0268609375
7.178571428571429 2.02320234375
7.214285714285714 2.02320234375
7.25 2.02320234375
7.285714285714286 2.02320234375
7.321428571428571 2.02320234375
7.357142857142857 2.02320234375
7.392857142857143 2.02320234375
7.428571428571429 2.02320234375
7.464285714285714 2.02320234375
7.5 2.01954375
7.535714285714286 2.01954375
7.607142857142857 2.00125078125
7.642857142857143 2.00125078125
7.75 2.08173984375
7.785714285714286 2.180521875
7.821428571428571 2.08905703125
7.857142857142857 2.06710546875
7.892857142857143 2.05247109375
7.928571428571429 2.0414953125
7.964285714285714 2.034178125
8.0 2.0268609375
8.035714285714286 2.01954375
8.071428571428571 2.01588515625
8.107142857142858 2.00856796875
8.142857142857142 2.004909375
8.178571428571429 2.004909375
8.214285714285714 2.004909375
8.25 2.004909375
8.285714285714286 2.004909375
8.321428571428571 2.004909375
8.357142857142858 2.004909375
8.392857142857142 2.004909375
8.428571428571429 2.004909375
8.464285714285714 2.004909375
8.5 2.004909375
8.535714285714286 2.004909375
8.571428571428571 2.004909375
8.607142857142858 2.00125078125
8.642857142857142 2.00125078125
8.857142857142858 2.08905703125
8.892857142857142 2.08905703125
8.928571428571429 2.11832578125
8.964285714285714 2.07442265625
9.0 2.05247109375
9.035714285714286 2.05247109375
9.071428571428571 2.03783671875
9.107142857142858 2.03051953125
9.142857142857142 2.0268609375
9.178571428571429 2.02320234375
9.214285714285714 2.01954375
9.25 2.01588515625
9.285714285714286 2.01588515625
9.321428571428571 2.01588515625
9.357142857142858 2.0122265625
9.392857142857142 2.01588515625
9.428571428571429 2.01588515625
9.464285714285714 2.01588515625
9.5 2.01588515625
9.535714285714286 2.0122265625
9.571428571428571 2.0122265625
9.607142857142858 2.0122265625
9.642857142857142 2.0122265625
9.678571428571429 2.0122265625
9.714285714285714 2.0122265625
9.75 2.00856796875
10.0 2.16222890625
10.035714285714286 2.08905703125
10.071428571428571 2.063446875
10.107142857142858 2.04515390625
10.142857142857142 2.034178125
10.178571428571429 2.0268609375
10.214285714285714 2.01954375
10.25 2.0122265625
10.285714285714286 2.004909375
10.321428571428571 2.00125078125
10.357142857142858 1.9975921875
10.392857142857142 1.9975921875
10.428571428571429 1.99393359375
10.464285714285714 1.99393359375
10.5 1.99393359375
10.535714285714286 1.99393359375
10.571428571428571 1.99393359375
10.607142857142858 1.99393359375
10.642857142857142 1.99393359375
10.678571428571429 1.99393359375
10.714285714285714 1.99393359375
10.75 1.99393359375
10.785714285714286 1.99393359375
10.821428571428571 1.990275
10.857142857142858 1.990275
11.107142857142858 2.0707640625
11.142857142857142 2.1000328125
11.178571428571429 2.05978828125
11.214285714285714 2.1585703125
11.25 2.1585703125
11.285714285714286 2.1585703125
11.321428571428571 2.0122265625
11.357142857142858 1.9975921875
11.392857142857142 1.99393359375
11.428571428571429 1.98661640625
11.464285714285714 1.9829578125
11.5 1.9829578125
11.535714285714286 1.9829578125
11.571428571428571 1.9829578125
11.607142857142858 1.9829578125
11.642857142857142 1.9829578125
11.678571428571429 1.9829578125
11.714285714285714 1.9829578125
11.75 1.9829578125
11.785714285714286 1.97929921875
11.821428571428571 1.97929921875
11.857142857142858 1.97929921875
11.892857142857142 1.97929921875
11.928571428571429 1.97929921875
11.964285714285714 1.97929921875
12.0 1.975640625
12.214285714285714 2.0414953125
12.25 2.08905703125
12.285714285714286 2.08905703125
12.321428571428571 2.07808125
12.357142857142858 2.03783671875
12.392857142857142 2.01588515625
12.428571428571429 2.14759453125
12.464285714285714 2.14759453125
12.5 1.9975921875
12.535714285714286 1.990275
12.571428571428571 1.98661640625
12.607142857142858 1.975640625
12.642857142857142 1.975640625
12.678571428571429 1.975640625
12.714285714285714 1.975640625
12.75 1.975640625
12.785714285714286 1.975640625
12.821428571428571 1.97198203125
12.857142857142858 1.97198203125
12.892857142857142 1.97198203125
12.928571428571429 1.97198203125
12.964285714285714 1.97198203125
13.0 1.97198203125
13.035714285714286 1.97198203125
13.071428571428571 1.9683234375
13.107142857142858 1.9683234375
13.178571428571429 1.946371875
13.214285714285714 1.946371875
13.321428571428571 2.06710546875
13.357142857142858 2.1293015625
13.392857142857142 2.0561296875
13.428571428571429 2.034178125
13.464285714285714 2.01588515625
13.5 2.004909375
13.535714285714286 1.99393359375
13.571428571428571 1.98661640625
13.607142857142858 1.97198203125
13.642857142857142 1.9683234375
13.678571428571429 1.96466484375
13.714285714285714 1.9683234375
13.75 1.96466484375
13.785714285714286 1.96466484375
13.821428571428571 1.96100625
13.857142857142858 1.96100625
13.892857142857142 1.95734765625
13.928571428571429 1.95734765625
13.964285714285714 1.95734765625
14.0 1.95734765625
14.035714285714286 1.95734765625
14.071428571428571 1.95734765625
14.107142857142858 1.9536890625
14.142857142857142 1.9536890625
14.178571428571429 1.9536890625
14.214285714285714 1.9536890625
14.428571428571429 1.98661640625
14.464285714285714 2.05247109375
14.5 2.0707640625
14.535714285714286 2.02320234375
14.571428571428571 2.00856796875
14.607142857142858 1.99393359375
14.642857142857142 1.98661640625
14.678571428571429 1.97929921875
14.714285714285714 1.975640625
14.75 1.9683234375
14.785714285714286 1.96466484375
14.821428571428571 1.96466484375
14.857142857142858 1.96100625
14.892857142857142 1.96100625
14.928571428571429 1.96100625
14.964285714285714 1.96100625
15.0 1.96100625
15.035714285714286 1.96100625
15.071428571428571 1.96100625
15.107142857142858 1.96100625
15.142857142857142 1.96100625
15.178571428571429 1.96100625
15.214285714285714 1.96100625
15.25 1.96100625
15.285714285714286 1.96100625
15.321428571428571 1.95734765625
15.428571428571429 1.9390546875
15.535714285714286 2.0707640625
15.571428571428571 2.06710546875
15.607142857142858 2.063446875
15.642857142857142 2.04515390625
15.678571428571429 2.01954375
15.714285714285714 2.00125078125
15.75 1.990275
15.785714285714286 1.97929921875
15.821428571428571 1.97198203125
15.857142857142858 1.96466484375
15.892857142857142 1.95734765625
15.928571428571429 1.9536890625
15.964285714285714 1.95003046875
16.0 1.946371875
16.035714285714285 1.946371875
16.071428571428573 1.946371875
16.107142857142858 1.946371875
16.142857142857142 1.946371875
16.178571428571427 1.946371875
16.214285714285715 1.946371875
16.25 1.946371875
16.285714285714285 1.946371875
16.321428571428573 1.94271328125
16.357142857142858 1.94271328125
16.392857142857142 1.94271328125
16.428571428571427 1.94271328125
16.464285714285715 1.94271328125
16.678571428571427 2.0707640625
16.714285714285715 2.0707640625
16.75 2.03783671875
16.785714285714285 2.01954375
16.821428571428573 1.99393359375
16.857142857142858 2.10735
16.892857142857142 1.95734765625
16.928571428571427 1.95003046875
16.964285714285715 1.94271328125
17.0 1.93539609375
17.035714285714285 1.9317375
17.071428571428573 1.9280789062500001
17.107142857142858 1.9280789062500001
17.142857142857142 1.9280789062500001
17.178571428571427 1.9244203125000001
17.214285714285715 1.9244203125000001
17.25 1.9244203125000001
17.285714285714285 1.9244203125000001
17.321428571428573 1.92076171875
17.357142857142858 1.92076171875
17.392857142857142 1.92076171875
17.428571428571427 1.92076171875
17.464285714285715 1.92076171875
17.5 1.92076171875
17.535714285714285 1.92076171875
17.571428571428573 1.917103125
17.75 1.95003046875
17.785714285714285 1.946371875
17.821428571428573 2.07808125
17.857142857142858 1.9829578125
17.892857142857142 1.96466484375
17.928571428571427 1.9536890625
17.964285714285715 1.946371875
18.0 1.93539609375
18.035714285714285 1.9280789062500001
18.071428571428573 1.92076171875
18.107142857142858 1.917103125
18.142857142857142 1.91344453125
18.178571428571427 1.9097859375
18.214285714285715 1.9097859375
18.25 1.9097859375
18.285714285714285 1.9097859375
18.321428571428573 1.9097859375
18.357142857142858 1.9097859375
18.392857142857142 1.9097859375
18.428571428571427 1.9097859375
18.464285714285715 1.91344453125
18.5 1.91344453125
18.535714285714285 1.9097859375
18.571428571428573 1.9097859375
18.607142857142858 1.9097859375
18.642857142857142 1.9097859375
18.678571428571427 1.9097859375
18.892857142857142 2.0122265625
18.928571428571427 2.0488125
18.964285714285715 2.00125078125
19.0 1.97929921875
19.035714285714285 1.95003046875
19.071428571428573 1.9280789062500001
19.107142857142858 1.90246875
19.142857142857142 1.90246875
19.178571428571427 1.8951515625
19.214285714285715 1.887834375
19.25 1.8805171875
19.285714285714285 1.87685859375
19.321428571428573 1.87685859375
19.357142857142858 1.8732
19.392857142857142 1.87685859375
19.428571428571427 1.8732
19.464285714285715 1.8732
19.5 1.8732
19.535714285714285 1.87685859375
19.571428571428573 1.8732
19.607142857142858 1.8732
19.642857142857142 1.8732
19.678571428571427 1.8732
19.714285714285715 1.8732
19.75 1.8732
19.785714285714285 1.8732
19.892857142857142 1.8512484375
20.035714285714285 2.01588515625
20.071428571428573 2.01588515625
20.107142857142858 1.975640625
20.142857142857142 1.946371875
20.178571428571427 1.91344453125
20.214285714285715 1.91344453125
20.25 1.88417578125
20.285714285714285 1.87685859375
20.321428571428573 2.02320234375
20.357142857142858 2.01954375
20.392857142857142 1.85490703125
20.428571428571427 1.8512484375
20.464285714285715 1.8512484375
20.5 1.84758984375
20.535714285714285 1.84758984375
20.571428571428573 2.01954375
20.607142857142858 1.84393125
20.642857142857142 1.84393125
20.678571428571427 1.84393125
20.714285714285715 1.84393125
20.75 1.84393125
20.785714285714285 1.84393125
20.821428571428573 2.01954375
20.857142857142858 1.84393125
20.892857142857142 1.84393125
20.928571428571427 1.84393125
21.142857142857142 2.0122265625
21.178571428571427 1.990275
21.214285714285715 1.96100625
21.25 1.9317375
21.285714285714285 1.9097859375
21.321428571428573 1.8951515625
21.357142857142858 1.88417578125
21.392857142857142 1.8658828125
21.428571428571427 1.8658828125
21.464285714285715 2.01588515625
21.5 1.84758984375
21.535714285714285 1.84393125
21.571428571428573 1.84393125
21.607142857142858 1.84393125
21.642857142857142 1.84027265625
21.678571428571427 1.84393125
21.714285714285715 1.84027265625
21.75 1.84393125
21.785714285714285 1.84393125
21.821428571428573 1.84393125
21.857142857142858 1.84393125
21.892857142857142 1.84393125
21.928571428571427 1.84393125
21.964285714285715 1.84393125
22.0 1.84393125
22.25 2.0122265625
22.285714285714285 2.01588515625
22.321428571428573 1.9975921875
22.357142857142858 1.94271328125
22.392857142857142 1.94271328125
22.428571428571427 1.917103125
22.464285714285715 1.90612734375
22.5 1.88417578125
22.535714285714285 1.87685859375
22.571428571428573 1.86954140625
22.607142857142858 2.02320234375
22.642857142857142 2.02320234375
22.678571428571427 2.01954375
22.714285714285715 1.85490703125
22.75 1.85490703125
22.785714285714285 1.8512484375
22.821428571428573 1.8512484375
22.857142857142858 2.01954375
22.892857142857142 2.01954375
22.928571428571427 2.01954375
22.964285714285715 2.01954375
23.0 2.01588515625
23.035714285714285 2.01954375
23.071428571428573 2.01588515625
23.107142857142858 2.01954375
23.142857142857142 1.84027265625
23.321428571428573 1.89149296875
23.357142857142858 2.02320234375
23.392857142857142 1.9683234375
23.428571428571427 1.92076171875
23.464285714285715 1.9097859375
23.5 1.90612734375
23.535714285714285 1.90246875
23.571428571428573 1.8951515625
23.607142857142858 1.89149296875
23.642857142857142 1.88417578125
23.678571428571427 1.8805171875
23.714285714285715 1.87685859375
23.75 1.87685859375
23.785714285714285 1.8732
23.821428571428573 1.86954140625
23.857142857142858 1.86954140625
23.892857142857142 1.86954140625
23.928571428571427 1.86954140625
23.964285714285715 1.86954140625
24.0 1.86954140625
24.035714285714285 1.8658828125
24.071428571428573 1.8658828125
24.107142857142858 1.8658828125
24.142857142857142 1.8658828125
24.178571428571427 1.8658828125
24.214285714285715 1.8658828125
24.464285714285715 2.00856796875
24.5 2.01954375
24.535714285714285 1.9829578125
24.571428571428573 1.96100625
24.607142857142858 1.9244203125000001
24.642857142857142 1.91344453125
24.678571428571427 1.91344453125
24.714285714285715 1.90246875
24.75 1.887834375
24.785714285714285 1.88417578125
24.821428571428573 1.8805171875
24.857142857142858 1.87685859375
24.892857142857142 1.87685859375
24.928571428571427 1.8732
24.964285714285715 1.8732
25.0 1.86954140625
25.035714285714285 1.86954140625
25.071428571428573 1.86954140625
25.107142857142858 1.86954140625
25.142857142857142 1.86954140625
25.178571428571427 1.8658828125
25.214285714285715 1.86954140625
25.25 1.8658828125
25.285714285714285 1.8658828125
25.321428571428573 1.8658828125
25.357142857142858 1.8658828125
25.607142857142858 1.96100625
25.642857142857142 1.96100625
25.678571428571427 1.9244203125000001
25.714285714285715 1.89149296875
25.75 1.85490703125
25.785714285714285 1.84393125
25.821428571428573 1.83295546875
25.857142857142858 1.8219796875
25.892857142857142 1.8146625
25.928571428571427 1.81100390625
25.964285714285715 1.8073453125
26.0 1.8073453125
26.035714285714285 1.80368671875
26.071428571428573 1.80368671875
26.107142857142858 1.80368671875
26.142857142857142 1.80368671875
26.178571428571427 1.80368671875
26.214285714285715 1.800028125
26.25 1.800028125
26.285714285714285 1.800028125
26.321428571428573 1.800028125
26.357142857142858 1.800028125
26.392857142857142 1.800028125
26.428571428571427 1.800028125
26.464285714285715 1.800028125
26.5 1.79636953125
26.642857142857142 1.7817351562500001
26.678571428571427 1.8512484375
26.714285714285715 1.97198203125
26.75 1.91344453125
26.785714285714285 1.87685859375
26.821428571428573 1.858565625
26.857142857142858 1.84758984375
26.892857142857142 1.84027265625
26.928571428571427 1.829296875
26.964285714285715 1.8219796875
27.0 1.8073453125
27.035714285714285 1.8073453125
27.071428571428573 1.80368671875
27.107142857142858 1.80368671875
27.142857142857142 1.80368671875
27.178571428571427 1.80368671875
27.214285714285715 1.80368671875
27.25 1.80368671875
27.285714285714285 1.8073453125
27.321428571428573 1.8073453125
27.357142857142858 1.80368671875
27.392857142857142 1.8073453125
27.428571428571427 1.8073453125
27.464285714285715 1.8073453125
27.5 1.8073453125
27.535714285714285 1.8073453125
27.571428571428573 1.8073453125
27.678571428571427 1.78905234375
27.821428571428573 1.95734765625
27.857142857142858 1.94271328125
27.892857142857142 1.94271328125
27.928571428571427 1.9280789062500001
27.964285714285715 1.90612734375
28.0 1.82563828125
28.035714285714285 1.8073453125
28.071428571428573 1.9536890625
28.107142857142858 1.9536890625
28.142857142857142 1.95003046875
28.178571428571427 1.95003046875
28.214285714285715 1.770759375
28.25 1.76710078125
28.285714285714285 1.76710078125
28.321428571428573 1.7634421875
28.357142857142858 1.7634421875
28.392857142857142 1.7634421875
28.428571428571427 1.7634421875
28.464285714285715 1.7634421875
28.5 1.75978359375
28.535714285714285 1.75978359375
28.571428571428573 1.75978359375
28.607142857142858 1.75978359375
28.642857142857142 1.75978359375
28.678571428571427 1.75978359375
28.714285714285715 1.756125
28.892857142857142 1.8219796875
28.928571428571427 1.81832109375
28.964285714285715 1.9683234375
29.0 1.8658828125
29.035714285714285 1.85490703125
29.071428571428573 1.84758984375
29.107142857142858 1.84027265625
29.142857142857142 1.83295546875
29.178571428571427 1.82563828125
29.214285714285715 1.8219796875
29.25 1.81832109375
29.285714285714285 1.8146625
29.321428571428573 1.8073453125
29.357142857142858 1.80368671875
29.392857142857142 1.80368671875
29.428571428571427 1.80368671875
29.464285714285715 1.80368671875
29.5 1.80368671875
29.535714285714285 1.80368671875
29.571428571428573 1.80368671875
29.607142857142858 1.80368671875
29.642857142857142 1.800028125
29.678571428571427 1.800028125
29.714285714285715 1.800028125
29.75 1.800028125
29.785714285714285 1.800028125
29.821428571428573 1.79636953125
30.035714285714285 1.89881015625
30.071428571428573 1.97198203125
30.107142857142858 1.89149296875
30.142857142857142 1.86222421875
30.178571428571427 1.84758984375
30.214285714285715 1.8366140625
30.25 1.8146625
30.285714285714285 1.8146625
30.321428571428573 1.80368671875
30.357142857142858 1.7927109375
30.392857142857142 1.78905234375
30.428571428571427 1.78905234375
30.464285714285715 1.7853937500000001
30.5 1.7853937500000001
30.535714285714285 1.7853937500000001
30.571428571428573 1.7853937500000001
30.607142857142858 1.7817351562500001
30.642857142857142 1.7817351562500001
30.678571428571427 1.7817351562500001
30.714285714285715 1.7817351562500001
30.75 1.7817351562500001
30.785714285714285 1.7780765625
30.821428571428573 1.7780765625
30.857142857142858 1.7780765625
30.892857142857142 1.7780765625
30.928571428571427 1.7780765625
31.142857142857142 1.8732
31.178571428571427 1.8951515625
31.214285714285715 1.8951515625
31.25 1.81832109375
31.285714285714285 1.81100390625
31.321428571428573 1.80368671875
31.357142857142858 1.79636953125
31.392857142857142 1.78905234375
31.428571428571427 1.7853937500000001
31.464285714285715 1.7817351562500001
31.5 1.7817351562500001
31.535714285714285 1.7780765625
31.571428571428573 1.7780765625
31.607142857142858 1.77441796875
31.642857142857142 1.77441796875
31.678571428571427 1.77441796875
31.714285714285715 1.77441796875
31.75 1.77441796875
31.785714285714285 1.77441796875
31.821428571428573 1.77441796875
31.857142857142858 1.77441796875
31.892857142857142 1.77441796875
31.928571428571427 1.77441796875
31.964285714285715 1.77441796875
32.0 1.77441796875
32.035714285714285 1.770759375
32.07142857142857 1.770759375
32.107142857142854 1.75978359375
32.25 1.9390546875
32.285714285714285 1.93539609375
32.32142857142857 1.887834375
32.357142857142854 1.8658828125
32.392857142857146 1.8366140625
32.42857142857143 1.81100390625
32.464285714285715 1.79636953125
32.5 1.94271328125
32.535714285714285 1.94271328125
32.57142857142857 1.77441796875
32.607142857142854 1.76710078125
32.642857142857146 1.7634421875
32.67857142857143 1.75978359375
32.714285714285715 1.7634421875
32.75 1.75978359375
32.785714285714285 1.75978359375
32.82142857142857 1.75978359375
32.857142857142854 1.75978359375
32.892857142857146 1.75978359375
32.92857142857143 1.7634421875
32.964285714285715 1.7634421875
33.0 1.7634421875
33.035714285714285 1.7634421875
33.07142857142857 1.7634421875
33.107142857142854 1.75978359375
33.142857142857146 1.75978359375
33.392857142857146 1.8658828125
33.42857142857143 1.8805171875
33.464285714285715 1.829296875
33.5 1.7927109375
33.535714285714285 1.7927109375
33.57142857142857 1.7780765625
33.607142857142854 1.756125
33.642857142857146 1.7488078125
33.67857142857143 1.74514921875
33.714285714285715 1.741490625
33.75 1.73783203125
33.785714285714285 1.73783203125
33.82142857142857 1.73783203125
33.857142857142854 1.73783203125
33.892857142857146 1.73783203125
33.92857142857143 1.73783203125
33.964285714285715 1.741490625
34.0 1.741490625
34.035714285714285 1.741490625
34.07142857142857 1.741490625
34.107142857142854 1.741490625
34.142857142857146 1.741490625
34.17857142857143 1.741490625
34.214285714285715 1.741490625
34.25 1.741490625
34.285714285714285 1.741490625
34.464285714285715 1.7817351562500001
34.5 1.8951515625
34.535714285714285 1.84393125
34.57142857142857 1.8146625
34.607142857142854 1.800028125
34.642857142857146 1.7817351562500001
34.67857142857143 1.89881015625
34.714285714285715 1.89881015625
34.75 1.89881015625
34.785714285714285 1.73051484375
34.82142857142857 1.72319765625
34.857142857142854 1.7195390625
34.892857142857146 1.7195390625
34.92857142857143 1.71588046875
34.964285714285715 1.71588046875
35.0 1.71588046875
35.035714285714285 1.71588046875
35.07142857142857 1.71588046875
35.107142857142854 1.71588046875
35.142857142857146 1.71588046875
35.17857142857143 1.71588046875
35.214285714285715 1.71588046875
35.25 1.71588046875
35.285714285714285 1.71588046875
35.32142857142857 1.71588046875
35.357142857142854 1.71588046875
35.392857142857146 1.71588046875
35.464285714285715 1.6975875
35.607142857142854 1.82563828125
35.642857142857146 1.95734765625
35.67857142857143 1.81832109375
35.714285714285715 1.800028125
35.75 1.7853937500000001
35.785714285714285 1.9097859375
35.82142857142857 1.7488078125
35.857142857142854 1.741490625
35.892857142857146 1.73783203125
35.92857142857143 1.73051484375
35.964285714285715 1.72685625
36.0 1.72685625
36.035714285714285 1.72685625
36.07142857142857 1.72685625
36.107142857142854 1.72685625
36.142857142857146 1.72685625
36.17857142857143 1.72685625
36.214285714285715 1.72685625
36.25 1.72685625
36.285714285714285 1.72685625
36.32142857142857 1.72685625
36.357142857142854 1.72685625
36.392857142857146 1.72685625
36.42857142857143 1.72685625
36.464285714285715 1.72685625
36.5 1.72685625
36.714285714285715 1.78905234375
36.75 1.85490703125
36.785714285714285 1.8146625
36.82142857142857 1.8146625
36.857142857142854 1.7853937500000001
36.892857142857146 1.7817351562500001
36.92857142857143 1.77441796875
36.964285714285715 1.76710078125
37.0 1.75978359375
37.035714285714285 1.756125
37.07142857142857 1.756125
37.107142857142854 1.75246640625
37.142857142857146 1.75246640625
37.17857142857143 1.75246640625
37.214285714285715 1.75246640625
37.25 1.75246640625
37.285714285714285 1.75246640625
37.32142857142857 1.75246640625
37.357142857142854 1.75246640625
37.392857142857146 1.75246640625
37.42857142857143 1.75246640625
37.464285714285715 1.75246640625
37.5 1.75246640625
37.535714285714285 1.75246640625
37.57142857142857 1.75246640625
37.82142857142857 1.8146625
37.857142857142854 1.9244203125000001
37.892857142857146 1.8146625
37.92857142857143 1.78905234375
37.964285714285715 1.7780765625
38.0 1.770759375
38.035714285714285 1.7634421875
38.07142857142857 1.7634421875
38.107142857142854 1.75246640625
38.142857142857146 1.75246640625
38.17857142857143 1.75246640625
38.214285714285715 1.75246640625
38.25 1.75246640625
38.285714285714285 1.75246640625
38.32142857142857 1.75246640625
38.357142857142854 1.75246640625
38.392857142857146 1.75246640625
38.42857142857143 1.75246640625
38.464285714285715 1.75246640625
38.5 1.75246640625
38.535714285714285 1.75246640625
38.57142857142857 1.75246640625
38.607142857142854 1.75246640625
38.642857142857146 1.75246640625
38.67857142857143 1.756125
38.714285714285715 1.75246640625
38.92857142857143 1.81100390625
38.964285714285715 1.99393359375
39.0 1.83295546875
39.035714285714285 1.83295546875
39.07142857142857 1.81100390625
39.107142857142854 1.7817351562500001
39.142857142857146 1.770759375
39.17857142857143 1.7634421875
39.214285714285715 1.75978359375
39.25 1.756125
39.285714285714285 1.75246640625
39.32142857142857 1.7488078125
39.357142857142854 1.74514921875
39.392857142857146 1.74514921875
39.42857142857143 1.74514921875
39.464285714285715 1.74514921875
39.5 1.74514921875
39.535714285714285 1.74514921875
39.57142857142857 1.74514921875
39.607142857142854 1.74514921875
39.642857142857146 1.741490625
39.67857142857143 1.741490625
39.714285714285715 1.741490625
39.75 1.741490625
39.785714285714285 1.741490625
39.82142857142857 1.741490625
39.92857142857143 1.72685625
