0.03571428571428571 1.52563359375
0.07142857142857142 1.52563359375
0.10714285714285714 1.52563359375
0.14285714285714285 1.52563359375
0.2857142857142857 1.5292921875
0.32142857142857145 1.52563359375
0.35714285714285715 1.52563359375
0.39285714285714285 1.52563359375
0.42857142857142855 1.52563359375
0.4642857142857143 1.52563359375
0.5 1.52563359375
0.5714285714285714 1.52563359375
0.7857142857142857 1.52563359375
0.8571428571428571 1.52563359375
0.8928571428571429 1.521975
0.9285714285714286 1.521975
0.9642857142857143 1.521975
1.0 1.521975
1.0357142857142858 1.521975
1.1785714285714286 1.521975
1.2142857142857142 1.521975
1.25 1.52563359375
1.2857142857142858 1.521975
1.3928571428571428 1.52563359375
1.4642857142857142 1.52563359375
1.5 1.52563359375
1.5357142857142858 1.52563359375
1.5714285714285714 1.52563359375
1.6071428571428572 1.52563359375
1.6428571428571428 1.521975
1.6785714285714286 1.521975
1.7142857142857142 1.521975
1.7857142857142858 1.521975
1.8214285714285714 1.521975
1.8928571428571428 1.521975
1.9285714285714286 1.521975
1.9642857142857142 1.52563359375
2.0 1.521975
2.0714285714285716 1.521975
2.107142857142857 1.521975
2.142857142857143 1.521975
2.1785714285714284 1.521975
2.2142857142857144 1.521975
2.25 1.521975
2.3214285714285716 1.521975
2.357142857142857 1.521975
2.392857142857143 1.521975
2.5 1.52563359375
2.5357142857142856 1.52563359375
2.5714285714285716 1.52563359375
2.6785714285714284 1.52563359375
2.7142857142857144 1.52563359375
2.75 1.52563359375
2.8214285714285716 1.521975
2.857142857142857 1.52563359375
2.892857142857143 1.52563359375
2.9285714285714284 1.521975
2.9642857142857144 1.521975
3.0 1.521975
3.0357142857142856 1.521975
3.0714285714285716 1.521975
3.107142857142857 1.521975
3.142857142857143 1.521975
3.1785714285714284 1.521975
3.2142857142857144 1.521975
3.2857142857142856 1.521975
3.3214285714285716 1.521975
3.357142857142857 1.521975
3.392857142857143 1.521975
3.4285714285714284 1.521975
3.4642857142857144 1.521975
3.5 1.521975
3.607142857142857 1.52563359375
3.642857142857143 1.52563359375
3.6785714285714284 1.52563359375
3.7142857142857144 1.52563359375
3.75 1.52563359375
3.8214285714285716 1.52563359375
3.857142857142857 1.52563359375
3.892857142857143 1.52563359375
3.9285714285714284 1.521975
3.9642857142857144 1.521975
4.035714285714286 1.521975
4.071428571428571 1.521975
4.107142857142857 1.521975
4.178571428571429 1.521975
4.25 1.521975
4.285714285714286 1.521975
4.321428571428571 1.521975
4.357142857142857 1.521975
4.392857142857143 1.521975
4.428571428571429 1.521975
4.464285714285714 1.521975
4.5 1.521975
4.535714285714286 1.521975
4.857142857142857 1.521975
4.928571428571429 1.521975
4.964285714285714 1.521975
5.0 1.52563359375
5.035714285714286 1.521975
5.071428571428571 1.521975
5.142857142857143 1.521975
5.178571428571429 1.521975
5.25 1.521975
5.285714285714286 1.521975
5.321428571428571 1.521975
5.392857142857143 1.521975
5.428571428571429 1.521975
5.464285714285714 1.521975
5.5 1.521975
5.535714285714286 1.521975
5.571428571428571 1.521975
5.607142857142857 1.521975
5.642857142857143 1.521975
5.714285714285714 1.51831640625
5.964285714285714 1.52563359375
6.035714285714286 1.521975
6.107142857142857 1.521975
6.142857142857143 1.521975
6.178571428571429 1.521975
6.214285714285714 1.521975
6.25 1.521975
6.285714285714286 1.521975
6.321428571428571 1.521975
6.392857142857143 1.521975
6.428571428571429 1.521975
6.464285714285714 1.521975
6.5 1.521975
6.535714285714286 1.521975
6.964285714285714 1.52563359375
7.0 1.521975
7.035714285714286 1.521975
7.071428571428571 1.521975
7.107142857142857 1.521975
7.142857142857143 1.521975
7.178571428571429 1.521975
7.25 1.521975
7.321428571428571 1.521975
7.392857142857143 1.521975
7.428571428571429 1.521975
7.464285714285714 1.51831640625
7.607142857142857 1.521975
7.678571428571429 1.521975
7.714285714285714 1.521975
7.892857142857143 1.521975
7.928571428571429 1.521975
7.964285714285714 1.521975
8.107142857142858 1.52563359375
8.142857142857142 1.52563359375
8.178571428571429 1.52563359375
8.25 1.52563359375
8.357142857142858 1.521975
8.428571428571429 1.521975
8.75 1.521975
8.821428571428571 1.521975
8.857142857142858 1.521975
8.892857142857142 1.521975
8.928571428571429 1.521975
8.964285714285714 1.521975
9.178571428571429 1.5292921875
10.357142857142858 1.52563359375
10.392857142857142 1.521975
10.464285714285714 1.521975
10.5 1.521975
10.535714285714286 1.521975
10.607142857142858 1.521975
10.642857142857142 1.521975
10.678571428571429 1.521975
10.714285714285714 1.521975
10.75 1.521975
10.857142857142858 1.521975
11.0 1.51831640625
11.607142857142858 1.51831640625
11.642857142857142 1.51831640625
11.678571428571429 1.521975
11.785714285714286 1.521975
11.821428571428571 1.521975
11.857142857142858 1.521975
11.964285714285714 1.521975
12.0 1.521975
12.035714285714286 1.521975
12.071428571428571 1.521975
12.107142857142858 1.521975
12.142857142857142 1.521975
12.25 1.521975
12.285714285714286 1.521975
12.321428571428571 1.521975
12.357142857142858 1.521975
12.5 1.52563359375
12.535714285714286 1.52563359375
12.571428571428571 1.52563359375
12.642857142857142 1.521975
12.714285714285714 1.521975
12.75 1.521975
12.785714285714286 1.521975
13.071428571428571 1.521975
13.107142857142858 1.521975
13.142857142857142 1.521975
13.214285714285714 1.521975
13.25 1.521975
13.285714285714286 1.521975
13.321428571428571 1.521975
13.357142857142858 1.521975
13.428571428571429 1.521975
13.464285714285714 1.521975
13.5 1.521975
13.535714285714286 1.521975
13.607142857142858 1.52563359375
13.642857142857142 1.521975
13.678571428571429 1.521975
13.714285714285714 1.521975
14.071428571428571 1.521975
14.107142857142858 1.521975
14.25 1.521975
14.285714285714286 1.521975
14.321428571428571 1.521975
14.357142857142858 1.521975
14.392857142857142 1.521975
14.428571428571429 1.521975
14.785714285714286 1.521975
15.0 1.521975
15.357142857142858 1.521975
15.392857142857142 1.521975
15.428571428571429 1.521975
15.464285714285714 1.521975
15.5 1.521975
15.678571428571429 1.521975
15.892857142857142 1.52563359375
16.0 1.521975
16.035714285714285 1.521975
16.214285714285715 1.521975
16.357142857142858 1.521975
16.392857142857142 1.521975
16.571428571428573 1.521975
16.785714285714285 1.521975
16.821428571428573 1.521975
17.142857142857142 1.521975
17.178571428571427 1.521975
17.25 1.521975
17.285714285714285 1.521975
17.357142857142858 1.521975
17.464285714285715 1.521975
17.535714285714285 1.521975
17.571428571428573 1.521975
17.607142857142858 1.521975
17.642857142857142 1.521975
17.678571428571427 1.521975
17.75 1.521975
17.964285714285715 1.521975
18.071428571428573 1.52563359375
18.107142857142858 1.52563359375
18.214285714285715 1.521975
18.285714285714285 1.521975
18.321428571428573 1.521975
18.357142857142858 1.521975
18.392857142857142 1.521975
18.428571428571427 1.521975
18.464285714285715 1.521975
18.5 1.521975
18.535714285714285 1.521975
18.678571428571427 1.521975
18.892857142857142 1.521975
18.928571428571427 1.521975
19.285714285714285 1.52563359375
19.714285714285715 1.521975
19.75 1.521975
19.821428571428573 1.521975
20.035714285714285 1.521975
20.071428571428573 1.521975
20.535714285714285 1.52563359375
20.607142857142858 1.521975
20.642857142857142 1.521975
20.678571428571427 1.521975
20.785714285714285 1.521975
20.821428571428573 1.521975
21.25 1.521975
21.428571428571427 1.52563359375
21.464285714285715 1.52563359375
21.535714285714285 1.521975
21.571428571428573 1.521975
21.642857142857142 1.521975
21.714285714285715 1.52563359375
21.75 1.521975
22.0 1.52563359375
22.285714285714285 1.521975
22.392857142857142 1.521975
22.464285714285715 1.521975
22.5 1.52563359375
22.571428571428573 1.52563359375
22.607142857142858 1.52563359375
22.714285714285715 1.521975
22.857142857142858 1.521975
22.892857142857142 1.52563359375
22.928571428571427 1.521975
22.964285714285715 1.521975
23.0 1.521975
23.035714285714285 1.521975
23.071428571428573 1.521975
23.107142857142858 1.521975
23.142857142857142 1.521975
23.321428571428573 1.521975
23.428571428571427 1.521975
23.464285714285715 1.521975
23.857142857142858 1.521975
23.892857142857142 1.521975
23.928571428571427 1.52563359375
23.964285714285715 1.52563359375
24.035714285714285 1.521975
24.071428571428573 1.521975
24.107142857142858 1.521975
24.142857142857142 1.521975
24.392857142857142 1.521975
24.571428571428573 1.521975
24.75 1.52563359375
24.892857142857142 1.52563359375
24.928571428571427 1.52563359375
24.964285714285715 1.52563359375
25.0 1.52563359375
25.25 1.521975
25.285714285714285 1.521975
25.321428571428573 1.521975
25.392857142857142 1.521975
25.428571428571427 1.521975
25.464285714285715 1.521975
25.5 1.521975
25.535714285714285 1.521975
25.571428571428573 1.521975
25.642857142857142 1.521975
25.678571428571427 1.52563359375
25.785714285714285 1.521975
26.071428571428573 1.52563359375
26.107142857142858 1.52563359375
26.142857142857142 1.52563359375
26.178571428571427 1.521975
26.214285714285715 1.521975
26.25 1.521975
26.285714285714285 1.52563359375
26.321428571428573 1.521975
26.357142857142858 1.521975
26.392857142857142 1.52563359375
26.428571428571427 1.52563359375
26.464285714285715 1.52563359375
26.535714285714285 1.52563359375
26.75 1.521975
26.964285714285715 1.5292921875
27.0 1.521975
27.071428571428573 1.521975
27.107142857142858 1.521975
27.142857142857142 1.52563359375
27.178571428571427 1.52563359375
27.214285714285715 1.521975
27.25 1.52563359375
27.285714285714285 1.521975
27.321428571428573 1.52563359375
27.357142857142858 1.521975
27.392857142857142 1.521975
27.428571428571427 1.521975
27.464285714285715 1.521975
27.535714285714285 1.521975
27.642857142857142 1.52563359375
27.678571428571427 1.521975
27.857142857142858 1.52563359375
27.928571428571427 1.521975
27.964285714285715 1.521975
28.178571428571427 1.52563359375
28.214285714285715 1.521975
28.25 1.52563359375
28.285714285714285 1.52563359375
28.321428571428573 1.52563359375
28.428571428571427 1.52563359375
28.571428571428573 1.52563359375
28.607142857142858 1.52563359375
28.642857142857142 1.521975
28.678571428571427 1.521975
28.714285714285715 1.521975
28.785714285714285 1.521975
28.821428571428573 1.521975
28.857142857142858 1.521975
28.892857142857142 1.521975
28.928571428571427 1.52563359375
28.964285714285715 1.521975
29.071428571428573 1.521975
29.214285714285715 1.5292921875
29.321428571428573 1.52563359375
29.357142857142858 1.52563359375
29.392857142857142 1.52563359375
29.428571428571427 1.521975
29.464285714285715 1.52563359375
29.5 1.52563359375
29.642857142857142 1.521975
29.678571428571427 1.521975
29.714285714285715 1.521975
29.75 1.52563359375
29.785714285714285 1.52563359375
29.821428571428573 1.52563359375
29.892857142857142 1.521975
29.964285714285715 1.521975
30.0 1.521975
30.035714285714285 1.52563359375
30.321428571428573 1.52563359375
30.392857142857142 1.52563359375
30.535714285714285 1.52563359375
30.571428571428573 1.52563359375
30.607142857142858 1.52563359375
30.642857142857142 1.52563359375
30.678571428571427 1.52563359375
30.857142857142858 1.52563359375
30.892857142857142 1.52563359375
30.928571428571427 1.52563359375
30.964285714285715 1.52563359375
31.107142857142858 1.521975
31.142857142857142 1.521975
31.178571428571427 1.52563359375
31.25 1.52563359375
31.285714285714285 1.521975
31.357142857142858 1.521975
31.392857142857142 1.5292921875
31.428571428571427 1.52563359375
31.464285714285715 1.52563359375
31.5 1.52563359375
31.535714285714285 1.52563359375
31.571428571428573 1.521975
31.607142857142858 1.52563359375
31.642857142857142 1.52563359375
31.678571428571427 1.52563359375
31.714285714285715 1.521975
31.821428571428573 1.52563359375
31.892857142857142 1.52563359375
31.928571428571427 1.52563359375
32.0 1.52563359375
32.035714285714285 1.52563359375
32.07142857142857 1.52563359375
32.107142857142854 1.52563359375
32.214285714285715 1.521975
32.57142857142857 1.52563359375
32.642857142857146 1.52563359375
32.67857142857143 1.52563359375
32.75 1.521975
32.82142857142857 1.52563359375
32.857142857142854 1.52563359375
32.892857142857146 1.52563359375
32.92857142857143 1.52563359375
32.964285714285715 1.52563359375
33.0 1.521975
33.035714285714285 1.521975
33.07142857142857 1.52563359375
33.107142857142854 1.52563359375
33.142857142857146 1.52563359375
33.17857142857143 1.52563359375
33.214285714285715 1.52563359375
33.25 1.52563359375
33.285714285714285 1.52563359375
33.785714285714285 1.52563359375
33.82142857142857 1.52563359375
33.857142857142854 1.52563359375
33.964285714285715 1.52563359375
34.0 1.52563359375
34.035714285714285 1.52563359375
34.07142857142857 1.521975
34.107142857142854 1.52563359375
34.142857142857146 1.521975
34.17857142857143 1.521975
34.25 1.52563359375
34.285714285714285 1.521975
34.32142857142857 1.521975
34.357142857142854 1.52563359375
34.5 1.521975
34.57142857142857 1.521975
34.607142857142854 1.521975
34.92857142857143 1.52563359375
35.035714285714285 1.52563359375
35.107142857142854 1.52563359375
35.142857142857146 1.52563359375
35.17857142857143 1.52563359375
35.214285714285715 1.52563359375
35.285714285714285 1.52563359375
35.32142857142857 1.52563359375
35.357142857142854 1.52563359375
35.42857142857143 1.52563359375
35.464285714285715 1.52563359375
35.5 1.52563359375
35.607142857142854 1.52563359375
35.642857142857146 1.521975
35.892857142857146 1.52563359375
35.92857142857143 1.52563359375
36.0 1.52563359375
36.035714285714285 1.52563359375
36.07142857142857 1.52563359375
36.107142857142854 1.52563359375
36.142857142857146 1.52563359375
36.17857142857143 1.52563359375
36.214285714285715 1.52563359375
36.25 1.52563359375
36.285714285714285 1.52563359375
36.32142857142857 1.521975
36.357142857142854 1.52563359375
36.464285714285715 1.52563359375
36.57142857142857 1.52563359375
36.67857142857143 1.521975
36.714285714285715 1.521975
36.75 1.521975
36.964285714285715 1.5292921875
37.035714285714285 1.52563359375
37.107142857142854 1.52563359375
37.142857142857146 1.52563359375
37.214285714285715 1.52563359375
37.25 1.521975
37.285714285714285 1.521975
37.32142857142857 1.521975
37.357142857142854 1.521975
37.392857142857146 1.52563359375
37.42857142857143 1.52563359375
37.607142857142854 1.52563359375
37.82142857142857 1.52563359375
37.964285714285715 1.52563359375
38.142857142857146 1.52563359375
38.17857142857143 1.52563359375
38.214285714285715 1.5292921875
38.285714285714285 1.52563359375
38.357142857142854 1.52563359375
38.392857142857146 1.52563359375
38.42857142857143 1.52563359375
38.607142857142854 1.52563359375
38.642857142857146 1.52563359375
38.67857142857143 1.52563359375
38.714285714285715 1.52563359375
38.75 1.52563359375
38.785714285714285 1.52563359375
38.82142857142857 1.52563359375
38.857142857142854 1.52563359375
38.964285714285715 1.521975
39.0 1.52563359375
39.035714285714285 1.52563359375
39.285714285714285 1.52563359375
39.32142857142857 1.52563359375
39.357142857142854 1.52563359375
39.392857142857146 1.52563359375
39.42857142857143 1.52563359375
39.464285714285715 1.52563359375
39.535714285714285 1.52563359375
39.57142857142857 1.52563359375
39.607142857142854 1.521975
39.67857142857143 1.521975
39.714285714285715 1.521975
39.75 1.52563359375
39.785714285714285 1.52563359375
39.82142857142857 1.52563359375
39.857142857142854 1.52563359375
39.892857142857146 1.52563359375
