0.03571428571428571 1.69392890625
0.10714285714285714 1.7853937500000001
0.14285714285714285 1.7853937500000001
0.17857142857142858 1.80368671875
0.21428571428571427 1.8146625
0.25 1.8146625
0.2857142857142857 1.8146625
0.32142857142857145 1.81832109375
0.35714285714285715 1.81832109375
0.39285714285714285 1.81832109375
0.42857142857142855 1.81832109375
0.4642857142857143 1.81832109375
0.5 1.81832109375
0.5357142857142857 1.81832109375
0.5714285714285714 1.81832109375
0.6071428571428571 1.81832109375
0.6428571428571429 1.81832109375
0.6785714285714286 1.81832109375
0.7142857142857143 1.81832109375
0.75 1.81832109375
0.7857142857142857 1.81832109375
0.8214285714285714 1.81832109375
0.8571428571428571 1.81832109375
0.8928571428571429 1.81832109375
0.9285714285714286 1.81832109375
0.9642857142857143 1.81832109375
1.0 1.81832109375
1.0357142857142858 1.81832109375
1.0714285714285714 1.81832109375
1.1071428571428572 1.81832109375
1.1428571428571428 1.81832109375
1.5714285714285714 1.8146625
1.6071428571428572 1.84027265625
1.6428571428571428 1.84393125
1.6785714285714286 1.84393125
1.7142857142857142 1.84758984375
1.75 1.8512484375
1.7857142857142858 1.8512484375
1.8214285714285714 1.8512484375
1.8571428571428572 1.8512484375
1.8928571428571428 1.8512484375
1.9285714285714286 1.8512484375
1.9642857142857142 1.8512484375
2.0 1.8512484375
2.0357142857142856 1.8512484375
2.0714285714285716 1.8512484375
2.107142857142857 1.8512484375
2.142857142857143 1.8512484375
2.1785714285714284 1.8512484375
2.2142857142857144 1.8512484375
2.25 1.8512484375
2.2857142857142856 1.8512484375
2.3214285714285716 1.8512484375
2.357142857142857 1.8512484375
2.392857142857143 1.8512484375
2.4285714285714284 1.8512484375
2.4642857142857144 1.8512484375
2.5357142857142856 1.85490703125
2.5714285714285716 1.85490703125
2.642857142857143 1.83295546875
2.6785714285714284 1.8219796875
3.0 1.9097859375
3.0357142857142856 1.92076171875
3.0714285714285716 1.9244203125000001
3.107142857142857 1.9280789062500001
3.142857142857143 1.9317375
3.1785714285714284 1.9317375
3.2142857142857144 1.9317375
3.25 1.9317375
3.2857142857142856 1.9317375
3.3214285714285716 1.9317375
3.357142857142857 1.9317375
3.392857142857143 1.9317375
3.4285714285714284 1.9317375
3.4642857142857144 1.9317375
3.5 1.9317375
3.5357142857142856 1.9317375
3.5714285714285716 1.9317375
3.607142857142857 1.9317375
3.642857142857143 1.9317375
3.6785714285714284 1.9317375
3.7142857142857144 1.9317375
3.75 1.9317375
3.7857142857142856 1.9317375
3.8214285714285716 1.9317375
3.857142857142857 1.9317375
3.9285714285714284 1.93539609375
3.9642857142857144 1.93539609375
4.035714285714286 1.91344453125
4.071428571428571 1.9097859375
4.178571428571429 1.9280789062500001
4.25 1.83295546875
4.357142857142857 1.96100625
4.392857142857143 1.9829578125
4.428571428571429 1.9975921875
4.464285714285714 2.004909375
4.5 2.00856796875
4.535714285714286 2.0122265625
4.571428571428571 2.0122265625
4.607142857142857 2.0122265625
4.642857142857143 2.0122265625
4.678571428571429 2.0122265625
4.714285714285714 2.0122265625
4.75 2.0122265625
4.785714285714286 2.0122265625
4.821428571428571 2.0122265625
4.857142857142857 2.0122265625
4.892857142857143 2.0122265625
4.928571428571429 2.0122265625
4.964285714285714 2.0122265625
5.0 2.0122265625
5.035714285714286 2.0122265625
5.071428571428571 2.0122265625
5.107142857142857 2.0122265625
5.142857142857143 2.0122265625
5.178571428571429 2.0122265625
5.214285714285714 2.0122265625
5.25 2.0122265625
5.285714285714286 2.00856796875
5.357142857142857 2.0122265625
5.392857142857143 2.0122265625
5.428571428571429 1.9975921875
5.464285714285714 1.9975921875
5.5 1.990275
5.571428571428571 2.0122265625
5.678571428571429 1.93539609375
5.75 2.03783671875
5.785714285714286 2.05978828125
5.821428571428571 2.07442265625
5.857142857142857 2.08905703125
5.892857142857143 2.09637421875
5.928571428571429 2.09637421875
5.964285714285714 2.1000328125
6.0 2.1000328125
6.035714285714286 2.1000328125
6.071428571428571 2.1000328125
6.107142857142857 2.1000328125
6.142857142857143 2.1000328125
6.178571428571429 2.1000328125
6.214285714285714 2.1000328125
6.25 2.1000328125
6.285714285714286 2.1000328125
6.321428571428571 2.09637421875
6.357142857142857 2.09637421875
6.392857142857143 2.09637421875
6.428571428571429 2.09637421875
6.464285714285714 2.09637421875
6.5 2.09637421875
6.535714285714286 2.09637421875
6.571428571428571 2.09637421875
6.607142857142857 2.09637421875
6.642857142857143 2.09637421875
6.678571428571429 2.09637421875
6.714285714285714 2.09637421875
6.75 2.09637421875
6.785714285714286 2.1000328125
6.857142857142857 2.08905703125
6.892857142857143 2.08173984375
6.964285714285714 2.09637421875
7.0 2.09637421875
7.035714285714286 2.0414953125
7.071428571428571 2.0414953125
7.142857142857143 2.121984375
7.178571428571429 2.1439359375
7.214285714285714 2.1585703125
7.25 2.1658875
7.285714285714286 2.1658875
7.321428571428571 2.1658875
7.357142857142857 2.16222890625
7.392857142857143 2.16222890625
7.428571428571429 2.16222890625
7.464285714285714 2.16222890625
7.5 2.16222890625
7.535714285714286 2.16222890625
7.571428571428571 2.16222890625
7.607142857142857 2.16222890625
7.642857142857143 2.16222890625
7.678571428571429 2.16222890625
7.714285714285714 2.16222890625
7.75 2.16222890625
7.785714285714286 2.16222890625
7.821428571428571 2.16222890625
7.857142857142857 2.16222890625
7.892857142857143 2.16222890625
7.928571428571429 2.16222890625
7.964285714285714 2.16222890625
8.0 2.16222890625
8.035714285714286 2.16222890625
8.071428571428571 2.16222890625
8.142857142857142 2.16222890625
8.178571428571429 2.16222890625
8.25 2.14759453125
8.285714285714286 2.14759453125
8.321428571428571 2.1402773437500002
8.392857142857142 2.16222890625
8.571428571428571 2.2024734375
8.607142857142858 2.224425
8.642857142857142 2.24271796875
8.678571428571429 2.25369375
8.714285714285714 2.25735234375
8.75 2.25735234375
8.785714285714286 2.25735234375
8.821428571428571 2.25735234375
8.857142857142858 2.25735234375
8.892857142857142 2.25735234375
8.928571428571429 2.25735234375
8.964285714285714 2.25735234375
9.0 2.25735234375
9.035714285714286 2.25735234375
9.071428571428571 2.25735234375
9.107142857142858 2.25735234375
9.142857142857142 2.25735234375
9.178571428571429 2.25735234375
9.214285714285714 2.25735234375
9.25 2.25735234375
9.285714285714286 2.25735234375
9.321428571428571 2.25735234375
9.357142857142858 2.25735234375
9.392857142857142 2.25735234375
9.428571428571429 2.25735234375
9.464285714285714 2.25735234375
9.5 2.25735234375
9.571428571428571 2.25735234375
9.607142857142858 2.25735234375
9.642857142857142 2.2463765625
9.678571428571429 2.2463765625
9.714285714285714 2.239059375
9.785714285714286 2.25369375
9.857142857142858 2.180521875
9.964285714285714 2.2902796875
10.0 2.31223125
10.035714285714286 2.326865625
10.071428571428571 2.3415
10.107142857142858 2.35247578125
10.142857142857142 2.35247578125
10.178571428571429 2.35247578125
10.214285714285714 2.35247578125
10.25 2.35247578125
10.285714285714286 2.35247578125
10.321428571428571 2.35247578125
10.357142857142858 2.35247578125
10.392857142857142 2.35247578125
10.428571428571429 2.35247578125
10.464285714285714 2.35247578125
10.5 2.35247578125
10.535714285714286 2.35247578125
10.571428571428571 2.35247578125
10.607142857142858 2.35247578125
10.642857142857142 2.35247578125
10.678571428571429 2.35247578125
10.714285714285714 2.35247578125
10.75 2.35247578125
10.785714285714286 2.35247578125
10.821428571428571 2.35247578125
10.857142857142858 2.35247578125
10.892857142857142 2.35247578125
10.964285714285714 2.35247578125
11.0 2.35247578125
11.035714285714286 2.3415
11.071428571428571 2.3415
11.107142857142858 2.3341828125
11.178571428571429 2.34515859375
11.214285714285714 2.34515859375
11.25 2.2829625
11.285714285714286 2.2756453125
11.392857142857142 2.4000375
11.428571428571429 2.4219890625000002
11.464285714285714 2.4366234375
11.5 2.44759921875
11.535714285714286 2.45491640625
11.571428571428571 2.45491640625
11.607142857142858 2.45491640625
11.642857142857142 2.45491640625
11.678571428571429 2.45491640625
11.714285714285714 2.45491640625
11.75 2.45491640625
11.785714285714286 2.45491640625
11.821428571428571 2.45491640625
11.857142857142858 2.45491640625
11.892857142857142 2.45491640625
11.928571428571429 2.45491640625
11.964285714285714 2.45491640625
12.0 2.45491640625
12.035714285714286 2.45491640625
12.071428571428571 2.45491640625
12.107142857142858 2.45491640625
12.142857142857142 2.45491640625
12.178571428571429 2.45491640625
12.214285714285714 2.45491640625
12.25 2.45491640625
12.285714285714286 2.45491640625
12.357142857142858 2.45491640625
12.392857142857142 2.45491640625
12.464285714285714 2.443940625
12.5 2.4366234375
12.571428571428571 2.4512578125
12.678571428571429 2.3780859375
12.714285714285714 2.3780859375
12.785714285714286 2.4951609375
12.821428571428571 2.51345390625
12.857142857142858 2.531746875
12.892857142857142 2.54638125
12.928571428571429 2.55003984375
12.964285714285714 2.55003984375
13.0 2.55003984375
13.035714285714286 2.55003984375
13.071428571428571 2.55003984375
13.107142857142858 2.55003984375
13.142857142857142 2.55003984375
13.178571428571429 2.55003984375
13.214285714285714 2.55003984375
13.25 2.55003984375
13.285714285714286 2.55003984375
13.321428571428571 2.55003984375
13.357142857142858 2.55003984375
13.392857142857142 2.55003984375
13.428571428571429 2.55003984375
13.464285714285714 2.55003984375
13.5 2.55003984375
13.535714285714286 2.55003984375
13.571428571428571 2.55003984375
13.607142857142858 2.55003984375
13.642857142857142 2.55003984375
13.678571428571429 2.55003984375
13.75 2.55003984375
13.785714285714286 2.5536984375
13.857142857142858 2.5390640625
13.892857142857142 2.53540546875
13.964285714285714 2.55003984375
14.178571428571429 2.59394296875
14.214285714285714 2.61589453125
14.25 2.63052890625
14.285714285714286 2.64516328125
14.321428571428571 2.6561390625
14.357142857142858 2.6561390625
14.392857142857142 2.65979765625
14.428571428571429 2.6561390625
14.464285714285714 2.6561390625
14.5 2.6561390625
14.535714285714286 2.6561390625
14.571428571428571 2.6561390625
14.607142857142858 2.6561390625
14.642857142857142 2.6561390625
14.678571428571429 2.6561390625
14.714285714285714 2.6561390625
14.75 2.6561390625
14.785714285714286 2.65248046875
14.821428571428571 2.65248046875
14.857142857142858 2.65248046875
14.892857142857142 2.65248046875
14.928571428571429 2.65248046875
14.964285714285714 2.65248046875
15.0 2.65248046875
15.035714285714286 2.65248046875
15.071428571428571 2.65248046875
15.107142857142858 2.65248046875
15.142857142857142 2.6561390625
15.178571428571429 2.65248046875
15.214285714285714 2.65248046875
15.25 2.6415046875
15.285714285714286 2.6415046875
15.321428571428571 2.6341875
15.357142857142858 2.64516328125
15.571428571428571 2.68906640625
15.607142857142858 2.7110179687500002
15.642857142857142 2.72565234375
15.678571428571429 2.74028671875
15.714285714285714 2.7512625
15.75 2.75492109375
15.785714285714286 2.75492109375
15.821428571428571 2.75492109375
15.857142857142858 2.75492109375
15.892857142857142 2.75492109375
15.928571428571429 2.75492109375
15.964285714285714 2.75492109375
16.0 2.75492109375
16.035714285714285 2.75492109375
16.071428571428573 2.75492109375
16.107142857142858 2.75492109375
16.142857142857142 2.75492109375
16.178571428571427 2.75492109375
16.214285714285715 2.75492109375
16.25 2.75492109375
16.285714285714285 2.75492109375
16.321428571428573 2.75492109375
16.357142857142858 2.75492109375
16.392857142857142 2.75492109375
16.428571428571427 2.75492109375
16.464285714285715 2.75492109375
16.571428571428573 2.7585796875
16.607142857142858 2.7585796875
16.642857142857142 2.74760390625
16.678571428571427 2.7439453125
16.714285714285715 2.736628125
16.75 2.74760390625
16.785714285714285 2.74760390625
16.857142857142858 2.678090625
16.964285714285715 2.7878484375
17.0 2.8098
17.035714285714285 2.824434375
17.071428571428573 2.83906875
17.107142857142858 2.853703125
17.142857142857142 2.8610203125
17.178571428571427 2.8610203125
17.214285714285715 2.8610203125
17.25 2.8610203125
17.285714285714285 2.85736171875
17.321428571428573 2.85736171875
17.357142857142858 2.85736171875
17.392857142857142 2.85736171875
17.428571428571427 2.85736171875
17.464285714285715 2.85736171875
17.5 2.85736171875
17.535714285714285 2.85736171875
17.571428571428573 2.85736171875
17.607142857142858 2.85736171875
17.642857142857142 2.85736171875
17.678571428571427 2.85736171875
17.714285714285715 2.85736171875
17.75 2.85736171875
17.785714285714285 2.85736171875
17.821428571428573 2.853703125
17.857142857142858 2.853703125
17.892857142857142 2.85736171875
17.928571428571427 2.853703125
17.964285714285715 2.85736171875
18.0 2.85736171875
18.035714285714285 2.8463859375
18.071428571428573 2.8463859375
18.214285714285715 2.81345859375
18.25 2.79150703125
18.357142857142858 2.89394765625
18.392857142857142 2.91589921875
18.428571428571427 2.9341921875
18.464285714285715 2.9488265625
18.5 2.970778125
18.535714285714285 2.970778125
18.571428571428573 2.970778125
18.607142857142858 2.970778125
18.642857142857142 2.970778125
18.678571428571427 2.970778125
18.714285714285715 2.970778125
18.75 2.970778125
18.785714285714285 2.970778125
18.821428571428573 2.970778125
18.857142857142858 2.970778125
18.892857142857142 2.970778125
18.928571428571427 2.970778125
18.964285714285715 2.970778125
19.0 2.970778125
19.035714285714285 2.970778125
19.071428571428573 2.970778125
19.107142857142858 2.970778125
19.142857142857142 2.970778125
19.178571428571427 2.970778125
19.214285714285715 2.970778125
19.25 2.970778125
19.285714285714285 2.970778125
19.357142857142858 2.970778125
19.392857142857142 2.97443671875
19.428571428571427 2.9634609375
19.464285714285715 2.95980234375
19.571428571428573 2.9634609375
19.642857142857142 2.90126484375
19.75 3.00370546875
19.785714285714285 3.02565703125
19.821428571428573 3.04395
19.857142857142858 3.05492578125
19.892857142857142 3.0659015625
19.928571428571427 3.06956015625
19.964285714285715 3.06956015625
20.0 3.06956015625
20.035714285714285 3.06956015625
20.071428571428573 3.06956015625
20.107142857142858 3.06956015625
20.142857142857142 3.06956015625
20.178571428571427 3.06956015625
20.214285714285715 3.06956015625
20.25 3.06956015625
20.285714285714285 3.06956015625
20.321428571428573 3.06956015625
20.357142857142858 3.06956015625
20.392857142857142 3.06956015625
20.428571428571427 3.0659015625
20.464285714285715 3.0659015625
20.5 3.0659015625
20.535714285714285 3.0659015625
20.571428571428573 3.0659015625
20.607142857142858 3.0659015625
20.642857142857142 3.0659015625
20.678571428571427 3.0659015625
20.75 3.0659015625
20.785714285714285 3.06956015625
20.857142857142858 3.05492578125
20.892857142857142 3.05492578125
20.964285714285715 3.05492578125
21.035714285714285 2.9963882812500002
21.071428571428573 2.9854125
21.142857142857142 3.08419453125
21.178571428571427 3.1098046875
21.214285714285715 3.1244390625
21.25 3.1390734375
21.285714285714285 3.15004921875
21.321428571428573 3.161025
21.357142857142858 3.16468359375
21.392857142857142 3.16468359375
21.428571428571427 3.16468359375
21.464285714285715 3.16468359375
21.5 3.16468359375
21.535714285714285 3.16468359375
21.571428571428573 3.16468359375
21.607142857142858 3.16468359375
21.642857142857142 3.16468359375
21.678571428571427 3.16468359375
21.714285714285715 3.16468359375
21.75 3.16468359375
21.785714285714285 3.16468359375
21.821428571428573 3.16468359375
21.857142857142858 3.16468359375
21.892857142857142 3.16468359375
21.928571428571427 3.16468359375
21.964285714285715 3.16468359375
22.0 3.16468359375
22.035714285714285 3.16468359375
22.071428571428573 3.16468359375
22.142857142857142 3.1683421875
22.178571428571427 3.1683421875
22.25 3.1537078125
22.285714285714285 3.1537078125
22.357142857142858 3.15736640625
22.428571428571427 3.1098046875
22.464285714285715 3.1024875
22.535714285714285 3.18663515625
22.571428571428573 3.21590390625
22.607142857142858 3.23785546875
22.642857142857142 3.2561484375
22.678571428571427 3.2707828125
22.714285714285715 3.2781000000000002
22.75 3.2817585937500002
22.785714285714285 3.2817585937500002
22.821428571428573 3.2817585937500002
22.857142857142858 3.2817585937500002
22.892857142857142 3.2817585937500002
22.928571428571427 3.2817585937500002
22.964285714285715 3.2817585937500002
23.0 3.2817585937500002
23.035714285714285 3.2817585937500002
23.071428571428573 3.2817585937500002
23.107142857142858 3.2817585937500002
23.142857142857142 3.2817585937500002
23.178571428571427 3.2817585937500002
23.214285714285715 3.2817585937500002
23.25 3.2817585937500002
23.285714285714285 3.2817585937500002
23.321428571428573 3.2817585937500002
23.357142857142858 3.2817585937500002
23.392857142857142 3.2817585937500002
23.428571428571427 3.2817585937500002
23.464285714285715 3.2817585937500002
23.535714285714285 3.2817585937500002
23.571428571428573 3.2817585937500002
23.607142857142858 3.2707828125
23.642857142857142 3.2707828125
23.678571428571427 3.2707828125
23.714285714285715 3.25980703125
23.75 3.27444140625
23.821428571428573 3.2122453125
23.857142857142858 3.204928125
23.928571428571427 3.3000515625
23.964285714285715 3.3293203125
24.0 3.351271875
24.035714285714285 3.36224765625
24.071428571428573 3.37688203125
24.107142857142858 3.3878578125
24.142857142857142 3.3878578125
24.178571428571427 3.3878578125
24.214285714285715 3.3878578125
24.25 3.3878578125
24.285714285714285 3.3878578125
24.321428571428573 3.3878578125
24.357142857142858 3.3878578125
24.392857142857142 3.3878578125
24.428571428571427 3.3878578125
24.464285714285715 3.3878578125
24.5 3.3878578125
24.535714285714285 3.3878578125
24.571428571428573 3.3878578125
24.607142857142858 3.3878578125
24.642857142857142 3.3878578125
24.678571428571427 3.3878578125
24.714285714285715 3.3878578125
24.75 3.3878578125
24.785714285714285 3.3878578125
24.821428571428573 3.3878578125
24.857142857142858 3.3878578125
24.928571428571427 3.39151640625
24.964285714285715 3.39151640625
25.0 3.3878578125
25.035714285714285 3.380540625
25.071428571428573 3.380540625
25.107142857142858 3.380540625
25.142857142857142 3.37688203125
25.214285714285715 3.33297890625
25.25 3.31834453125
25.357142857142858 3.4463953125
25.392857142857142 3.46468828125
25.428571428571427 3.4756640625
25.464285714285715 3.4902984375
25.5 3.5049328125
25.535714285714285 3.5049328125
25.571428571428573 3.5049328125
25.607142857142858 3.5049328125
25.642857142857142 3.5049328125
25.678571428571427 3.5049328125
25.714285714285715 3.5049328125
25.75 3.5049328125
25.785714285714285 3.50127421875
25.821428571428573 3.50127421875
25.857142857142858 3.50127421875
25.892857142857142 3.50127421875
25.928571428571427 3.50127421875
25.964285714285715 3.50127421875
26.0 3.50127421875
26.035714285714285 3.50127421875
26.071428571428573 3.50127421875
26.107142857142858 3.50127421875
26.142857142857142 3.50127421875
26.178571428571427 3.50127421875
26.214285714285715 3.50127421875
26.25 3.50127421875
26.321428571428573 3.50127421875
26.357142857142858 3.50127421875
26.392857142857142 3.50127421875
26.428571428571427 3.49395703125
26.464285714285715 3.4902984375
26.5 3.49395703125
26.535714285714285 3.48663984375
26.607142857142858 3.44273671875
26.642857142857142 3.4317609375
26.75 3.5488359375
26.785714285714285 3.5671289062500002
26.821428571428573 3.58176328125
26.857142857142858 3.6073734375
26.892857142857142 3.6073734375
26.928571428571427 3.61103203125
26.964285714285715 3.61103203125
27.0 3.61103203125
27.035714285714285 3.61103203125
27.071428571428573 3.61103203125
27.107142857142858 3.61103203125
27.142857142857142 3.61103203125
27.178571428571427 3.61103203125
27.214285714285715 3.61103203125
27.25 3.61103203125
27.285714285714285 3.61103203125
27.321428571428573 3.61103203125
27.357142857142858 3.61103203125
27.392857142857142 3.61103203125
27.428571428571427 3.61103203125
27.464285714285715 3.61103203125
27.5 3.61103203125
27.535714285714285 3.61103203125
27.571428571428573 3.61103203125
27.607142857142858 3.61103203125
27.642857142857142 3.61103203125
27.678571428571427 3.6073734375
27.75 3.61103203125
27.785714285714285 3.61103203125
27.821428571428573 3.60371484375
27.857142857142858 3.59639765625
27.892857142857142 3.60005625
27.928571428571427 3.60005625
27.964285714285715 3.60005625
28.0 3.5671289062500002
28.035714285714285 3.55249453125
28.142857142857142 3.65493515625
28.178571428571427 3.673228125
28.214285714285715 3.6878625
28.25 3.702496875
28.285714285714285 3.702496875
28.321428571428573 3.70615546875
28.357142857142858 3.70615546875
28.392857142857142 3.70615546875
28.428571428571427 3.70615546875
28.464285714285715 3.70615546875
28.5 3.70615546875
28.535714285714285 3.70615546875
28.571428571428573 3.70615546875
28.607142857142858 3.70615546875
28.642857142857142 3.70615546875
28.678571428571427 3.70615546875
28.714285714285715 3.70615546875
28.75 3.70615546875
28.785714285714285 3.70615546875
28.821428571428573 3.70615546875
28.857142857142858 3.70615546875
28.892857142857142 3.70615546875
28.928571428571427 3.70615546875
28.964285714285715 3.70615546875
29.0 3.70615546875
29.035714285714285 3.70615546875
29.071428571428573 3.70615546875
29.142857142857142 3.70615546875
29.178571428571427 3.70615546875
29.214285714285715 3.6951796875
29.25 3.69152109375
29.321428571428573 3.6951796875
29.392857142857142 3.673228125
29.428571428571427 3.6512765625
29.464285714285715 3.65493515625
29.5 3.71347265625
29.535714285714285 3.7464
29.571428571428573 3.76469296875
29.607142857142858 3.77932734375
29.642857142857142 3.7976203125
29.678571428571427 3.80127890625
29.714285714285715 3.80127890625
29.75 3.80127890625
29.785714285714285 3.80127890625
29.821428571428573 3.80127890625
29.857142857142858 3.8049375
29.892857142857142 3.80127890625
29.928571428571427 3.80127890625
29.964285714285715 3.80127890625
30.0 3.80127890625
30.035714285714285 3.80127890625
30.071428571428573 3.80127890625
30.107142857142858 3.80127890625
30.142857142857142 3.80127890625
30.178571428571427 3.7976203125
30.214285714285715 3.7976203125
30.25 3.7976203125
30.285714285714285 3.7976203125
30.321428571428573 3.7976203125
30.357142857142858 3.7976203125
30.392857142857142 3.7976203125
30.428571428571427 3.7976203125
30.464285714285715 3.7976203125
30.535714285714285 3.7976203125
30.571428571428573 3.7976203125
30.607142857142858 3.790303125
30.642857142857142 3.78664453125
30.75 3.79396171875
30.785714285714285 3.77201015625
30.821428571428573 3.75737578125
30.857142857142858 3.75737578125
30.928571428571427 3.8488406250000002
30.964285714285715 3.86713359375
31.0 3.88176796875
31.035714285714285 3.89640234375
31.071428571428573 3.907378125
31.107142857142858 3.91103671875
31.142857142857142 3.91103671875
31.178571428571427 3.91103671875
31.214285714285715 3.91103671875
31.25 3.91103671875
31.285714285714285 3.91103671875
31.321428571428573 3.91103671875
31.357142857142858 3.91103671875
31.392857142857142 3.91103671875
31.428571428571427 3.91103671875
31.464285714285715 3.91103671875
31.5 3.91103671875
31.535714285714285 3.91103671875
31.571428571428573 3.91103671875
31.607142857142858 3.91103671875
31.642857142857142 3.91103671875
31.678571428571427 3.91103671875
31.714285714285715 3.91103671875
31.75 3.91103671875
31.785714285714285 3.91103671875
31.821428571428573 3.91103671875
31.857142857142858 3.91103671875
31.928571428571427 3.9146953125
31.964285714285715 3.9146953125
32.0 3.9000609375
32.035714285714285 3.9000609375
32.07142857142857 3.9000609375
32.107142857142854 3.9000609375
32.142857142857146 3.89640234375
32.214285714285715 3.85981640625
32.25 3.8561578125000002
32.32142857142857 3.94030546875
32.357142857142854 3.96225703125
32.392857142857146 3.97689140625
32.42857142857143 3.99152578125
32.464285714285715 4.0025015625
32.5 4.00981875
32.535714285714285 4.00981875
32.57142857142857 4.00981875
32.607142857142854 4.00981875
32.642857142857146 4.00981875
32.67857142857143 4.00981875
32.714285714285715 4.00981875
32.75 4.00981875
32.785714285714285 4.00981875
32.82142857142857 4.00981875
32.857142857142854 4.00981875
32.892857142857146 4.00981875
32.92857142857143 4.00981875
32.964285714285715 4.00981875
33.0 4.00981875
33.035714285714285 4.00981875
33.07142857142857 4.00981875
33.107142857142854 4.00981875
33.142857142857146 4.00981875
33.17857142857143 4.00981875
33.214285714285715 4.00981875
33.25 4.00981875
33.285714285714285 4.00616015625
33.357142857142854 4.0025015625
33.392857142857146 3.995184375
33.42857142857143 3.995184375
33.464285714285715 3.9878671875
33.5 3.99884296875
33.535714285714285 3.995184375
33.607142857142854 3.96225703125
33.642857142857146 3.95493984375
33.714285714285715 4.0390875
33.75 4.0610390625
33.785714285714285 4.0756734375
33.82142857142857 4.0903078125
33.857142857142854 4.1049421875
33.892857142857146 4.1049421875
33.92857142857143 4.1049421875
33.964285714285715 4.10860078125
34.0 4.10860078125
34.035714285714285 4.10860078125
34.07142857142857 4.10860078125
34.107142857142854 4.10860078125
34.142857142857146 4.1049421875
34.17857142857143 4.1049421875
34.214285714285715 4.1049421875
34.25 4.1049421875
34.285714285714285 4.1049421875
34.32142857142857 4.1049421875
34.357142857142854 4.1049421875
34.392857142857146 4.1049421875
34.42857142857143 4.1049421875
34.464285714285715 4.1049421875
34.5 4.1049421875
34.535714285714285 4.1049421875
34.57142857142857 4.1049421875
34.607142857142854 4.1049421875
34.642857142857146 4.1049421875
34.67857142857143 4.1049421875
34.75 4.1049421875
34.785714285714285 4.1049421875
34.82142857142857 4.09396640625
34.857142857142854 4.08664921875
34.892857142857146 4.0903078125
34.92857142857143 4.09396640625
35.0 4.06469765625
35.035714285714285 4.05006328125
35.107142857142854 4.13055234375
35.142857142857146 4.1561625
35.17857142857143 4.170796875
35.214285714285715 4.18543125
35.25 4.18908984375
35.285714285714285 4.18908984375
35.32142857142857 4.18908984375
35.357142857142854 4.18908984375
35.392857142857146 4.18908984375
35.42857142857143 4.18908984375
35.464285714285715 4.18908984375
35.5 4.18908984375
35.535714285714285 4.18908984375
35.57142857142857 4.18908984375
35.607142857142854 4.18908984375
35.642857142857146 4.18908984375
35.67857142857143 4.18543125
35.714285714285715 4.18543125
35.75 4.18543125
35.785714285714285 4.18543125
35.82142857142857 4.18543125
35.857142857142854 4.18543125
35.892857142857146 4.18543125
35.92857142857143 4.18543125
35.964285714285715 4.18543125
36.0 4.18543125
36.035714285714285 4.18543125
36.07142857142857 4.18543125
36.142857142857146 4.18908984375
36.25 4.17445546875
36.32142857142857 4.17445546875
36.357142857142854 4.170796875
36.42857142857143 4.12689375
36.464285714285715 4.13055234375
36.535714285714285 4.2147
36.57142857142857 4.23299296875
36.607142857142854 4.258603125
36.642857142857146 4.258603125
36.67857142857143 4.258603125
36.714285714285715 4.258603125
36.75 4.258603125
36.785714285714285 4.258603125
36.82142857142857 4.258603125
36.857142857142854 4.258603125
36.892857142857146 4.258603125
36.92857142857143 4.258603125
36.964285714285715 4.25494453125
37.0 4.258603125
37.035714285714285 4.25494453125
37.07142857142857 4.25494453125
37.107142857142854 4.25494453125
37.142857142857146 4.25494453125
37.17857142857143 4.25494453125
37.214285714285715 4.25494453125
37.25 4.25494453125
37.285714285714285 4.25494453125
37.32142857142857 4.25494453125
37.357142857142854 4.25494453125
37.392857142857146 4.25494453125
37.42857142857143 4.25494453125
37.464285714285715 4.25494453125
37.5 4.25494453125
37.57142857142857 4.25494453125
37.607142857142854 4.24031015625
37.642857142857146 4.24031015625
37.67857142857143 4.23299296875
37.714285714285715 4.24031015625
37.75 4.24031015625
37.82142857142857 4.19640703125
37.857142857142854 4.18543125
37.964285714285715 4.287871875
38.0 4.30616484375
38.035714285714285 4.3098234375
38.07142857142857 4.3098234375
38.107142857142854 4.3098234375
38.142857142857146 4.3098234375
38.17857142857143 4.3098234375
38.214285714285715 4.3098234375
38.25 4.3098234375
38.285714285714285 4.3098234375
38.32142857142857 4.3098234375
38.357142857142854 4.3098234375
38.392857142857146 4.3098234375
38.42857142857143 4.3098234375
38.464285714285715 4.3098234375
38.5 4.3098234375
38.535714285714285 4.3098234375
38.57142857142857 4.3098234375
38.607142857142854 4.3098234375
38.642857142857146 4.3098234375
38.67857142857143 4.3098234375
38.714285714285715 4.3098234375
38.75 4.3098234375
38.785714285714285 4.3098234375
38.82142857142857 4.3098234375
38.857142857142854 4.3098234375
38.892857142857146 4.3098234375
38.92857142857143 4.3098234375
38.964285714285715 4.31348203125
39.035714285714285 4.29884765625
39.07142857142857 4.2951890625
39.142857142857146 4.30250625
39.17857142857143 4.29884765625
39.25 4.24396875
39.42857142857143 4.36104375
39.464285714285715 4.36470234375
39.5 4.36470234375
39.607142857142854 4.36104375
39.642857142857146 4.36104375
39.67857142857143 4.36104375
39.714285714285715 4.36104375
39.75 4.36104375
39.82142857142857 4.36104375
39.857142857142854 4.36104375
39.892857142857146 4.36104375
