0.03571428571428571 2.2463765625
0.07142857142857142 2.2463765625
0.10714285714285714 2.2463765625
0.14285714285714285 2.2463765625
0.17857142857142858 2.2463765625
0.21428571428571427 2.2463765625
0.25 2.24271796875
0.2857142857142857 2.2463765625
0.32142857142857145 2.2463765625
0.35714285714285715 2.24271796875
0.39285714285714285 2.25003515625
0.42857142857142855 2.24271796875
0.5357142857142857 2.25369375
0.5714285714285714 2.25369375
0.6071428571428571 2.25369375
0.6428571428571429 2.25003515625
0.6785714285714286 2.25003515625
0.7142857142857143 2.25003515625
0.75 2.2463765625
0.7857142857142857 2.2463765625
0.8214285714285714 2.2463765625
0.8571428571428571 2.2463765625
0.8928571428571429 2.2463765625
0.9285714285714286 2.2463765625
0.9642857142857143 2.2463765625
1.0 2.2463765625
1.0357142857142858 2.2463765625
1.0714285714285714 2.2463765625
1.1071428571428572 2.2463765625
1.1428571428571428 2.24271796875
1.1785714285714286 2.24271796875
1.2142857142857142 2.24271796875
1.25 2.24271796875
1.2857142857142858 2.24271796875
1.3214285714285714 2.24271796875
1.3571428571428572 2.24271796875
1.3928571428571428 2.24271796875
1.4285714285714286 2.24271796875
1.4642857142857142 2.24271796875
1.5 2.2463765625
1.5357142857142858 2.24271796875
1.6428571428571428 2.25369375
1.6785714285714286 2.25369375
1.7142857142857142 2.25003515625
1.75 2.25003515625
1.7857142857142858 2.25003515625
1.8214285714285714 2.25003515625
1.8571428571428572 2.2463765625
1.8928571428571428 2.2463765625
1.9285714285714286 2.2463765625
1.9642857142857142 2.2463765625
2.0 2.2463765625
2.0357142857142856 2.2463765625
2.0714285714285716 2.2463765625
2.107142857142857 2.2463765625
2.142857142857143 2.2463765625
2.1785714285714284 2.24271796875
2.2142857142857144 2.24271796875
2.25 2.24271796875
2.2857142857142856 2.24271796875
2.3214285714285716 2.24271796875
2.357142857142857 2.24271796875
2.392857142857143 2.24271796875
2.4285714285714284 2.24271796875
2.4642857142857144 2.24271796875
2.5 2.24271796875
2.5357142857142856 2.24271796875
2.5714285714285716 2.24271796875
2.607142857142857 2.2463765625
2.642857142857143 2.239059375
2.6785714285714284 2.23540078125
2.75 2.25003515625
2.7857142857142856 2.25003515625
2.8214285714285716 2.2463765625
2.857142857142857 2.2463765625
2.892857142857143 2.24271796875
2.9285714285714284 2.2463765625
2.9642857142857144 2.24271796875
3.0 2.24271796875
3.0357142857142856 2.24271796875
3.0714285714285716 2.24271796875
3.107142857142857 2.24271796875
3.142857142857143 2.24271796875
3.1785714285714284 2.239059375
3.2142857142857144 2.239059375
3.25 2.239059375
3.2857142857142856 2.239059375
3.3214285714285716 2.239059375
3.357142857142857 2.239059375
3.392857142857143 2.239059375
3.4285714285714284 2.239059375
3.4642857142857144 2.239059375
3.5 2.239059375
3.5357142857142856 2.239059375
3.5714285714285716 2.239059375
3.607142857142857 2.239059375
3.642857142857143 2.239059375
3.6785714285714284 2.23540078125
3.7142857142857144 2.24271796875
3.75 2.23540078125
3.8214285714285716 2.25003515625
3.892857142857143 2.2463765625
3.9285714285714284 2.24271796875
3.9642857142857144 2.24271796875
4.0 2.239059375
4.035714285714286 2.239059375
4.071428571428571 2.239059375
4.107142857142857 2.239059375
4.142857142857143 2.239059375
4.178571428571429 2.239059375
4.214285714285714 2.239059375
4.25 2.239059375
4.285714285714286 2.239059375
4.321428571428571 2.23540078125
4.357142857142857 2.23540078125
4.392857142857143 2.23540078125
4.428571428571429 2.23540078125
4.464285714285714 2.23540078125
4.5 2.23540078125
4.535714285714286 2.23540078125
4.571428571428571 2.23540078125
4.607142857142857 2.23540078125
4.642857142857143 2.23540078125
4.678571428571429 2.23540078125
4.714285714285714 2.23540078125
4.75 2.23540078125
4.785714285714286 2.2317421875
4.821428571428571 2.2317421875
4.964285714285714 2.24271796875
5.0 2.24271796875
5.035714285714286 2.239059375
5.071428571428571 2.239059375
5.107142857142857 2.23540078125
5.142857142857143 2.23540078125
5.178571428571429 2.23540078125
5.214285714285714 2.23540078125
5.25 2.23540078125
5.285714285714286 2.2317421875
5.321428571428571 2.23540078125
5.357142857142857 2.23540078125
5.392857142857143 2.2317421875
5.428571428571429 2.2317421875
5.464285714285714 2.2317421875
5.5 2.2317421875
5.535714285714286 2.2317421875
5.571428571428571 2.2317421875
5.607142857142857 2.2317421875
5.642857142857143 2.2317421875
5.678571428571429 2.2317421875
5.714285714285714 2.2317421875
5.75 2.22808359375
5.785714285714286 2.22808359375
5.821428571428571 2.22808359375
5.857142857142857 2.2317421875
6.107142857142857 2.2317421875
6.142857142857143 2.2317421875
6.178571428571429 2.22808359375
6.214285714285714 2.22808359375
6.25 2.22808359375
6.285714285714286 2.224425
6.321428571428571 2.224425
6.357142857142857 2.224425
6.392857142857143 2.224425
6.428571428571429 2.224425
6.464285714285714 2.224425
6.5 2.224425
6.535714285714286 2.224425
6.571428571428571 2.224425
6.607142857142857 2.22076640625
6.642857142857143 2.224425
6.678571428571429 2.22076640625
6.714285714285714 2.22076640625
6.75 2.22076640625
6.785714285714286 2.22076640625
6.821428571428571 2.22076640625
6.857142857142857 2.22076640625
6.892857142857143 2.22076640625
6.928571428571429 2.22076640625
6.964285714285714 2.22076640625
7.214285714285714 2.2317421875
7.25 2.22808359375
7.285714285714286 2.224425
7.321428571428571 2.224425
7.357142857142857 2.224425
7.392857142857143 2.22076640625
7.428571428571429 2.22076640625
7.464285714285714 2.22076640625
7.5 2.22076640625
7.535714285714286 2.22076640625
7.571428571428571 2.22076640625
7.607142857142857 2.22076640625
7.642857142857143 2.22076640625
7.678571428571429 2.22076640625
7.714285714285714 2.22076640625
7.75 2.22076640625
7.785714285714286 2.22076640625
7.821428571428571 2.2171078125
7.857142857142857 2.2171078125
7.892857142857143 2.2171078125
7.928571428571429 2.2171078125
7.964285714285714 2.2171078125
8.0 2.2171078125
8.035714285714286 2.2171078125
8.071428571428571 2.2171078125
8.107142857142858 2.2171078125
8.321428571428571 2.22808359375
8.357142857142858 2.22808359375
8.392857142857142 2.224425
8.428571428571429 2.224425
8.464285714285714 2.224425
8.5 2.22076640625
8.535714285714286 2.22076640625
8.571428571428571 2.22076640625
8.607142857142858 2.22076640625
8.642857142857142 2.22076640625
8.678571428571429 2.22076640625
8.714285714285714 2.22076640625
8.75 2.22076640625
8.785714285714286 2.22076640625
8.821428571428571 2.2171078125
8.857142857142858 2.22076640625
8.892857142857142 2.22076640625
8.928571428571429 2.2171078125
8.964285714285714 2.2171078125
9.0 2.2171078125
9.035714285714286 2.2171078125
9.071428571428571 2.2171078125
9.107142857142858 2.2171078125
9.142857142857142 2.2171078125
9.178571428571429 2.2171078125
9.214285714285714 2.2171078125
9.428571428571429 2.22808359375
9.464285714285714 2.224425
9.5 2.224425
9.535714285714286 2.22076640625
9.571428571428571 2.22076640625
9.607142857142858 2.22076640625
9.642857142857142 2.22076640625
9.678571428571429 2.22076640625
9.714285714285714 2.2171078125
9.75 2.2171078125
9.785714285714286 2.22076640625
9.821428571428571 2.2171078125
9.857142857142858 2.2171078125
9.892857142857142 2.2171078125
9.928571428571429 2.2171078125
9.964285714285714 2.2171078125
10.0 2.2171078125
10.035714285714286 2.2171078125
10.071428571428571 2.2171078125
10.107142857142858 2.2171078125
10.142857142857142 2.2171078125
10.178571428571429 2.21344921875
10.214285714285714 2.2171078125
10.25 2.21344921875
10.285714285714286 2.21344921875
10.321428571428571 2.21344921875
10.535714285714286 2.22808359375
10.571428571428571 2.22808359375
10.607142857142858 2.22808359375
10.642857142857142 2.224425
10.678571428571429 2.22076640625
10.714285714285714 2.22076640625
10.75 2.22076640625
10.785714285714286 2.22076640625
10.821428571428571 2.22076640625
10.857142857142858 2.22076640625
10.892857142857142 2.2171078125
10.928571428571429 2.2171078125
10.964285714285714 2.22076640625
11.0 2.22076640625
11.035714285714286 2.2171078125
11.071428571428571 2.2171078125
11.107142857142858 2.2171078125
11.142857142857142 2.2171078125
11.178571428571429 2.2171078125
11.214285714285714 2.2171078125
11.25 2.2171078125
11.285714285714286 2.2171078125
11.321428571428571 2.2171078125
11.357142857142858 2.2171078125
11.392857142857142 2.2171078125
11.428571428571429 2.2171078125
11.464285714285714 2.21344921875
11.642857142857142 2.22808359375
11.678571428571429 2.224425
11.714285714285714 2.224425
11.75 2.22076640625
11.785714285714286 2.22076640625
11.821428571428571 2.2171078125
11.857142857142858 2.2171078125
11.892857142857142 2.2171078125
11.928571428571429 2.21344921875
11.964285714285714 2.2171078125
12.0 2.2171078125
12.035714285714286 2.2171078125
12.071428571428571 2.21344921875
12.107142857142858 2.21344921875
12.142857142857142 2.21344921875
12.178571428571429 2.21344921875
12.214285714285714 2.21344921875
12.25 2.21344921875
12.285714285714286 2.21344921875
12.321428571428571 2.21344921875
12.357142857142858 2.21344921875
12.392857142857142 2.21344921875
12.428571428571429 2.21344921875
12.464285714285714 2.21344921875
12.5 2.21344921875
12.535714285714286 2.21344921875
12.75 2.22808359375
12.785714285714286 2.224425
12.821428571428571 2.22076640625
12.857142857142858 2.22076640625
12.892857142857142 2.22076640625
12.964285714285714 2.21344921875
13.0 2.2171078125
13.035714285714286 2.21344921875
13.071428571428571 2.21344921875
13.107142857142858 2.2171078125
13.142857142857142 2.21344921875
13.178571428571429 2.209790625
13.214285714285714 2.209790625
13.25 2.209790625
13.285714285714286 2.209790625
13.321428571428571 2.209790625
13.357142857142858 2.209790625
13.392857142857142 2.209790625
13.428571428571429 2.209790625
13.464285714285714 2.209790625
13.5 2.209790625
13.535714285714286 2.209790625
13.571428571428571 2.21344921875
13.607142857142858 2.209790625
13.642857142857142 2.209790625
13.678571428571429 2.21344921875
13.857142857142858 2.22808359375
13.892857142857142 2.224425
13.928571428571429 2.224425
13.964285714285714 2.224425
14.0 2.22076640625
14.035714285714286 2.22076640625
14.071428571428571 2.22076640625
14.107142857142858 2.2171078125
14.142857142857142 2.2171078125
14.178571428571429 2.22076640625
14.214285714285714 2.22076640625
14.25 2.2171078125
14.285714285714286 2.2171078125
14.321428571428571 2.2171078125
14.357142857142858 2.21344921875
14.392857142857142 2.21344921875
14.428571428571429 2.21344921875
14.464285714285714 2.21344921875
14.5 2.21344921875
14.535714285714286 2.209790625
14.571428571428571 2.209790625
14.607142857142858 2.209790625
14.642857142857142 2.209790625
14.678571428571429 2.209790625
14.714285714285714 2.209790625
14.75 2.209790625
14.785714285714286 2.21344921875
15.0 2.22076640625
15.035714285714286 2.224425
15.071428571428571 2.22076640625
15.107142857142858 2.22076640625
15.142857142857142 2.2171078125
15.178571428571429 2.2171078125
15.214285714285714 2.2171078125
15.25 2.21344921875
15.285714285714286 2.2171078125
15.321428571428571 2.21344921875
15.357142857142858 2.21344921875
15.392857142857142 2.21344921875
15.428571428571429 2.21344921875
15.464285714285714 2.21344921875
15.5 2.209790625
15.535714285714286 2.21344921875
15.571428571428571 2.21344921875
15.607142857142858 2.209790625
15.642857142857142 2.209790625
15.678571428571429 2.209790625
15.714285714285714 2.21344921875
15.75 2.21344921875
15.785714285714286 2.209790625
15.821428571428571 2.209790625
15.857142857142858 2.209790625
15.892857142857142 2.209790625
16.178571428571427 2.2171078125
16.25 2.21344921875
16.285714285714285 2.21344921875
16.321428571428573 2.21344921875
16.357142857142858 2.209790625
16.392857142857142 2.209790625
16.428571428571427 2.209790625
16.464285714285715 2.209790625
16.5 2.209790625
16.535714285714285 2.209790625
16.571428571428573 2.209790625
16.607142857142858 2.20613203125
16.642857142857142 2.20613203125
16.678571428571427 2.209790625
16.714285714285715 2.209790625
16.75 2.20613203125
16.785714285714285 2.209790625
16.821428571428573 2.209790625
16.857142857142858 2.20613203125
16.892857142857142 2.20613203125
16.928571428571427 2.20613203125
16.964285714285715 2.20613203125
17.0 2.2024734375
17.25 2.209790625
17.285714285714285 2.20613203125
17.321428571428573 2.20613203125
17.357142857142858 2.20613203125
17.392857142857142 2.20613203125
17.428571428571427 2.20613203125
17.464285714285715 2.20613203125
17.5 2.2024734375
17.535714285714285 2.2024734375
17.571428571428573 2.2024734375
17.607142857142858 2.2024734375
17.642857142857142 2.2024734375
17.678571428571427 2.2024734375
17.714285714285715 2.2024734375
17.75 2.2024734375
17.785714285714285 2.2024734375
17.821428571428573 2.2024734375
17.857142857142858 2.2024734375
17.892857142857142 2.2024734375
17.928571428571427 2.2024734375
17.964285714285715 2.2024734375
18.0 2.2024734375
18.035714285714285 2.2024734375
18.071428571428573 2.2024734375
18.107142857142858 2.2024734375
18.178571428571427 2.19149765625
18.214285714285715 2.19515625
18.357142857142858 2.19881484375
18.392857142857142 2.19881484375
18.428571428571427 2.19881484375
18.464285714285715 2.19881484375
18.5 2.19881484375
18.535714285714285 2.19881484375
18.571428571428573 2.19881484375
18.607142857142858 2.19881484375
18.642857142857142 2.19881484375
18.678571428571427 2.19881484375
18.714285714285715 2.19881484375
18.75 2.19515625
18.785714285714285 2.19515625
18.821428571428573 2.19515625
18.857142857142858 2.19515625
18.892857142857142 2.19515625
18.928571428571427 2.19515625
18.964285714285715 2.19515625
19.0 2.19515625
19.035714285714285 2.19881484375
19.071428571428573 2.19515625
19.107142857142858 2.19515625
19.142857142857142 2.19515625
19.178571428571427 2.19515625
19.214285714285715 2.19515625
19.428571428571427 2.19149765625
19.464285714285715 2.19149765625
19.5 2.19515625
19.535714285714285 2.19149765625
19.571428571428573 2.19149765625
19.607142857142858 2.19149765625
19.642857142857142 2.19149765625
19.678571428571427 2.19149765625
19.714285714285715 2.19149765625
19.75 2.19149765625
19.785714285714285 2.19149765625
19.821428571428573 2.1878390625
19.857142857142858 2.1878390625
19.892857142857142 2.19149765625
19.928571428571427 2.19149765625
19.964285714285715 2.1878390625
20.0 2.1878390625
20.035714285714285 2.1878390625
20.071428571428573 2.1878390625
20.107142857142858 2.1878390625
20.142857142857142 2.1878390625
20.178571428571427 2.1878390625
20.214285714285715 2.1878390625
20.25 2.1878390625
20.285714285714285 2.1878390625
20.321428571428573 2.18418046875
20.428571428571427 2.180521875
20.535714285714285 2.1878390625
20.571428571428573 2.1878390625
20.607142857142858 2.18418046875
20.642857142857142 2.18418046875
20.678571428571427 2.18418046875
20.714285714285715 2.18418046875
20.75 2.18418046875
20.785714285714285 2.18418046875
20.821428571428573 2.18418046875
20.857142857142858 2.180521875
20.892857142857142 2.180521875
20.928571428571427 2.180521875
20.964285714285715 2.180521875
21.0 2.180521875
21.035714285714285 2.180521875
21.071428571428573 2.180521875
21.107142857142858 2.180521875
21.142857142857142 2.180521875
21.178571428571427 2.180521875
21.214285714285715 2.180521875
21.25 2.180521875
21.285714285714285 2.17686328125
21.321428571428573 2.17686328125
21.357142857142858 2.17686328125
21.392857142857142 2.17686328125
21.428571428571427 2.17686328125
21.464285714285715 2.1732046875
21.5 2.16954609375
21.607142857142858 2.1732046875
21.642857142857142 2.1732046875
21.678571428571427 2.1732046875
21.714285714285715 2.1732046875
21.75 2.1732046875
21.785714285714285 2.16954609375
21.821428571428573 2.16954609375
21.857142857142858 2.16954609375
21.892857142857142 2.16954609375
21.928571428571427 2.1732046875
21.964285714285715 2.1732046875
22.0 2.16954609375
22.035714285714285 2.16954609375
22.071428571428573 2.16954609375
22.107142857142858 2.16954609375
22.142857142857142 2.16954609375
22.178571428571427 2.16954609375
22.214285714285715 2.1658875
22.25 2.16954609375
22.285714285714285 2.1658875
22.321428571428573 2.1658875
22.357142857142858 2.1658875
22.392857142857142 2.1658875
22.428571428571427 2.1658875
22.464285714285715 2.1658875
22.5 2.1658875
22.535714285714285 2.1658875
22.607142857142858 2.15491171875
22.642857142857142 2.15491171875
22.75 2.16222890625
22.785714285714285 2.16222890625
22.821428571428573 2.16222890625
22.857142857142858 2.16222890625
22.892857142857142 2.1585703125
22.928571428571427 2.16222890625
22.964285714285715 2.1585703125
23.0 2.1585703125
23.035714285714285 2.1585703125
23.071428571428573 2.1585703125
23.107142857142858 2.1585703125
23.142857142857142 2.1585703125
23.178571428571427 2.1585703125
23.214285714285715 2.1585703125
23.25 2.1585703125
23.285714285714285 2.1585703125
23.321428571428573 2.1585703125
23.357142857142858 2.1585703125
23.392857142857142 2.1585703125
23.428571428571427 2.1585703125
23.464285714285715 2.1585703125
23.5 2.1585703125
23.535714285714285 2.15491171875
23.571428571428573 2.15491171875
23.607142857142858 2.15491171875
23.642857142857142 2.15491171875
23.678571428571427 2.151253125
23.714285714285715 2.15491171875
23.75 2.14759453125
23.857142857142858 2.15491171875
23.892857142857142 2.1585703125
23.928571428571427 2.1585703125
23.964285714285715 2.15491171875
24.0 2.15491171875
24.035714285714285 2.15491171875
24.071428571428573 2.151253125
24.107142857142858 2.151253125
24.142857142857142 2.151253125
24.178571428571427 2.151253125
24.214285714285715 2.151253125
24.25 2.151253125
24.285714285714285 2.151253125
24.321428571428573 2.151253125
24.357142857142858 2.151253125
24.392857142857142 2.151253125
24.428571428571427 2.151253125
24.464285714285715 2.151253125
24.5 2.151253125
24.535714285714285 2.151253125
24.571428571428573 2.151253125
24.607142857142858 2.151253125
24.642857142857142 2.14759453125
24.678571428571427 2.14759453125
24.714285714285715 2.151253125
24.75 2.14759453125
24.785714285714285 2.1439359375
24.821428571428573 2.1439359375
24.857142857142858 2.1402773437500002
24.892857142857142 2.151253125
24.964285714285715 2.14759453125
25.0 2.151253125
25.035714285714285 2.14759453125
25.071428571428573 2.14759453125
25.107142857142858 2.14759453125
25.142857142857142 2.1439359375
25.178571428571427 2.1439359375
25.214285714285715 2.1439359375
25.25 2.1439359375
25.285714285714285 2.1439359375
25.321428571428573 2.1439359375
25.357142857142858 2.1439359375
25.392857142857142 2.1439359375
25.428571428571427 2.1439359375
25.464285714285715 2.1439359375
25.5 2.1439359375
25.535714285714285 2.1439359375
25.571428571428573 2.1439359375
25.607142857142858 2.1402773437500002
25.642857142857142 2.1439359375
25.678571428571427 2.1439359375
25.714285714285715 2.1439359375
25.75 2.1402773437500002
25.785714285714285 2.1439359375
25.821428571428573 2.1402773437500002
25.857142857142858 2.1402773437500002
25.892857142857142 2.1402773437500002
25.928571428571427 2.1402773437500002
25.964285714285715 2.13661875
26.071428571428573 2.14759453125
26.107142857142858 2.1439359375
26.142857142857142 2.1439359375
26.178571428571427 2.1402773437500002
26.214285714285715 2.1402773437500002
26.25 2.1402773437500002
26.285714285714285 2.1402773437500002
26.321428571428573 2.1402773437500002
26.357142857142858 2.1402773437500002
26.392857142857142 2.1402773437500002
26.428571428571427 2.13661875
26.464285714285715 2.13661875
26.5 2.13661875
26.535714285714285 2.13661875
26.571428571428573 2.1402773437500002
26.607142857142858 2.13661875
26.642857142857142 2.13661875
26.678571428571427 2.13661875
26.714285714285715 2.13661875
26.75 2.13661875
26.785714285714285 2.13661875
26.821428571428573 2.13661875
26.857142857142858 2.13661875
26.892857142857142 2.13661875
26.928571428571427 2.13661875
26.964285714285715 2.13661875
27.0 2.13661875
27.035714285714285 2.1293015625
27.071428571428573 2.1293015625
27.107142857142858 2.13661875
27.178571428571427 2.13661875
27.214285714285715 2.13661875
27.25 2.13296015625
27.285714285714285 2.13296015625
27.321428571428573 2.13296015625
27.357142857142858 2.13296015625
27.392857142857142 2.13296015625
27.428571428571427 2.13296015625
27.464285714285715 2.1293015625
27.5 2.13296015625
27.535714285714285 2.13296015625
27.571428571428573 2.13296015625
27.607142857142858 2.1293015625
27.642857142857142 2.1293015625
27.678571428571427 2.1293015625
27.714285714285715 2.1293015625
27.75 2.1293015625
27.785714285714285 2.1293015625
27.821428571428573 2.1293015625
27.857142857142858 2.1293015625
27.892857142857142 2.1293015625
27.928571428571427 2.1293015625
27.964285714285715 2.1293015625
28.0 2.1293015625
28.035714285714285 2.1293015625
28.071428571428573 2.1293015625
28.107142857142858 2.121984375
28.142857142857142 2.121984375
28.178571428571427 2.11832578125
28.285714285714285 2.12564296875
28.321428571428573 2.12564296875
28.357142857142858 2.12564296875
28.392857142857142 2.12564296875
28.428571428571427 2.121984375
28.464285714285715 2.121984375
28.5 2.121984375
28.535714285714285 2.121984375
28.571428571428573 2.121984375
28.607142857142858 2.121984375
28.642857142857142 2.121984375
28.678571428571427 2.121984375
28.714285714285715 2.121984375
28.75 2.121984375
28.785714285714285 2.121984375
28.821428571428573 2.121984375
28.857142857142858 2.121984375
28.892857142857142 2.121984375
28.928571428571427 2.11832578125
28.964285714285715 2.11832578125
29.0 2.11832578125
29.035714285714285 2.11832578125
29.071428571428573 2.11832578125
29.107142857142858 2.11832578125
29.142857142857142 2.11832578125
29.178571428571427 2.11832578125
29.214285714285715 2.1146671875
29.25 2.11100859375
29.285714285714285 2.11100859375
29.428571428571427 2.11832578125
29.464285714285715 2.11832578125
29.5 2.1146671875
29.535714285714285 2.1146671875
29.571428571428573 2.1146671875
29.607142857142858 2.1146671875
29.642857142857142 2.1146671875
29.678571428571427 2.1146671875
29.714285714285715 2.11100859375
29.75 2.1146671875
29.785714285714285 2.1146671875
29.821428571428573 2.1146671875
29.857142857142858 2.11100859375
29.892857142857142 2.11100859375
29.928571428571427 2.11100859375
29.964285714285715 2.11100859375
30.0 2.11100859375
30.035714285714285 2.11100859375
30.071428571428573 2.11100859375
30.107142857142858 2.11100859375
30.142857142857142 2.11100859375
30.178571428571427 2.11100859375
30.214285714285715 2.11100859375
30.25 2.11100859375
30.285714285714285 2.11100859375
30.321428571428573 2.10369140625
30.357142857142858 2.10735
30.392857142857142 2.1000328125
30.5 2.11100859375
30.535714285714285 2.10735
30.571428571428573 2.10735
30.607142857142858 2.10735
30.642857142857142 2.10735
30.678571428571427 2.10735
30.714285714285715 2.10735
30.75 2.10735
30.785714285714285 2.10369140625
30.821428571428573 2.10369140625
30.857142857142858 2.10369140625
30.892857142857142 2.10369140625
30.928571428571427 2.10369140625
30.964285714285715 2.10369140625
31.0 2.10369140625
31.035714285714285 2.10369140625
31.071428571428573 2.10369140625
31.107142857142858 2.10369140625
31.142857142857142 2.10369140625
31.178571428571427 2.10369140625
31.214285714285715 2.10369140625
31.25 2.10369140625
31.285714285714285 2.10369140625
31.321428571428573 2.10369140625
31.357142857142858 2.10369140625
31.392857142857142 2.10369140625
31.428571428571427 2.1000328125
31.464285714285715 2.09637421875
31.5 2.092715625
31.607142857142858 2.1000328125
31.642857142857142 2.1000328125
31.678571428571427 2.1000328125
31.714285714285715 2.09637421875
31.75 2.09637421875
31.785714285714285 2.09637421875
31.821428571428573 2.09637421875
31.857142857142858 2.09637421875
31.892857142857142 2.09637421875
31.928571428571427 2.09637421875
31.964285714285715 2.09637421875
32.0 2.09637421875
32.035714285714285 2.092715625
32.07142857142857 2.092715625
32.107142857142854 2.092715625
32.142857142857146 2.092715625
32.17857142857143 2.092715625
32.214285714285715 2.092715625
32.25 2.092715625
32.285714285714285 2.092715625
32.32142857142857 2.092715625
32.357142857142854 2.092715625
32.392857142857146 2.092715625
32.42857142857143 2.092715625
32.464285714285715 2.092715625
32.5 2.08905703125
32.535714285714285 2.092715625
32.57142857142857 2.0853984375
32.607142857142854 2.08173984375
32.642857142857146 2.08905703125
32.67857142857143 2.08905703125
32.75 2.08905703125
32.785714285714285 2.0853984375
32.82142857142857 2.0853984375
32.857142857142854 2.0853984375
32.892857142857146 2.08173984375
32.92857142857143 2.08173984375
32.964285714285715 2.08173984375
33.0 2.08173984375
33.035714285714285 2.08173984375
33.07142857142857 2.08173984375
33.107142857142854 2.07808125
33.142857142857146 2.07808125
33.17857142857143 2.07808125
33.214285714285715 2.07808125
33.25 2.07808125
33.285714285714285 2.07442265625
33.32142857142857 2.07442265625
33.357142857142854 2.07442265625
33.392857142857146 2.07442265625
33.42857142857143 2.07442265625
33.464285714285715 2.07442265625
33.5 2.07442265625
33.535714285714285 2.07442265625
33.57142857142857 2.07442265625
33.607142857142854 2.07442265625
33.642857142857146 2.0707640625
33.67857142857143 2.0707640625
33.714285714285715 2.063446875
33.82142857142857 2.07442265625
33.857142857142854 2.0707640625
33.892857142857146 2.0707640625
33.92857142857143 2.0707640625
33.964285714285715 2.0707640625
34.0 2.0707640625
34.035714285714285 2.0707640625
34.07142857142857 2.0707640625
34.107142857142854 2.0707640625
34.142857142857146 2.06710546875
34.17857142857143 2.06710546875
34.214285714285715 2.06710546875
34.25 2.06710546875
34.285714285714285 2.06710546875
34.32142857142857 2.06710546875
34.357142857142854 2.06710546875
34.392857142857146 2.06710546875
34.42857142857143 2.06710546875
34.464285714285715 2.06710546875
34.5 2.063446875
34.535714285714285 2.06710546875
34.57142857142857 2.06710546875
34.607142857142854 2.06710546875
34.642857142857146 2.063446875
34.67857142857143 2.06710546875
34.714285714285715 2.063446875
34.75 2.063446875
34.785714285714285 2.05978828125
34.82142857142857 2.05978828125
34.857142857142854 2.06710546875
34.964285714285715 2.06710546875
35.0 2.063446875
35.035714285714285 2.063446875
35.07142857142857 2.063446875
35.107142857142854 2.05978828125
35.142857142857146 2.05978828125
35.17857142857143 2.05978828125
35.214285714285715 2.05978828125
35.25 2.05978828125
35.285714285714285 2.05978828125
35.32142857142857 2.05978828125
35.357142857142854 2.05978828125
35.392857142857146 2.05978828125
35.42857142857143 2.05978828125
35.464285714285715 2.05978828125
35.5 2.05978828125
35.535714285714285 2.05978828125
35.57142857142857 2.0561296875
35.607142857142854 2.05978828125
35.642857142857146 2.0561296875
35.67857142857143 2.0561296875
35.714285714285715 2.0561296875
35.75 2.0561296875
35.785714285714285 2.0561296875
35.82142857142857 2.0561296875
35.857142857142854 2.05247109375
35.892857142857146 2.05247109375
35.92857142857143 2.05247109375
35.964285714285715 2.04515390625
36.035714285714285 2.05978828125
36.07142857142857 2.0561296875
36.107142857142854 2.0561296875
36.142857142857146 2.0561296875
36.17857142857143 2.05247109375
36.214285714285715 2.05247109375
36.25 2.05247109375
36.285714285714285 2.05247109375
36.32142857142857 2.05247109375
36.357142857142854 2.05247109375
36.392857142857146 2.05247109375
36.42857142857143 2.05247109375
36.464285714285715 2.05247109375
36.5 2.05247109375
36.535714285714285 2.05247109375
36.57142857142857 2.0488125
36.607142857142854 2.0488125
36.642857142857146 2.0488125
36.67857142857143 2.0488125
36.714285714285715 2.0488125
36.75 2.0488125
36.785714285714285 2.0488125
36.82142857142857 2.0488125
36.857142857142854 2.0488125
36.892857142857146 2.0488125
36.92857142857143 2.0488125
36.964285714285715 2.04515390625
37.0 2.0414953125
37.035714285714285 2.0414953125
37.07142857142857 2.03783671875
37.107142857142854 2.05247109375
37.17857142857143 2.04515390625
37.214285714285715 2.04515390625
37.25 2.04515390625
37.285714285714285 2.04515390625
37.32142857142857 2.0414953125
37.357142857142854 2.0414953125
37.392857142857146 2.0414953125
37.42857142857143 2.0414953125
37.464285714285715 2.0414953125
37.5 2.0414953125
37.535714285714285 2.0414953125
37.57142857142857 2.0414953125
37.607142857142854 2.0414953125
37.642857142857146 2.0414953125
37.67857142857143 2.0414953125
37.714285714285715 2.0414953125
37.75 2.03783671875
37.785714285714285 2.03783671875
37.82142857142857 2.03783671875
37.857142857142854 2.03783671875
37.892857142857146 2.03783671875
37.92857142857143 2.03783671875
37.964285714285715 2.03783671875
38.0 2.03783671875
38.035714285714285 2.03783671875
38.07142857142857 2.03783671875
38.107142857142854 2.034178125
38.142857142857146 2.0268609375
38.25 2.03783671875
38.285714285714285 2.03783671875
38.32142857142857 2.034178125
38.357142857142854 2.034178125
38.392857142857146 2.034178125
38.42857142857143 2.034178125
38.464285714285715 2.034178125
38.5 2.03051953125
38.535714285714285 2.03051953125
38.57142857142857 2.03051953125
38.607142857142854 2.03051953125
38.642857142857146 2.03051953125
38.67857142857143 2.03051953125
38.714285714285715 2.03051953125
38.75 2.03051953125
38.785714285714285 2.03051953125
38.82142857142857 2.0268609375
38.857142857142854 2.0268609375
38.892857142857146 2.0268609375
38.92857142857143 2.0268609375
38.964285714285715 2.0268609375
39.0 2.0268609375
39.035714285714285 2.0268609375
39.07142857142857 2.0268609375
39.107142857142854 2.0268609375
39.142857142857146 2.0268609375
39.17857142857143 2.0268609375
39.214285714285715 2.02320234375
39.25 2.01954375
39.32142857142857 2.034178125
39.392857142857146 2.03051953125
39.42857142857143 2.0268609375
39.464285714285715 2.0268609375
39.5 2.0268609375
39.535714285714285 2.02320234375
39.57142857142857 2.0268609375
39.607142857142854 2.02320234375
39.642857142857146 2.02320234375
39.67857142857143 2.02320234375
39.714285714285715 2.02320234375
39.75 2.02320234375
39.785714285714285 2.02320234375
39.82142857142857 2.01954375
39.857142857142854 2.01954375
39.892857142857146 2.01954375
39.92857142857143 2.01954375
39.964285714285715 2.01954375
