0.03571428571428571 3.1024875
0.07142857142857142 3.1024875
0.10714285714285714 3.1024875
0.14285714285714285 3.1024875
0.17857142857142858 3.1024875
0.21428571428571427 3.09882890625
0.25 3.09882890625
0.2857142857142857 3.09882890625
0.32142857142857145 3.09882890625
0.35714285714285715 3.09882890625
0.39285714285714285 3.09882890625
0.42857142857142855 3.1024875
0.4642857142857143 3.09882890625
0.5 3.09882890625
0.5357142857142857 3.09882890625
0.5714285714285714 3.09882890625
0.6071428571428571 3.09882890625
0.6428571428571429 3.09882890625
0.6785714285714286 3.09882890625
0.7142857142857143 3.0951703125
0.75 3.09882890625
0.7857142857142857 3.09882890625
0.8214285714285714 3.09882890625
0.8571428571428571 3.0951703125
0.8928571428571429 3.0951703125
0.9285714285714286 3.0951703125
0.9642857142857143 3.0951703125
1.0 3.0951703125
1.0357142857142858 3.0951703125
1.0714285714285714 3.0951703125
1.1071428571428572 3.0951703125
1.1428571428571428 3.0951703125
1.1785714285714286 3.0951703125
1.2142857142857142 3.0951703125
1.25 3.09151171875
1.2857142857142858 3.0951703125
1.3214285714285714 3.0951703125
1.3571428571428572 3.0951703125
1.3928571428571428 3.09151171875
1.4285714285714286 3.0951703125
1.4642857142857142 3.0951703125
1.5 3.09151171875
1.5357142857142858 3.09151171875
1.5714285714285714 3.09151171875
1.6071428571428572 3.0951703125
1.6428571428571428 3.09151171875
1.6785714285714286 3.09151171875
1.7142857142857142 3.09151171875
1.75 3.09151171875
1.7857142857142858 3.09151171875
1.8214285714285714 3.09151171875
1.8571428571428572 3.09151171875
1.8928571428571428 3.087853125
1.9285714285714286 3.09151171875
1.9642857142857142 3.09151171875
2.0 3.087853125
2.0357142857142856 3.087853125
2.0714285714285716 3.087853125
2.107142857142857 3.087853125
2.142857142857143 3.087853125
2.1785714285714284 3.087853125
2.2142857142857144 3.087853125
2.25 3.087853125
2.2857142857142856 3.087853125
2.3214285714285716 3.087853125
2.357142857142857 3.087853125
2.392857142857143 3.087853125
2.4285714285714284 3.087853125
2.4642857142857144 3.087853125
2.5 3.087853125
2.5357142857142856 3.087853125
2.5714285714285716 3.087853125
2.607142857142857 3.08419453125
2.642857142857143 3.08419453125
2.6785714285714284 3.08419453125
2.7142857142857144 3.08419453125
2.75 3.08419453125
2.7857142857142856 3.08419453125
2.8214285714285716 3.08419453125
2.857142857142857 3.087853125
2.892857142857143 3.08419453125
2.9285714285714284 3.08419453125
2.9642857142857144 3.08419453125
3.0 3.08419453125
3.0357142857142856 3.08419453125
3.0714285714285716 3.0805359375
3.107142857142857 3.0805359375
3.142857142857143 3.08419453125
3.1785714285714284 3.0805359375
3.2142857142857144 3.0805359375
3.25 3.0805359375
3.2857142857142856 3.0805359375
3.3214285714285716 3.0805359375
3.357142857142857 3.0805359375
3.392857142857143 3.0805359375
3.4285714285714284 3.0805359375
3.4642857142857144 3.0805359375
3.5 3.0805359375
3.5357142857142856 3.0805359375
3.5714285714285716 3.0805359375
3.607142857142857 3.0805359375
3.642857142857143 3.0805359375
3.6785714285714284 3.0805359375
3.7142857142857144 3.07687734375
3.75 3.0805359375
3.7857142857142856 3.0805359375
3.8214285714285716 3.07687734375
3.857142857142857 3.07687734375
3.892857142857143 3.07687734375
3.9285714285714284 3.07687734375
3.9642857142857144 3.07687734375
4.0 3.07687734375
4.035714285714286 3.07687734375
4.071428571428571 3.07687734375
4.107142857142857 3.07687734375
4.142857142857143 3.07687734375
4.178571428571429 3.07321875
4.214285714285714 3.07321875
4.25 3.07321875
4.285714285714286 3.07321875
4.321428571428571 3.07321875
4.357142857142857 3.07321875
4.392857142857143 3.07321875
4.428571428571429 3.07321875
4.464285714285714 3.07321875
4.5 3.07321875
4.535714285714286 3.07321875
4.571428571428571 3.07321875
4.607142857142857 3.07321875
4.642857142857143 3.07321875
4.678571428571429 3.07321875
4.714285714285714 3.07321875
4.75 3.07321875
4.785714285714286 3.06956015625
4.821428571428571 3.06956015625
4.857142857142857 3.06956015625
4.892857142857143 3.06956015625
4.928571428571429 3.06956015625
4.964285714285714 3.07321875
5.0 3.06956015625
5.035714285714286 3.06956015625
5.071428571428571 3.06956015625
5.107142857142857 3.06956015625
5.142857142857143 3.06956015625
5.178571428571429 3.06956015625
5.214285714285714 3.06956015625
5.25 3.06956015625
5.285714285714286 3.06956015625
5.321428571428571 3.06956015625
5.357142857142857 3.0659015625
5.392857142857143 3.06956015625
5.428571428571429 3.0659015625
5.464285714285714 3.0659015625
5.5 3.0659015625
5.535714285714286 3.0659015625
5.571428571428571 3.06956015625
5.607142857142857 3.0659015625
5.642857142857143 3.0659015625
5.678571428571429 3.0659015625
5.714285714285714 3.0659015625
5.75 3.0659015625
5.785714285714286 3.0659015625
5.821428571428571 3.0659015625
5.857142857142857 3.0659015625
5.892857142857143 3.0659015625
5.928571428571429 3.0659015625
5.964285714285714 3.0659015625
6.0 3.0659015625
6.035714285714286 3.0659015625
6.071428571428571 3.0659015625
6.107142857142857 3.0659015625
6.142857142857143 3.0659015625
6.178571428571429 3.0659015625
6.214285714285714 3.0659015625
6.25 3.0659015625
6.285714285714286 3.0659015625
6.321428571428571 3.0659015625
6.357142857142857 3.06224296875
6.392857142857143 3.0659015625
6.428571428571429 3.0659015625
6.464285714285714 3.0659015625
6.5 3.0659015625
6.535714285714286 3.0659015625
6.571428571428571 3.0659015625
6.607142857142857 3.06224296875
6.642857142857143 3.06224296875
6.678571428571429 3.06224296875
6.714285714285714 3.06224296875
6.75 3.0659015625
6.785714285714286 3.0659015625
6.821428571428571 3.0659015625
6.857142857142857 3.06224296875
6.892857142857143 3.06224296875
6.928571428571429 3.06224296875
6.964285714285714 3.06224296875
7.0 3.06224296875
7.035714285714286 3.06224296875
7.071428571428571 3.06224296875
7.107142857142857 3.06224296875
7.142857142857143 3.06224296875
7.178571428571429 3.06224296875
7.214285714285714 3.06224296875
7.25 3.06224296875
7.285714285714286 3.06224296875
7.321428571428571 3.058584375
7.357142857142857 3.058584375
7.392857142857143 3.06224296875
7.428571428571429 3.06224296875
7.464285714285714 3.058584375
7.5 3.058584375
7.535714285714286 3.058584375
7.571428571428571 3.058584375
7.607142857142857 3.058584375
7.642857142857143 3.058584375
7.678571428571429 3.058584375
7.714285714285714 3.058584375
7.75 3.058584375
7.785714285714286 3.058584375
7.821428571428571 3.058584375
7.857142857142857 3.058584375
7.892857142857143 3.058584375
7.928571428571429 3.058584375
7.964285714285714 3.058584375
8.0 3.058584375
8.035714285714286 3.058584375
8.071428571428571 3.058584375
8.107142857142858 3.05492578125
8.142857142857142 3.058584375
8.178571428571429 3.05492578125
8.214285714285714 3.05492578125
8.25 3.05492578125
8.285714285714286 3.05492578125
8.321428571428571 3.05492578125
8.357142857142858 3.05492578125
8.392857142857142 3.05492578125
8.428571428571429 3.05492578125
8.464285714285714 3.05492578125
8.5 3.0512671875
8.535714285714286 3.0512671875
8.571428571428571 3.05492578125
8.607142857142858 3.05492578125
8.642857142857142 3.05492578125
8.678571428571429 3.0512671875
8.714285714285714 3.0512671875
8.75 3.0512671875
8.785714285714286 3.0512671875
8.821428571428571 3.0512671875
8.857142857142858 3.0512671875
8.892857142857142 3.0512671875
8.928571428571429 3.0512671875
8.964285714285714 3.0512671875
9.0 3.0512671875
9.035714285714286 3.0512671875
9.071428571428571 3.0512671875
9.107142857142858 3.0512671875
9.142857142857142 3.0512671875
9.178571428571429 3.0512671875
9.214285714285714 3.0512671875
9.25 3.0512671875
9.285714285714286 3.0512671875
9.321428571428571 3.0512671875
9.357142857142858 3.0512671875
9.392857142857142 3.0512671875
9.428571428571429 3.0512671875
9.464285714285714 3.0512671875
9.5 3.0512671875
9.535714285714286 3.0512671875
9.571428571428571 3.0512671875
9.607142857142858 3.04760859375
9.642857142857142 3.04760859375
9.678571428571429 3.04760859375
9.714285714285714 3.04760859375
9.75 3.04760859375
9.785714285714286 3.04760859375
9.821428571428571 3.04760859375
9.857142857142858 3.04760859375
9.892857142857142 3.04760859375
9.928571428571429 3.04760859375
9.964285714285714 3.04760859375
10.0 3.04760859375
10.035714285714286 3.04395
10.071428571428571 3.04395
10.107142857142858 3.04760859375
10.142857142857142 3.04760859375
10.178571428571429 3.04395
10.214285714285714 3.04395
10.25 3.04395
10.285714285714286 3.04395
10.321428571428571 3.04395
10.357142857142858 3.04395
10.392857142857142 3.04395
10.428571428571429 3.04395
10.464285714285714 3.04395
10.5 3.04395
10.535714285714286 3.04395
10.571428571428571 3.04395
10.607142857142858 3.04395
10.642857142857142 3.04395
10.678571428571429 3.04029140625
10.714285714285714 3.04395
10.75 3.04395
10.785714285714286 3.04395
10.821428571428571 3.04395
10.857142857142858 3.04029140625
10.892857142857142 3.04029140625
10.928571428571429 3.04029140625
10.964285714285714 3.04029140625
11.0 3.04029140625
11.035714285714286 3.04029140625
11.071428571428571 3.04029140625
11.107142857142858 3.04029140625
11.142857142857142 3.04029140625
11.178571428571429 3.04029140625
11.214285714285714 3.04029140625
11.25 3.04029140625
11.285714285714286 3.0366328125
11.321428571428571 3.04029140625
11.357142857142858 3.0366328125
11.392857142857142 3.0366328125
11.428571428571429 3.0366328125
11.464285714285714 3.0366328125
11.5 3.0366328125
11.535714285714286 3.0366328125
11.571428571428571 3.0366328125
11.607142857142858 3.0366328125
11.642857142857142 3.0366328125
11.678571428571429 3.0366328125
11.714285714285714 3.0366328125
11.75 3.0366328125
11.785714285714286 3.0366328125
11.821428571428571 3.0366328125
11.857142857142858 3.03297421875
11.892857142857142 3.03297421875
11.928571428571429 3.0366328125
11.964285714285714 3.0366328125
12.0 3.03297421875
12.035714285714286 3.03297421875
12.071428571428571 3.03297421875
12.107142857142858 3.03297421875
12.142857142857142 3.03297421875
12.178571428571429 3.03297421875
12.214285714285714 3.03297421875
12.25 3.03297421875
12.285714285714286 3.03297421875
12.321428571428571 3.03297421875
12.357142857142858 3.03297421875
12.392857142857142 3.03297421875
12.428571428571429 3.03297421875
12.464285714285714 3.03297421875
12.5 3.03297421875
12.535714285714286 3.03297421875
12.571428571428571 3.03297421875
12.607142857142858 3.029315625
12.642857142857142 3.029315625
12.678571428571429 3.029315625
12.714285714285714 3.029315625
12.75 3.029315625
12.785714285714286 3.029315625
12.821428571428571 3.029315625
12.857142857142858 3.029315625
12.892857142857142 3.029315625
12.928571428571429 3.029315625
12.964285714285714 3.029315625
13.0 3.029315625
13.035714285714286 3.029315625
13.071428571428571 3.029315625
13.107142857142858 3.029315625
13.142857142857142 3.029315625
13.178571428571429 3.029315625
13.214285714285714 3.029315625
13.25 3.029315625
13.285714285714286 3.029315625
13.321428571428571 3.029315625
13.357142857142858 3.029315625
13.392857142857142 3.02565703125
13.428571428571429 3.029315625
13.464285714285714 3.029315625
13.5 3.029315625
13.535714285714286 3.02565703125
13.571428571428571 3.02565703125
13.607142857142858 3.02565703125
13.642857142857142 3.02565703125
13.678571428571429 3.02565703125
13.714285714285714 3.02565703125
13.75 3.02565703125
13.785714285714286 3.02565703125
13.821428571428571 3.02565703125
13.857142857142858 3.02565703125
13.892857142857142 3.02565703125
13.928571428571429 3.0219984375
13.964285714285714 3.0219984375
14.0 3.0219984375
14.035714285714286 3.0219984375
14.071428571428571 3.0219984375
14.107142857142858 3.0219984375
14.142857142857142 3.0219984375
14.178571428571429 3.0219984375
14.214285714285714 3.0219984375
14.25 3.0219984375
14.285714285714286 3.0219984375
14.321428571428571 3.0219984375
14.357142857142858 3.0219984375
14.392857142857142 3.0219984375
14.428571428571429 3.0219984375
14.464285714285714 3.0219984375
14.5 3.0219984375
14.535714285714286 3.0219984375
14.571428571428571 3.0219984375
14.607142857142858 3.01833984375
14.642857142857142 3.0219984375
14.678571428571429 3.0219984375
14.714285714285714 3.01833984375
14.75 3.01833984375
14.785714285714286 3.01833984375
14.821428571428571 3.01833984375
14.857142857142858 3.01833984375
14.892857142857142 3.01833984375
14.928571428571429 3.01468125
14.964285714285714 3.01833984375
15.0 3.01833984375
15.035714285714286 3.01833984375
15.071428571428571 3.01468125
15.107142857142858 3.01468125
15.142857142857142 3.01468125
15.178571428571429 3.01468125
15.214285714285714 3.01468125
15.25 3.01468125
15.285714285714286 3.01468125
15.321428571428571 3.01468125
15.357142857142858 3.01468125
15.392857142857142 3.01468125
15.428571428571429 3.01468125
15.464285714285714 3.01468125
15.5 3.01468125
15.535714285714286 3.01468125
15.571428571428571 3.01468125
15.607142857142858 3.01468125
15.642857142857142 3.01468125
15.678571428571429 3.01468125
15.714285714285714 3.01102265625
15.75 3.01102265625
15.785714285714286 3.01102265625
15.821428571428571 3.01102265625
15.857142857142858 3.01468125
15.892857142857142 3.01102265625
15.928571428571429 3.01102265625
15.964285714285714 3.01102265625
16.0 3.01102265625
16.035714285714285 3.01102265625
16.071428571428573 3.01102265625
16.107142857142858 3.0073640625
16.142857142857142 3.0073640625
16.178571428571427 3.01102265625
16.214285714285715 3.0073640625
16.25 3.0073640625
16.285714285714285 3.0073640625
16.321428571428573 3.0073640625
16.357142857142858 3.0073640625
16.392857142857142 3.0073640625
16.428571428571427 3.0073640625
16.464285714285715 3.0073640625
16.5 3.0073640625
16.535714285714285 3.0073640625
16.571428571428573 3.0073640625
16.607142857142858 3.0073640625
16.642857142857142 3.0073640625
16.678571428571427 3.0073640625
16.714285714285715 3.00370546875
16.75 3.00370546875
16.785714285714285 3.0073640625
16.821428571428573 3.0073640625
16.857142857142858 3.00370546875
16.892857142857142 3.00370546875
16.928571428571427 3.00370546875
16.964285714285715 3.00370546875
17.0 3.00370546875
17.035714285714285 3.0000468750000002
17.071428571428573 3.00370546875
17.107142857142858 3.00370546875
17.142857142857142 3.0000468750000002
17.178571428571427 3.0000468750000002
17.214285714285715 3.0000468750000002
17.25 3.0000468750000002
17.285714285714285 3.0000468750000002
17.321428571428573 3.0000468750000002
17.357142857142858 3.0000468750000002
17.392857142857142 3.0000468750000002
17.428571428571427 3.0000468750000002
17.464285714285715 3.0000468750000002
17.5 3.0000468750000002
17.535714285714285 3.0000468750000002
17.571428571428573 3.0000468750000002
17.607142857142858 3.0000468750000002
17.642857142857142 3.0000468750000002
17.678571428571427 3.0000468750000002
17.714285714285715 3.0000468750000002
17.75 2.9963882812500002
17.785714285714285 2.9963882812500002
17.821428571428573 2.9963882812500002
17.857142857142858 2.9963882812500002
17.892857142857142 2.9963882812500002
17.928571428571427 2.9963882812500002
17.964285714285715 2.9963882812500002
18.0 3.0000468750000002
18.035714285714285 2.9963882812500002
18.071428571428573 2.9963882812500002
18.107142857142858 2.9963882812500002
18.142857142857142 2.9963882812500002
18.178571428571427 2.9927296875000002
18.214285714285715 2.9927296875000002
18.25 2.9927296875000002
18.285714285714285 2.9927296875000002
18.321428571428573 2.9963882812500002
18.357142857142858 2.9927296875000002
18.392857142857142 2.9927296875000002
18.428571428571427 2.9927296875000002
18.464285714285715 2.9927296875000002
18.5 2.9927296875000002
18.535714285714285 2.9927296875000002
18.571428571428573 2.9927296875000002
18.607142857142858 2.9927296875000002
18.642857142857142 2.9927296875000002
18.678571428571427 2.9927296875000002
18.714285714285715 2.9927296875000002
18.75 2.9927296875000002
18.785714285714285 2.9927296875000002
18.821428571428573 2.98907109375
18.857142857142858 2.9927296875000002
18.892857142857142 2.9927296875000002
18.928571428571427 2.9927296875000002
18.964285714285715 2.9927296875000002
19.0 2.9927296875000002
19.035714285714285 2.98907109375
19.071428571428573 2.98907109375
19.107142857142858 2.98907109375
19.142857142857142 2.98907109375
19.178571428571427 2.98907109375
19.214285714285715 2.98907109375
19.25 2.98907109375
19.285714285714285 2.98907109375
19.321428571428573 2.9854125
19.357142857142858 2.9854125
19.392857142857142 2.9854125
19.428571428571427 2.9854125
19.464285714285715 2.9854125
19.5 2.9854125
19.535714285714285 2.9854125
19.571428571428573 2.9854125
19.607142857142858 2.9854125
19.642857142857142 2.9854125
19.678571428571427 2.9854125
19.714285714285715 2.9854125
19.75 2.9854125
19.785714285714285 2.9854125
19.821428571428573 2.9854125
19.857142857142858 2.9854125
19.892857142857142 2.9854125
19.928571428571427 2.98175390625
19.964285714285715 2.98175390625
20.0 2.98175390625
20.035714285714285 2.98175390625
20.071428571428573 2.98175390625
20.107142857142858 2.9854125
20.142857142857142 2.98175390625
20.178571428571427 2.98175390625
20.214285714285715 2.98175390625
20.25 2.98175390625
20.285714285714285 2.98175390625
20.321428571428573 2.98175390625
20.357142857142858 2.9780953125
20.392857142857142 2.98175390625
20.428571428571427 2.98175390625
20.464285714285715 2.98175390625
20.5 2.9780953125
20.535714285714285 2.9780953125
20.571428571428573 2.9780953125
20.607142857142858 2.9780953125
20.642857142857142 2.9780953125
20.678571428571427 2.9780953125
20.714285714285715 2.98175390625
20.75 2.9780953125
20.785714285714285 2.9780953125
20.821428571428573 2.9780953125
20.857142857142858 2.9780953125
20.892857142857142 2.9780953125
20.928571428571427 2.9780953125
20.964285714285715 2.9780953125
21.0 2.9780953125
21.035714285714285 2.9780953125
21.071428571428573 2.9780953125
21.107142857142858 2.97443671875
21.142857142857142 2.97443671875
21.178571428571427 2.97443671875
21.214285714285715 2.97443671875
21.25 2.97443671875
21.285714285714285 2.97443671875
21.321428571428573 2.97443671875
21.357142857142858 2.97443671875
21.392857142857142 2.97443671875
21.428571428571427 2.97443671875
21.464285714285715 2.97443671875
21.5 2.970778125
21.535714285714285 2.970778125
21.571428571428573 2.970778125
21.607142857142858 2.97443671875
21.642857142857142 2.97443671875
21.678571428571427 2.970778125
21.714285714285715 2.970778125
21.75 2.970778125
21.785714285714285 2.970778125
21.821428571428573 2.970778125
21.857142857142858 2.970778125
21.892857142857142 2.970778125
21.928571428571427 2.970778125
21.964285714285715 2.970778125
22.0 2.970778125
22.035714285714285 2.970778125
22.071428571428573 2.970778125
22.107142857142858 2.970778125
22.142857142857142 2.970778125
22.178571428571427 2.970778125
22.214285714285715 2.970778125
22.25 2.970778125
22.285714285714285 2.970778125
22.321428571428573 2.970778125
22.357142857142858 2.96711953125
22.392857142857142 2.96711953125
22.428571428571427 2.96711953125
22.464285714285715 2.96711953125
22.5 2.96711953125
22.535714285714285 2.970778125
22.571428571428573 2.96711953125
22.607142857142858 2.96711953125
22.642857142857142 2.96711953125
22.678571428571427 2.96711953125
22.714285714285715 2.96711953125
22.75 2.96711953125
22.785714285714285 2.96711953125
22.821428571428573 2.96711953125
22.857142857142858 2.96711953125
22.892857142857142 2.9634609375
22.928571428571427 2.9634609375
22.964285714285715 2.9634609375
23.0 2.9634609375
23.035714285714285 2.9634609375
23.071428571428573 2.9634609375
23.107142857142858 2.9634609375
23.142857142857142 2.9634609375
23.178571428571427 2.9634609375
23.214285714285715 2.9634609375
23.25 2.9634609375
23.285714285714285 2.9634609375
23.321428571428573 2.9634609375
23.357142857142858 2.9634609375
23.392857142857142 2.9634609375
23.428571428571427 2.9634609375
23.464285714285715 2.9634609375
23.5 2.95980234375
23.535714285714285 2.9634609375
23.571428571428573 2.95980234375
23.607142857142858 2.95980234375
23.642857142857142 2.95980234375
23.678571428571427 2.95980234375
23.714285714285715 2.95980234375
23.75 2.95980234375
23.785714285714285 2.95980234375
23.821428571428573 2.95980234375
23.857142857142858 2.95980234375
23.892857142857142 2.95980234375
23.928571428571427 2.95980234375
23.964285714285715 2.95980234375
24.0 2.95614375
24.035714285714285 2.95980234375
24.071428571428573 2.95980234375
24.107142857142858 2.95980234375
24.142857142857142 2.95980234375
24.178571428571427 2.95614375
24.214285714285715 2.95614375
24.25 2.95614375
24.285714285714285 2.95614375
24.321428571428573 2.95614375
24.357142857142858 2.95980234375
24.392857142857142 2.95614375
24.428571428571427 2.95614375
24.464285714285715 2.95614375
24.5 2.95614375
24.535714285714285 2.95614375
24.571428571428573 2.95614375
24.607142857142858 2.95614375
24.642857142857142 2.95614375
24.678571428571427 2.95614375
24.714285714285715 2.95614375
24.75 2.95614375
24.785714285714285 2.95614375
24.821428571428573 2.95614375
24.857142857142858 2.95614375
24.892857142857142 2.95614375
24.928571428571427 2.95614375
24.964285714285715 2.95614375
25.0 2.95614375
25.035714285714285 2.95614375
25.071428571428573 2.95248515625
25.107142857142858 2.95248515625
25.142857142857142 2.95248515625
25.178571428571427 2.95248515625
25.214285714285715 2.95248515625
25.25 2.95248515625
25.285714285714285 2.95248515625
25.321428571428573 2.95248515625
25.357142857142858 2.95248515625
25.392857142857142 2.95248515625
25.428571428571427 2.95248515625
25.464285714285715 2.95248515625
25.5 2.95248515625
25.535714285714285 2.95248515625
25.571428571428573 2.95248515625
25.607142857142858 2.95248515625
25.642857142857142 2.95248515625
25.678571428571427 2.9488265625
25.714285714285715 2.9488265625
25.75 2.9488265625
25.785714285714285 2.9488265625
25.821428571428573 2.9488265625
25.857142857142858 2.9488265625
25.892857142857142 2.9488265625
25.928571428571427 2.9488265625
25.964285714285715 2.9488265625
26.0 2.9488265625
26.035714285714285 2.9488265625
26.071428571428573 2.9488265625
26.107142857142858 2.9488265625
26.142857142857142 2.9488265625
26.178571428571427 2.9488265625
26.214285714285715 2.9488265625
26.25 2.9488265625
26.285714285714285 2.9488265625
26.321428571428573 2.94516796875
26.357142857142858 2.94516796875
26.392857142857142 2.94516796875
26.428571428571427 2.94516796875
26.464285714285715 2.94516796875
26.5 2.9488265625
26.535714285714285 2.94516796875
26.571428571428573 2.94516796875
26.607142857142858 2.94516796875
26.642857142857142 2.94516796875
26.678571428571427 2.94516796875
26.714285714285715 2.94516796875
26.75 2.94516796875
26.785714285714285 2.94516796875
26.821428571428573 2.94516796875
26.857142857142858 2.94516796875
26.892857142857142 2.941509375
26.928571428571427 2.941509375
26.964285714285715 2.941509375
27.0 2.941509375
27.035714285714285 2.941509375
27.071428571428573 2.94516796875
27.107142857142858 2.94516796875
27.142857142857142 2.941509375
27.178571428571427 2.941509375
27.214285714285715 2.941509375
27.25 2.941509375
27.285714285714285 2.941509375
27.321428571428573 2.941509375
27.357142857142858 2.941509375
27.392857142857142 2.941509375
27.428571428571427 2.941509375
27.464285714285715 2.941509375
27.5 2.941509375
27.535714285714285 2.941509375
27.571428571428573 2.941509375
27.607142857142858 2.941509375
27.642857142857142 2.941509375
27.678571428571427 2.941509375
27.714285714285715 2.941509375
27.75 2.941509375
27.785714285714285 2.941509375
27.821428571428573 2.941509375
27.857142857142858 2.93785078125
27.892857142857142 2.93785078125
27.928571428571427 2.93785078125
27.964285714285715 2.93785078125
28.0 2.941509375
28.035714285714285 2.93785078125
28.071428571428573 2.93785078125
28.107142857142858 2.93785078125
28.142857142857142 2.93785078125
28.178571428571427 2.93785078125
28.214285714285715 2.93785078125
28.25 2.93785078125
28.285714285714285 2.93785078125
28.321428571428573 2.93785078125
28.357142857142858 2.9341921875
28.392857142857142 2.93785078125
28.428571428571427 2.9341921875
28.464285714285715 2.9341921875
28.5 2.9341921875
28.535714285714285 2.9341921875
28.571428571428573 2.9341921875
28.607142857142858 2.93785078125
28.642857142857142 2.9341921875
28.678571428571427 2.9341921875
28.714285714285715 2.9341921875
28.75 2.9341921875
28.785714285714285 2.9341921875
28.821428571428573 2.9341921875
28.857142857142858 2.9341921875
28.892857142857142 2.9341921875
28.928571428571427 2.9341921875
28.964285714285715 2.9341921875
29.0 2.9341921875
29.035714285714285 2.9341921875
29.071428571428573 2.9341921875
29.107142857142858 2.93053359375
29.142857142857142 2.93053359375
29.178571428571427 2.93053359375
29.214285714285715 2.9341921875
29.25 2.93053359375
29.285714285714285 2.93053359375
29.321428571428573 2.93053359375
29.357142857142858 2.93053359375
29.392857142857142 2.93053359375
29.428571428571427 2.93053359375
29.464285714285715 2.93053359375
29.5 2.93053359375
29.535714285714285 2.93053359375
29.571428571428573 2.93053359375
29.607142857142858 2.93053359375
29.642857142857142 2.926875
29.678571428571427 2.926875
29.714285714285715 2.926875
29.75 2.926875
29.785714285714285 2.926875
29.821428571428573 2.93053359375
29.857142857142858 2.926875
29.892857142857142 2.926875
29.928571428571427 2.926875
29.964285714285715 2.926875
30.0 2.926875
30.035714285714285 2.926875
30.071428571428573 2.926875
30.107142857142858 2.926875
30.142857142857142 2.926875
30.178571428571427 2.926875
30.214285714285715 2.926875
30.25 2.926875
30.285714285714285 2.926875
30.321428571428573 2.926875
30.357142857142858 2.92321640625
30.392857142857142 2.926875
30.428571428571427 2.926875
30.464285714285715 2.92321640625
30.5 2.92321640625
30.535714285714285 2.92321640625
30.571428571428573 2.92321640625
30.607142857142858 2.92321640625
30.642857142857142 2.92321640625
30.678571428571427 2.92321640625
30.714285714285715 2.92321640625
30.75 2.92321640625
30.785714285714285 2.92321640625
30.821428571428573 2.92321640625
30.857142857142858 2.92321640625
30.892857142857142 2.9195578125
30.928571428571427 2.9195578125
30.964285714285715 2.9195578125
31.0 2.9195578125
31.035714285714285 2.92321640625
31.071428571428573 2.9195578125
31.107142857142858 2.9195578125
31.142857142857142 2.9195578125
31.178571428571427 2.9195578125
31.214285714285715 2.9195578125
31.25 2.9195578125
31.285714285714285 2.9195578125
31.321428571428573 2.92321640625
31.357142857142858 2.92321640625
31.392857142857142 2.9195578125
31.428571428571427 2.9195578125
31.464285714285715 2.9195578125
31.5 2.9195578125
31.535714285714285 2.9195578125
31.571428571428573 2.9195578125
31.607142857142858 2.92321640625
31.642857142857142 2.9195578125
31.678571428571427 2.9195578125
31.714285714285715 2.9195578125
31.75 2.9195578125
31.785714285714285 2.9195578125
31.821428571428573 2.9195578125
31.857142857142858 2.9195578125
31.892857142857142 2.9195578125
31.928571428571427 2.9195578125
31.964285714285715 2.9195578125
32.0 2.9195578125
32.035714285714285 2.9195578125
32.07142857142857 2.9195578125
32.107142857142854 2.91589921875
32.142857142857146 2.91589921875
32.17857142857143 2.91589921875
32.214285714285715 2.91589921875
32.25 2.9195578125
32.285714285714285 2.91589921875
32.32142857142857 2.91589921875
32.357142857142854 2.91589921875
32.392857142857146 2.91589921875
32.42857142857143 2.91589921875
32.464285714285715 2.91589921875
32.5 2.91589921875
32.535714285714285 2.91589921875
32.57142857142857 2.91589921875
32.607142857142854 2.91589921875
32.642857142857146 2.912240625
32.67857142857143 2.912240625
32.714285714285715 2.912240625
32.75 2.912240625
32.785714285714285 2.912240625
32.82142857142857 2.912240625
32.857142857142854 2.91589921875
32.892857142857146 2.912240625
32.92857142857143 2.912240625
32.964285714285715 2.912240625
33.0 2.912240625
33.035714285714285 2.912240625
33.07142857142857 2.912240625
33.107142857142854 2.912240625
33.142857142857146 2.912240625
33.17857142857143 2.912240625
33.214285714285715 2.912240625
33.25 2.912240625
33.285714285714285 2.912240625
33.32142857142857 2.912240625
33.357142857142854 2.912240625
33.392857142857146 2.912240625
33.42857142857143 2.912240625
33.464285714285715 2.912240625
33.5 2.912240625
33.535714285714285 2.912240625
33.57142857142857 2.912240625
33.607142857142854 2.912240625
33.642857142857146 2.90858203125
33.67857142857143 2.90858203125
33.714285714285715 2.90858203125
33.75 2.912240625
33.785714285714285 2.912240625
33.82142857142857 2.90858203125
33.857142857142854 2.90858203125
33.892857142857146 2.90858203125
33.92857142857143 2.90858203125
33.964285714285715 2.90858203125
34.0 2.90858203125
34.035714285714285 2.90858203125
34.07142857142857 2.90858203125
34.107142857142854 2.90858203125
34.142857142857146 2.90858203125
34.17857142857143 2.90858203125
34.214285714285715 2.90858203125
34.25 2.9049234375
34.285714285714285 2.9049234375
34.32142857142857 2.9049234375
34.357142857142854 2.90858203125
34.392857142857146 2.90858203125
34.42857142857143 2.9049234375
34.464285714285715 2.9049234375
34.5 2.9049234375
34.535714285714285 2.9049234375
34.57142857142857 2.9049234375
34.607142857142854 2.9049234375
34.642857142857146 2.9049234375
34.67857142857143 2.9049234375
34.714285714285715 2.9049234375
34.75 2.9049234375
34.785714285714285 2.9049234375
34.82142857142857 2.9049234375
34.857142857142854 2.9049234375
34.892857142857146 2.9049234375
34.92857142857143 2.9049234375
34.964285714285715 2.9049234375
35.0 2.9049234375
35.035714285714285 2.9049234375
35.07142857142857 2.9049234375
35.107142857142854 2.9049234375
35.142857142857146 2.9049234375
35.17857142857143 2.9049234375
35.214285714285715 2.90126484375
35.25 2.9049234375
35.285714285714285 2.9049234375
35.32142857142857 2.90126484375
35.357142857142854 2.9049234375
35.392857142857146 2.90126484375
35.42857142857143 2.90126484375
35.464285714285715 2.90126484375
35.5 2.90126484375
35.535714285714285 2.90126484375
35.57142857142857 2.9049234375
35.607142857142854 2.90126484375
35.642857142857146 2.90126484375
35.67857142857143 2.90126484375
35.714285714285715 2.90126484375
35.75 2.90126484375
35.785714285714285 2.90126484375
35.82142857142857 2.90126484375
35.857142857142854 2.90126484375
35.892857142857146 2.90126484375
35.92857142857143 2.90126484375
35.964285714285715 2.89760625
36.0 2.89760625
36.035714285714285 2.89760625
36.07142857142857 2.89760625
36.107142857142854 2.89760625
36.142857142857146 2.89760625
36.17857142857143 2.90126484375
36.214285714285715 2.89760625
36.25 2.89760625
36.285714285714285 2.89760625
36.32142857142857 2.89760625
36.357142857142854 2.89760625
36.392857142857146 2.89760625
36.42857142857143 2.89760625
36.464285714285715 2.89760625
36.5 2.89760625
36.535714285714285 2.89760625
36.57142857142857 2.89760625
36.607142857142854 2.89760625
36.642857142857146 2.89760625
36.67857142857143 2.89760625
36.714285714285715 2.89760625
36.75 2.89760625
36.785714285714285 2.89760625
36.82142857142857 2.89760625
36.857142857142854 2.89760625
36.892857142857146 2.89760625
36.92857142857143 2.89394765625
36.964285714285715 2.89394765625
37.0 2.89394765625
37.035714285714285 2.89394765625
37.07142857142857 2.89760625
37.107142857142854 2.89394765625
37.142857142857146 2.89394765625
37.17857142857143 2.89394765625
37.214285714285715 2.89394765625
37.25 2.89394765625
37.285714285714285 2.89394765625
37.32142857142857 2.89394765625
37.357142857142854 2.89394765625
37.392857142857146 2.89394765625
37.42857142857143 2.89394765625
37.464285714285715 2.89394765625
37.5 2.8902890625
37.535714285714285 2.8902890625
37.57142857142857 2.8902890625
37.607142857142854 2.8902890625
37.642857142857146 2.8902890625
37.67857142857143 2.89394765625
37.714285714285715 2.89394765625
37.75 2.8902890625
37.785714285714285 2.8902890625
37.82142857142857 2.8902890625
37.857142857142854 2.8902890625
37.892857142857146 2.8902890625
37.92857142857143 2.8902890625
37.964285714285715 2.8902890625
38.0 2.8902890625
38.035714285714285 2.8902890625
38.07142857142857 2.8902890625
38.107142857142854 2.8902890625
38.142857142857146 2.88663046875
38.17857142857143 2.8902890625
38.214285714285715 2.8902890625
38.25 2.88663046875
38.285714285714285 2.8902890625
38.32142857142857 2.8902890625
38.357142857142854 2.88663046875
38.392857142857146 2.88663046875
38.42857142857143 2.88663046875
38.464285714285715 2.88663046875
38.5 2.88663046875
38.535714285714285 2.88663046875
38.57142857142857 2.88663046875
38.607142857142854 2.88663046875
38.642857142857146 2.88663046875
38.67857142857143 2.88663046875
38.714285714285715 2.88663046875
38.75 2.88663046875
38.785714285714285 2.88663046875
38.82142857142857 2.882971875
38.857142857142854 2.88663046875
38.892857142857146 2.88663046875
38.92857142857143 2.88663046875
38.964285714285715 2.88663046875
39.0 2.882971875
39.035714285714285 2.882971875
39.07142857142857 2.882971875
39.107142857142854 2.882971875
39.142857142857146 2.882971875
39.17857142857143 2.882971875
39.214285714285715 2.882971875
39.25 2.882971875
39.285714285714285 2.882971875
39.32142857142857 2.882971875
39.357142857142854 2.882971875
39.392857142857146 2.882971875
39.42857142857143 2.882971875
39.464285714285715 2.882971875
39.5 2.882971875
39.535714285714285 2.882971875
39.57142857142857 2.882971875
39.607142857142854 2.882971875
39.642857142857146 2.882971875
39.67857142857143 2.882971875
39.714285714285715 2.882971875
39.75 2.882971875
39.785714285714285 2.882971875
39.82142857142857 2.882971875
39.857142857142854 2.882971875
39.892857142857146 2.882971875
39.92857142857143 2.87931328125
