0.03571428571428571 2.736628125
0.07142857142857142 2.736628125
0.10714285714285714 2.736628125
0.14285714285714285 2.736628125
0.17857142857142858 2.736628125
0.21428571428571427 2.736628125
0.25 2.736628125
0.2857142857142857 2.736628125
0.32142857142857145 2.736628125
0.35714285714285715 2.73296953125
0.39285714285714285 2.73296953125
0.42857142857142855 2.73296953125
0.4642857142857143 2.73296953125
0.5 2.73296953125
0.5357142857142857 2.73296953125
0.5714285714285714 2.73296953125
0.6071428571428571 2.73296953125
0.6428571428571429 2.73296953125
0.6785714285714286 2.73296953125
0.7142857142857143 2.73296953125
0.75 2.73296953125
0.7857142857142857 2.73296953125
0.8214285714285714 2.73296953125
0.8571428571428571 2.73296953125
0.8928571428571429 2.73296953125
0.9285714285714286 2.73296953125
0.9642857142857143 2.73296953125
1.0 2.73296953125
1.0357142857142858 2.73296953125
1.0714285714285714 2.73296953125
1.1071428571428572 2.73296953125
1.1428571428571428 2.73296953125
1.1785714285714286 2.73296953125
1.2142857142857142 2.73296953125
1.25 2.73296953125
1.2857142857142858 2.73296953125
1.3214285714285714 2.73296953125
1.3571428571428572 2.73296953125
1.3928571428571428 2.73296953125
1.4285714285714286 2.73296953125
1.4642857142857142 2.7293109375
1.5 2.7293109375
1.5357142857142858 2.7293109375
1.5714285714285714 2.7293109375
1.6071428571428572 2.7293109375
1.6428571428571428 2.7293109375
1.6785714285714286 2.7293109375
1.7142857142857142 2.7293109375
1.75 2.7293109375
1.7857142857142858 2.7293109375
1.8214285714285714 2.7293109375
1.8571428571428572 2.7293109375
1.8928571428571428 2.7293109375
1.9285714285714286 2.7293109375
1.9642857142857142 2.7293109375
2.0 2.7293109375
2.0357142857142856 2.7293109375
2.0714285714285716 2.7293109375
2.107142857142857 2.7293109375
2.142857142857143 2.7293109375
2.1785714285714284 2.7293109375
2.2142857142857144 2.7293109375
2.25 2.7293109375
2.2857142857142856 2.7293109375
2.3214285714285716 2.7293109375
2.357142857142857 2.7293109375
2.392857142857143 2.7293109375
2.4285714285714284 2.7293109375
2.4642857142857144 2.7293109375
2.5 2.7293109375
2.5357142857142856 2.7293109375
2.5714285714285716 2.7293109375
2.607142857142857 2.7293109375
2.642857142857143 2.7293109375
2.6785714285714284 2.7293109375
2.7142857142857144 2.7293109375
2.75 2.7293109375
2.7857142857142856 2.7293109375
2.8214285714285716 2.7293109375
2.857142857142857 2.7293109375
2.892857142857143 2.7293109375
2.9285714285714284 2.7293109375
2.9642857142857144 2.7293109375
3.0 2.7293109375
3.0357142857142856 2.7293109375
3.0714285714285716 2.7293109375
3.107142857142857 2.7293109375
3.142857142857143 2.7293109375
3.1785714285714284 2.72565234375
3.2142857142857144 2.72565234375
3.25 2.72565234375
3.2857142857142856 2.72565234375
3.3214285714285716 2.72565234375
3.357142857142857 2.72565234375
3.392857142857143 2.72565234375
3.4285714285714284 2.72565234375
3.4642857142857144 2.72565234375
3.5 2.72565234375
3.5357142857142856 2.72565234375
3.5714285714285716 2.72565234375
3.607142857142857 2.72565234375
3.642857142857143 2.72565234375
3.6785714285714284 2.72565234375
3.7142857142857144 2.72565234375
3.75 2.72199375
3.7857142857142856 2.72565234375
3.8214285714285716 2.72565234375
3.857142857142857 2.72199375
3.892857142857143 2.72199375
3.9285714285714284 2.72199375
3.9642857142857144 2.72199375
4.0 2.72199375
4.035714285714286 2.72199375
4.071428571428571 2.72199375
4.107142857142857 2.72199375
4.142857142857143 2.72199375
4.178571428571429 2.72199375
4.214285714285714 2.72199375
4.25 2.72199375
4.285714285714286 2.72199375
4.321428571428571 2.72199375
4.357142857142857 2.72199375
4.392857142857143 2.72199375
4.428571428571429 2.72199375
4.464285714285714 2.72199375
4.5 2.72199375
4.535714285714286 2.72199375
4.571428571428571 2.72199375
4.607142857142857 2.72199375
4.642857142857143 2.72199375
4.678571428571429 2.72199375
4.714285714285714 2.72199375
4.75 2.72199375
4.785714285714286 2.72199375
4.821428571428571 2.72199375
4.857142857142857 2.72199375
4.892857142857143 2.72199375
4.928571428571429 2.71833515625
4.964285714285714 2.71833515625
5.0 2.71833515625
5.035714285714286 2.71833515625
5.071428571428571 2.71833515625
5.107142857142857 2.71833515625
5.142857142857143 2.71833515625
5.178571428571429 2.71833515625
5.214285714285714 2.71833515625
5.25 2.71833515625
5.285714285714286 2.71833515625
5.321428571428571 2.71833515625
5.357142857142857 2.71833515625
5.392857142857143 2.71833515625
5.428571428571429 2.71833515625
5.464285714285714 2.71833515625
5.5 2.71833515625
5.535714285714286 2.71833515625
5.571428571428571 2.71833515625
5.607142857142857 2.7146765625000002
5.642857142857143 2.7146765625000002
5.678571428571429 2.7146765625000002
5.714285714285714 2.7146765625000002
5.75 2.7146765625000002
5.785714285714286 2.7146765625000002
5.821428571428571 2.7146765625000002
5.857142857142857 2.7146765625000002
5.892857142857143 2.7146765625000002
5.928571428571429 2.7146765625000002
5.964285714285714 2.7146765625000002
6.0 2.7146765625000002
6.035714285714286 2.7146765625000002
6.071428571428571 2.7146765625000002
6.107142857142857 2.7146765625000002
6.142857142857143 2.7146765625000002
6.178571428571429 2.7146765625000002
6.214285714285714 2.7146765625000002
6.25 2.7146765625000002
6.285714285714286 2.7146765625000002
6.321428571428571 2.7146765625000002
6.357142857142857 2.7146765625000002
6.392857142857143 2.7146765625000002
6.428571428571429 2.7146765625000002
6.464285714285714 2.7146765625000002
6.5 2.7146765625000002
6.535714285714286 2.7146765625000002
6.571428571428571 2.7146765625000002
6.607142857142857 2.7146765625000002
6.642857142857143 2.7146765625000002
6.678571428571429 2.7146765625000002
6.714285714285714 2.7146765625000002
6.75 2.7146765625000002
6.785714285714286 2.7146765625000002
6.821428571428571 2.7146765625000002
6.857142857142857 2.7146765625000002
6.892857142857143 2.7146765625000002
6.928571428571429 2.7146765625000002
6.964285714285714 2.7146765625000002
7.0 2.7146765625000002
7.035714285714286 2.7146765625000002
7.071428571428571 2.7146765625000002
7.107142857142857 2.7146765625000002
7.142857142857143 2.7146765625000002
7.178571428571429 2.7146765625000002
7.214285714285714 2.7146765625000002
7.25 2.7146765625000002
7.285714285714286 2.7110179687500002
7.321428571428571 2.7110179687500002
7.357142857142857 2.7110179687500002
7.392857142857143 2.7110179687500002
7.428571428571429 2.7110179687500002
7.464285714285714 2.7110179687500002
7.5 2.7110179687500002
7.535714285714286 2.7110179687500002
7.571428571428571 2.7110179687500002
7.607142857142857 2.7110179687500002
7.642857142857143 2.7110179687500002
7.678571428571429 2.7110179687500002
7.714285714285714 2.7110179687500002
7.75 2.7110179687500002
7.785714285714286 2.7110179687500002
7.821428571428571 2.7110179687500002
7.857142857142857 2.7110179687500002
7.892857142857143 2.7110179687500002
7.928571428571429 2.7110179687500002
7.964285714285714 2.7110179687500002
8.0 2.7110179687500002
8.035714285714286 2.7110179687500002
8.071428571428571 2.7110179687500002
8.107142857142858 2.7110179687500002
8.142857142857142 2.7110179687500002
8.178571428571429 2.7110179687500002
8.214285714285714 2.7110179687500002
8.25 2.7110179687500002
8.285714285714286 2.7110179687500002
8.321428571428571 2.7073593750000002
8.357142857142858 2.7110179687500002
8.392857142857142 2.7110179687500002
8.428571428571429 2.7110179687500002
8.464285714285714 2.7110179687500002
8.5 2.7110179687500002
8.535714285714286 2.7110179687500002
8.571428571428571 2.7073593750000002
8.607142857142858 2.7110179687500002
8.642857142857142 2.7110179687500002
8.678571428571429 2.7073593750000002
8.714285714285714 2.7073593750000002
8.75 2.7073593750000002
8.785714285714286 2.7073593750000002
8.821428571428571 2.7073593750000002
8.857142857142858 2.7073593750000002
8.892857142857142 2.7073593750000002
8.928571428571429 2.7073593750000002
8.964285714285714 2.7073593750000002
9.0 2.7110179687500002
9.035714285714286 2.7073593750000002
9.071428571428571 2.7073593750000002
9.107142857142858 2.7073593750000002
9.142857142857142 2.7073593750000002
9.178571428571429 2.7073593750000002
9.214285714285714 2.7073593750000002
9.25 2.7073593750000002
9.285714285714286 2.7073593750000002
9.321428571428571 2.7073593750000002
9.357142857142858 2.7073593750000002
9.392857142857142 2.7073593750000002
9.428571428571429 2.7073593750000002
9.464285714285714 2.7073593750000002
9.5 2.7073593750000002
9.535714285714286 2.7073593750000002
9.571428571428571 2.7073593750000002
9.607142857142858 2.7073593750000002
9.642857142857142 2.7073593750000002
9.678571428571429 2.7073593750000002
9.714285714285714 2.7073593750000002
9.75 2.7073593750000002
9.785714285714286 2.7073593750000002
9.821428571428571 2.7073593750000002
9.857142857142858 2.7073593750000002
9.892857142857142 2.7073593750000002
9.928571428571429 2.7073593750000002
9.964285714285714 2.7073593750000002
10.0 2.7073593750000002
10.035714285714286 2.7073593750000002
10.071428571428571 2.7073593750000002
10.107142857142858 2.7073593750000002
10.142857142857142 2.7073593750000002
10.178571428571429 2.7073593750000002
10.214285714285714 2.7073593750000002
10.25 2.7073593750000002
10.285714285714286 2.7073593750000002
10.321428571428571 2.7073593750000002
10.357142857142858 2.70370078125
10.392857142857142 2.70370078125
10.428571428571429 2.70370078125
10.464285714285714 2.70370078125
10.5 2.70370078125
10.535714285714286 2.70370078125
10.571428571428571 2.70370078125
10.607142857142858 2.70370078125
10.642857142857142 2.70370078125
10.678571428571429 2.70370078125
10.714285714285714 2.70370078125
10.75 2.70370078125
10.785714285714286 2.70370078125
10.821428571428571 2.7073593750000002
10.857142857142858 2.70370078125
10.892857142857142 2.70370078125
10.928571428571429 2.70370078125
10.964285714285714 2.70370078125
11.0 2.70370078125
11.035714285714286 2.70370078125
11.071428571428571 2.70370078125
11.107142857142858 2.70370078125
11.142857142857142 2.70370078125
11.178571428571429 2.70370078125
11.214285714285714 2.70370078125
11.25 2.70370078125
11.285714285714286 2.70370078125
11.321428571428571 2.70370078125
11.357142857142858 2.70370078125
11.392857142857142 2.70370078125
11.428571428571429 2.70370078125
11.464285714285714 2.7000421875
11.5 2.7000421875
11.535714285714286 2.7000421875
11.571428571428571 2.7000421875
11.607142857142858 2.7000421875
11.642857142857142 2.7000421875
11.678571428571429 2.7000421875
11.714285714285714 2.7000421875
11.75 2.7000421875
11.785714285714286 2.7000421875
11.821428571428571 2.7000421875
11.857142857142858 2.7000421875
11.892857142857142 2.7000421875
11.928571428571429 2.7000421875
11.964285714285714 2.7000421875
12.0 2.7000421875
12.035714285714286 2.7000421875
12.071428571428571 2.7000421875
12.107142857142858 2.7000421875
12.142857142857142 2.7000421875
12.178571428571429 2.7000421875
12.214285714285714 2.7000421875
12.25 2.7000421875
12.285714285714286 2.7000421875
12.321428571428571 2.7000421875
12.357142857142858 2.7000421875
12.392857142857142 2.7000421875
12.428571428571429 2.7000421875
12.464285714285714 2.7000421875
12.5 2.7000421875
12.535714285714286 2.7000421875
12.571428571428571 2.7000421875
12.607142857142858 2.7000421875
12.642857142857142 2.7000421875
12.678571428571429 2.69638359375
12.714285714285714 2.69638359375
12.75 2.69638359375
12.785714285714286 2.69638359375
12.821428571428571 2.69638359375
12.857142857142858 2.69638359375
12.892857142857142 2.69638359375
12.928571428571429 2.69638359375
12.964285714285714 2.69638359375
13.0 2.69638359375
13.035714285714286 2.69638359375
13.071428571428571 2.69638359375
13.107142857142858 2.69638359375
13.142857142857142 2.69638359375
13.178571428571429 2.69638359375
13.214285714285714 2.69638359375
13.25 2.69638359375
13.285714285714286 2.69638359375
13.321428571428571 2.69638359375
13.357142857142858 2.69638359375
13.392857142857142 2.69638359375
13.428571428571429 2.69638359375
13.464285714285714 2.69638359375
13.5 2.69638359375
13.535714285714286 2.69638359375
13.571428571428571 2.69638359375
13.607142857142858 2.69638359375
13.642857142857142 2.69638359375
13.678571428571429 2.69638359375
13.714285714285714 2.69638359375
13.75 2.69638359375
13.785714285714286 2.69638359375
13.821428571428571 2.69638359375
13.857142857142858 2.69638359375
13.892857142857142 2.69638359375
13.928571428571429 2.69638359375
13.964285714285714 2.69638359375
14.0 2.69638359375
14.035714285714286 2.69638359375
14.071428571428571 2.69638359375
14.107142857142858 2.69638359375
14.142857142857142 2.69638359375
14.178571428571429 2.69638359375
14.214285714285714 2.69638359375
14.25 2.69638359375
14.285714285714286 2.69638359375
14.321428571428571 2.69638359375
14.357142857142858 2.692725
14.392857142857142 2.692725
14.428571428571429 2.692725
14.464285714285714 2.692725
14.5 2.692725
14.535714285714286 2.692725
14.571428571428571 2.692725
14.607142857142858 2.692725
14.642857142857142 2.692725
14.678571428571429 2.692725
14.714285714285714 2.692725
14.75 2.692725
14.785714285714286 2.692725
14.821428571428571 2.692725
14.857142857142858 2.692725
14.892857142857142 2.692725
14.928571428571429 2.692725
14.964285714285714 2.692725
15.0 2.692725
15.035714285714286 2.692725
15.071428571428571 2.692725
15.107142857142858 2.692725
15.142857142857142 2.692725
15.178571428571429 2.692725
15.214285714285714 2.692725
15.25 2.692725
15.285714285714286 2.692725
15.321428571428571 2.692725
15.357142857142858 2.692725
15.392857142857142 2.692725
15.428571428571429 2.692725
15.464285714285714 2.692725
15.5 2.692725
15.535714285714286 2.692725
15.571428571428571 2.692725
15.607142857142858 2.692725
15.642857142857142 2.692725
15.678571428571429 2.692725
15.714285714285714 2.692725
15.75 2.692725
15.785714285714286 2.692725
15.821428571428571 2.692725
15.857142857142858 2.692725
15.892857142857142 2.692725
15.928571428571429 2.692725
15.964285714285714 2.692725
16.0 2.692725
16.035714285714285 2.692725
16.071428571428573 2.692725
16.107142857142858 2.692725
16.142857142857142 2.692725
16.178571428571427 2.68906640625
16.214285714285715 2.68906640625
16.25 2.68906640625
16.285714285714285 2.68906640625
16.321428571428573 2.68906640625
16.357142857142858 2.68906640625
16.392857142857142 2.68906640625
16.428571428571427 2.68906640625
16.464285714285715 2.68906640625
16.5 2.68906640625
16.535714285714285 2.68906640625
16.571428571428573 2.68906640625
16.607142857142858 2.68906640625
16.642857142857142 2.68906640625
16.678571428571427 2.68906640625
16.714285714285715 2.68906640625
16.75 2.68906640625
16.785714285714285 2.68906640625
16.821428571428573 2.68906640625
16.857142857142858 2.68906640625
16.892857142857142 2.68906640625
16.928571428571427 2.68906640625
16.964285714285715 2.68906640625
17.0 2.68906640625
17.035714285714285 2.68906640625
17.071428571428573 2.68906640625
17.107142857142858 2.68906640625
17.142857142857142 2.68906640625
17.178571428571427 2.68906640625
17.214285714285715 2.68906640625
17.25 2.68906640625
17.285714285714285 2.68906640625
17.321428571428573 2.68906640625
17.357142857142858 2.68906640625
17.392857142857142 2.68906640625
17.428571428571427 2.68906640625
17.464285714285715 2.68906640625
17.5 2.6854078125
17.535714285714285 2.68906640625
17.571428571428573 2.68906640625
17.607142857142858 2.68906640625
17.642857142857142 2.6854078125
17.678571428571427 2.6854078125
17.714285714285715 2.6854078125
17.75 2.6854078125
17.785714285714285 2.68906640625
17.821428571428573 2.68906640625
17.857142857142858 2.68906640625
17.892857142857142 2.6854078125
17.928571428571427 2.6854078125
17.964285714285715 2.6854078125
18.0 2.6854078125
18.035714285714285 2.6854078125
18.071428571428573 2.6854078125
18.107142857142858 2.6854078125
18.142857142857142 2.6854078125
18.178571428571427 2.6854078125
18.214285714285715 2.6854078125
18.25 2.6854078125
18.285714285714285 2.6854078125
18.321428571428573 2.6854078125
18.357142857142858 2.6854078125
18.392857142857142 2.6854078125
18.428571428571427 2.6854078125
18.464285714285715 2.6854078125
18.5 2.6854078125
18.535714285714285 2.6854078125
18.571428571428573 2.6854078125
18.607142857142858 2.6854078125
18.642857142857142 2.6854078125
18.678571428571427 2.6854078125
18.714285714285715 2.6854078125
18.75 2.6854078125
18.785714285714285 2.6854078125
18.821428571428573 2.6854078125
18.857142857142858 2.6854078125
18.892857142857142 2.6854078125
18.928571428571427 2.6854078125
18.964285714285715 2.6854078125
19.0 2.6854078125
19.035714285714285 2.6854078125
19.071428571428573 2.6854078125
19.107142857142858 2.68174921875
19.142857142857142 2.68174921875
19.178571428571427 2.6854078125
19.214285714285715 2.68174921875
19.25 2.68174921875
19.285714285714285 2.68174921875
19.321428571428573 2.68174921875
19.357142857142858 2.68174921875
19.392857142857142 2.68174921875
19.428571428571427 2.68174921875
19.464285714285715 2.68174921875
19.5 2.68174921875
19.535714285714285 2.68174921875
19.571428571428573 2.6854078125
19.607142857142858 2.6854078125
19.642857142857142 2.68174921875
19.678571428571427 2.68174921875
19.714285714285715 2.68174921875
19.75 2.68174921875
19.785714285714285 2.68174921875
19.821428571428573 2.68174921875
19.857142857142858 2.68174921875
19.892857142857142 2.68174921875
19.928571428571427 2.68174921875
19.964285714285715 2.68174921875
20.0 2.68174921875
20.035714285714285 2.68174921875
20.071428571428573 2.68174921875
20.107142857142858 2.68174921875
20.142857142857142 2.68174921875
20.178571428571427 2.68174921875
20.214285714285715 2.68174921875
20.25 2.68174921875
20.285714285714285 2.68174921875
20.321428571428573 2.68174921875
20.357142857142858 2.678090625
20.392857142857142 2.68174921875
20.428571428571427 2.678090625
20.464285714285715 2.678090625
20.5 2.678090625
20.535714285714285 2.678090625
20.571428571428573 2.678090625
20.607142857142858 2.678090625
20.642857142857142 2.678090625
20.678571428571427 2.678090625
20.714285714285715 2.678090625
20.75 2.678090625
20.785714285714285 2.678090625
20.821428571428573 2.678090625
20.857142857142858 2.678090625
20.892857142857142 2.678090625
20.928571428571427 2.678090625
20.964285714285715 2.678090625
21.0 2.678090625
21.035714285714285 2.678090625
21.071428571428573 2.678090625
21.107142857142858 2.678090625
21.142857142857142 2.678090625
21.178571428571427 2.678090625
21.214285714285715 2.678090625
21.25 2.678090625
21.285714285714285 2.678090625
21.321428571428573 2.678090625
21.357142857142858 2.678090625
21.392857142857142 2.678090625
21.428571428571427 2.678090625
21.464285714285715 2.678090625
21.5 2.678090625
21.535714285714285 2.678090625
21.571428571428573 2.678090625
21.607142857142858 2.678090625
21.642857142857142 2.678090625
21.678571428571427 2.678090625
21.714285714285715 2.678090625
21.75 2.678090625
21.785714285714285 2.678090625
21.821428571428573 2.678090625
21.857142857142858 2.678090625
21.892857142857142 2.678090625
21.928571428571427 2.678090625
21.964285714285715 2.678090625
22.0 2.678090625
22.035714285714285 2.67443203125
22.071428571428573 2.67443203125
22.107142857142858 2.67443203125
22.142857142857142 2.67443203125
22.178571428571427 2.67443203125
22.214285714285715 2.67443203125
22.25 2.67443203125
22.285714285714285 2.67443203125
22.321428571428573 2.67443203125
22.357142857142858 2.67443203125
22.392857142857142 2.67443203125
22.428571428571427 2.67443203125
22.464285714285715 2.67443203125
22.5 2.67443203125
22.535714285714285 2.678090625
22.571428571428573 2.67443203125
22.607142857142858 2.67443203125
22.642857142857142 2.67443203125
22.678571428571427 2.67443203125
22.714285714285715 2.67443203125
22.75 2.67443203125
22.785714285714285 2.67443203125
22.821428571428573 2.67443203125
22.857142857142858 2.67443203125
22.892857142857142 2.67443203125
22.928571428571427 2.67443203125
22.964285714285715 2.67443203125
23.0 2.67443203125
23.035714285714285 2.67443203125
23.071428571428573 2.67443203125
23.107142857142858 2.67443203125
23.142857142857142 2.6707734375
23.178571428571427 2.6707734375
23.214285714285715 2.6707734375
23.25 2.6707734375
23.285714285714285 2.6707734375
23.321428571428573 2.6707734375
23.357142857142858 2.6707734375
23.392857142857142 2.6707734375
23.428571428571427 2.6707734375
23.464285714285715 2.6707734375
23.5 2.6707734375
23.535714285714285 2.6707734375
23.571428571428573 2.6707734375
23.607142857142858 2.6707734375
23.642857142857142 2.6707734375
23.678571428571427 2.6707734375
23.714285714285715 2.6707734375
23.75 2.6707734375
23.785714285714285 2.6707734375
23.821428571428573 2.6707734375
23.857142857142858 2.6707734375
23.892857142857142 2.6707734375
23.928571428571427 2.6707734375
23.964285714285715 2.6707734375
24.0 2.6707734375
24.035714285714285 2.6707734375
24.071428571428573 2.6707734375
24.107142857142858 2.6707734375
24.142857142857142 2.6707734375
24.178571428571427 2.6707734375
24.214285714285715 2.6707734375
24.25 2.6707734375
24.285714285714285 2.6707734375
24.321428571428573 2.6707734375
24.357142857142858 2.6707734375
24.392857142857142 2.6707734375
24.428571428571427 2.6707734375
24.464285714285715 2.6707734375
24.5 2.6707734375
24.535714285714285 2.66711484375
24.571428571428573 2.6707734375
24.607142857142858 2.6707734375
24.642857142857142 2.6707734375
24.678571428571427 2.66711484375
24.714285714285715 2.66711484375
24.75 2.66711484375
24.785714285714285 2.66711484375
24.821428571428573 2.66711484375
24.857142857142858 2.6707734375
24.892857142857142 2.6707734375
24.928571428571427 2.66711484375
24.964285714285715 2.66711484375
25.0 2.66711484375
25.035714285714285 2.66711484375
25.071428571428573 2.66711484375
25.107142857142858 2.66711484375
25.142857142857142 2.66711484375
25.178571428571427 2.66711484375
25.214285714285715 2.66711484375
25.25 2.66711484375
25.285714285714285 2.66711484375
25.321428571428573 2.66711484375
25.357142857142858 2.66711484375
25.392857142857142 2.66711484375
25.428571428571427 2.66711484375
25.464285714285715 2.66711484375
25.5 2.66711484375
25.535714285714285 2.66711484375
25.571428571428573 2.66711484375
25.607142857142858 2.66711484375
25.642857142857142 2.66711484375
25.678571428571427 2.66711484375
25.714285714285715 2.66711484375
25.75 2.66345625
25.785714285714285 2.66345625
25.821428571428573 2.66345625
25.857142857142858 2.66345625
25.892857142857142 2.66345625
25.928571428571427 2.66345625
25.964285714285715 2.66345625
26.0 2.66345625
26.035714285714285 2.66711484375
26.071428571428573 2.66711484375
26.107142857142858 2.66345625
26.142857142857142 2.66345625
26.178571428571427 2.66345625
26.214285714285715 2.66345625
26.25 2.66345625
26.285714285714285 2.66345625
26.321428571428573 2.66345625
26.357142857142858 2.66345625
26.392857142857142 2.66345625
26.428571428571427 2.66345625
26.464285714285715 2.66345625
26.5 2.66345625
26.535714285714285 2.66345625
26.571428571428573 2.66345625
26.607142857142858 2.66345625
26.642857142857142 2.66345625
26.714285714285715 2.66345625
26.75 2.66345625
26.785714285714285 2.66345625
26.821428571428573 2.66345625
26.857142857142858 2.66345625
26.892857142857142 2.66345625
26.928571428571427 2.66345625
26.964285714285715 2.66345625
27.0 2.66345625
27.035714285714285 2.66345625
27.071428571428573 2.66345625
27.107142857142858 2.66345625
27.142857142857142 2.66345625
27.178571428571427 2.66345625
27.214285714285715 2.66345625
27.25 2.66345625
27.285714285714285 2.66345625
27.321428571428573 2.66345625
27.357142857142858 2.66345625
27.392857142857142 2.66345625
27.428571428571427 2.66345625
27.464285714285715 2.66345625
27.5 2.65979765625
27.535714285714285 2.65979765625
27.571428571428573 2.65979765625
27.607142857142858 2.65979765625
27.642857142857142 2.65979765625
27.678571428571427 2.65979765625
27.714285714285715 2.66345625
27.75 2.66345625
27.785714285714285 2.66345625
27.821428571428573 2.66345625
27.857142857142858 2.65979765625
27.892857142857142 2.65979765625
27.928571428571427 2.65979765625
27.964285714285715 2.65979765625
28.0 2.65979765625
28.035714285714285 2.65979765625
28.071428571428573 2.65979765625
28.107142857142858 2.65979765625
28.142857142857142 2.65979765625
28.178571428571427 2.65979765625
28.214285714285715 2.65979765625
28.25 2.65979765625
28.285714285714285 2.65979765625
28.321428571428573 2.65979765625
28.357142857142858 2.65979765625
28.392857142857142 2.65979765625
28.428571428571427 2.65979765625
28.464285714285715 2.65979765625
28.5 2.65979765625
28.535714285714285 2.65979765625
28.571428571428573 2.65979765625
28.607142857142858 2.65979765625
28.642857142857142 2.65979765625
28.678571428571427 2.65979765625
28.714285714285715 2.6561390625
28.75 2.6561390625
28.785714285714285 2.6561390625
28.821428571428573 2.6561390625
28.857142857142858 2.6561390625
28.892857142857142 2.65979765625
28.928571428571427 2.65979765625
28.964285714285715 2.65979765625
29.0 2.65979765625
29.035714285714285 2.6561390625
29.071428571428573 2.6561390625
29.107142857142858 2.6561390625
29.142857142857142 2.6561390625
29.178571428571427 2.6561390625
29.214285714285715 2.6561390625
29.25 2.6561390625
29.285714285714285 2.6561390625
29.321428571428573 2.6561390625
29.357142857142858 2.6561390625
29.392857142857142 2.6561390625
29.428571428571427 2.6561390625
29.464285714285715 2.6561390625
29.5 2.6561390625
29.535714285714285 2.6561390625
29.571428571428573 2.6561390625
29.607142857142858 2.6561390625
29.642857142857142 2.6561390625
29.678571428571427 2.6561390625
29.714285714285715 2.6561390625
29.75 2.6561390625
29.785714285714285 2.6561390625
29.821428571428573 2.6561390625
29.857142857142858 2.6561390625
29.892857142857142 2.6561390625
29.928571428571427 2.6561390625
29.964285714285715 2.6561390625
30.0 2.6561390625
30.035714285714285 2.6561390625
30.071428571428573 2.6561390625
30.107142857142858 2.6561390625
30.142857142857142 2.6561390625
30.178571428571427 2.6561390625
30.214285714285715 2.6561390625
30.25 2.65248046875
30.285714285714285 2.65248046875
30.321428571428573 2.65248046875
30.357142857142858 2.65248046875
30.392857142857142 2.65248046875
30.428571428571427 2.65248046875
30.464285714285715 2.65248046875
30.5 2.65248046875
30.535714285714285 2.65248046875
30.571428571428573 2.65248046875
30.607142857142858 2.65248046875
30.642857142857142 2.65248046875
30.678571428571427 2.65248046875
30.714285714285715 2.65248046875
30.75 2.65248046875
30.785714285714285 2.65248046875
30.821428571428573 2.65248046875
30.857142857142858 2.65248046875
30.892857142857142 2.65248046875
30.928571428571427 2.65248046875
30.964285714285715 2.65248046875
31.0 2.65248046875
31.035714285714285 2.65248046875
31.071428571428573 2.65248046875
31.107142857142858 2.65248046875
31.142857142857142 2.65248046875
31.178571428571427 2.65248046875
31.214285714285715 2.65248046875
31.25 2.65248046875
31.285714285714285 2.65248046875
31.321428571428573 2.65248046875
31.357142857142858 2.65248046875
31.392857142857142 2.65248046875
31.428571428571427 2.65248046875
31.464285714285715 2.648821875
31.5 2.648821875
31.535714285714285 2.648821875
31.571428571428573 2.648821875
31.607142857142858 2.648821875
31.642857142857142 2.648821875
31.678571428571427 2.648821875
31.714285714285715 2.648821875
31.75 2.648821875
31.785714285714285 2.648821875
31.821428571428573 2.648821875
31.857142857142858 2.648821875
31.892857142857142 2.648821875
31.928571428571427 2.648821875
31.964285714285715 2.65248046875
32.0 2.648821875
32.035714285714285 2.648821875
32.07142857142857 2.648821875
32.107142857142854 2.648821875
32.142857142857146 2.648821875
32.17857142857143 2.648821875
32.214285714285715 2.648821875
32.25 2.648821875
32.285714285714285 2.648821875
32.32142857142857 2.648821875
32.357142857142854 2.648821875
32.392857142857146 2.648821875
32.42857142857143 2.648821875
32.464285714285715 2.648821875
32.5 2.648821875
32.535714285714285 2.648821875
32.57142857142857 2.648821875
32.607142857142854 2.648821875
32.642857142857146 2.648821875
32.67857142857143 2.648821875
32.714285714285715 2.648821875
32.75 2.648821875
32.785714285714285 2.648821875
32.82142857142857 2.648821875
32.857142857142854 2.648821875
32.892857142857146 2.648821875
32.92857142857143 2.648821875
32.964285714285715 2.648821875
33.0 2.648821875
33.035714285714285 2.648821875
33.07142857142857 2.648821875
33.107142857142854 2.648821875
33.17857142857143 2.648821875
33.214285714285715 2.648821875
33.25 2.648821875
33.285714285714285 2.648821875
33.32142857142857 2.648821875
33.357142857142854 2.648821875
33.392857142857146 2.64516328125
33.42857142857143 2.64516328125
33.464285714285715 2.64516328125
33.5 2.64516328125
33.535714285714285 2.64516328125
33.57142857142857 2.64516328125
33.607142857142854 2.64516328125
33.642857142857146 2.64516328125
33.67857142857143 2.64516328125
33.714285714285715 2.64516328125
33.75 2.64516328125
33.785714285714285 2.64516328125
33.82142857142857 2.64516328125
33.857142857142854 2.64516328125
33.892857142857146 2.64516328125
33.92857142857143 2.64516328125
33.964285714285715 2.64516328125
34.0 2.64516328125
34.035714285714285 2.64516328125
34.07142857142857 2.64516328125
34.107142857142854 2.64516328125
34.142857142857146 2.64516328125
34.17857142857143 2.64516328125
34.214285714285715 2.64516328125
34.25 2.64516328125
34.32142857142857 2.6415046875
34.357142857142854 2.6415046875
34.392857142857146 2.6415046875
34.42857142857143 2.6415046875
34.464285714285715 2.6415046875
34.5 2.6415046875
34.535714285714285 2.6415046875
34.57142857142857 2.6415046875
34.607142857142854 2.6415046875
34.642857142857146 2.6415046875
34.67857142857143 2.6415046875
34.714285714285715 2.6415046875
34.75 2.6415046875
34.785714285714285 2.6415046875
34.82142857142857 2.6415046875
34.857142857142854 2.6415046875
34.892857142857146 2.6415046875
34.92857142857143 2.6415046875
34.964285714285715 2.6415046875
35.0 2.6415046875
35.035714285714285 2.6415046875
35.07142857142857 2.6415046875
35.107142857142854 2.6415046875
35.142857142857146 2.6415046875
35.17857142857143 2.6415046875
35.214285714285715 2.6415046875
35.25 2.6415046875
35.285714285714285 2.6415046875
35.32142857142857 2.6415046875
35.357142857142854 2.6415046875
35.392857142857146 2.6415046875
35.42857142857143 2.6415046875
35.464285714285715 2.6415046875
35.5 2.63784609375
35.535714285714285 2.63784609375
35.57142857142857 2.63784609375
35.607142857142854 2.63784609375
35.642857142857146 2.63784609375
35.67857142857143 2.63784609375
35.714285714285715 2.63784609375
35.75 2.63784609375
35.785714285714285 2.63784609375
35.82142857142857 2.63784609375
35.857142857142854 2.63784609375
35.892857142857146 2.63784609375
35.92857142857143 2.63784609375
35.964285714285715 2.63784609375
36.0 2.6415046875
36.035714285714285 2.6415046875
36.07142857142857 2.6415046875
36.107142857142854 2.63784609375
36.142857142857146 2.63784609375
36.17857142857143 2.63784609375
36.214285714285715 2.63784609375
36.25 2.63784609375
36.285714285714285 2.63784609375
36.32142857142857 2.63784609375
36.357142857142854 2.63784609375
36.392857142857146 2.63784609375
36.42857142857143 2.63784609375
36.464285714285715 2.63784609375
36.5 2.63784609375
36.535714285714285 2.63784609375
36.57142857142857 2.63784609375
36.607142857142854 2.63784609375
36.642857142857146 2.63784609375
36.67857142857143 2.63784609375
36.714285714285715 2.63784609375
36.75 2.63784609375
36.785714285714285 2.63784609375
36.82142857142857 2.63784609375
36.857142857142854 2.63784609375
36.892857142857146 2.63784609375
36.92857142857143 2.63784609375
36.964285714285715 2.63784609375
37.0 2.63784609375
37.035714285714285 2.63784609375
37.07142857142857 2.63784609375
37.107142857142854 2.63784609375
37.142857142857146 2.63784609375
37.17857142857143 2.63784609375
37.214285714285715 2.63784609375
37.25 2.63784609375
37.285714285714285 2.63784609375
37.32142857142857 2.63784609375
37.357142857142854 2.63784609375
37.392857142857146 2.63784609375
37.42857142857143 2.63784609375
37.464285714285715 2.63784609375
37.5 2.63784609375
37.535714285714285 2.63784609375
37.57142857142857 2.63784609375
37.607142857142854 2.63784609375
37.642857142857146 2.6341875
37.67857142857143 2.6341875
37.714285714285715 2.6341875
37.75 2.6341875
37.785714285714285 2.63784609375
37.82142857142857 2.63784609375
37.857142857142854 2.6341875
37.892857142857146 2.63784609375
37.92857142857143 2.6341875
37.964285714285715 2.6341875
38.0 2.6341875
38.035714285714285 2.6341875
38.07142857142857 2.6341875
38.107142857142854 2.6341875
38.142857142857146 2.6341875
38.17857142857143 2.6341875
38.214285714285715 2.6341875
38.25 2.6341875
38.285714285714285 2.6341875
38.32142857142857 2.6341875
38.357142857142854 2.6341875
38.392857142857146 2.6341875
38.42857142857143 2.6341875
38.464285714285715 2.6341875
38.5 2.6341875
38.535714285714285 2.6341875
38.57142857142857 2.6341875
38.607142857142854 2.6341875
38.642857142857146 2.6341875
38.67857142857143 2.6341875
38.714285714285715 2.6341875
38.75 2.6341875
38.785714285714285 2.6341875
38.82142857142857 2.6341875
38.857142857142854 2.6341875
38.892857142857146 2.6341875
38.92857142857143 2.6341875
38.964285714285715 2.6341875
39.0 2.6341875
39.035714285714285 2.6341875
39.07142857142857 2.6341875
39.107142857142854 2.6341875
39.142857142857146 2.6341875
39.17857142857143 2.6341875
39.214285714285715 2.6341875
39.25 2.6341875
39.285714285714285 2.6341875
39.32142857142857 2.6341875
39.357142857142854 2.6341875
39.392857142857146 2.6341875
39.42857142857143 2.6341875
39.464285714285715 2.6341875
39.5 2.6341875
39.535714285714285 2.6341875
39.57142857142857 2.6341875
39.607142857142854 2.6341875
39.642857142857146 2.6341875
39.67857142857143 2.6341875
39.714285714285715 2.6341875
39.75 2.6341875
39.785714285714285 2.6341875
39.82142857142857 2.6341875
39.857142857142854 2.6341875
39.892857142857146 2.6341875
39.92857142857143 2.6341875
