0.03571428571428571 3.04395
0.07142857142857142 3.04395
0.10714285714285714 3.04395
0.14285714285714285 3.04395
0.17857142857142858 3.04395
0.21428571428571427 3.04395
0.5 3.04395
0.5357142857142857 3.04395
0.5714285714285714 3.04395
0.6071428571428571 3.04395
0.6428571428571429 3.04395
0.6785714285714286 3.04395
0.7142857142857143 3.04395
0.75 3.04395
0.7857142857142857 3.04395
0.8214285714285714 3.04395
0.8571428571428571 3.04395
0.8928571428571429 3.04395
1.1785714285714286 3.04029140625
1.2142857142857142 3.04395
1.25 3.04029140625
1.2857142857142858 3.04029140625
1.3214285714285714 3.04395
1.3571428571428572 3.04395
1.3928571428571428 3.04029140625
1.4285714285714286 3.04395
1.4642857142857142 3.04395
1.5 3.04395
1.5357142857142858 3.04395
1.5714285714285714 3.04395
1.8571428571428572 3.04029140625
1.8928571428571428 3.04029140625
1.9285714285714286 3.04029140625
1.9642857142857142 3.04395
2.0 3.04029140625
2.0357142857142856 3.04029140625
2.0714285714285716 3.04029140625
2.107142857142857 3.04029140625
2.142857142857143 3.04029140625
2.1785714285714284 3.04029140625
2.2142857142857144 3.04029140625
2.25 3.04029140625
2.5357142857142856 3.04029140625
2.5714285714285716 3.04029140625
2.607142857142857 3.04029140625
2.642857142857143 3.04029140625
2.6785714285714284 3.04029140625
2.7142857142857144 3.04029140625
2.75 3.04029140625
2.7857142857142856 3.04029140625
2.8214285714285716 3.04029140625
2.857142857142857 3.04029140625
2.892857142857143 3.04029140625
2.9285714285714284 3.04029140625
3.1785714285714284 3.04029140625
3.2142857142857144 3.04029140625
3.25 3.04029140625
3.2857142857142856 3.04029140625
3.3214285714285716 3.04029140625
3.357142857142857 3.04029140625
3.392857142857143 3.04029140625
3.4285714285714284 3.04029140625
3.4642857142857144 3.04029140625
3.5 3.04029140625
3.5357142857142856 3.04029140625
3.5714285714285716 3.04029140625
3.857142857142857 3.0366328125
3.892857142857143 3.04029140625
3.9285714285714284 3.04029140625
3.9642857142857144 3.0366328125
4.0 3.04029140625
4.035714285714286 3.04029140625
4.071428571428571 3.0366328125
4.107142857142857 3.0366328125
4.142857142857143 3.04029140625
4.178571428571429 3.04029140625
4.214285714285714 3.0366328125
4.25 3.0366328125
4.5 3.0366328125
4.535714285714286 3.0366328125
4.571428571428571 3.0366328125
4.607142857142857 3.0366328125
4.642857142857143 3.0366328125
4.678571428571429 3.0366328125
4.714285714285714 3.0366328125
4.75 3.0366328125
4.785714285714286 3.0366328125
4.821428571428571 3.0366328125
4.857142857142857 3.0366328125
4.892857142857143 3.0366328125
4.928571428571429 3.0366328125
5.178571428571429 3.0366328125
5.214285714285714 3.0366328125
5.25 3.0366328125
5.285714285714286 3.0366328125
5.321428571428571 3.0366328125
5.357142857142857 3.0366328125
5.392857142857143 3.0366328125
5.428571428571429 3.0366328125
5.464285714285714 3.0366328125
5.5 3.0366328125
5.535714285714286 3.0366328125
5.571428571428571 3.0366328125
5.857142857142857 3.0366328125
5.892857142857143 3.0366328125
5.928571428571429 3.0366328125
5.964285714285714 3.0366328125
6.0 3.0366328125
6.035714285714286 3.0366328125
6.071428571428571 3.0366328125
6.107142857142857 3.0366328125
6.142857142857143 3.0366328125
6.178571428571429 3.0366328125
6.214285714285714 3.0366328125
6.25 3.0366328125
6.5 3.0366328125
6.535714285714286 3.0366328125
6.571428571428571 3.0366328125
6.607142857142857 3.03297421875
6.642857142857143 3.0366328125
6.678571428571429 3.0366328125
6.714285714285714 3.0366328125
6.75 3.0366328125
6.785714285714286 3.0366328125
6.821428571428571 3.0366328125
6.857142857142857 3.0366328125
6.892857142857143 3.0366328125
7.178571428571429 3.03297421875
7.214285714285714 3.03297421875
7.25 3.03297421875
7.285714285714286 3.03297421875
7.321428571428571 3.03297421875
7.357142857142857 3.0366328125
7.392857142857143 3.0366328125
7.428571428571429 3.0366328125
7.464285714285714 3.03297421875
7.5 3.03297421875
7.535714285714286 3.03297421875
7.571428571428571 3.03297421875
7.857142857142857 3.03297421875
7.892857142857143 3.03297421875
7.928571428571429 3.03297421875
7.964285714285714 3.03297421875
8.0 3.03297421875
8.035714285714286 3.03297421875
8.071428571428571 3.03297421875
8.107142857142858 3.03297421875
8.142857142857142 3.03297421875
8.178571428571429 3.03297421875
8.214285714285714 3.03297421875
8.25 3.03297421875
8.535714285714286 3.03297421875
8.571428571428571 3.03297421875
8.607142857142858 3.03297421875
8.642857142857142 3.03297421875
8.678571428571429 3.03297421875
8.714285714285714 3.03297421875
8.75 3.03297421875
8.785714285714286 3.03297421875
8.821428571428571 3.03297421875
8.857142857142858 3.03297421875
8.892857142857142 3.029315625
8.928571428571429 3.029315625
9.178571428571429 3.03297421875
9.214285714285714 3.029315625
9.25 3.03297421875
9.285714285714286 3.03297421875
9.321428571428571 3.03297421875
9.357142857142858 3.03297421875
9.392857142857142 3.03297421875
9.428571428571429 3.03297421875
9.464285714285714 3.029315625
9.5 3.03297421875
9.535714285714286 3.029315625
9.571428571428571 3.03297421875
9.857142857142858 3.03297421875
9.892857142857142 3.029315625
9.928571428571429 3.029315625
9.964285714285714 3.03297421875
10.0 3.029315625
10.035714285714286 3.03297421875
10.071428571428571 3.03297421875
10.107142857142858 3.029315625
10.142857142857142 3.029315625
10.178571428571429 3.029315625
10.214285714285714 3.029315625
10.25 3.029315625
10.5 3.029315625
10.535714285714286 3.029315625
10.571428571428571 3.03297421875
10.607142857142858 3.03297421875
10.642857142857142 3.029315625
10.678571428571429 3.029315625
10.714285714285714 3.029315625
10.75 3.029315625
10.785714285714286 3.029315625
10.821428571428571 3.029315625
10.857142857142858 3.029315625
10.892857142857142 3.029315625
10.928571428571429 3.029315625
11.178571428571429 3.03297421875
11.214285714285714 3.029315625
11.25 3.03297421875
11.285714285714286 3.03297421875
11.321428571428571 3.029315625
11.357142857142858 3.029315625
11.392857142857142 3.029315625
11.428571428571429 3.029315625
11.464285714285714 3.029315625
11.5 3.029315625
11.535714285714286 3.029315625
11.571428571428571 3.029315625
11.857142857142858 3.029315625
11.892857142857142 3.029315625
11.928571428571429 3.029315625
11.964285714285714 3.029315625
12.0 3.029315625
12.035714285714286 3.029315625
12.071428571428571 3.029315625
12.107142857142858 3.029315625
12.142857142857142 3.029315625
12.178571428571429 3.029315625
12.214285714285714 3.029315625
12.25 3.029315625
12.5 3.029315625
12.535714285714286 3.029315625
12.571428571428571 3.029315625
12.607142857142858 3.029315625
12.642857142857142 3.029315625
12.678571428571429 3.029315625
12.714285714285714 3.029315625
12.75 3.029315625
12.785714285714286 3.029315625
12.821428571428571 3.029315625
12.857142857142858 3.029315625
12.892857142857142 3.029315625
13.178571428571429 3.02565703125
13.214285714285714 3.02565703125
13.25 3.02565703125
13.285714285714286 3.02565703125
13.321428571428571 3.029315625
13.357142857142858 3.02565703125
13.392857142857142 3.02565703125
13.428571428571429 3.02565703125
13.464285714285714 3.02565703125
13.5 3.02565703125
13.535714285714286 3.02565703125
13.571428571428571 3.02565703125
13.607142857142858 3.02565703125
13.821428571428571 3.02565703125
13.857142857142858 3.02565703125
13.892857142857142 3.02565703125
13.928571428571429 3.02565703125
13.964285714285714 3.02565703125
14.0 3.02565703125
14.035714285714286 3.02565703125
14.071428571428571 3.02565703125
14.107142857142858 3.02565703125
14.142857142857142 3.02565703125
14.178571428571429 3.02565703125
14.214285714285714 3.02565703125
14.25 3.02565703125
14.535714285714286 3.0219984375
14.571428571428571 3.0219984375
14.607142857142858 3.0219984375
14.642857142857142 3.0219984375
14.678571428571429 3.02565703125
14.714285714285714 3.0219984375
14.75 3.02565703125
14.785714285714286 3.02565703125
14.821428571428571 3.02565703125
14.857142857142858 3.02565703125
14.892857142857142 3.0219984375
14.928571428571429 3.0219984375
15.178571428571429 3.0219984375
15.214285714285714 3.0219984375
15.25 3.0219984375
15.285714285714286 3.0219984375
15.321428571428571 3.0219984375
15.357142857142858 3.0219984375
15.392857142857142 3.0219984375
15.428571428571429 3.0219984375
15.464285714285714 3.0219984375
15.5 3.0219984375
15.535714285714286 3.0219984375
15.571428571428571 3.0219984375
15.857142857142858 3.0219984375
15.892857142857142 3.0219984375
15.928571428571429 3.0219984375
15.964285714285714 3.0219984375
16.0 3.0219984375
16.035714285714285 3.0219984375
16.071428571428573 3.0219984375
16.107142857142858 3.0219984375
16.142857142857142 3.0219984375
16.178571428571427 3.0219984375
16.214285714285715 3.0219984375
16.25 3.0219984375
16.5 3.0219984375
16.535714285714285 3.0219984375
16.571428571428573 3.0219984375
16.607142857142858 3.0219984375
16.642857142857142 3.0219984375
16.678571428571427 3.0219984375
16.714285714285715 3.0219984375
16.75 3.0219984375
16.785714285714285 3.0219984375
16.821428571428573 3.0219984375
16.857142857142858 3.0219984375
16.892857142857142 3.0219984375
16.928571428571427 3.0219984375
17.178571428571427 3.0219984375
17.214285714285715 3.0219984375
17.25 3.0219984375
17.285714285714285 3.0219984375
17.321428571428573 3.01833984375
17.357142857142858 3.01833984375
17.392857142857142 3.0219984375
17.428571428571427 3.0219984375
17.464285714285715 3.0219984375
17.5 3.0219984375
17.535714285714285 3.0219984375
17.571428571428573 3.0219984375
17.857142857142858 3.01833984375
17.892857142857142 3.01833984375
17.928571428571427 3.01833984375
17.964285714285715 3.01833984375
18.0 3.01833984375
18.035714285714285 3.01833984375
18.071428571428573 3.01833984375
18.107142857142858 3.01833984375
18.142857142857142 3.01833984375
18.178571428571427 3.01833984375
18.214285714285715 3.01833984375
18.25 3.01833984375
18.5 3.01833984375
18.535714285714285 3.01833984375
18.571428571428573 3.01833984375
18.607142857142858 3.01833984375
18.642857142857142 3.01833984375
18.678571428571427 3.01833984375
18.714285714285715 3.01833984375
18.75 3.01833984375
18.785714285714285 3.01833984375
18.821428571428573 3.01833984375
18.857142857142858 3.01833984375
18.892857142857142 3.01833984375
19.178571428571427 3.01468125
19.214285714285715 3.01468125
19.25 3.01468125
19.285714285714285 3.01468125
19.321428571428573 3.01468125
19.357142857142858 3.01468125
19.392857142857142 3.01468125
19.428571428571427 3.01468125
19.464285714285715 3.01468125
19.5 3.01468125
19.535714285714285 3.01468125
19.571428571428573 3.01468125
19.821428571428573 3.01468125
19.857142857142858 3.01468125
19.892857142857142 3.01468125
19.928571428571427 3.01468125
19.964285714285715 3.01468125
20.0 3.01468125
20.035714285714285 3.01468125
20.071428571428573 3.01468125
20.107142857142858 3.01468125
20.142857142857142 3.01468125
20.178571428571427 3.01468125
20.214285714285715 3.01468125
20.25 3.01468125
20.535714285714285 3.01468125
20.571428571428573 3.01102265625
20.607142857142858 3.01468125
20.642857142857142 3.01468125
20.678571428571427 3.01468125
20.714285714285715 3.01468125
20.75 3.01468125
20.785714285714285 3.01468125
20.821428571428573 3.01102265625
20.857142857142858 3.01102265625
20.892857142857142 3.01102265625
20.928571428571427 3.01102265625
21.178571428571427 3.01102265625
21.214285714285715 3.01102265625
21.25 3.01102265625
21.285714285714285 3.01102265625
21.321428571428573 3.01102265625
21.357142857142858 3.01102265625
21.392857142857142 3.01102265625
21.428571428571427 3.01102265625
21.464285714285715 3.01102265625
21.5 3.01102265625
21.535714285714285 3.01102265625
21.571428571428573 3.01102265625
21.857142857142858 3.01102265625
21.892857142857142 3.01102265625
21.928571428571427 3.01102265625
21.964285714285715 3.01102265625
22.0 3.01102265625
22.035714285714285 3.01102265625
22.071428571428573 3.01102265625
22.107142857142858 3.01102265625
22.142857142857142 3.01102265625
22.178571428571427 3.01102265625
22.214285714285715 3.01102265625
22.25 3.01102265625
22.5 3.01102265625
22.535714285714285 3.01102265625
22.571428571428573 3.0073640625
22.607142857142858 3.0073640625
22.642857142857142 3.01102265625
22.678571428571427 3.01102265625
22.714285714285715 3.01102265625
22.75 3.01102265625
22.785714285714285 3.01102265625
22.821428571428573 3.01102265625
22.857142857142858 3.0073640625
22.892857142857142 3.0073640625
23.178571428571427 3.0073640625
23.214285714285715 3.0073640625
23.25 3.0073640625
23.285714285714285 3.0073640625
23.321428571428573 3.01102265625
23.357142857142858 3.0073640625
23.392857142857142 3.0073640625
23.428571428571427 3.0073640625
23.464285714285715 3.0073640625
23.5 3.0073640625
23.535714285714285 3.0073640625
23.571428571428573 3.0073640625
23.857142857142858 3.0073640625
23.892857142857142 3.0073640625
23.928571428571427 3.0073640625
23.964285714285715 3.0073640625
24.0 3.0073640625
24.035714285714285 3.0073640625
24.071428571428573 3.0073640625
24.107142857142858 3.0073640625
24.178571428571427 3.0073640625
24.214285714285715 3.0073640625
24.25 3.0073640625
24.5 3.01102265625
24.535714285714285 3.0073640625
24.607142857142858 3.0073640625
24.642857142857142 3.0073640625
24.678571428571427 3.0073640625
24.714285714285715 3.0073640625
24.75 3.0073640625
24.785714285714285 3.0073640625
24.821428571428573 3.0073640625
24.857142857142858 3.0073640625
24.892857142857142 3.0073640625
25.178571428571427 3.0073640625
25.214285714285715 3.0073640625
25.25 3.0073640625
25.285714285714285 3.0073640625
25.321428571428573 3.0073640625
25.357142857142858 3.0073640625
25.392857142857142 3.0073640625
25.428571428571427 3.0073640625
25.464285714285715 3.0073640625
25.5 3.0073640625
25.535714285714285 3.0073640625
25.571428571428573 3.0073640625
25.821428571428573 3.00370546875
25.857142857142858 3.0073640625
25.892857142857142 3.0073640625
25.928571428571427 3.0073640625
25.964285714285715 3.0073640625
26.0 3.0073640625
26.035714285714285 3.0073640625
26.071428571428573 3.0073640625
26.107142857142858 3.0073640625
26.142857142857142 3.0073640625
26.178571428571427 3.0073640625
26.214285714285715 3.0073640625
26.25 3.0073640625
26.5 3.0073640625
26.535714285714285 3.0073640625
26.571428571428573 3.0073640625
26.607142857142858 3.0073640625
26.642857142857142 3.0073640625
26.678571428571427 3.00370546875
26.714285714285715 3.00370546875
26.75 3.0073640625
26.821428571428573 3.0073640625
26.857142857142858 3.0073640625
26.892857142857142 3.0073640625
26.928571428571427 3.0073640625
27.178571428571427 3.00370546875
27.214285714285715 3.00370546875
27.25 3.00370546875
27.285714285714285 3.00370546875
27.321428571428573 3.0073640625
27.357142857142858 3.0073640625
27.392857142857142 3.0073640625
27.428571428571427 3.00370546875
27.464285714285715 3.00370546875
27.5 3.0073640625
27.535714285714285 3.0073640625
27.571428571428573 3.00370546875
27.857142857142858 3.00370546875
27.892857142857142 3.0073640625
27.928571428571427 3.00370546875
27.964285714285715 3.00370546875
28.0 3.00370546875
28.035714285714285 3.00370546875
28.071428571428573 3.00370546875
28.107142857142858 3.0073640625
28.142857142857142 3.0073640625
28.178571428571427 3.00370546875
28.214285714285715 3.00370546875
28.5 3.00370546875
28.535714285714285 3.00370546875
28.571428571428573 3.00370546875
28.607142857142858 3.00370546875
28.642857142857142 3.00370546875
28.678571428571427 3.00370546875
28.714285714285715 3.00370546875
28.75 3.00370546875
28.785714285714285 3.00370546875
28.821428571428573 3.00370546875
28.857142857142858 3.00370546875
28.892857142857142 3.00370546875
28.928571428571427 3.00370546875
29.178571428571427 3.00370546875
29.321428571428573 3.00370546875
29.357142857142858 3.00370546875
29.392857142857142 3.00370546875
29.428571428571427 3.00370546875
29.464285714285715 3.00370546875
29.5 3.00370546875
29.535714285714285 3.00370546875
29.857142857142858 3.00370546875
29.892857142857142 3.00370546875
29.928571428571427 3.00370546875
29.964285714285715 3.00370546875
30.0 3.00370546875
30.178571428571427 3.00370546875
30.25 3.00370546875
30.5 3.00370546875
30.535714285714285 3.00370546875
30.571428571428573 3.0000468750000002
30.607142857142858 3.00370546875
30.642857142857142 3.00370546875
30.678571428571427 3.00370546875
30.714285714285715 3.00370546875
30.75 3.00370546875
30.785714285714285 3.00370546875
30.821428571428573 3.00370546875
30.857142857142858 3.00370546875
30.892857142857142 3.00370546875
31.178571428571427 3.0000468750000002
31.214285714285715 3.0000468750000002
31.25 3.00370546875
31.285714285714285 3.00370546875
31.321428571428573 3.00370546875
31.357142857142858 3.0000468750000002
31.392857142857142 3.0000468750000002
31.428571428571427 3.00370546875
31.464285714285715 3.00370546875
31.5 3.00370546875
31.535714285714285 3.0000468750000002
31.571428571428573 3.0000468750000002
31.821428571428573 3.0000468750000002
31.857142857142858 3.0000468750000002
31.892857142857142 3.0000468750000002
31.928571428571427 3.0000468750000002
31.964285714285715 3.0000468750000002
32.0 3.00370546875
32.035714285714285 3.0000468750000002
32.07142857142857 3.0000468750000002
32.17857142857143 3.0000468750000002
32.214285714285715 3.0000468750000002
32.25 3.0000468750000002
32.535714285714285 3.0000468750000002
32.607142857142854 3.0000468750000002
32.67857142857143 3.0000468750000002
32.714285714285715 3.0000468750000002
32.75 3.0000468750000002
32.785714285714285 3.0000468750000002
32.857142857142854 3.0000468750000002
32.892857142857146 3.0000468750000002
32.92857142857143 3.0000468750000002
33.17857142857143 3.0000468750000002
33.285714285714285 3.0000468750000002
33.32142857142857 3.0000468750000002
33.42857142857143 3.0000468750000002
33.464285714285715 3.0000468750000002
33.5 3.0000468750000002
33.57142857142857 3.0000468750000002
33.857142857142854 3.0000468750000002
33.892857142857146 3.0000468750000002
33.964285714285715 2.9963882812500002
34.0 2.9963882812500002
34.035714285714285 2.9963882812500002
34.07142857142857 2.9963882812500002
34.107142857142854 3.0000468750000002
34.142857142857146 2.9963882812500002
34.17857142857143 2.9963882812500002
34.214285714285715 3.0000468750000002
34.25 2.9963882812500002
34.5 2.9963882812500002
34.535714285714285 2.9963882812500002
34.57142857142857 2.9963882812500002
34.607142857142854 2.9963882812500002
34.642857142857146 2.9963882812500002
34.67857142857143 2.9963882812500002
34.714285714285715 2.9963882812500002
34.75 2.9963882812500002
34.785714285714285 2.9963882812500002
34.857142857142854 2.9963882812500002
34.892857142857146 2.9963882812500002
34.92857142857143 2.9963882812500002
35.17857142857143 2.9963882812500002
35.214285714285715 2.9963882812500002
35.25 2.9927296875000002
35.285714285714285 2.9963882812500002
35.32142857142857 2.9963882812500002
35.357142857142854 2.9927296875000002
35.392857142857146 2.9927296875000002
35.42857142857143 2.9927296875000002
35.5 2.9927296875000002
35.535714285714285 2.9927296875000002
35.57142857142857 2.9963882812500002
35.857142857142854 2.9927296875000002
35.892857142857146 2.9927296875000002
35.92857142857143 2.9927296875000002
35.964285714285715 2.9927296875000002
36.0 2.9927296875000002
36.035714285714285 2.9927296875000002
36.07142857142857 2.9927296875000002
36.107142857142854 2.9927296875000002
36.142857142857146 2.9927296875000002
36.17857142857143 2.9927296875000002
36.214285714285715 2.9927296875000002
36.25 2.9927296875000002
36.57142857142857 2.9927296875000002
36.607142857142854 2.9927296875000002
36.642857142857146 2.9927296875000002
36.67857142857143 2.9927296875000002
36.714285714285715 2.9927296875000002
36.75 2.9927296875000002
36.785714285714285 2.9927296875000002
37.142857142857146 2.9927296875000002
37.17857142857143 2.9927296875000002
37.214285714285715 2.9927296875000002
37.285714285714285 2.9927296875000002
37.32142857142857 2.9927296875000002
37.357142857142854 2.98907109375
37.5 2.98907109375
37.535714285714285 2.9927296875000002
37.57142857142857 2.9927296875000002
37.82142857142857 2.98907109375
37.857142857142854 2.98907109375
37.892857142857146 2.98907109375
37.92857142857143 2.98907109375
37.964285714285715 2.98907109375
38.0 2.98907109375
38.035714285714285 2.98907109375
38.07142857142857 2.98907109375
38.17857142857143 2.98907109375
38.214285714285715 2.98907109375
38.714285714285715 2.98907109375
39.25 2.98907109375
39.285714285714285 2.98907109375
39.32142857142857 2.98907109375
39.357142857142854 2.98907109375
39.5 2.98907109375
39.892857142857146 2.9854125
