0.32142857142857145 1.946371875
0.35714285714285715 1.946371875
0.39285714285714285 1.946371875
0.42857142857142855 1.946371875
0.4642857142857143 1.946371875
0.5 1.946371875
0.5357142857142857 1.946371875
0.5714285714285714 1.946371875
0.6071428571428571 1.95003046875
0.6428571428571429 1.946371875
0.6785714285714286 1.946371875
0.7142857142857143 1.946371875
0.75 1.946371875
0.7857142857142857 1.946371875
0.8214285714285714 1.946371875
0.8571428571428571 1.946371875
0.8928571428571429 1.946371875
0.9285714285714286 1.946371875
0.9642857142857143 1.946371875
1.0 1.946371875
1.0357142857142858 1.946371875
1.0714285714285714 1.946371875
1.1071428571428572 1.946371875
1.1428571428571428 1.946371875
1.1785714285714286 1.946371875
1.2142857142857142 1.946371875
1.7857142857142858 2.02320234375
1.8214285714285714 2.02320234375
1.8571428571428572 2.02320234375
1.8928571428571428 2.0268609375
1.9285714285714286 2.0268609375
1.9642857142857142 2.0268609375
2.0 2.03051953125
2.0357142857142856 2.03051953125
2.0714285714285716 2.03051953125
2.107142857142857 2.03051953125
2.142857142857143 2.03051953125
2.1785714285714284 2.034178125
2.2142857142857144 2.03051953125
2.25 2.03051953125
2.2857142857142856 2.03051953125
2.3214285714285716 2.034178125
2.357142857142857 2.034178125
2.392857142857143 2.034178125
2.4285714285714284 2.034178125
2.4642857142857144 2.03051953125
2.5 2.034178125
2.5357142857142856 2.034178125
2.5714285714285716 2.034178125
2.607142857142857 2.034178125
2.642857142857143 2.034178125
2.6785714285714284 2.034178125
3.25 2.10735
3.2857142857142856 2.11100859375
3.3214285714285716 2.11100859375
3.357142857142857 2.1146671875
3.392857142857143 2.1146671875
3.4285714285714284 2.1146671875
3.4642857142857144 2.1146671875
3.5 2.1146671875
3.5357142857142856 2.1146671875
3.5714285714285716 2.1146671875
3.607142857142857 2.1146671875
3.642857142857143 2.1146671875
3.6785714285714284 2.1146671875
3.7142857142857144 2.1146671875
3.75 2.1146671875
3.7857142857142856 2.1146671875
3.8214285714285716 2.1146671875
3.857142857142857 2.1146671875
3.892857142857143 2.1146671875
3.9285714285714284 2.1146671875
3.9642857142857144 2.1146671875
4.0 2.1146671875
4.035714285714286 2.1146671875
4.071428571428571 2.1146671875
4.107142857142857 2.1146671875
4.714285714285714 2.21344921875
4.75 2.21344921875
4.785714285714286 2.2171078125
4.821428571428571 2.2171078125
4.857142857142857 2.2171078125
4.892857142857143 2.2171078125
4.928571428571429 2.22076640625
4.964285714285714 2.22076640625
5.0 2.22076640625
5.035714285714286 2.22076640625
5.071428571428571 2.22076640625
5.107142857142857 2.22076640625
5.142857142857143 2.22076640625
5.178571428571429 2.22076640625
5.214285714285714 2.22076640625
5.25 2.22076640625
5.285714285714286 2.22076640625
5.321428571428571 2.22076640625
5.357142857142857 2.22076640625
5.392857142857143 2.22076640625
5.428571428571429 2.22076640625
5.464285714285714 2.22076640625
5.5 2.22076640625
5.535714285714286 2.22076640625
5.571428571428571 2.22076640625
6.178571428571429 2.33052421875
6.214285714285714 2.33052421875
6.25 2.3341828125
6.285714285714286 2.3341828125
6.321428571428571 2.3341828125
6.357142857142857 2.3341828125
6.392857142857143 2.3341828125
6.428571428571429 2.3341828125
6.464285714285714 2.3341828125
6.5 2.3341828125
6.535714285714286 2.3341828125
6.571428571428571 2.3341828125
6.607142857142857 2.3341828125
6.642857142857143 2.3341828125
6.678571428571429 2.3341828125
6.714285714285714 2.3341828125
6.75 2.3341828125
6.785714285714286 2.3341828125
6.821428571428571 2.3341828125
6.857142857142857 2.3341828125
6.892857142857143 2.3341828125
6.928571428571429 2.3341828125
6.964285714285714 2.3341828125
7.0 2.3341828125
7.035714285714286 2.3341828125
7.607142857142857 2.4256476562500002
7.642857142857143 2.4293062500000002
7.678571428571429 2.4293062500000002
7.714285714285714 2.4293062500000002
7.75 2.4293062500000002
7.785714285714286 2.4293062500000002
7.821428571428571 2.4293062500000002
7.857142857142857 2.4293062500000002
7.892857142857143 2.4293062500000002
7.928571428571429 2.4293062500000002
7.964285714285714 2.4293062500000002
8.0 2.4293062500000002
8.035714285714286 2.4293062500000002
8.071428571428571 2.4293062500000002
8.107142857142858 2.4293062500000002
8.142857142857142 2.4293062500000002
8.178571428571429 2.4293062500000002
8.214285714285714 2.4293062500000002
8.25 2.4293062500000002
8.285714285714286 2.4293062500000002
8.321428571428571 2.4293062500000002
8.357142857142858 2.4293062500000002
8.392857142857142 2.4293062500000002
8.428571428571429 2.4293062500000002
8.464285714285714 2.4293062500000002
9.071428571428571 2.5536984375
9.107142857142858 2.5536984375
9.142857142857142 2.55735703125
9.178571428571429 2.55735703125
9.214285714285714 2.55735703125
9.25 2.55735703125
9.285714285714286 2.55735703125
9.321428571428571 2.55735703125
9.357142857142858 2.55735703125
9.392857142857142 2.55735703125
9.428571428571429 2.55735703125
9.464285714285714 2.55735703125
9.5 2.55735703125
9.535714285714286 2.55735703125
9.571428571428571 2.55735703125
9.607142857142858 2.55735703125
9.642857142857142 2.55735703125
9.678571428571429 2.55735703125
9.714285714285714 2.5536984375
9.75 2.5536984375
9.785714285714286 2.5536984375
9.821428571428571 2.5536984375
9.857142857142858 2.5536984375
9.892857142857142 2.55735703125
9.928571428571429 2.5536984375
9.964285714285714 2.5536984375
10.571428571428571 2.6854078125
10.607142857142858 2.6854078125
10.642857142857142 2.68906640625
10.678571428571429 2.68906640625
10.714285714285714 2.68906640625
10.75 2.68906640625
10.785714285714286 2.68906640625
10.821428571428571 2.68906640625
10.857142857142858 2.68906640625
10.892857142857142 2.68906640625
10.928571428571429 2.68906640625
10.964285714285714 2.68906640625
11.0 2.68906640625
11.035714285714286 2.68906640625
11.071428571428571 2.68906640625
11.107142857142858 2.68906640625
11.142857142857142 2.68906640625
11.178571428571429 2.68906640625
11.214285714285714 2.68906640625
11.25 2.68906640625
11.285714285714286 2.68906640625
11.321428571428571 2.68906640625
11.357142857142858 2.68906640625
11.392857142857142 2.68906640625
11.428571428571429 2.68906640625
12.035714285714286 2.795165625
12.071428571428571 2.795165625
12.107142857142858 2.79882421875
12.142857142857142 2.79882421875
12.178571428571429 2.79882421875
12.214285714285714 2.79882421875
12.25 2.79882421875
12.285714285714286 2.79882421875
12.321428571428571 2.79882421875
12.357142857142858 2.79882421875
12.392857142857142 2.79882421875
12.428571428571429 2.79882421875
12.464285714285714 2.79882421875
12.5 2.79882421875
12.535714285714286 2.79882421875
12.571428571428571 2.79882421875
12.607142857142858 2.79882421875
12.642857142857142 2.79882421875
12.678571428571429 2.79882421875
12.714285714285714 2.79882421875
12.75 2.79882421875
12.785714285714286 2.79882421875
12.821428571428571 2.79882421875
12.857142857142858 2.79882421875
12.892857142857142 2.79882421875
13.5 2.91589921875
13.535714285714286 2.91589921875
13.571428571428571 2.9195578125
13.607142857142858 2.9195578125
13.642857142857142 2.9195578125
13.678571428571429 2.91589921875
13.714285714285714 2.91589921875
13.75 2.91589921875
13.785714285714286 2.91589921875
13.821428571428571 2.91589921875
13.857142857142858 2.91589921875
13.892857142857142 2.91589921875
13.928571428571429 2.91589921875
13.964285714285714 2.91589921875
14.0 2.91589921875
14.035714285714286 2.91589921875
14.071428571428571 2.91589921875
14.107142857142858 2.91589921875
14.142857142857142 2.91589921875
14.178571428571429 2.91589921875
14.214285714285714 2.91589921875
14.25 2.91589921875
14.285714285714286 2.91589921875
14.321428571428571 2.91589921875
14.357142857142858 2.91589921875
14.964285714285714 3.01102265625
15.0 3.01468125
15.035714285714286 3.01468125
15.071428571428571 3.01468125
15.107142857142858 3.01468125
15.142857142857142 3.01468125
15.178571428571429 3.01468125
15.214285714285714 3.01468125
15.25 3.01468125
15.285714285714286 3.01468125
15.321428571428571 3.01468125
15.357142857142858 3.01468125
15.392857142857142 3.01468125
15.428571428571429 3.01468125
15.464285714285714 3.01468125
15.5 3.01833984375
15.535714285714286 3.01833984375
15.571428571428571 3.01833984375
15.607142857142858 3.01833984375
15.642857142857142 3.01833984375
15.678571428571429 3.01833984375
15.714285714285714 3.01833984375
15.75 3.01833984375
15.785714285714286 3.01833984375
15.821428571428571 3.01833984375
16.392857142857142 3.10614609375
16.428571428571427 3.10614609375
16.464285714285715 3.10614609375
16.5 3.10614609375
16.535714285714285 3.10614609375
16.571428571428573 3.10614609375
16.607142857142858 3.10614609375
16.642857142857142 3.10614609375
16.678571428571427 3.10614609375
16.714285714285715 3.10614609375
16.75 3.10614609375
16.785714285714285 3.10614609375
16.821428571428573 3.10614609375
16.857142857142858 3.10614609375
16.892857142857142 3.10614609375
16.928571428571427 3.10614609375
16.964285714285715 3.10614609375
17.0 3.10614609375
17.035714285714285 3.10614609375
17.071428571428573 3.10614609375
17.107142857142858 3.10614609375
17.142857142857142 3.10614609375
17.178571428571427 3.10614609375
17.214285714285715 3.10614609375
17.25 3.10614609375
17.857142857142858 3.1976109375
17.892857142857142 3.1976109375
17.928571428571427 3.1976109375
17.964285714285715 3.1976109375
18.0 3.20126953125
18.035714285714285 3.1976109375
18.071428571428573 3.1976109375
18.107142857142858 3.1976109375
18.142857142857142 3.1976109375
18.178571428571427 3.1976109375
18.214285714285715 3.1976109375
18.25 3.1976109375
18.285714285714285 3.1976109375
18.321428571428573 3.1976109375
18.357142857142858 3.1976109375
18.392857142857142 3.1976109375
18.428571428571427 3.1976109375
18.464285714285715 3.1976109375
18.5 3.1976109375
18.535714285714285 3.1976109375
18.571428571428573 3.1976109375
18.607142857142858 3.1976109375
18.642857142857142 3.1976109375
18.678571428571427 3.1976109375
18.714285714285715 3.1976109375
19.321428571428573 3.3000515625
19.357142857142858 3.3000515625
19.392857142857142 3.3000515625
19.428571428571427 3.30371015625
19.464285714285715 3.30371015625
19.5 3.30371015625
19.535714285714285 3.30371015625
19.571428571428573 3.30371015625
19.607142857142858 3.30736875
19.642857142857142 3.30371015625
19.678571428571427 3.30736875
19.714285714285715 3.30736875
19.75 3.30736875
19.785714285714285 3.30736875
19.821428571428573 3.30736875
19.857142857142858 3.30736875
19.892857142857142 3.30736875
19.928571428571427 3.30736875
19.964285714285715 3.30736875
20.0 3.30736875
20.035714285714285 3.30736875
20.071428571428573 3.30736875
20.107142857142858 3.30736875
20.142857142857142 3.30736875
20.178571428571427 3.30736875
20.785714285714285 3.395175
20.821428571428573 3.395175
20.857142857142858 3.39883359375
20.892857142857142 3.39883359375
20.928571428571427 3.4024921875
20.964285714285715 3.4024921875
21.0 3.4024921875
21.035714285714285 3.4024921875
21.071428571428573 3.4024921875
21.107142857142858 3.4024921875
21.142857142857142 3.4024921875
21.178571428571427 3.4024921875
21.214285714285715 3.4024921875
21.25 3.4024921875
21.285714285714285 3.4024921875
21.321428571428573 3.4024921875
21.357142857142858 3.4024921875
21.392857142857142 3.4024921875
21.428571428571427 3.4024921875
21.464285714285715 3.4024921875
21.5 3.4024921875
21.535714285714285 3.4024921875
21.571428571428573 3.4024921875
21.607142857142858 3.4024921875
21.642857142857142 3.4024921875
22.25 3.48663984375
22.285714285714285 3.4902984375
22.321428571428573 3.4902984375
22.357142857142858 3.4902984375
22.392857142857142 3.4902984375
22.428571428571427 3.4902984375
22.464285714285715 3.4902984375
22.5 3.4902984375
22.535714285714285 3.4902984375
22.571428571428573 3.4902984375
22.607142857142858 3.4902984375
22.642857142857142 3.4902984375
22.678571428571427 3.4902984375
22.714285714285715 3.4902984375
22.75 3.4902984375
22.785714285714285 3.4902984375
22.821428571428573 3.4902984375
22.857142857142858 3.4902984375
22.892857142857142 3.4902984375
22.928571428571427 3.4902984375
22.964285714285715 3.4902984375
23.0 3.4902984375
23.035714285714285 3.4902984375
23.071428571428573 3.4902984375
23.107142857142858 3.4902984375
23.714285714285715 3.5707875000000002
23.75 3.5634703125000002
23.785714285714285 3.5634703125000002
23.821428571428573 3.5634703125000002
23.857142857142858 3.5634703125000002
23.892857142857142 3.5634703125000002
23.928571428571427 3.5634703125000002
23.964285714285715 3.5634703125000002
24.0 3.5634703125000002
24.035714285714285 3.5634703125000002
24.071428571428573 3.5634703125000002
24.107142857142858 3.5634703125000002
24.142857142857142 3.5634703125000002
24.178571428571427 3.5634703125000002
24.214285714285715 3.5634703125000002
24.25 3.5634703125000002
24.285714285714285 3.5634703125000002
24.321428571428573 3.5634703125000002
24.357142857142858 3.5634703125000002
24.392857142857142 3.5634703125000002
24.428571428571427 3.5634703125000002
24.464285714285715 3.5634703125000002
24.5 3.5634703125000002
24.535714285714285 3.5634703125000002
24.571428571428573 3.5634703125000002
25.107142857142858 3.64030078125
25.142857142857142 3.64030078125
25.178571428571427 3.63298359375
25.214285714285715 3.63298359375
25.25 3.63298359375
25.285714285714285 3.63298359375
25.321428571428573 3.63298359375
25.357142857142858 3.63298359375
25.392857142857142 3.629325
25.428571428571427 3.629325
25.464285714285715 3.629325
25.5 3.629325
25.535714285714285 3.629325
25.571428571428573 3.629325
25.607142857142858 3.629325
25.642857142857142 3.629325
25.678571428571427 3.629325
25.714285714285715 3.629325
25.75 3.629325
25.785714285714285 3.629325
25.821428571428573 3.629325
25.857142857142858 3.629325
25.892857142857142 3.629325
25.928571428571427 3.629325
25.964285714285715 3.629325
26.607142857142858 3.702496875
26.642857142857142 3.6951796875
26.678571428571427 3.69152109375
26.714285714285715 3.69152109375
26.75 3.69152109375
26.785714285714285 3.69152109375
26.821428571428573 3.69152109375
26.857142857142858 3.69152109375
26.892857142857142 3.69152109375
26.928571428571427 3.69152109375
26.964285714285715 3.69152109375
27.0 3.69152109375
27.035714285714285 3.69152109375
27.071428571428573 3.69152109375
27.107142857142858 3.69152109375
27.142857142857142 3.69152109375
27.178571428571427 3.69152109375
27.214285714285715 3.69152109375
27.25 3.69152109375
27.285714285714285 3.69152109375
27.321428571428573 3.69152109375
27.357142857142858 3.6878625
27.392857142857142 3.6878625
27.428571428571427 3.6878625
28.035714285714285 3.7829859375
28.071428571428573 3.77566875
28.107142857142858 3.77566875
28.142857142857142 3.77201015625
28.178571428571427 3.77201015625
28.214285714285715 3.77201015625
28.25 3.77201015625
28.285714285714285 3.77201015625
28.321428571428573 3.77201015625
28.357142857142858 3.77201015625
28.392857142857142 3.77201015625
28.428571428571427 3.77201015625
28.464285714285715 3.77201015625
28.5 3.77201015625
28.535714285714285 3.77201015625
28.571428571428573 3.77201015625
28.607142857142858 3.77201015625
28.642857142857142 3.77201015625
28.678571428571427 3.77201015625
28.714285714285715 3.77201015625
28.75 3.77566875
28.785714285714285 3.77201015625
28.821428571428573 3.77201015625
28.857142857142858 3.77201015625
28.892857142857142 3.77201015625
29.464285714285715 3.8488406250000002
29.5 3.8488406250000002
29.535714285714285 3.8488406250000002
29.571428571428573 3.8488406250000002
29.607142857142858 3.8488406250000002
29.642857142857142 3.8488406250000002
29.678571428571427 3.8488406250000002
29.714285714285715 3.8488406250000002
29.75 3.8488406250000002
29.785714285714285 3.8488406250000002
29.821428571428573 3.8488406250000002
29.857142857142858 3.8488406250000002
29.892857142857142 3.84518203125
29.928571428571427 3.8488406250000002
29.964285714285715 3.8488406250000002
30.0 3.84518203125
30.035714285714285 3.8488406250000002
30.071428571428573 3.84518203125
30.107142857142858 3.84518203125
30.142857142857142 3.84518203125
30.178571428571427 3.8488406250000002
30.214285714285715 3.84518203125
30.25 3.8488406250000002
30.285714285714285 3.84518203125
30.321428571428573 3.84518203125
30.357142857142858 3.84518203125
30.928571428571427 3.95128125
30.964285714285715 3.95128125
31.0 3.94762265625
31.035714285714285 3.94762265625
31.071428571428573 3.94762265625
31.107142857142858 3.94762265625
31.142857142857142 3.94762265625
31.178571428571427 3.94762265625
31.214285714285715 3.94762265625
31.25 3.94762265625
31.285714285714285 3.94762265625
31.321428571428573 3.94762265625
31.357142857142858 3.94762265625
31.392857142857142 3.94762265625
31.428571428571427 3.94762265625
31.464285714285715 3.94762265625
31.5 3.94762265625
31.535714285714285 3.94762265625
31.571428571428573 3.94762265625
31.607142857142858 3.94762265625
31.642857142857142 3.94762265625
31.678571428571427 3.94762265625
31.714285714285715 3.94762265625
31.75 3.94762265625
31.785714285714285 3.94762265625
31.821428571428573 3.94762265625
32.392857142857146 4.00981875
32.42857142857143 4.00981875
32.464285714285715 4.00616015625
32.5 4.00616015625
32.535714285714285 4.00616015625
32.57142857142857 4.00616015625
32.607142857142854 4.00616015625
32.642857142857146 4.00616015625
32.67857142857143 4.00616015625
32.714285714285715 4.00616015625
32.75 4.00616015625
32.785714285714285 4.00616015625
32.82142857142857 4.00616015625
32.857142857142854 4.00616015625
32.892857142857146 4.00616015625
32.92857142857143 4.00616015625
32.964285714285715 4.00616015625
33.0 4.00616015625
33.035714285714285 4.00616015625
33.07142857142857 4.00616015625
33.107142857142854 4.00616015625
33.142857142857146 4.00616015625
33.17857142857143 4.00616015625
33.214285714285715 4.00616015625
33.25 4.00616015625
33.82142857142857 4.00616015625
33.857142857142854 4.05738046875
33.892857142857146 4.053721875
33.92857142857143 4.053721875
33.964285714285715 4.053721875
34.0 4.053721875
34.035714285714285 4.053721875
34.07142857142857 4.053721875
34.107142857142854 4.053721875
34.142857142857146 4.053721875
34.17857142857143 4.053721875
34.214285714285715 4.053721875
34.25 4.053721875
34.285714285714285 4.053721875
34.32142857142857 4.053721875
34.357142857142854 4.053721875
34.392857142857146 4.053721875
34.42857142857143 4.053721875
34.464285714285715 4.053721875
34.5 4.053721875
34.535714285714285 4.053721875
34.57142857142857 4.053721875
34.607142857142854 4.053721875
34.642857142857146 4.053721875
34.67857142857143 4.053721875
34.714285714285715 4.053721875
35.25 4.1195765625
35.285714285714285 4.12323515625
35.32142857142857 4.12323515625
35.357142857142854 4.11591796875
35.392857142857146 4.11591796875
35.42857142857143 4.11591796875
35.464285714285715 4.11591796875
35.5 4.11591796875
35.535714285714285 4.11591796875
35.57142857142857 4.11591796875
35.607142857142854 4.11591796875
35.642857142857146 4.11591796875
35.67857142857143 4.112259375
35.714285714285715 4.11591796875
35.75 4.11591796875
35.785714285714285 4.11591796875
35.82142857142857 4.112259375
35.857142857142854 4.112259375
35.892857142857146 4.11591796875
35.92857142857143 4.11591796875
35.964285714285715 4.112259375
36.0 4.112259375
36.035714285714285 4.112259375
36.07142857142857 4.112259375
36.107142857142854 4.112259375
36.142857142857146 4.112259375
36.714285714285715 4.10860078125
36.75 4.15982109375
36.785714285714285 4.1561625
36.82142857142857 4.15250390625
36.857142857142854 4.15250390625
36.892857142857146 4.15250390625
36.92857142857143 4.1561625
36.964285714285715 4.1561625
37.0 4.15250390625
37.035714285714285 4.15250390625
37.07142857142857 4.15250390625
37.107142857142854 4.15250390625
37.142857142857146 4.15250390625
37.17857142857143 4.1561625
37.214285714285715 4.1561625
37.25 4.1561625
37.285714285714285 4.1561625
37.32142857142857 4.15250390625
37.357142857142854 4.1561625
37.392857142857146 4.1561625
37.42857142857143 4.1561625
37.464285714285715 4.15250390625
37.5 4.1561625
37.535714285714285 4.1561625
37.57142857142857 4.1561625
38.142857142857146 4.21835859375
38.17857142857143 4.2220171875
38.214285714285715 4.21835859375
38.25 4.2147
38.285714285714285 4.2147
38.32142857142857 4.2147
38.357142857142854 4.21835859375
38.392857142857146 4.2147
38.42857142857143 4.21835859375
38.464285714285715 4.21835859375
38.5 4.2147
38.535714285714285 4.2147
38.57142857142857 4.21835859375
38.607142857142854 4.21835859375
38.642857142857146 4.21835859375
38.67857142857143 4.21835859375
38.714285714285715 4.2147
38.75 4.2147
38.785714285714285 4.2147
38.82142857142857 4.2147
38.857142857142854 4.2147
38.892857142857146 4.2147
38.92857142857143 4.2147
38.964285714285715 4.2147
39.0 4.21835859375
39.035714285714285 4.21835859375
39.607142857142854 4.31348203125
39.642857142857146 4.3098234375
39.67857142857143 4.31348203125
39.714285714285715 4.31348203125
39.75 4.31348203125
39.785714285714285 4.31348203125
39.82142857142857 4.31348203125
39.857142857142854 4.3098234375
39.892857142857146 4.3098234375
39.92857142857143 4.3098234375
