0.03571428571428571 0.4902515625
0.07142857142857142 0.4902515625
0.10714285714285714 0.4902515625
0.14285714285714285 0.4902515625
0.17857142857142858 0.4902515625
0.21428571428571427 0.48659296875
0.25 0.482934375
0.2857142857142857 0.47195859375
0.32142857142857145 0.4683
0.35714285714285715 0.47195859375
0.39285714285714285 0.48659296875
0.42857142857142855 0.4902515625
0.4642857142857143 0.48659296875
0.5 0.47927578125
0.5357142857142857 0.47927578125
0.5714285714285714 0.47195859375
0.6071428571428571 0.4683
0.6428571428571429 0.46464140625
0.6785714285714286 0.46464140625
0.7142857142857143 0.46464140625
0.75 0.4683
0.7857142857142857 0.45732421875
0.8214285714285714 0.46464140625
0.8571428571428571 0.45732421875
0.8928571428571429 0.45732421875
0.9285714285714286 0.453665625
0.9642857142857143 0.453665625
1.0 0.453665625
1.0357142857142858 0.453665625
1.0714285714285714 0.453665625
1.1071428571428572 0.453665625
1.1428571428571428 0.45000703125
1.1785714285714286 0.453665625
1.2142857142857142 0.453665625
1.25 0.453665625
1.2857142857142858 0.45732421875
1.3214285714285714 0.45000703125
1.3571428571428572 0.44634843750000003
1.3928571428571428 0.43537265625
1.4285714285714286 0.42805546875
1.4642857142857142 0.424396875
1.5 0.44268984375
1.5357142857142858 0.43903125
1.5714285714285714 0.43903125
1.6071428571428572 0.4317140625
1.6428571428571428 0.42805546875
1.6785714285714286 0.424396875
1.7142857142857142 0.42073828125
1.75 0.4170796875
1.7857142857142858 0.41342109375
1.8214285714285714 0.41342109375
1.8571428571428572 0.40976250000000003
1.8928571428571428 0.40976250000000003
1.9285714285714286 0.41342109375
1.9642857142857142 0.41342109375
2.0 0.41342109375
2.0357142857142856 0.41342109375
2.0714285714285716 0.41342109375
2.107142857142857 0.40976250000000003
2.142857142857143 0.41342109375
2.1785714285714284 0.40976250000000003
2.2142857142857144 0.40976250000000003
2.25 0.40976250000000003
2.2857142857142856 0.40976250000000003
2.3214285714285716 0.40976250000000003
2.357142857142857 0.41342109375
2.392857142857143 0.41342109375
2.4285714285714284 0.40976250000000003
2.4642857142857144 0.41342109375
2.5 0.395128125
2.5357142857142856 0.38415234375
2.5714285714285716 0.69147421875
2.607142857142857 0.38415234375
2.642857142857143 0.4024453125
2.6785714285714284 0.39878671875
2.7142857142857144 0.39146953125
2.75 0.3878109375
2.7857142857142856 0.38415234375
2.8214285714285716 0.38049375
2.857142857142857 0.36220078125
2.892857142857143 0.36220078125
2.9285714285714284 0.36220078125
2.9642857142857144 0.3585421875
3.0 0.36220078125
3.0357142857142856 0.3585421875
3.0714285714285716 0.35488359375
3.107142857142857 0.351225
3.142857142857143 0.351225
3.1785714285714284 0.351225
3.2142857142857144 0.351225
3.25 0.351225
3.2857142857142856 0.351225
3.3214285714285716 0.351225
3.357142857142857 0.351225
3.392857142857143 0.34756640625
3.4285714285714284 0.34756640625
3.4642857142857144 0.34756640625
3.5 0.34756640625
3.5357142857142856 0.34756640625
3.5714285714285716 0.35488359375
3.607142857142857 0.3439078125
3.642857142857143 0.34024921875
3.6785714285714284 0.3292734375
3.7142857142857144 0.60366796875
3.75 0.3292734375
3.7857142857142856 0.34756640625
3.8214285714285716 0.34756640625
3.857142857142857 0.3439078125
3.892857142857143 0.34024921875
3.9285714285714284 0.31098046875
3.9642857142857144 0.336590625
4.0 0.3292734375
4.035714285714286 0.32561484375
4.071428571428571 0.31829765625
4.107142857142857 0.3146390625
4.142857142857143 0.307321875
4.178571428571429 0.307321875
4.214285714285714 0.30366328125000003
4.25 0.30366328125000003
4.285714285714286 0.30366328125000003
4.321428571428571 0.30366328125000003
4.357142857142857 0.30366328125000003
4.392857142857143 0.30366328125000003
4.428571428571429 0.30366328125000003
4.464285714285714 0.30366328125000003
4.5 0.30366328125000003
4.535714285714286 0.30366328125000003
4.571428571428571 0.307321875
4.607142857142857 0.30366328125000003
4.642857142857143 0.3000046875
4.678571428571429 0.3000046875
4.714285714285714 0.3000046875
4.75 0.2853703125
4.785714285714286 0.25976015625
4.821428571428571 0.51586171875
4.857142857142857 0.25244296875
4.892857142857143 0.219515625
4.928571428571429 0.219515625
4.964285714285714 0.219515625
5.0 0.219515625
5.035714285714286 0.248784375
5.071428571428571 0.24512578125
5.107142857142857 0.24512578125
5.142857142857143 0.24512578125
5.178571428571429 0.24512578125
5.214285714285714 0.2414671875
5.25 0.2414671875
5.285714285714286 0.23780859375
5.321428571428571 0.23780859375
5.357142857142857 0.23415
5.392857142857143 0.23780859375
5.428571428571429 0.23780859375
5.464285714285714 0.23780859375
5.5 0.23780859375
5.535714285714286 0.23780859375
5.571428571428571 0.23780859375
5.607142857142857 0.23415
5.642857142857143 0.23415
5.678571428571429 0.23415
5.714285714285714 0.23415
5.75 0.23415
5.785714285714286 0.23415
5.821428571428571 0.2414671875
5.857142857142857 0.23780859375
5.892857142857143 0.23780859375
5.928571428571429 0.2121984375
5.964285714285714 0.42073828125
6.0 0.219515625
6.035714285714286 0.21585703125
6.071428571428571 0.190246875
6.107142857142857 0.219515625
6.142857142857143 0.219515625
6.178571428571429 0.21585703125
6.214285714285714 0.2121984375
6.25 0.20853984375
6.285714285714286 0.20853984375
6.321428571428571 0.20853984375
6.357142857142857 0.20853984375
6.392857142857143 0.2121984375
6.428571428571429 0.2121984375
6.464285714285714 0.20853984375
6.5 0.20853984375
6.535714285714286 0.2121984375
6.571428571428571 0.20853984375
6.607142857142857 0.2121984375
6.642857142857143 0.20853984375
6.678571428571429 0.20853984375
6.714285714285714 0.20853984375
6.75 0.2121984375
6.785714285714286 0.20853984375
6.821428571428571 0.2121984375
6.857142857142857 0.20853984375
6.892857142857143 0.20853984375
6.928571428571429 0.20853984375
6.964285714285714 0.21585703125
7.0 0.20122265625
7.035714285714286 0.20122265625
7.071428571428571 0.33293203125
7.107142857142857 0.190246875
7.142857142857143 0.1829296875
7.178571428571429 0.16463671875
7.214285714285714 0.190246875
7.25 0.18658828125
7.285714285714286 0.190246875
7.321428571428571 0.18658828125
7.357142857142857 0.18658828125
7.392857142857143 0.18658828125
7.428571428571429 0.18658828125
7.464285714285714 0.18658828125
7.5 0.18658828125
7.535714285714286 0.18658828125
7.571428571428571 0.1829296875
7.607142857142857 0.1829296875
7.642857142857143 0.1829296875
7.678571428571429 0.1829296875
7.714285714285714 0.18658828125
7.75 0.18658828125
7.785714285714286 0.18658828125
7.821428571428571 0.18658828125
7.857142857142857 0.1829296875
7.892857142857143 0.1829296875
7.928571428571429 0.1829296875
7.964285714285714 0.1829296875
8.0 0.1829296875
8.035714285714286 0.1829296875
8.071428571428571 0.12805078125
8.107142857142858 0.190246875
8.142857142857142 0.17927109375
8.178571428571429 0.44634843750000003
8.214285714285714 0.28902890625
8.25 0.17927109375
8.285714285714286 0.17927109375
8.321428571428571 0.1829296875
8.357142857142858 0.17927109375
8.392857142857142 0.1756125
8.428571428571429 0.16463671875
8.464285714285714 0.16463671875
8.5 0.15731953125
8.535714285714286 0.1536609375
8.571428571428571 0.1536609375
8.607142857142858 0.15000234375
8.642857142857142 0.17195390625
8.678571428571429 0.14634375
8.714285714285714 0.17195390625
8.75 0.17195390625
8.785714285714286 0.17195390625
8.821428571428571 0.17195390625
8.857142857142858 0.14634375
8.892857142857142 0.17195390625
8.928571428571429 0.17195390625
8.964285714285714 0.14634375
9.0 0.17195390625
9.035714285714286 0.14268515625
9.071428571428571 0.14268515625
9.107142857142858 0.14268515625
9.142857142857142 0.131709375
9.178571428571429 0.1243921875
9.214285714285714 0.12805078125
9.25 0.11341640625
9.285714285714286 0.1243921875
9.321428571428571 0.351225
9.357142857142858 0.15000234375
9.392857142857142 0.15000234375
9.428571428571429 0.1536609375
9.464285714285714 0.160978125
9.5 0.160978125
9.535714285714286 0.15731953125
9.571428571428571 0.1536609375
9.607142857142858 0.15000234375
9.642857142857142 0.14634375
9.678571428571429 0.14634375
9.714285714285714 0.14268515625
9.75 0.14268515625
9.785714285714286 0.14268515625
9.821428571428571 0.1390265625
9.857142857142858 0.1390265625
9.892857142857142 0.1390265625
9.928571428571429 0.1390265625
9.964285714285714 0.1390265625
10.0 0.1390265625
10.035714285714286 0.1390265625
10.071428571428571 0.1390265625
10.107142857142858 0.1390265625
10.142857142857142 0.1390265625
10.178571428571429 0.13536796875
10.214285714285714 0.13536796875
10.25 0.13536796875
10.285714285714286 0.131709375
10.321428571428571 0.1390265625
10.357142857142858 0.131709375
10.392857142857142 0.12805078125
10.428571428571429 0.2926875
10.464285714285714 0.1536609375
10.5 0.15000234375
10.535714285714286 0.1536609375
10.571428571428571 0.14634375
10.607142857142858 0.14634375
10.642857142857142 0.14634375
10.678571428571429 0.14268515625
10.714285714285714 0.1390265625
10.75 0.1390265625
10.785714285714286 0.13536796875
10.821428571428571 0.13536796875
10.857142857142858 0.131709375
10.892857142857142 0.131709375
10.928571428571429 0.131709375
10.964285714285714 0.12805078125
11.0 0.12805078125
11.035714285714286 0.12805078125
11.071428571428571 0.12805078125
11.107142857142858 0.12805078125
11.142857142857142 0.12805078125
11.178571428571429 0.12805078125
11.214285714285714 0.12805078125
11.25 0.12805078125
11.285714285714286 0.12805078125
11.321428571428571 0.12805078125
11.357142857142858 0.12805078125
11.392857142857142 0.1243921875
11.428571428571429 0.13536796875
11.464285714285714 0.131709375
11.5 0.12805078125
11.535714285714286 0.42073828125
11.571428571428571 0.1536609375
11.607142857142858 0.15731953125
11.642857142857142 0.1536609375
11.678571428571429 0.1536609375
11.714285714285714 0.15000234375
11.75 0.15000234375
11.785714285714286 0.14634375
11.821428571428571 0.14268515625
11.857142857142858 0.14268515625
11.892857142857142 0.14268515625
11.928571428571429 0.1390265625
11.964285714285714 0.1390265625
12.0 0.13536796875
12.035714285714286 0.13536796875
12.071428571428571 0.131709375
12.107142857142858 0.131709375
12.142857142857142 0.131709375
12.178571428571429 0.131709375
12.214285714285714 0.131709375
12.25 0.131709375
12.285714285714286 0.131709375
12.321428571428571 0.131709375
12.357142857142858 0.12805078125
12.392857142857142 0.12805078125
12.428571428571429 0.131709375
12.464285714285714 0.131709375
12.5 0.131709375
12.535714285714286 0.1390265625
12.571428571428571 0.13536796875
12.607142857142858 0.131709375
12.642857142857142 0.2926875
12.678571428571429 0.2853703125
12.714285714285714 0.1536609375
12.75 0.1536609375
12.785714285714286 0.15000234375
12.821428571428571 0.15000234375
12.857142857142858 0.15000234375
12.892857142857142 0.14634375
12.928571428571429 0.14268515625
12.964285714285714 0.14268515625
13.0 0.1390265625
13.035714285714286 0.1390265625
13.071428571428571 0.13536796875
13.107142857142858 0.13536796875
13.142857142857142 0.131709375
13.178571428571429 0.131709375
13.214285714285714 0.131709375
13.25 0.131709375
13.285714285714286 0.12805078125
13.321428571428571 0.12805078125
13.357142857142858 0.12805078125
13.392857142857142 0.12805078125
13.428571428571429 0.12805078125
13.464285714285714 0.12805078125
13.5 0.12805078125
13.535714285714286 0.12805078125
13.571428571428571 0.12805078125
13.607142857142858 0.117075
13.642857142857142 0.13536796875
13.678571428571429 0.160978125
13.714285714285714 0.131709375
13.75 0.45732421875
13.785714285714286 0.16463671875
13.821428571428571 0.160978125
13.857142857142858 0.1536609375
13.892857142857142 0.1536609375
13.928571428571429 0.1536609375
13.964285714285714 0.15000234375
14.0 0.14268515625
14.035714285714286 0.14268515625
14.071428571428571 0.13536796875
14.107142857142858 0.13536796875
14.142857142857142 0.13536796875
14.178571428571429 0.131709375
14.214285714285714 0.131709375
14.25 0.131709375
14.285714285714286 0.131709375
14.321428571428571 0.131709375
14.357142857142858 0.12805078125
14.392857142857142 0.12805078125
14.428571428571429 0.12805078125
14.464285714285714 0.12805078125
14.5 0.12805078125
14.535714285714286 0.12805078125
14.571428571428571 0.12805078125
14.607142857142858 0.1243921875
14.642857142857142 0.1243921875
14.678571428571429 0.12805078125
14.714285714285714 0.1243921875
14.75 0.12805078125
14.785714285714286 0.13536796875
14.821428571428571 0.131709375
14.857142857142858 0.14268515625
14.892857142857142 0.2926875
14.928571428571429 0.16463671875
14.964285714285714 0.160978125
15.0 0.15731953125
15.035714285714286 0.1536609375
15.071428571428571 0.15000234375
15.107142857142858 0.14634375
15.142857142857142 0.14268515625
15.178571428571429 0.1390265625
15.214285714285714 0.13536796875
15.25 0.13536796875
15.285714285714286 0.13536796875
15.321428571428571 0.131709375
15.357142857142858 0.131709375
15.392857142857142 0.131709375
15.428571428571429 0.131709375
15.464285714285714 0.131709375
15.5 0.12805078125
15.535714285714286 0.12805078125
15.571428571428571 0.12805078125
15.607142857142858 0.12805078125
15.642857142857142 0.12805078125
15.678571428571429 0.12805078125
15.714285714285714 0.12805078125
15.75 0.1243921875
15.785714285714286 0.1243921875
15.821428571428571 0.1243921875
15.857142857142858 0.13536796875
15.892857142857142 0.1756125
15.928571428571429 0.14268515625
15.964285714285714 0.14268515625
16.0 0.1682953125
16.035714285714285 0.16463671875
16.071428571428573 0.16463671875
16.107142857142858 0.16463671875
16.142857142857142 0.1682953125
16.178571428571427 0.16463671875
16.214285714285715 0.160978125
16.25 0.15000234375
16.285714285714285 0.15000234375
16.321428571428573 0.14634375
16.357142857142858 0.14268515625
16.392857142857142 0.14268515625
16.428571428571427 0.14268515625
16.464285714285715 0.1390265625
16.5 0.1390265625
16.535714285714285 0.1390265625
16.571428571428573 0.13536796875
16.607142857142858 0.13536796875
16.642857142857142 0.13536796875
16.678571428571427 0.13536796875
16.714285714285715 0.131709375
16.75 0.13536796875
16.785714285714285 0.13536796875
16.821428571428573 0.13536796875
16.857142857142858 0.13536796875
16.892857142857142 0.13536796875
16.928571428571427 0.13536796875
16.964285714285715 0.1390265625
17.0 0.17927109375
17.035714285714285 0.13536796875
17.071428571428573 0.1390265625
17.107142857142858 0.307321875
17.142857142857142 0.17195390625
17.178571428571427 0.17195390625
17.214285714285715 0.1682953125
17.25 0.160978125
17.285714285714285 0.1536609375
17.321428571428573 0.1536609375
17.357142857142858 0.14634375
17.392857142857142 0.14268515625
17.428571428571427 0.1390265625
17.464285714285715 0.1390265625
17.5 0.13536796875
17.535714285714285 0.13536796875
17.571428571428573 0.13536796875
17.607142857142858 0.131709375
17.642857142857142 0.131709375
17.678571428571427 0.131709375
17.714285714285715 0.131709375
17.75 0.12805078125
17.785714285714285 0.12805078125
17.821428571428573 0.12805078125
17.857142857142858 0.12805078125
17.892857142857142 0.131709375
17.928571428571427 0.12805078125
17.964285714285715 0.12805078125
18.0 0.12805078125
18.035714285714285 0.12805078125
18.071428571428573 0.12073359375
18.107142857142858 0.13536796875
18.142857142857142 0.13536796875
18.178571428571427 0.45000703125
18.214285714285715 0.1682953125
18.25 0.1682953125
18.285714285714285 0.16463671875
18.321428571428573 0.160978125
18.357142857142858 0.15731953125
18.392857142857142 0.14634375
18.428571428571427 0.14268515625
18.464285714285715 0.13536796875
18.5 0.131709375
18.535714285714285 0.131709375
18.571428571428573 0.12805078125
18.607142857142858 0.1243921875
18.642857142857142 0.12073359375
18.678571428571427 0.12073359375
18.714285714285715 0.12073359375
18.75 0.12073359375
18.785714285714285 0.117075
18.821428571428573 0.11341640625
18.857142857142858 0.11341640625
18.892857142857142 0.11341640625
18.928571428571427 0.1097578125
18.964285714285715 0.1097578125
19.0 0.1097578125
19.035714285714285 0.1097578125
19.071428571428573 0.10609921875
19.107142857142858 0.10609921875
19.142857142857142 0.0951234375
19.178571428571427 0.09878203125
19.214285714285715 0.09878203125
19.25 0.117075
19.285714285714285 0.12073359375
19.321428571428573 0.30366328125000003
19.357142857142858 0.15731953125
19.392857142857142 0.1536609375
19.428571428571427 0.15000234375
19.464285714285715 0.14634375
19.5 0.14268515625
19.535714285714285 0.131709375
19.571428571428573 0.131709375
19.607142857142858 0.1243921875
19.642857142857142 0.1243921875
19.678571428571427 0.12073359375
19.714285714285715 0.12073359375
19.75 0.12073359375
19.785714285714285 0.117075
19.821428571428573 0.117075
19.857142857142858 0.11341640625
19.892857142857142 0.11341640625
19.928571428571427 0.11341640625
19.964285714285715 0.11341640625
20.0 0.11341640625
20.035714285714285 0.1097578125
20.071428571428573 0.1097578125
20.107142857142858 0.1097578125
20.142857142857142 0.1097578125
20.178571428571427 0.1097578125
20.214285714285715 0.10244062500000001
20.25 0.10244062500000001
20.285714285714285 0.08780625
20.321428571428573 0.1097578125
20.357142857142858 0.1682953125
20.392857142857142 0.11341640625
20.428571428571427 0.4170796875
20.464285714285715 0.1390265625
20.5 0.14634375
20.535714285714285 0.14634375
20.571428571428573 0.14634375
20.607142857142858 0.1390265625
20.642857142857142 0.13536796875
20.678571428571427 0.12805078125
20.714285714285715 0.1243921875
20.75 0.1243921875
20.785714285714285 0.12073359375
20.821428571428573 0.12073359375
20.857142857142858 0.117075
20.892857142857142 0.117075
20.928571428571427 0.117075
20.964285714285715 0.117075
21.0 0.117075
21.035714285714285 0.11341640625
21.071428571428573 0.1097578125
21.107142857142858 0.1097578125
21.142857142857142 0.1097578125
21.178571428571427 0.1097578125
21.214285714285715 0.10609921875
21.25 0.1097578125
21.285714285714285 0.1097578125
21.321428571428573 0.10609921875
21.357142857142858 0.0951234375
21.392857142857142 0.0951234375
21.428571428571427 0.1097578125
21.464285714285715 0.11341640625
21.5 0.11341640625
21.535714285714285 0.31098046875
21.571428571428573 0.15000234375
21.607142857142858 0.14268515625
21.642857142857142 0.14268515625
21.678571428571427 0.14268515625
21.714285714285715 0.14268515625
21.75 0.131709375
21.785714285714285 0.131709375
21.821428571428573 0.12805078125
21.857142857142858 0.1243921875
21.892857142857142 0.1243921875
21.928571428571427 0.12073359375
21.964285714285715 0.12073359375
22.0 0.12073359375
22.035714285714285 0.117075
22.071428571428573 0.117075
22.107142857142858 0.117075
22.142857142857142 0.11341640625
22.178571428571427 0.11341640625
22.214285714285715 0.11341640625
22.25 0.1097578125
22.285714285714285 0.1097578125
22.321428571428573 0.11341640625
22.357142857142858 0.1097578125
22.392857142857142 0.1097578125
22.428571428571427 0.1097578125
22.464285714285715 0.10609921875
22.5 0.0951234375
22.535714285714285 0.11341640625
22.571428571428573 0.17195390625
22.607142857142858 0.12073359375
22.642857142857142 0.43903125
22.678571428571427 0.15731953125
22.714285714285715 0.15731953125
22.75 0.15000234375
22.785714285714285 0.1536609375
22.821428571428573 0.1536609375
22.857142857142858 0.14634375
22.892857142857142 0.1390265625
22.928571428571427 0.13536796875
22.964285714285715 0.13536796875
23.0 0.131709375
23.035714285714285 0.131709375
23.071428571428573 0.131709375
23.107142857142858 0.12805078125
23.142857142857142 0.12805078125
23.178571428571427 0.12805078125
23.214285714285715 0.12805078125
23.25 0.1243921875
23.285714285714285 0.1243921875
23.321428571428573 0.1243921875
23.357142857142858 0.12073359375
23.392857142857142 0.1243921875
23.428571428571427 0.12073359375
23.464285714285715 0.12073359375
23.5 0.12073359375
23.535714285714285 0.12073359375
23.571428571428573 0.12073359375
23.607142857142858 0.11341640625
23.642857142857142 0.1756125
23.678571428571427 0.12073359375
23.714285714285715 0.12073359375
23.75 0.31098046875
23.785714285714285 0.16463671875
23.821428571428573 0.160978125
23.857142857142858 0.15731953125
23.892857142857142 0.1536609375
23.928571428571427 0.14634375
23.964285714285715 0.14634375
24.0 0.1390265625
24.035714285714285 0.13536796875
24.071428571428573 0.131709375
24.107142857142858 0.131709375
24.142857142857142 0.12805078125
24.178571428571427 0.12805078125
24.214285714285715 0.12805078125
24.25 0.1243921875
24.285714285714285 0.1243921875
24.321428571428573 0.1243921875
24.357142857142858 0.1243921875
24.392857142857142 0.1243921875
24.428571428571427 0.12073359375
24.464285714285715 0.12073359375
24.5 0.12073359375
24.535714285714285 0.12073359375
24.571428571428573 0.12073359375
24.607142857142858 0.12073359375
24.642857142857142 0.12073359375
24.678571428571427 0.12073359375
24.714285714285715 0.12073359375
24.75 0.131709375
24.785714285714285 0.17195390625
24.821428571428573 0.12805078125
24.857142857142858 0.45732421875
24.892857142857142 0.17195390625
24.928571428571427 0.15731953125
24.964285714285715 0.15000234375
25.0 0.14268515625
25.035714285714285 0.1390265625
25.071428571428573 0.13536796875
25.107142857142858 0.12805078125
25.142857142857142 0.1243921875
25.178571428571427 0.1243921875
25.214285714285715 0.1243921875
25.25 0.12073359375
25.285714285714285 0.117075
25.321428571428573 0.117075
25.357142857142858 0.11341640625
25.392857142857142 0.11341640625
25.428571428571427 0.1097578125
25.464285714285715 0.1097578125
25.5 0.1097578125
25.535714285714285 0.1097578125
25.571428571428573 0.1097578125
25.607142857142858 0.10609921875
25.642857142857142 0.10609921875
25.678571428571427 0.10609921875
25.714285714285715 0.10609921875
25.75 0.10609921875
25.785714285714285 0.10609921875
25.821428571428573 0.10609921875
25.857142857142858 0.09878203125
25.892857142857142 0.117075
25.928571428571427 0.11341640625
25.964285714285715 0.1097578125
26.0 0.15000234375
26.035714285714285 0.14268515625
26.071428571428573 0.14268515625
26.107142857142858 0.1390265625
26.142857142857142 0.1390265625
26.178571428571427 0.13536796875
26.214285714285715 0.131709375
26.25 0.12805078125
26.285714285714285 0.1243921875
26.321428571428573 0.12073359375
26.357142857142858 0.117075
26.392857142857142 0.117075
26.428571428571427 0.11341640625
26.464285714285715 0.11341640625
26.5 0.1097578125
26.535714285714285 0.1097578125
26.571428571428573 0.1097578125
26.607142857142858 0.10609921875
26.642857142857142 0.10244062500000001
26.678571428571427 0.10244062500000001
26.714285714285715 0.09878203125
26.75 0.09878203125
26.785714285714285 0.10244062500000001
26.821428571428573 0.10244062500000001
26.857142857142858 0.10244062500000001
26.892857142857142 0.10244062500000001
26.928571428571427 0.10244062500000001
26.964285714285715 0.08414765625
27.0 0.160978125
27.035714285714285 0.1097578125
27.071428571428573 0.43537265625
27.107142857142858 0.12805078125
27.142857142857142 0.15000234375
27.178571428571427 0.1390265625
27.214285714285715 0.13536796875
27.25 0.13536796875
27.285714285714285 0.13536796875
27.321428571428573 0.131709375
27.357142857142858 0.12073359375
27.392857142857142 0.117075
27.428571428571427 0.11341640625
27.464285714285715 0.11341640625
27.5 0.1097578125
27.535714285714285 0.1097578125
27.571428571428573 0.10609921875
27.607142857142858 0.10609921875
27.642857142857142 0.10244062500000001
27.678571428571427 0.09878203125
27.714285714285715 0.09878203125
27.75 0.09878203125
27.785714285714285 0.09878203125
27.821428571428573 0.09878203125
27.857142857142858 0.0951234375
27.892857142857142 0.0951234375
27.928571428571427 0.0951234375
27.964285714285715 0.0951234375
28.0 0.0951234375
28.035714285714285 0.08780625
28.071428571428573 0.08414765625
28.107142857142858 0.10244062500000001
28.142857142857142 0.09878203125
28.178571428571427 0.1097578125
28.214285714285715 0.32561484375
28.25 0.13536796875
28.285714285714285 0.13536796875
28.321428571428573 0.13536796875
28.357142857142858 0.131709375
28.392857142857142 0.12805078125
28.428571428571427 0.1243921875
28.464285714285715 0.1243921875
28.5 0.117075
28.535714285714285 0.11341640625
28.571428571428573 0.1097578125
28.607142857142858 0.1097578125
28.642857142857142 0.1097578125
28.678571428571427 0.1097578125
28.714285714285715 0.10244062500000001
28.75 0.10244062500000001
28.785714285714285 0.09878203125
28.821428571428573 0.09878203125
28.857142857142858 0.0951234375
28.892857142857142 0.0951234375
28.928571428571427 0.0951234375
28.964285714285715 0.0951234375
29.0 0.0951234375
29.035714285714285 0.09146484375
29.071428571428573 0.09146484375
29.107142857142858 0.09146484375
29.142857142857142 0.0951234375
29.178571428571427 0.0804890625
29.214285714285715 0.09146484375
29.25 0.1097578125
29.285714285714285 0.1097578125
29.321428571428573 0.44634843750000003
29.357142857142858 0.14634375
29.392857142857142 0.1390265625
29.428571428571427 0.13536796875
29.464285714285715 0.13536796875
29.5 0.131709375
29.535714285714285 0.12805078125
29.571428571428573 0.1243921875
29.607142857142858 0.117075
29.642857142857142 0.117075
29.678571428571427 0.11341640625
29.714285714285715 0.1097578125
29.75 0.10244062500000001
29.785714285714285 0.10244062500000001
29.821428571428573 0.10244062500000001
29.857142857142858 0.0951234375
29.892857142857142 0.0951234375
29.928571428571427 0.09146484375
29.964285714285715 0.0951234375
30.0 0.0951234375
30.035714285714285 0.09146484375
30.071428571428573 0.09146484375
30.107142857142858 0.08780625
30.142857142857142 0.08780625
30.178571428571427 0.09146484375
30.214285714285715 0.09146484375
30.25 0.08414765625
30.285714285714285 0.073171875
30.321428571428573 0.0951234375
30.357142857142858 0.0951234375
30.392857142857142 0.1097578125
30.428571428571427 0.29634609375
30.464285714285715 0.15000234375
30.5 0.14634375
30.535714285714285 0.14634375
30.571428571428573 0.1390265625
30.607142857142858 0.13536796875
30.642857142857142 0.13536796875
30.678571428571427 0.12805078125
30.714285714285715 0.1243921875
30.75 0.12073359375
30.785714285714285 0.117075
30.821428571428573 0.11341640625
30.857142857142858 0.1097578125
30.892857142857142 0.1097578125
30.928571428571427 0.10609921875
30.964285714285715 0.10609921875
31.0 0.10609921875
31.035714285714285 0.10244062500000001
31.071428571428573 0.09878203125
31.107142857142858 0.10244062500000001
31.142857142857142 0.09878203125
31.178571428571427 0.0951234375
31.214285714285715 0.09878203125
31.25 0.0951234375
31.285714285714285 0.0951234375
31.321428571428573 0.0951234375
31.357142857142858 0.0951234375
31.392857142857142 0.0804890625
31.428571428571427 0.09146484375
31.464285714285715 0.16463671875
31.5 0.10244062500000001
31.535714285714285 0.117075
31.571428571428573 0.2707359375
31.607142857142858 0.13536796875
31.642857142857142 0.13536796875
31.678571428571427 0.13536796875
31.714285714285715 0.12805078125
31.75 0.12073359375
31.785714285714285 0.11341640625
31.821428571428573 0.10244062500000001
31.857142857142858 0.0951234375
31.892857142857142 0.09146484375
31.928571428571427 0.09146484375
31.964285714285715 0.08780625
32.0 0.08780625
32.035714285714285 0.08780625
32.07142857142857 0.08414765625
32.107142857142854 0.0804890625
32.142857142857146 0.0804890625
32.17857142857143 0.07683046875
32.214285714285715 0.07683046875
32.25 0.07683046875
32.285714285714285 0.07683046875
32.32142857142857 0.07683046875
32.357142857142854 0.07683046875
32.392857142857146 0.073171875
32.42857142857143 0.073171875
32.464285714285715 0.073171875
32.5 0.06219609375
32.535714285714285 0.06219609375
32.57142857142857 0.08414765625
32.607142857142854 0.10609921875
32.642857142857146 0.36220078125
32.67857142857143 0.14634375
32.714285714285715 0.12805078125
32.75 0.12805078125
32.785714285714285 0.12805078125
32.82142857142857 0.1243921875
32.857142857142854 0.12073359375
32.892857142857146 0.11341640625
32.92857142857143 0.10609921875
32.964285714285715 0.09878203125
33.0 0.0951234375
33.035714285714285 0.09146484375
33.07142857142857 0.09146484375
33.107142857142854 0.08780625
33.142857142857146 0.08414765625
33.17857142857143 0.08414765625
33.214285714285715 0.08414765625
33.25 0.0804890625
33.285714285714285 0.07683046875
33.32142857142857 0.07683046875
33.357142857142854 0.07683046875
33.392857142857146 0.07683046875
33.42857142857143 0.07683046875
33.464285714285715 0.07683046875
33.5 0.073171875
33.535714285714285 0.073171875
33.57142857142857 0.073171875
33.607142857142854 0.0585375
33.642857142857146 0.0658546875
33.67857142857143 0.1536609375
33.714285714285715 0.08414765625
33.75 0.10609921875
33.785714285714285 0.2707359375
33.82142857142857 0.1390265625
33.857142857142854 0.12073359375
33.892857142857146 0.12073359375
33.92857142857143 0.11341640625
33.964285714285715 0.1097578125
34.0 0.10244062500000001
34.035714285714285 0.0951234375
34.07142857142857 0.09146484375
34.107142857142854 0.08780625
34.142857142857146 0.08780625
34.17857142857143 0.08414765625
34.214285714285715 0.0804890625
34.25 0.0804890625
34.285714285714285 0.07683046875
34.32142857142857 0.073171875
34.357142857142854 0.073171875
34.392857142857146 0.073171875
34.42857142857143 0.073171875
34.464285714285715 0.06951328125
34.5 0.06951328125
34.535714285714285 0.06951328125
34.57142857142857 0.06951328125
34.607142857142854 0.06951328125
34.642857142857146 0.06951328125
34.67857142857143 0.0658546875
34.714285714285715 0.06219609375
34.75 0.06951328125
34.785714285714285 0.06951328125
34.82142857142857 0.12805078125
34.857142857142854 0.365859375
34.892857142857146 0.1097578125
34.92857142857143 0.1097578125
34.964285714285715 0.10609921875
35.0 0.09878203125
35.035714285714285 0.09878203125
35.07142857142857 0.0951234375
35.107142857142854 0.08780625
35.142857142857146 0.08414765625
35.17857142857143 0.07683046875
35.214285714285715 0.073171875
35.25 0.06951328125
35.285714285714285 0.06951328125
35.32142857142857 0.06951328125
35.357142857142854 0.06219609375
35.392857142857146 0.0658546875
35.42857142857143 0.06219609375
35.464285714285715 0.06219609375
35.5 0.06219609375
35.535714285714285 0.0585375
35.57142857142857 0.0585375
35.607142857142854 0.0585375
35.642857142857146 0.0585375
35.67857142857143 0.0585375
35.714285714285715 0.0585375
35.75 0.05487890625
35.785714285714285 0.05487890625
35.82142857142857 0.05487890625
35.857142857142854 0.04756171875
35.892857142857146 0.0585375
35.92857142857143 0.05487890625
35.964285714285715 0.073171875
36.0 0.24512578125
36.035714285714285 0.09878203125
36.07142857142857 0.0951234375
36.107142857142854 0.08780625
36.142857142857146 0.0804890625
36.17857142857143 0.07683046875
36.214285714285715 0.073171875
36.25 0.0658546875
36.285714285714285 0.0585375
36.32142857142857 0.05487890625
36.357142857142854 0.051220312500000004
36.392857142857146 0.051220312500000004
36.42857142857143 0.04756171875
36.464285714285715 0.04756171875
36.5 0.04756171875
36.535714285714285 0.043903125
36.57142857142857 0.043903125
36.607142857142854 0.04024453125
36.642857142857146 0.04024453125
36.67857142857143 0.04024453125
36.714285714285715 0.04024453125
36.75 0.0365859375
36.785714285714285 0.0365859375
36.82142857142857 0.0365859375
36.857142857142854 0.03292734375
36.892857142857146 0.03292734375
36.92857142857143 0.03292734375
36.964285714285715 0.01829296875
37.0 0.03292734375
37.035714285714285 0.08414765625
37.07142857142857 0.04756171875
37.107142857142854 0.20122265625
37.142857142857146 0.0804890625
37.17857142857143 0.0804890625
37.214285714285715 0.07683046875
37.25 0.073171875
37.285714285714285 0.073171875
37.32142857142857 0.06951328125
37.357142857142854 0.0658546875
37.392857142857146 0.0585375
37.42857142857143 0.05487890625
37.464285714285715 0.051220312500000004
37.5 0.04756171875
37.535714285714285 0.043903125
37.57142857142857 0.043903125
37.607142857142854 0.04024453125
37.642857142857146 0.04024453125
37.67857142857143 0.04024453125
37.714285714285715 0.0365859375
37.75 0.0365859375
37.785714285714285 0.0365859375
37.82142857142857 0.03292734375
37.857142857142854 0.03292734375
37.892857142857146 0.03292734375
37.92857142857143 0.03292734375
37.964285714285715 0.03292734375
38.0 0.02926875
38.035714285714285 0.02926875
38.07142857142857 0.0219515625
38.107142857142854 0.0365859375
38.142857142857146 0.04024453125
38.17857142857143 0.0585375
38.214285714285715 0.24512578125
38.25 0.08780625
38.285714285714285 0.0804890625
38.32142857142857 0.07683046875
38.357142857142854 0.073171875
38.392857142857146 0.073171875
38.42857142857143 0.06951328125
38.464285714285715 0.0658546875
38.5 0.05487890625
38.535714285714285 0.05487890625
38.57142857142857 0.051220312500000004
38.607142857142854 0.04756171875
38.642857142857146 0.043903125
38.67857142857143 0.043903125
38.714285714285715 0.043903125
38.75 0.043903125
38.785714285714285 0.04024453125
38.82142857142857 0.04024453125
38.857142857142854 0.04024453125
38.892857142857146 0.04024453125
38.92857142857143 0.04024453125
38.964285714285715 0.0365859375
39.0 0.0365859375
39.035714285714285 0.0365859375
39.07142857142857 0.0365859375
39.107142857142854 0.0365859375
39.142857142857146 0.0365859375
39.17857142857143 0.0219515625
39.214285714285715 0.0365859375
39.25 0.043903125
39.285714285714285 0.051220312500000004
39.32142857142857 0.0585375
39.357142857142854 0.2121984375
39.392857142857146 0.08414765625
39.42857142857143 0.07683046875
39.464285714285715 0.06951328125
39.5 0.0658546875
39.535714285714285 0.06219609375
39.57142857142857 0.0585375
39.607142857142854 0.05487890625
39.642857142857146 0.04756171875
39.67857142857143 0.043903125
39.714285714285715 0.043903125
39.75 0.04024453125
39.785714285714285 0.04024453125
39.82142857142857 0.0365859375
39.857142857142854 0.03292734375
39.892857142857146 0.03292734375
