0.03571428571428571 2.3341828125
0.07142857142857142 2.3341828125
0.10714285714285714 2.33052421875
0.14285714285714285 2.33052421875
0.17857142857142858 2.3415
0.21428571428571427 2.3415
0.25 2.33784140625
0.2857142857142857 2.3341828125
0.32142857142857145 2.3341828125
0.35714285714285715 2.3341828125
0.39285714285714285 2.3341828125
0.42857142857142855 2.33784140625
0.4642857142857143 2.33784140625
0.5 2.3341828125
0.5357142857142857 2.33784140625
0.5714285714285714 2.33784140625
0.6071428571428571 2.33784140625
0.6428571428571429 2.33784140625
0.6785714285714286 2.33784140625
0.7142857142857143 2.33784140625
0.75 2.33052421875
0.7857142857142857 2.33052421875
0.8214285714285714 2.3341828125
0.8571428571428571 2.35247578125
0.8928571428571429 2.35247578125
0.9285714285714286 2.34515859375
0.9642857142857143 2.34515859375
1.0 2.34515859375
1.0357142857142858 2.34515859375
1.0714285714285714 2.34515859375
1.1071428571428572 2.34515859375
1.1428571428571428 2.34515859375
1.1785714285714286 2.34515859375
1.2142857142857142 2.34515859375
1.25 2.34515859375
1.2857142857142858 2.34515859375
1.3214285714285714 2.34515859375
1.3571428571428572 2.34515859375
1.3928571428571428 2.34515859375
1.4642857142857142 2.33052421875
1.5 2.3415
1.5357142857142858 2.34515859375
1.5714285714285714 2.34515859375
1.6071428571428572 2.33784140625
1.6428571428571428 2.33784140625
1.6785714285714286 2.33784140625
1.7142857142857142 2.33784140625
1.75 2.33784140625
1.7857142857142858 2.33784140625
1.8214285714285714 2.33784140625
1.8571428571428572 2.33784140625
1.8928571428571428 2.33784140625
1.9285714285714286 2.33784140625
1.9642857142857142 2.33784140625
2.0 2.33784140625
2.0357142857142856 2.33784140625
2.0714285714285716 2.326865625
2.107142857142857 2.32320703125
2.2142857142857144 2.33784140625
2.25 2.3341828125
2.2857142857142856 2.33052421875
2.3214285714285716 2.3341828125
2.357142857142857 2.33052421875
2.392857142857143 2.33052421875
2.4285714285714284 2.33052421875
2.4642857142857144 2.33052421875
2.5 2.33052421875
2.5357142857142856 2.33052421875
2.5714285714285716 2.33052421875
2.607142857142857 2.33052421875
2.642857142857143 2.33052421875
2.6785714285714284 2.326865625
2.7142857142857144 2.326865625
2.75 2.3195484375
2.7857142857142856 2.31588984375
2.857142857142857 2.33784140625
2.892857142857143 2.33784140625
2.9285714285714284 2.33784140625
2.9642857142857144 2.3341828125
3.0 2.3341828125
3.0357142857142856 2.3341828125
3.0714285714285716 2.3341828125
3.107142857142857 2.3341828125
3.142857142857143 2.3341828125
3.1785714285714284 2.33052421875
3.2142857142857144 2.33052421875
3.25 2.33052421875
3.2857142857142856 2.33052421875
3.3214285714285716 2.33052421875
3.357142857142857 2.33052421875
3.392857142857143 2.326865625
3.4285714285714284 2.32320703125
3.4642857142857144 2.32320703125
3.5 2.33052421875
3.5357142857142856 2.3415
3.5714285714285716 2.33784140625
3.607142857142857 2.3341828125
3.642857142857143 2.3341828125
3.6785714285714284 2.3341828125
3.7142857142857144 2.3341828125
3.75 2.3341828125
3.7857142857142856 2.3341828125
3.8214285714285716 2.3341828125
3.857142857142857 2.3341828125
3.892857142857143 2.3341828125
3.9285714285714284 2.33052421875
3.9642857142857144 2.33052421875
4.0 2.33052421875
4.035714285714286 2.33052421875
4.071428571428571 2.326865625
4.107142857142857 2.3195484375
4.178571428571429 2.326865625
4.214285714285714 2.3341828125
4.25 2.326865625
4.285714285714286 2.326865625
4.321428571428571 2.326865625
4.357142857142857 2.326865625
4.392857142857143 2.326865625
4.428571428571429 2.326865625
4.464285714285714 2.326865625
4.5 2.326865625
4.535714285714286 2.326865625
4.571428571428571 2.326865625
4.607142857142857 2.326865625
4.642857142857143 2.326865625
4.678571428571429 2.326865625
4.714285714285714 2.326865625
4.75 2.31588984375
4.821428571428571 2.3195484375
4.857142857142857 2.33052421875
4.892857142857143 2.33052421875
4.928571428571429 2.326865625
4.964285714285714 2.326865625
5.0 2.32320703125
5.035714285714286 2.32320703125
5.071428571428571 2.32320703125
5.107142857142857 2.32320703125
5.142857142857143 2.32320703125
5.178571428571429 2.32320703125
5.214285714285714 2.32320703125
5.25 2.32320703125
5.285714285714286 2.32320703125
5.321428571428571 2.32320703125
5.357142857142857 2.32320703125
5.392857142857143 2.3195484375
5.428571428571429 2.31588984375
5.464285714285714 2.31588984375
5.5 2.3195484375
5.535714285714286 2.3341828125
5.571428571428571 2.33052421875
5.607142857142857 2.326865625
5.642857142857143 2.326865625
5.678571428571429 2.326865625
5.714285714285714 2.326865625
5.75 2.326865625
5.785714285714286 2.326865625
5.821428571428571 2.326865625
5.857142857142857 2.326865625
5.892857142857143 2.326865625
5.928571428571429 2.326865625
5.964285714285714 2.326865625
6.0 2.326865625
6.035714285714286 2.32320703125
6.071428571428571 2.32320703125
6.107142857142857 2.3195484375
6.142857142857143 2.32320703125
6.178571428571429 2.3341828125
6.214285714285714 2.3341828125
6.25 2.326865625
6.285714285714286 2.326865625
6.321428571428571 2.326865625
6.357142857142857 2.326865625
6.392857142857143 2.326865625
6.428571428571429 2.326865625
6.464285714285714 2.326865625
6.5 2.326865625
6.535714285714286 2.326865625
6.571428571428571 2.326865625
6.607142857142857 2.326865625
6.642857142857143 2.326865625
6.678571428571429 2.326865625
6.714285714285714 2.32320703125
6.75 2.31588984375
6.785714285714286 2.31588984375
6.821428571428571 2.31588984375
6.857142857142857 2.326865625
6.892857142857143 2.326865625
6.928571428571429 2.3195484375
6.964285714285714 2.3195484375
7.0 2.3195484375
7.035714285714286 2.3195484375
7.071428571428571 2.3195484375
7.107142857142857 2.3195484375
7.142857142857143 2.3195484375
7.178571428571429 2.3195484375
7.214285714285714 2.3195484375
7.25 2.3195484375
7.285714285714286 2.3195484375
7.321428571428571 2.3195484375
7.357142857142857 2.3195484375
7.392857142857143 2.3195484375
7.464285714285714 2.31223125
7.5 2.32320703125
7.535714285714286 2.3195484375
7.571428571428571 2.32320703125
7.607142857142857 2.3195484375
7.642857142857143 2.3195484375
7.678571428571429 2.3195484375
7.714285714285714 2.3195484375
7.75 2.3195484375
7.785714285714286 2.3195484375
7.821428571428571 2.3195484375
7.857142857142857 2.3195484375
7.892857142857143 2.3195484375
7.928571428571429 2.3195484375
7.964285714285714 2.3195484375
8.0 2.3195484375
8.035714285714286 2.31588984375
8.071428571428571 2.3195484375
8.107142857142858 2.31223125
8.142857142857142 2.31223125
8.214285714285714 2.32320703125
8.25 2.3195484375
8.285714285714286 2.31588984375
8.321428571428571 2.31588984375
8.357142857142858 2.31223125
8.392857142857142 2.31223125
8.428571428571429 2.31223125
8.464285714285714 2.31223125
8.5 2.31223125
8.535714285714286 2.30857265625
8.571428571428571 2.30857265625
8.607142857142858 2.30857265625
8.642857142857142 2.30857265625
8.678571428571429 2.30857265625
8.714285714285714 2.30857265625
8.75 2.297596875
8.785714285714286 2.29393828125
8.857142857142858 2.31223125
8.892857142857142 2.3049140625
8.928571428571429 2.30857265625
8.964285714285714 2.30857265625
9.0 2.3049140625
9.035714285714286 2.3049140625
9.071428571428571 2.3049140625
9.107142857142858 2.3049140625
9.142857142857142 2.3049140625
9.178571428571429 2.3049140625
9.214285714285714 2.3049140625
9.25 2.3049140625
9.285714285714286 2.3049140625
9.321428571428571 2.30125546875
9.357142857142858 2.3049140625
9.392857142857142 2.29393828125
9.428571428571429 2.28662109375
9.464285714285714 2.2902796875
9.5 2.297596875
9.535714285714286 2.3049140625
9.571428571428571 2.30125546875
9.607142857142858 2.297596875
9.642857142857142 2.297596875
9.678571428571429 2.297596875
9.714285714285714 2.297596875
9.75 2.297596875
9.785714285714286 2.297596875
9.821428571428571 2.297596875
9.857142857142858 2.297596875
9.892857142857142 2.297596875
9.928571428571429 2.29393828125
9.964285714285714 2.29393828125
10.0 2.29393828125
10.035714285714286 2.29393828125
10.071428571428571 2.28662109375
10.107142857142858 2.27930390625
10.142857142857142 2.27930390625
10.178571428571429 2.28662109375
10.214285714285714 2.297596875
10.25 2.2902796875
10.285714285714286 2.2902796875
10.321428571428571 2.28662109375
10.357142857142858 2.28662109375
10.392857142857142 2.28662109375
10.428571428571429 2.28662109375
10.464285714285714 2.28662109375
10.5 2.28662109375
10.535714285714286 2.28662109375
10.571428571428571 2.28662109375
10.607142857142858 2.28662109375
10.642857142857142 2.28662109375
10.678571428571429 2.28662109375
10.714285714285714 2.28662109375
10.75 2.2756453125
10.821428571428571 2.27930390625
10.857142857142858 2.2902796875
10.892857142857142 2.28662109375
10.928571428571429 2.2829625
10.964285714285714 2.2829625
11.0 2.2829625
11.035714285714286 2.2829625
11.071428571428571 2.2829625
11.107142857142858 2.2829625
11.142857142857142 2.27930390625
11.178571428571429 2.27930390625
11.214285714285714 2.27930390625
11.25 2.27930390625
11.285714285714286 2.27930390625
11.321428571428571 2.27930390625
11.357142857142858 2.27930390625
11.392857142857142 2.2756453125
11.428571428571429 2.268328125
11.5 2.27198671875
11.535714285714286 2.2829625
11.571428571428571 2.2829625
11.607142857142858 2.27930390625
11.642857142857142 2.2756453125
11.678571428571429 2.2756453125
11.714285714285714 2.2756453125
11.75 2.2756453125
11.785714285714286 2.2756453125
11.821428571428571 2.2756453125
11.857142857142858 2.2756453125
11.892857142857142 2.2756453125
11.928571428571429 2.2756453125
11.964285714285714 2.2756453125
12.0 2.2756453125
12.035714285714286 2.2756453125
12.071428571428571 2.268328125
12.107142857142858 2.2610109375
12.142857142857142 2.268328125
12.178571428571429 2.2756453125
12.214285714285714 2.2756453125
12.25 2.27198671875
12.285714285714286 2.27198671875
12.321428571428571 2.27198671875
12.357142857142858 2.27198671875
12.392857142857142 2.268328125
12.428571428571429 2.268328125
12.464285714285714 2.268328125
12.5 2.268328125
12.535714285714286 2.268328125
12.571428571428571 2.268328125
12.607142857142858 2.268328125
12.642857142857142 2.268328125
12.678571428571429 2.268328125
12.714285714285714 2.268328125
12.75 2.2610109375
12.785714285714286 2.25735234375
12.821428571428571 2.2610109375
12.857142857142858 2.268328125
12.892857142857142 2.268328125
12.928571428571429 2.26466953125
12.964285714285714 2.2610109375
13.0 2.2610109375
13.035714285714286 2.2610109375
13.071428571428571 2.2610109375
13.107142857142858 2.2610109375
13.142857142857142 2.2610109375
13.178571428571429 2.2610109375
13.214285714285714 2.2610109375
13.25 2.2610109375
13.285714285714286 2.25735234375
13.321428571428571 2.25735234375
13.357142857142858 2.25735234375
13.392857142857142 2.25735234375
13.428571428571429 2.2463765625
13.464285714285714 2.2463765625
13.5 2.2610109375
13.535714285714286 2.2610109375
13.571428571428571 2.2610109375
13.607142857142858 2.25735234375
13.642857142857142 2.25735234375
13.678571428571429 2.25735234375
13.714285714285714 2.25369375
13.75 2.25369375
13.785714285714286 2.25369375
13.821428571428571 2.25369375
13.857142857142858 2.25369375
13.892857142857142 2.25369375
13.928571428571429 2.25369375
13.964285714285714 2.25369375
14.0 2.25369375
14.035714285714286 2.25369375
14.071428571428571 2.2463765625
14.107142857142858 2.2463765625
14.142857142857142 2.2463765625
14.178571428571429 2.25735234375
14.214285714285714 2.25735234375
14.25 2.25735234375
14.285714285714286 2.25369375
14.321428571428571 2.25369375
14.357142857142858 2.25369375
14.392857142857142 2.25369375
14.428571428571429 2.25369375
14.464285714285714 2.25369375
14.5 2.25003515625
14.535714285714286 2.25003515625
14.571428571428571 2.25003515625
14.607142857142858 2.25003515625
14.642857142857142 2.25003515625
14.678571428571429 2.25003515625
14.714285714285714 2.25003515625
14.75 2.24271796875
14.785714285714286 2.239059375
14.821428571428571 2.239059375
14.857142857142858 2.25003515625
14.892857142857142 2.2463765625
14.928571428571429 2.2463765625
14.964285714285714 2.2463765625
15.0 2.24271796875
15.035714285714286 2.24271796875
15.071428571428571 2.24271796875
15.107142857142858 2.24271796875
15.142857142857142 2.24271796875
15.178571428571429 2.24271796875
15.214285714285714 2.24271796875
15.25 2.24271796875
15.285714285714286 2.239059375
15.321428571428571 2.24271796875
15.357142857142858 2.239059375
15.5 2.25003515625
15.535714285714286 2.25735234375
15.571428571428571 2.25369375
15.607142857142858 2.25003515625
15.642857142857142 2.25003515625
15.678571428571429 2.25003515625
15.714285714285714 2.25003515625
15.75 2.2463765625
15.785714285714286 2.2463765625
15.821428571428571 2.2463765625
15.857142857142858 2.2463765625
15.892857142857142 2.2463765625
15.928571428571429 2.2463765625
15.964285714285714 2.2463765625
16.0 2.2463765625
16.035714285714285 2.2463765625
16.071428571428573 2.239059375
16.107142857142858 2.23540078125
16.142857142857142 2.23540078125
16.178571428571427 2.2463765625
16.214285714285715 2.25003515625
16.25 2.24271796875
16.285714285714285 2.24271796875
16.321428571428573 2.24271796875
16.357142857142858 2.24271796875
16.392857142857142 2.24271796875
16.428571428571427 2.24271796875
16.464285714285715 2.24271796875
16.5 2.24271796875
16.535714285714285 2.24271796875
16.571428571428573 2.24271796875
16.607142857142858 2.24271796875
16.642857142857142 2.24271796875
16.678571428571427 2.24271796875
16.714285714285715 2.239059375
16.75 2.22808359375
16.785714285714285 2.224425
16.821428571428573 2.224425
16.857142857142858 2.24271796875
16.892857142857142 2.239059375
16.928571428571427 2.239059375
16.964285714285715 2.23540078125
17.0 2.23540078125
17.035714285714285 2.239059375
17.071428571428573 2.23540078125
17.107142857142858 2.23540078125
17.142857142857142 2.23540078125
17.178571428571427 2.23540078125
17.214285714285715 2.23540078125
17.25 2.23540078125
17.285714285714285 2.23540078125
17.321428571428573 2.23540078125
17.357142857142858 2.23540078125
17.392857142857142 2.22808359375
17.428571428571427 2.224425
17.5 2.2317421875
17.535714285714285 2.239059375
17.571428571428573 2.23540078125
17.607142857142858 2.23540078125
17.642857142857142 2.23540078125
17.678571428571427 2.23540078125
17.714285714285715 2.23540078125
17.75 2.23540078125
17.785714285714285 2.2317421875
17.821428571428573 2.2317421875
17.857142857142858 2.2317421875
17.892857142857142 2.2317421875
17.928571428571427 2.2317421875
17.964285714285715 2.2317421875
18.0 2.2317421875
18.035714285714285 2.2317421875
18.071428571428573 2.224425
18.107142857142858 2.2171078125
18.142857142857142 2.224425
18.178571428571427 2.224425
18.214285714285715 2.23540078125
18.25 2.2317421875
18.285714285714285 2.22808359375
18.321428571428573 2.22808359375
18.357142857142858 2.22808359375
18.392857142857142 2.22808359375
18.428571428571427 2.22808359375
18.464285714285715 2.22808359375
18.5 2.22808359375
18.535714285714285 2.22808359375
18.571428571428573 2.22808359375
18.607142857142858 2.22808359375
18.642857142857142 2.22808359375
18.678571428571427 2.22808359375
18.714285714285715 2.22808359375
18.75 2.21344921875
18.821428571428573 2.224425
18.857142857142858 2.2317421875
18.892857142857142 2.23540078125
18.928571428571427 2.23540078125
18.964285714285715 2.2317421875
19.0 2.2317421875
19.035714285714285 2.2317421875
19.071428571428573 2.2317421875
19.107142857142858 2.22808359375
19.142857142857142 2.2317421875
19.178571428571427 2.22808359375
19.214285714285715 2.22808359375
19.25 2.22808359375
19.285714285714285 2.22808359375
19.321428571428573 2.22808359375
19.357142857142858 2.224425
19.392857142857142 2.224425
19.428571428571427 2.21344921875
19.464285714285715 2.21344921875
19.5 2.22808359375
19.535714285714285 2.22808359375
19.571428571428573 2.22808359375
19.607142857142858 2.22808359375
19.642857142857142 2.22808359375
19.678571428571427 2.22808359375
19.714285714285715 2.22808359375
19.75 2.22808359375
19.785714285714285 2.22808359375
19.821428571428573 2.224425
19.857142857142858 2.224425
19.892857142857142 2.224425
19.928571428571427 2.224425
19.964285714285715 2.224425
20.0 2.224425
20.035714285714285 2.22076640625
20.071428571428573 2.22076640625
20.107142857142858 2.209790625
20.142857142857142 2.21344921875
20.178571428571427 2.22076640625
20.214285714285715 2.22076640625
20.25 2.22076640625
20.285714285714285 2.22076640625
20.321428571428573 2.22076640625
20.357142857142858 2.2171078125
20.392857142857142 2.2171078125
20.428571428571427 2.2171078125
20.464285714285715 2.2171078125
20.5 2.2171078125
20.535714285714285 2.2171078125
20.571428571428573 2.2171078125
20.607142857142858 2.2171078125
20.642857142857142 2.2171078125
20.678571428571427 2.2171078125
20.714285714285715 2.21344921875
20.75 2.20613203125
20.785714285714285 2.2024734375
20.821428571428573 2.20613203125
20.857142857142858 2.21344921875
20.892857142857142 2.21344921875
20.928571428571427 2.21344921875
20.964285714285715 2.21344921875
21.0 2.21344921875
21.035714285714285 2.21344921875
21.071428571428573 2.21344921875
21.107142857142858 2.21344921875
21.142857142857142 2.21344921875
21.178571428571427 2.21344921875
21.214285714285715 2.21344921875
21.25 2.21344921875
21.285714285714285 2.21344921875
21.321428571428573 2.209790625
21.357142857142858 2.209790625
21.392857142857142 2.2024734375
21.428571428571427 2.2024734375
21.464285714285715 2.20613203125
21.5 2.21344921875
21.535714285714285 2.21344921875
21.571428571428573 2.2171078125
21.607142857142858 2.21344921875
21.642857142857142 2.21344921875
21.678571428571427 2.21344921875
21.714285714285715 2.21344921875
21.75 2.21344921875
21.785714285714285 2.21344921875
21.821428571428573 2.21344921875
21.857142857142858 2.21344921875
21.892857142857142 2.21344921875
21.928571428571427 2.21344921875
21.964285714285715 2.21344921875
22.0 2.21344921875
22.035714285714285 2.209790625
22.071428571428573 2.2024734375
22.107142857142858 2.19881484375
22.142857142857142 2.19881484375
22.178571428571427 2.209790625
22.214285714285715 2.21344921875
22.25 2.209790625
22.285714285714285 2.209790625
22.321428571428573 2.209790625
22.357142857142858 2.20613203125
22.392857142857142 2.20613203125
22.428571428571427 2.209790625
22.464285714285715 2.20613203125
22.5 2.20613203125
22.535714285714285 2.20613203125
22.571428571428573 2.20613203125
22.607142857142858 2.20613203125
22.642857142857142 2.20613203125
22.678571428571427 2.20613203125
22.714285714285715 2.20613203125
22.75 2.19149765625
22.785714285714285 2.19149765625
22.821428571428573 2.20613203125
22.857142857142858 2.209790625
22.892857142857142 2.209790625
22.928571428571427 2.20613203125
22.964285714285715 2.20613203125
23.0 2.20613203125
23.035714285714285 2.20613203125
23.071428571428573 2.20613203125
23.107142857142858 2.20613203125
23.142857142857142 2.20613203125
23.178571428571427 2.20613203125
23.214285714285715 2.20613203125
23.25 2.20613203125
23.285714285714285 2.20613203125
23.321428571428573 2.20613203125
23.357142857142858 2.2024734375
23.392857142857142 2.19515625
23.428571428571427 2.1878390625
23.464285714285715 2.1878390625
23.5 2.19881484375
23.535714285714285 2.20613203125
23.571428571428573 2.20613203125
23.607142857142858 2.2024734375
23.642857142857142 2.2024734375
23.678571428571427 2.2024734375
23.714285714285715 2.2024734375
23.75 2.19881484375
23.785714285714285 2.19881484375
23.821428571428573 2.19881484375
23.857142857142858 2.19881484375
23.892857142857142 2.19881484375
23.928571428571427 2.19881484375
23.964285714285715 2.19881484375
24.0 2.19881484375
24.035714285714285 2.19881484375
24.071428571428573 2.19149765625
24.107142857142858 2.1878390625
24.142857142857142 2.19881484375
24.178571428571427 2.20613203125
24.214285714285715 2.20613203125
24.25 2.2024734375
24.285714285714285 2.2024734375
24.321428571428573 2.2024734375
24.357142857142858 2.2024734375
24.392857142857142 2.19881484375
24.428571428571427 2.2024734375
24.464285714285715 2.2024734375
24.5 2.19881484375
24.535714285714285 2.19881484375
24.571428571428573 2.19881484375
24.607142857142858 2.19881484375
24.642857142857142 2.19881484375
24.678571428571427 2.19881484375
24.714285714285715 2.19881484375
24.75 2.18418046875
24.785714285714285 2.18418046875
24.821428571428573 2.19149765625
24.857142857142858 2.19881484375
24.892857142857142 2.19881484375
24.928571428571427 2.19515625
24.964285714285715 2.19515625
25.0 2.19515625
25.035714285714285 2.19149765625
25.071428571428573 2.19149765625
25.107142857142858 2.19149765625
25.142857142857142 2.19149765625
25.178571428571427 2.19149765625
25.214285714285715 2.19149765625
25.25 2.19149765625
25.285714285714285 2.19149765625
25.321428571428573 2.19149765625
25.357142857142858 2.19149765625
25.392857142857142 2.18418046875
25.428571428571427 2.17686328125
25.464285714285715 2.17686328125
25.5 2.19515625
25.535714285714285 2.19881484375
25.571428571428573 2.19515625
25.607142857142858 2.19149765625
25.642857142857142 2.19149765625
25.678571428571427 2.19149765625
25.714285714285715 2.19149765625
25.75 2.19149765625
25.785714285714285 2.1878390625
25.821428571428573 2.1878390625
25.857142857142858 2.1878390625
25.892857142857142 2.1878390625
25.928571428571427 2.1878390625
25.964285714285715 2.1878390625
26.0 2.1878390625
26.035714285714285 2.18418046875
26.071428571428573 2.18418046875
26.107142857142858 2.17686328125
26.142857142857142 2.180521875
26.178571428571427 2.19149765625
26.214285714285715 2.19515625
26.25 2.19149765625
26.285714285714285 2.19149765625
26.321428571428573 2.1878390625
26.357142857142858 2.1878390625
26.392857142857142 2.1878390625
26.428571428571427 2.1878390625
26.464285714285715 2.1878390625
26.5 2.1878390625
26.535714285714285 2.18418046875
26.571428571428573 2.1878390625
26.607142857142858 2.18418046875
26.642857142857142 2.18418046875
26.678571428571427 2.18418046875
26.714285714285715 2.180521875
26.75 2.17686328125
26.785714285714285 2.17686328125
26.821428571428573 2.180521875
26.857142857142858 2.19515625
26.892857142857142 2.19515625
26.928571428571427 2.19149765625
26.964285714285715 2.19149765625
27.0 2.19149765625
27.035714285714285 2.19149765625
27.071428571428573 2.19149765625
27.107142857142858 2.19149765625
27.142857142857142 2.19149765625
27.178571428571427 2.19149765625
27.214285714285715 2.19149765625
27.25 2.1878390625
27.285714285714285 2.1878390625
27.321428571428573 2.1878390625
27.357142857142858 2.18418046875
27.392857142857142 2.1732046875
27.428571428571427 2.16954609375
27.464285714285715 2.16954609375
27.5 2.18418046875
27.535714285714285 2.180521875
27.571428571428573 2.17686328125
27.607142857142858 2.17686328125
27.642857142857142 2.17686328125
27.678571428571427 2.17686328125
27.714285714285715 2.17686328125
27.75 2.17686328125
27.785714285714285 2.17686328125
27.821428571428573 2.17686328125
27.857142857142858 2.1732046875
27.892857142857142 2.1732046875
27.928571428571427 2.1732046875
27.964285714285715 2.1732046875
28.0 2.1732046875
28.035714285714285 2.16954609375
28.071428571428573 2.16222890625
28.107142857142858 2.1585703125
28.142857142857142 2.16222890625
28.178571428571427 2.17686328125
28.214285714285715 2.1732046875
28.25 2.1732046875
28.285714285714285 2.1732046875
28.321428571428573 2.1732046875
28.357142857142858 2.1732046875
28.392857142857142 2.1732046875
28.428571428571427 2.1732046875
28.464285714285715 2.1732046875
28.5 2.1732046875
28.535714285714285 2.1732046875
28.571428571428573 2.16954609375
28.607142857142858 2.16954609375
28.642857142857142 2.16954609375
28.678571428571427 2.16954609375
28.714285714285715 2.16954609375
28.75 2.1585703125
28.785714285714285 2.1585703125
28.821428571428573 2.17686328125
28.857142857142858 2.1732046875
28.892857142857142 2.1732046875
28.928571428571427 2.1732046875
28.964285714285715 2.1732046875
29.0 2.1732046875
29.035714285714285 2.1732046875
29.071428571428573 2.1732046875
29.107142857142858 2.16954609375
29.142857142857142 2.16954609375
29.178571428571427 2.16954609375
29.214285714285715 2.16954609375
29.25 2.16954609375
29.285714285714285 2.16954609375
29.321428571428573 2.16954609375
29.357142857142858 2.1658875
29.392857142857142 2.1585703125
29.428571428571427 2.15491171875
29.464285714285715 2.15491171875
29.5 2.1658875
29.535714285714285 2.1658875
29.571428571428573 2.1658875
29.607142857142858 2.16222890625
29.642857142857142 2.16222890625
29.678571428571427 2.16222890625
29.714285714285715 2.1585703125
29.75 2.1585703125
29.785714285714285 2.1585703125
29.821428571428573 2.1585703125
29.857142857142858 2.1585703125
29.892857142857142 2.1585703125
29.928571428571427 2.1585703125
29.964285714285715 2.1585703125
30.0 2.1585703125
30.035714285714285 2.15491171875
30.071428571428573 2.14759453125
30.107142857142858 2.1439359375
30.142857142857142 2.1439359375
30.178571428571427 2.16222890625
30.214285714285715 2.1585703125
30.25 2.1585703125
30.285714285714285 2.15491171875
30.321428571428573 2.15491171875
30.357142857142858 2.15491171875
30.392857142857142 2.15491171875
30.428571428571427 2.15491171875
30.464285714285715 2.15491171875
30.5 2.15491171875
30.535714285714285 2.15491171875
30.571428571428573 2.15491171875
30.607142857142858 2.15491171875
30.642857142857142 2.15491171875
30.678571428571427 2.15491171875
30.714285714285715 2.1439359375
30.75 2.1402773437500002
30.785714285714285 2.1402773437500002
30.821428571428573 2.151253125
30.857142857142858 2.1585703125
30.892857142857142 2.1585703125
30.928571428571427 2.15491171875
30.964285714285715 2.15491171875
31.0 2.15491171875
31.035714285714285 2.15491171875
31.071428571428573 2.15491171875
31.107142857142858 2.15491171875
31.142857142857142 2.15491171875
31.178571428571427 2.151253125
31.214285714285715 2.151253125
31.25 2.151253125
31.285714285714285 2.151253125
31.321428571428573 2.151253125
31.357142857142858 2.151253125
31.392857142857142 2.1439359375
31.428571428571427 2.13661875
31.464285714285715 2.13661875
31.5 2.15491171875
31.535714285714285 2.15491171875
31.571428571428573 2.15491171875
31.607142857142858 2.151253125
31.642857142857142 2.151253125
31.678571428571427 2.151253125
31.714285714285715 2.151253125
31.75 2.151253125
31.785714285714285 2.14759453125
31.821428571428573 2.14759453125
31.857142857142858 2.14759453125
31.892857142857142 2.14759453125
31.928571428571427 2.14759453125
31.964285714285715 2.14759453125
32.0 2.14759453125
32.035714285714285 2.1402773437500002
32.07142857142857 2.1402773437500002
32.142857142857146 2.1402773437500002
32.17857142857143 2.151253125
32.214285714285715 2.151253125
32.25 2.14759453125
32.285714285714285 2.1439359375
32.32142857142857 2.1439359375
32.357142857142854 2.1439359375
32.392857142857146 2.1439359375
32.42857142857143 2.1439359375
32.464285714285715 2.1439359375
32.5 2.1439359375
32.535714285714285 2.1439359375
32.57142857142857 2.1439359375
32.607142857142854 2.1439359375
32.642857142857146 2.1439359375
32.67857142857143 2.1439359375
32.714285714285715 2.13661875
32.75 2.12564296875
32.785714285714285 2.12564296875
32.82142857142857 2.13661875
32.857142857142854 2.14759453125
32.892857142857146 2.14759453125
32.92857142857143 2.1439359375
32.964285714285715 2.1439359375
33.0 2.1402773437500002
33.035714285714285 2.1402773437500002
33.07142857142857 2.1402773437500002
33.107142857142854 2.1402773437500002
33.142857142857146 2.1402773437500002
33.17857142857143 2.1402773437500002
33.214285714285715 2.1402773437500002
33.25 2.1402773437500002
33.285714285714285 2.1402773437500002
33.32142857142857 2.1402773437500002
33.357142857142854 2.13296015625
33.392857142857146 2.1293015625
33.42857142857143 2.1293015625
33.464285714285715 2.1293015625
33.5 2.1439359375
33.535714285714285 2.14759453125
33.57142857142857 2.1439359375
33.607142857142854 2.1402773437500002
33.642857142857146 2.1402773437500002
33.67857142857143 2.1402773437500002
33.714285714285715 2.1402773437500002
33.75 2.1402773437500002
33.785714285714285 2.1402773437500002
33.82142857142857 2.1402773437500002
33.857142857142854 2.1402773437500002
33.892857142857146 2.1402773437500002
33.92857142857143 2.1402773437500002
33.964285714285715 2.1402773437500002
34.0 2.1402773437500002
34.035714285714285 2.13296015625
34.07142857142857 2.12564296875
34.107142857142854 2.12564296875
34.142857142857146 2.1293015625
34.17857142857143 2.1402773437500002
34.214285714285715 2.1402773437500002
34.25 2.13661875
34.285714285714285 2.13661875
34.32142857142857 2.13661875
34.357142857142854 2.13661875
34.392857142857146 2.13661875
34.42857142857143 2.13661875
34.464285714285715 2.13661875
34.5 2.13661875
34.535714285714285 2.13661875
34.57142857142857 2.13296015625
34.607142857142854 2.13296015625
34.642857142857146 2.13296015625
34.67857142857143 2.13296015625
34.714285714285715 2.1293015625
34.75 2.11832578125
34.785714285714285 2.11832578125
34.82142857142857 2.12564296875
34.857142857142854 2.1402773437500002
34.892857142857146 2.13661875
34.92857142857143 2.13661875
34.964285714285715 2.13661875
35.0 2.13661875
35.035714285714285 2.13661875
35.07142857142857 2.13661875
35.107142857142854 2.13661875
35.142857142857146 2.13661875
35.17857142857143 2.13296015625
35.214285714285715 2.13296015625
35.25 2.13296015625
35.285714285714285 2.13296015625
35.32142857142857 2.13296015625
35.357142857142854 2.1293015625
35.392857142857146 2.121984375
35.42857142857143 2.121984375
35.464285714285715 2.12564296875
35.5 2.13661875
35.535714285714285 2.1402773437500002
35.57142857142857 2.1402773437500002
35.607142857142854 2.13661875
35.642857142857146 2.13661875
35.67857142857143 2.13661875
35.714285714285715 2.13661875
35.75 2.13661875
35.785714285714285 2.13661875
35.82142857142857 2.13296015625
35.857142857142854 2.13296015625
35.892857142857146 2.13296015625
35.92857142857143 2.13296015625
35.964285714285715 2.13296015625
36.0 2.13296015625
36.035714285714285 2.13296015625
36.07142857142857 2.121984375
36.107142857142854 2.121984375
36.142857142857146 2.13296015625
36.17857142857143 2.13296015625
36.214285714285715 2.1402773437500002
36.25 2.13296015625
36.285714285714285 2.1293015625
36.32142857142857 2.13296015625
36.357142857142854 2.13296015625
36.392857142857146 2.13296015625
36.42857142857143 2.13296015625
36.464285714285715 2.1293015625
36.5 2.1293015625
36.535714285714285 2.1293015625
36.57142857142857 2.1293015625
36.607142857142854 2.1293015625
36.642857142857146 2.1293015625
36.67857142857143 2.1293015625
36.75 2.1146671875
36.785714285714285 2.1146671875
36.82142857142857 2.1293015625
36.857142857142854 2.13296015625
36.892857142857146 2.1293015625
36.92857142857143 2.12564296875
36.964285714285715 2.12564296875
37.0 2.12564296875
37.035714285714285 2.12564296875
37.07142857142857 2.12564296875
37.107142857142854 2.121984375
37.142857142857146 2.121984375
37.17857142857143 2.121984375
37.214285714285715 2.121984375
37.25 2.121984375
37.285714285714285 2.121984375
37.32142857142857 2.121984375
37.357142857142854 2.121984375
37.392857142857146 2.1146671875
37.42857142857143 2.11100859375
37.464285714285715 2.11100859375
37.5 2.1293015625
37.535714285714285 2.12564296875
37.57142857142857 2.121984375
37.607142857142854 2.121984375
37.642857142857146 2.121984375
37.67857142857143 2.121984375
37.714285714285715 2.121984375
37.75 2.11832578125
37.785714285714285 2.11832578125
37.82142857142857 2.11832578125
37.857142857142854 2.11832578125
37.892857142857146 2.11832578125
37.92857142857143 2.11832578125
37.964285714285715 2.11832578125
38.0 2.11832578125
38.035714285714285 2.11100859375
38.07142857142857 2.10735
38.107142857142854 2.10735
38.17857142857143 2.12564296875
38.214285714285715 2.12564296875
38.25 2.121984375
38.285714285714285 2.121984375
38.32142857142857 2.121984375
38.357142857142854 2.121984375
38.392857142857146 2.121984375
38.42857142857143 2.11832578125
38.464285714285715 2.11832578125
38.5 2.11832578125
38.535714285714285 2.11832578125
38.57142857142857 2.11832578125
38.607142857142854 2.11832578125
38.642857142857146 2.11832578125
38.67857142857143 2.11832578125
38.714285714285715 2.11100859375
38.75 2.10369140625
38.785714285714285 2.10369140625
38.857142857142854 2.11832578125
38.892857142857146 2.1146671875
38.92857142857143 2.1146671875
38.964285714285715 2.1146671875
39.0 2.1146671875
39.035714285714285 2.1146671875
39.07142857142857 2.1146671875
39.107142857142854 2.1146671875
39.142857142857146 2.1146671875
39.17857142857143 2.1146671875
39.214285714285715 2.1146671875
39.25 2.1146671875
39.285714285714285 2.1146671875
39.32142857142857 2.1146671875
39.357142857142854 2.10735
39.392857142857146 2.1000328125
39.42857142857143 2.1000328125
39.464285714285715 2.10369140625
39.5 2.121984375
39.535714285714285 2.121984375
39.57142857142857 2.11832578125
39.607142857142854 2.1146671875
39.642857142857146 2.1146671875
39.67857142857143 2.1146671875
39.714285714285715 2.1146671875
39.75 2.1146671875
39.785714285714285 2.1146671875
39.82142857142857 2.1146671875
39.857142857142854 2.11100859375
39.892857142857146 2.11100859375
