0.03571428571428571 1.65734296875
0.07142857142857142 1.65734296875
0.10714285714285714 1.65734296875
0.14285714285714285 1.66831875
0.17857142857142858 1.67929453125
0.21428571428571427 1.67929453125
0.25 1.67197734375
0.2857142857142857 1.65002578125
0.32142857142857145 1.6390500000000001
0.35714285714285715 1.62807421875
0.42857142857142855 1.70856328125
0.4642857142857143 1.6756359375
0.5 1.7195390625
0.5357142857142857 1.62807421875
0.5714285714285714 1.6317328125
0.6071428571428571 1.6317328125
0.6428571428571429 1.6317328125
0.6785714285714286 1.6317328125
0.7142857142857143 1.63539140625
0.75 1.63539140625
0.7857142857142857 1.63539140625
0.8214285714285714 1.63539140625
0.8571428571428571 1.6390500000000001
0.8928571428571429 1.6390500000000001
0.9285714285714286 1.6390500000000001
0.9642857142857143 1.63539140625
1.0 1.6390500000000001
1.0357142857142858 1.6390500000000001
1.0714285714285714 1.6390500000000001
1.1071428571428572 1.6390500000000001
1.1428571428571428 1.6390500000000001
1.1785714285714286 1.6390500000000001
1.2142857142857142 1.6390500000000001
1.25 1.6390500000000001
1.2857142857142858 1.65734296875
1.3214285714285714 1.6317328125
1.3571428571428572 1.6317328125
1.3928571428571428 1.61343984375
1.4285714285714286 1.61343984375
1.4642857142857142 1.5878296875
1.5714285714285714 1.62075703125
1.6071428571428572 1.6610015625
1.6428571428571428 1.56953671875
1.6785714285714286 1.56953671875
1.7142857142857142 1.56953671875
1.75 1.56953671875
1.7857142857142858 1.56953671875
1.8214285714285714 1.56953671875
1.8571428571428572 1.56953671875
1.8928571428571428 1.56953671875
1.9285714285714286 1.56953671875
1.9642857142857142 1.56953671875
2.0 1.5731953125
2.0357142857142856 1.5731953125
2.0714285714285716 1.5731953125
2.107142857142857 1.5731953125
2.142857142857143 1.5731953125
2.1785714285714284 1.5731953125
2.2142857142857144 1.5731953125
2.25 1.5731953125
2.2857142857142856 1.5731953125
2.3214285714285716 1.5731953125
2.357142857142857 1.5731953125
2.392857142857143 1.57685390625
2.4285714285714284 1.59880546875
2.4642857142857144 1.58417109375
2.5 1.56221953125
2.5357142857142856 1.59148828125
2.5714285714285716 1.59148828125
2.607142857142857 1.5731953125
2.6785714285714284 1.63539140625
2.7142857142857144 1.56221953125
2.75 1.595146875
2.7857142857142856 1.56221953125
2.8214285714285716 1.56221953125
2.857142857142857 1.56221953125
2.892857142857143 1.56221953125
2.9285714285714284 1.56221953125
2.9642857142857144 1.565878125
3.0 1.56221953125
3.0357142857142856 1.56221953125
3.0714285714285716 1.56221953125
3.107142857142857 1.565878125
3.142857142857143 1.565878125
3.1785714285714284 1.565878125
3.2142857142857144 1.565878125
3.25 1.56221953125
3.2857142857142856 1.565878125
3.3214285714285716 1.56221953125
3.357142857142857 1.565878125
3.392857142857143 1.565878125
3.4285714285714284 1.565878125
3.4642857142857144 1.565878125
3.5 1.57685390625
3.5357142857142856 1.58417109375
3.5714285714285716 1.5439265625
3.607142857142857 1.55124375
3.642857142857143 1.55124375
3.6785714285714284 1.54026796875
3.7142857142857144 1.521975
3.75 1.51831640625
3.7857142857142856 1.57685390625
3.8214285714285716 1.58417109375
3.857142857142857 1.521975
3.892857142857143 1.5000234375000001
3.9285714285714284 1.5000234375000001
3.9642857142857144 1.5000234375000001
4.0 1.5000234375000001
4.035714285714286 1.5000234375000001
4.071428571428571 1.5000234375000001
4.107142857142857 1.4963648437500001
4.142857142857143 1.4963648437500001
4.178571428571429 1.5000234375000001
4.214285714285714 1.5000234375000001
4.25 1.4963648437500001
4.285714285714286 1.4963648437500001
4.321428571428571 1.4963648437500001
4.357142857142857 1.4963648437500001
4.392857142857143 1.4963648437500001
4.428571428571429 1.5000234375000001
4.464285714285714 1.4963648437500001
4.5 1.4963648437500001
4.535714285714286 1.5000234375000001
4.571428571428571 1.5000234375000001
4.607142857142857 1.4963648437500001
4.642857142857143 1.507340625
4.678571428571429 1.51831640625
4.714285714285714 1.48904765625
4.75 1.48173046875
4.785714285714286 1.5000234375000001
4.821428571428571 2.30857265625
4.892857142857143 1.8732
4.928571428571429 1.536609375
4.964285714285714 3.0659015625
5.0 1.48904765625
5.035714285714286 1.4963648437500001
5.071428571428571 1.5000234375000001
5.107142857142857 1.50368203125
5.142857142857143 1.50368203125
5.178571428571429 1.50368203125
5.214285714285714 1.5000234375000001
5.25 1.50368203125
5.285714285714286 1.50368203125
5.321428571428571 1.50368203125
5.357142857142857 1.50368203125
5.392857142857143 1.50368203125
5.428571428571429 1.50368203125
5.464285714285714 1.50368203125
5.5 1.50368203125
5.535714285714286 1.50368203125
5.571428571428571 1.50368203125
5.607142857142857 1.50368203125
5.642857142857143 1.50368203125
5.678571428571429 1.50368203125
5.714285714285714 1.50368203125
5.75 1.5292921875
5.785714285714286 1.5146578125
5.821428571428571 1.4963648437500001
5.857142857142857 1.4963648437500001
5.964285714285714 1.5000234375000001
6.0 3.03297421875
6.035714285714286 1.55490234375
6.071428571428571 1.50368203125
6.107142857142857 1.5292921875
6.142857142857143 1.5000234375000001
6.178571428571429 1.50368203125
6.214285714285714 1.507340625
6.25 1.507340625
6.285714285714286 1.507340625
6.321428571428571 1.507340625
6.357142857142857 1.507340625
6.392857142857143 1.507340625
6.428571428571429 1.507340625
6.464285714285714 1.507340625
6.5 1.507340625
6.535714285714286 1.507340625
6.571428571428571 1.507340625
6.607142857142857 1.507340625
6.642857142857143 1.51099921875
6.678571428571429 1.51099921875
6.714285714285714 1.51099921875
6.75 1.51099921875
6.785714285714286 1.51099921875
6.821428571428571 1.51099921875
6.857142857142857 1.51831640625
6.892857142857143 1.536609375
6.928571428571429 1.51831640625
6.964285714285714 1.5146578125
7.0 2.3049140625
7.035714285714286 1.50368203125
7.071428571428571 1.50368203125
7.107142857142857 1.57685390625
7.142857142857143 1.741490625
7.178571428571429 3.07687734375
7.214285714285714 1.5146578125
7.25 1.5146578125
7.285714285714286 1.51831640625
7.321428571428571 1.521975
7.357142857142857 1.521975
7.392857142857143 1.521975
7.428571428571429 1.521975
7.464285714285714 1.521975
7.5 1.52563359375
7.535714285714286 1.52563359375
7.571428571428571 1.52563359375
7.607142857142857 1.52563359375
7.642857142857143 1.52563359375
7.678571428571429 1.52563359375
7.714285714285714 1.52563359375
7.75 1.52563359375
7.785714285714286 1.52563359375
7.821428571428571 1.52563359375
7.857142857142857 1.52563359375
7.892857142857143 1.52563359375
7.928571428571429 1.521975
7.964285714285714 1.52563359375
8.0 1.52563359375
8.035714285714286 1.51099921875
8.071428571428571 1.51099921875
8.107142857142858 2.37442734375
8.214285714285714 3.0366328125
8.25 1.56953671875
8.285714285714286 1.67197734375
8.321428571428571 1.53295078125
8.357142857142858 1.51099921875
8.392857142857142 1.51831640625
8.428571428571429 1.521975
8.464285714285714 1.52563359375
8.5 1.52563359375
8.535714285714286 1.52563359375
8.571428571428571 1.52563359375
8.607142857142858 1.52563359375
8.642857142857142 1.52563359375
8.678571428571429 1.52563359375
8.714285714285714 1.52563359375
8.75 1.52563359375
8.785714285714286 1.52563359375
8.821428571428571 1.52563359375
8.857142857142858 1.52563359375
8.892857142857142 1.52563359375
8.928571428571429 1.52563359375
8.964285714285714 1.52563359375
9.0 1.52563359375
9.035714285714286 1.52563359375
9.071428571428571 1.536609375
9.107142857142858 1.55490234375
9.142857142857142 1.53295078125
9.178571428571429 1.5292921875
9.214285714285714 3.06224296875
9.25 2.31223125
9.285714285714286 3.087853125
9.321428571428571 3.09882890625
9.357142857142858 1.74514921875
9.392857142857142 1.74514921875
9.428571428571429 3.0951703125
9.464285714285714 3.0951703125
9.5 1.5292921875
9.535714285714286 1.53295078125
9.571428571428571 1.53295078125
9.607142857142858 1.53295078125
9.642857142857142 1.53295078125
9.678571428571429 1.53295078125
9.714285714285714 1.53295078125
9.75 1.53295078125
9.785714285714286 1.53295078125
9.821428571428571 1.53295078125
9.857142857142858 1.53295078125
9.892857142857142 1.53295078125
9.928571428571429 1.53295078125
9.964285714285714 1.53295078125
10.0 1.53295078125
10.035714285714286 1.53295078125
10.071428571428571 1.53295078125
10.107142857142858 1.53295078125
10.142857142857142 1.53295078125
10.178571428571429 1.536609375
10.214285714285714 1.565878125
10.25 1.521975
10.285714285714286 1.5292921875
10.321428571428571 2.3780859375
10.357142857142858 1.521975
10.428571428571429 1.70856328125
10.464285714285714 1.6024640625
10.535714285714286 3.07687734375
10.571428571428571 1.53295078125
10.607142857142858 1.53295078125
10.642857142857142 1.54026796875
10.678571428571429 1.5439265625
10.714285714285714 1.54758515625
10.75 1.54758515625
10.785714285714286 1.54758515625
10.821428571428571 1.54758515625
10.857142857142858 1.54758515625
10.892857142857142 1.54758515625
10.928571428571429 1.54758515625
10.964285714285714 1.54758515625
11.0 1.54758515625
11.035714285714286 1.54758515625
11.071428571428571 1.54758515625
11.107142857142858 1.54758515625
11.142857142857142 1.54758515625
11.178571428571429 1.54758515625
11.214285714285714 1.54758515625
11.25 1.54758515625
11.285714285714286 1.565878125
11.321428571428571 1.5731953125
11.357142857142858 1.55490234375
11.392857142857142 1.55124375
11.464285714285714 2.3341828125
11.571428571428571 1.66466015625
11.607142857142858 3.117121875
11.642857142857142 3.11346328125
11.678571428571429 3.12078046875
11.714285714285714 1.5731953125
11.75 1.5731953125
11.785714285714286 1.5731953125
11.821428571428571 1.57685390625
11.857142857142858 1.57685390625
11.892857142857142 1.5805125
11.928571428571429 1.57685390625
11.964285714285714 1.57685390625
12.0 1.57685390625
12.035714285714286 1.57685390625
12.071428571428571 1.57685390625
12.107142857142858 1.5805125
12.142857142857142 1.57685390625
12.178571428571429 1.57685390625
12.214285714285714 1.57685390625
12.25 1.57685390625
12.285714285714286 1.57685390625
12.321428571428571 1.57685390625
12.357142857142858 1.57685390625
12.392857142857142 1.5878296875
12.428571428571429 1.60978125
12.464285714285714 1.57685390625
12.5 1.56953671875
12.607142857142858 3.117121875
12.642857142857142 3.117121875
12.678571428571429 1.70856328125
12.714285714285714 1.83295546875
12.75 3.117121875
12.785714285714286 1.5878296875
12.821428571428571 1.58417109375
12.857142857142858 1.5878296875
12.892857142857142 1.59148828125
12.928571428571429 1.595146875
12.964285714285714 1.595146875
13.0 1.59880546875
13.035714285714286 1.59880546875
13.071428571428571 1.59880546875
13.107142857142858 1.59880546875
13.142857142857142 1.59880546875
13.178571428571429 1.59880546875
13.214285714285714 1.59880546875
13.25 1.59880546875
13.285714285714286 1.59880546875
13.321428571428571 1.59880546875
13.357142857142858 1.59880546875
13.392857142857142 1.59880546875
13.428571428571429 1.59880546875
13.464285714285714 1.59880546875
13.5 1.59880546875
13.535714285714286 1.61343984375
13.571428571428571 1.6170984375
13.607142857142858 1.59880546875
13.714285714285714 3.13175625
13.75 2.8317515625
13.785714285714286 1.6610015625
13.821428571428571 1.7488078125
13.857142857142858 3.1098046875
13.892857142857142 3.11346328125
13.928571428571429 1.57685390625
13.964285714285714 1.57685390625
14.0 1.5878296875
14.035714285714286 1.59148828125
14.071428571428571 1.59148828125
14.107142857142858 1.595146875
14.142857142857142 1.595146875
14.178571428571429 1.595146875
14.214285714285714 1.59148828125
14.25 1.59148828125
14.285714285714286 1.59148828125
14.321428571428571 1.59148828125
14.357142857142858 1.59148828125
14.392857142857142 1.595146875
14.428571428571429 1.595146875
14.464285714285714 1.595146875
14.5 1.595146875
14.535714285714286 1.595146875
14.571428571428571 1.595146875
14.607142857142858 1.60612265625
14.642857142857142 1.6317328125
14.678571428571429 1.59880546875
14.714285714285714 1.58417109375
14.785714285714286 2.39637890625
14.821428571428571 1.5878296875
14.857142857142858 3.13175625
14.892857142857142 1.829296875
14.928571428571429 1.83295546875
14.964285714285714 3.117121875
15.0 1.60612265625
15.035714285714286 1.60612265625
15.071428571428571 1.60978125
15.107142857142858 1.61343984375
15.142857142857142 1.6170984375
15.178571428571429 1.6170984375
15.214285714285714 1.6170984375
15.25 1.6170984375
15.285714285714286 1.6170984375
15.321428571428571 1.6170984375
15.357142857142858 1.6170984375
15.392857142857142 1.6170984375
15.428571428571429 1.6170984375
15.464285714285714 1.6170984375
15.5 1.6170984375
15.535714285714286 1.6170984375
15.571428571428571 1.6170984375
15.607142857142858 1.6170984375
15.642857142857142 1.6170984375
15.678571428571429 1.6170984375
15.714285714285714 1.6170984375
15.75 1.6390500000000001
15.785714285714286 1.6317328125
15.821428571428571 1.61343984375
15.964285714285714 1.61343984375
16.0 1.71588046875
16.035714285714285 1.76710078125
16.071428571428573 3.17200078125
16.107142857142858 1.62807421875
16.142857142857142 1.624415625
16.178571428571427 1.6317328125
16.214285714285715 1.63539140625
16.25 1.6390500000000001
16.285714285714285 1.6427085937500001
16.321428571428573 1.6427085937500001
16.357142857142858 1.6427085937500001
16.392857142857142 1.6427085937500001
16.428571428571427 1.6427085937500001
16.464285714285715 1.6463671875
16.5 1.6427085937500001
16.535714285714285 1.6427085937500001
16.571428571428573 1.6427085937500001
16.607142857142858 1.6427085937500001
16.642857142857142 1.6427085937500001
16.678571428571427 1.6427085937500001
16.714285714285715 1.6427085937500001
16.75 1.6427085937500001
16.785714285714285 1.6427085937500001
16.821428571428573 1.6427085937500001
16.857142857142858 1.6756359375
16.892857142857142 1.6463671875
16.928571428571427 1.6427085937500001
17.035714285714285 1.65002578125
17.071428571428573 3.15736640625
17.107142857142858 1.75246640625
17.142857142857142 1.82563828125
17.178571428571427 1.6902703125
17.214285714285715 1.6610015625
17.25 1.66831875
17.285714285714285 1.66831875
17.321428571428573 1.66831875
17.357142857142858 1.6756359375
17.392857142857142 1.67929453125
17.428571428571427 1.67929453125
17.464285714285715 1.67929453125
17.5 1.67929453125
17.535714285714285 1.67929453125
17.571428571428573 1.67929453125
17.607142857142858 1.67929453125
17.642857142857142 1.67929453125
17.678571428571427 1.67929453125
17.714285714285715 1.67929453125
17.75 1.67929453125
17.785714285714285 1.67929453125
17.821428571428573 1.67929453125
17.857142857142858 1.67929453125
17.892857142857142 1.6756359375
17.928571428571427 1.68661171875
17.964285714285715 1.7049046875
18.0 1.68661171875
18.035714285714285 1.67929453125
18.107142857142858 1.682953125
18.142857142857142 2.19881484375
18.178571428571427 1.8146625
18.214285714285715 3.19395234375
18.25 1.77441796875
18.285714285714285 1.67197734375
18.321428571428573 1.6756359375
18.357142857142858 1.682953125
18.392857142857142 1.6902703125
18.428571428571427 1.6975875
18.464285714285715 1.6975875
18.5 1.6975875
18.535714285714285 1.6975875
18.571428571428573 1.6975875
18.607142857142858 1.6975875
18.642857142857142 1.6975875
18.678571428571427 1.6975875
18.714285714285715 1.6975875
18.75 1.6975875
18.785714285714285 1.6975875
18.821428571428573 1.6975875
18.857142857142858 1.6975875
18.892857142857142 1.6975875
18.928571428571427 1.6975875
18.964285714285715 1.6975875
19.0 1.70124609375
19.035714285714285 1.70124609375
19.071428571428573 1.712221875
19.107142857142858 1.69392890625
19.142857142857142 1.7049046875
19.214285714285715 1.6902703125
19.25 3.2561484375
19.285714285714285 3.2122453125
19.321428571428573 1.78905234375
19.357142857142858 1.84758984375
19.392857142857142 1.69392890625
19.428571428571427 3.2415140625
19.464285714285715 1.6975875
19.5 1.70124609375
19.535714285714285 1.7049046875
19.571428571428573 1.712221875
19.607142857142858 1.71588046875
19.642857142857142 1.71588046875
19.678571428571427 1.71588046875
19.714285714285715 1.71588046875
19.75 1.71588046875
19.785714285714285 1.71588046875
19.821428571428573 1.71588046875
19.857142857142858 1.71588046875
19.892857142857142 1.71588046875
19.928571428571427 1.71588046875
19.964285714285715 1.71588046875
20.0 1.71588046875
20.035714285714285 1.71588046875
20.071428571428573 1.71588046875
20.107142857142858 1.71588046875
20.142857142857142 1.72685625
20.178571428571427 1.741490625
20.214285714285715 1.73051484375
20.25 1.7341734375
20.285714285714285 2.4219890625000002
20.321428571428573 1.72685625
20.357142857142858 1.72319765625
20.392857142857142 3.23785546875
20.428571428571427 1.7817351562500001
20.464285714285715 1.72319765625
20.5 1.72319765625
20.535714285714285 1.72685625
20.571428571428573 1.72685625
20.607142857142858 1.7341734375
20.642857142857142 1.7341734375
20.678571428571427 1.73051484375
20.714285714285715 1.7341734375
20.75 1.73051484375
20.785714285714285 1.73051484375
20.821428571428573 1.73051484375
20.857142857142858 1.7341734375
20.892857142857142 1.7341734375
20.928571428571427 1.7341734375
20.964285714285715 1.7341734375
21.0 1.7341734375
21.035714285714285 1.73051484375
21.071428571428573 1.73051484375
21.107142857142858 1.7341734375
21.142857142857142 1.7341734375
21.178571428571427 1.7341734375
21.214285714285715 1.7341734375
21.25 1.741490625
21.285714285714285 1.7634421875
21.321428571428573 1.7341734375
21.357142857142858 1.72685625
21.392857142857142 2.35247578125
21.428571428571427 1.6975875
21.464285714285715 3.27444140625
21.5 1.74514921875
21.535714285714285 1.79636953125
21.571428571428573 1.8732
21.607142857142858 3.24517265625
21.642857142857142 3.24517265625
21.678571428571427 1.7049046875
21.714285714285715 1.70856328125
21.75 1.7195390625
21.785714285714285 1.7195390625
21.821428571428573 1.72319765625
21.857142857142858 1.72319765625
21.892857142857142 1.72319765625
21.928571428571427 1.72319765625
21.964285714285715 1.72319765625
22.0 1.72319765625
22.035714285714285 1.72319765625
22.071428571428573 1.72319765625
22.107142857142858 1.72319765625
22.142857142857142 1.72319765625
22.178571428571427 1.72319765625
22.214285714285715 1.72319765625
22.25 1.72319765625
22.285714285714285 1.72319765625
22.321428571428573 1.72319765625
22.357142857142858 1.73783203125
22.392857142857142 1.7488078125
22.428571428571427 1.73783203125
22.464285714285715 1.73783203125
22.5 2.619553125
22.535714285714285 1.73051484375
22.571428571428573 1.72319765625
22.607142857142858 1.7049046875
22.642857142857142 1.770759375
22.678571428571427 1.70856328125
22.714285714285715 1.7853937500000001
22.75 1.712221875
22.785714285714285 1.71588046875
22.821428571428573 1.71588046875
22.857142857142858 1.7195390625
22.892857142857142 1.7195390625
22.928571428571427 1.71588046875
22.964285714285715 1.7195390625
23.0 1.71588046875
23.035714285714285 1.71588046875
23.071428571428573 1.71588046875
23.107142857142858 1.71588046875
23.142857142857142 1.71588046875
23.178571428571427 1.71588046875
23.214285714285715 1.71588046875
23.25 1.71588046875
23.285714285714285 1.71588046875
23.321428571428573 1.71588046875
23.357142857142858 1.7195390625
23.392857142857142 1.71588046875
23.428571428571427 1.71588046875
23.464285714285715 1.72319765625
23.5 1.74514921875
23.535714285714285 1.72319765625
23.571428571428573 1.7049046875
23.607142857142858 1.712221875
23.642857142857142 2.356134375
23.714285714285715 3.263465625
23.75 1.7634421875
23.785714285714285 3.22322109375
23.821428571428573 1.71588046875
23.857142857142858 1.69392890625
23.892857142857142 1.6975875
23.928571428571427 1.7049046875
23.964285714285715 1.70856328125
24.0 1.712221875
24.035714285714285 1.712221875
24.071428571428573 1.712221875
24.107142857142858 1.71588046875
24.142857142857142 1.71588046875
24.178571428571427 1.712221875
24.214285714285715 1.712221875
24.25 1.712221875
24.285714285714285 1.71588046875
24.321428571428573 1.712221875
24.357142857142858 1.712221875
24.392857142857142 1.712221875
24.428571428571427 1.712221875
24.464285714285715 1.712221875
24.5 1.712221875
24.535714285714285 1.712221875
24.571428571428573 1.712221875
24.607142857142858 1.7341734375
24.642857142857142 1.7341734375
24.678571428571427 1.72319765625
24.714285714285715 1.7195390625
24.75 1.7195390625
24.785714285714285 1.712221875
24.821428571428573 1.6975875
24.857142857142858 1.76710078125
24.892857142857142 1.70856328125
24.928571428571427 1.7780765625
24.964285714285715 1.70124609375
25.0 1.7049046875
25.035714285714285 1.7049046875
25.071428571428573 1.7049046875
25.107142857142858 1.7049046875
25.142857142857142 1.7049046875
25.178571428571427 1.7049046875
25.214285714285715 1.7049046875
25.25 1.7049046875
25.285714285714285 1.7049046875
25.321428571428573 1.7049046875
25.357142857142858 1.7049046875
25.392857142857142 1.7049046875
25.428571428571427 1.7049046875
25.464285714285715 1.7049046875
25.5 1.7049046875
25.535714285714285 1.7049046875
25.571428571428573 1.7049046875
25.607142857142858 1.7049046875
25.642857142857142 1.7049046875
25.678571428571427 1.70856328125
25.714285714285715 1.7341734375
25.75 1.70856328125
25.785714285714285 1.6902703125
25.821428571428573 1.68661171875
25.857142857142858 1.6975875
25.892857142857142 1.6756359375
25.928571428571427 3.2561484375
26.0 3.22322109375
26.035714285714285 3.22322109375
26.071428571428573 3.23785546875
26.107142857142858 1.68661171875
26.142857142857142 1.69392890625
26.178571428571427 1.6975875
26.214285714285715 1.70124609375
26.25 1.7049046875
26.285714285714285 1.7049046875
26.321428571428573 1.7049046875
26.357142857142858 1.7049046875
26.392857142857142 1.70124609375
26.428571428571427 1.70124609375
26.464285714285715 1.7049046875
26.5 1.70124609375
26.535714285714285 1.70124609375
26.571428571428573 1.7049046875
26.607142857142858 1.70124609375
26.642857142857142 1.70124609375
26.678571428571427 1.7049046875
26.714285714285715 1.7049046875
26.75 1.70124609375
26.785714285714285 1.70124609375
26.821428571428573 1.70856328125
26.857142857142858 1.73051484375
26.892857142857142 1.71588046875
26.928571428571427 1.70856328125
26.964285714285715 3.23785546875
27.0 3.24517265625
27.035714285714285 3.23785546875
27.071428571428573 2.0707640625
27.107142857142858 1.7341734375
27.142857142857142 1.7927109375
27.178571428571427 1.682953125
27.214285714285715 1.69392890625
27.25 1.6975875
27.285714285714285 1.6975875
27.321428571428573 1.70124609375
27.357142857142858 1.70124609375
27.392857142857142 1.6975875
27.428571428571427 1.70124609375
27.464285714285715 1.70124609375
27.5 1.70124609375
27.535714285714285 1.70124609375
27.571428571428573 1.70124609375
27.607142857142858 1.70124609375
27.642857142857142 1.70124609375
27.678571428571427 1.6975875
27.714285714285715 1.70124609375
27.75 1.70124609375
27.785714285714285 1.6975875
27.821428571428573 1.6975875
27.857142857142858 1.6975875
27.892857142857142 1.70124609375
27.928571428571427 1.70124609375
27.964285714285715 1.73051484375
28.0 1.69392890625
28.035714285714285 1.70124609375
28.071428571428573 1.73783203125
28.107142857142858 1.682953125
28.142857142857142 1.6902703125
28.178571428571427 3.1829765625
28.214285714285715 1.73051484375
28.25 1.6390500000000001
28.285714285714285 1.7195390625
28.321428571428573 1.65002578125
28.357142857142858 1.65002578125
28.392857142857142 1.65002578125
28.428571428571427 1.65002578125
28.464285714285715 1.65002578125
28.5 1.65002578125
28.535714285714285 1.65002578125
28.571428571428573 1.65002578125
28.607142857142858 1.65002578125
28.642857142857142 1.65002578125
28.678571428571427 1.6463671875
28.714285714285715 1.65002578125
28.75 1.65002578125
28.785714285714285 1.65002578125
28.821428571428573 1.65002578125
28.857142857142858 1.65002578125
28.892857142857142 1.65002578125
28.928571428571427 1.65002578125
28.964285714285715 1.65002578125
29.0 1.65002578125
29.035714285714285 1.653684375
29.071428571428573 1.6756359375
29.107142857142858 1.65734296875
29.142857142857142 1.65734296875
29.178571428571427 1.66831875
29.214285714285715 2.48784375
29.25 1.65002578125
29.285714285714285 3.175659375
29.321428571428573 1.6975875
29.357142857142858 1.624415625
29.392857142857142 1.653684375
29.428571428571427 1.6463671875
29.464285714285715 1.653684375
29.5 1.65734296875
29.535714285714285 1.65734296875
29.571428571428573 1.65734296875
29.607142857142858 1.65734296875
29.642857142857142 1.65734296875
29.678571428571427 1.65734296875
29.714285714285715 1.65734296875
29.75 1.65734296875
29.785714285714285 1.65734296875
29.821428571428573 1.65734296875
29.857142857142858 1.65734296875
29.892857142857142 1.65734296875
29.928571428571427 1.65734296875
29.964285714285715 1.65734296875
30.0 1.65734296875
30.035714285714285 1.65734296875
30.071428571428573 1.65734296875
30.107142857142858 1.65734296875
30.142857142857142 1.65734296875
30.178571428571427 1.682953125
30.214285714285715 1.682953125
30.25 1.6463671875
30.285714285714285 1.6975875
30.357142857142858 1.66466015625
30.428571428571427 1.73783203125
30.464285714285715 1.86222421875
30.5 3.21590390625
30.535714285714285 1.67197734375
30.571428571428573 1.6756359375
30.607142857142858 1.68661171875
30.642857142857142 1.682953125
30.678571428571427 1.68661171875
30.714285714285715 1.68661171875
30.75 1.68661171875
30.785714285714285 1.68661171875
30.821428571428573 1.68661171875
30.857142857142858 1.68661171875
30.892857142857142 1.68661171875
30.928571428571427 1.68661171875
30.964285714285715 1.68661171875
31.0 1.68661171875
31.035714285714285 1.68661171875
31.071428571428573 1.68661171875
31.107142857142858 1.68661171875
31.142857142857142 1.68661171875
31.178571428571427 1.68661171875
31.214285714285715 1.68661171875
31.25 1.6902703125
31.285714285714285 1.70856328125
31.321428571428573 1.68661171875
31.357142857142858 1.67929453125
31.392857142857142 1.7049046875
31.428571428571427 2.50613671875
31.464285714285715 2.3634515625
31.5 3.2415140625
31.535714285714285 1.858565625
31.571428571428573 1.95734765625
31.607142857142858 3.25248984375
31.642857142857142 1.70124609375
31.678571428571427 1.7049046875
31.714285714285715 1.70856328125
31.75 1.712221875
31.785714285714285 1.712221875
31.821428571428573 1.712221875
31.857142857142858 1.712221875
31.892857142857142 1.712221875
31.928571428571427 1.712221875
31.964285714285715 1.712221875
32.0 1.712221875
32.035714285714285 1.712221875
32.07142857142857 1.712221875
32.107142857142854 1.712221875
32.142857142857146 1.712221875
32.17857142857143 1.712221875
32.214285714285715 1.712221875
32.25 1.712221875
32.285714285714285 1.712221875
32.32142857142857 1.712221875
32.357142857142854 1.7488078125
32.392857142857146 1.73051484375
32.42857142857143 1.73051484375
32.464285714285715 1.70856328125
32.5 2.37442734375
32.607142857142854 3.24517265625
32.642857142857146 1.8219796875
32.67857142857143 1.8805171875
32.714285714285715 1.72685625
32.75 1.7341734375
32.785714285714285 1.73783203125
32.82142857142857 1.73783203125
32.857142857142854 1.7488078125
32.892857142857146 1.7488078125
32.92857142857143 1.7488078125
32.964285714285715 1.7488078125
33.0 1.7488078125
33.035714285714285 1.74514921875
33.07142857142857 1.7488078125
33.107142857142854 1.74514921875
33.142857142857146 1.74514921875
33.17857142857143 1.74514921875
33.214285714285715 1.74514921875
33.25 1.7488078125
33.285714285714285 1.74514921875
33.32142857142857 1.7488078125
33.357142857142854 1.7488078125
33.392857142857146 1.7488078125
33.42857142857143 1.7488078125
33.464285714285715 1.7488078125
33.5 1.770759375
33.535714285714285 1.756125
33.57142857142857 1.756125
33.642857142857146 1.74514921875
33.67857142857143 1.7488078125
33.714285714285715 3.25248984375
33.75 1.79636953125
33.785714285714285 1.73051484375
33.82142857142857 1.8146625
33.857142857142854 1.74514921875
33.892857142857146 1.74514921875
33.92857142857143 1.7488078125
33.964285714285715 1.74514921875
34.0 1.74514921875
34.035714285714285 1.74514921875
34.07142857142857 1.74514921875
34.107142857142854 1.74514921875
34.142857142857146 1.74514921875
34.17857142857143 1.74514921875
34.214285714285715 1.74514921875
34.25 1.74514921875
34.285714285714285 1.74514921875
34.32142857142857 1.74514921875
34.357142857142854 1.74514921875
34.392857142857146 1.74514921875
34.42857142857143 1.74514921875
34.464285714285715 1.74514921875
34.5 1.74514921875
34.535714285714285 1.74514921875
34.57142857142857 1.75246640625
34.607142857142854 1.7817351562500001
34.642857142857146 1.75246640625
34.67857142857143 1.741490625
34.75 1.741490625
34.785714285714285 1.741490625
34.82142857142857 1.74514921875
34.857142857142854 1.800028125
34.892857142857146 1.86954140625
34.92857142857143 1.741490625
34.964285714285715 1.73051484375
35.0 1.7341734375
35.035714285714285 1.7341734375
35.07142857142857 1.7341734375
35.107142857142854 1.7341734375
35.142857142857146 1.7341734375
35.17857142857143 1.7341734375
35.214285714285715 1.7341734375
35.25 1.7341734375
35.285714285714285 1.7341734375
35.32142857142857 1.7341734375
35.357142857142854 1.7341734375
35.392857142857146 1.7341734375
35.42857142857143 1.7341734375
35.464285714285715 1.7341734375
35.5 1.7341734375
35.535714285714285 1.7341734375
35.57142857142857 1.7341734375
35.607142857142854 1.7341734375
35.642857142857146 1.7341734375
35.67857142857143 1.7341734375
35.714285714285715 1.74514921875
35.75 1.7341734375
35.785714285714285 1.7341734375
35.82142857142857 3.2817585937500002
35.857142857142854 1.7341734375
35.92857142857143 3.292734375
35.964285714285715 1.8146625
36.0 3.263465625
36.035714285714285 3.02565703125
36.07142857142857 1.73051484375
36.107142857142854 1.73783203125
36.142857142857146 1.741490625
36.17857142857143 1.74514921875
36.214285714285715 1.74514921875
36.25 1.74514921875
36.285714285714285 1.74514921875
36.32142857142857 1.74514921875
36.357142857142854 1.74514921875
36.392857142857146 1.74514921875
36.42857142857143 1.74514921875
36.464285714285715 1.74514921875
36.5 1.74514921875
36.535714285714285 1.74514921875
36.57142857142857 1.74514921875
36.607142857142854 1.74514921875
36.642857142857146 1.74514921875
36.67857142857143 1.74514921875
36.714285714285715 1.74514921875
36.75 1.74514921875
36.785714285714285 1.7488078125
36.82142857142857 1.77441796875
36.857142857142854 1.756125
36.892857142857146 1.74514921875
37.0 1.75246640625
37.035714285714285 3.029315625
37.07142857142857 1.9317375
37.107142857142854 1.8732
37.142857142857146 1.74514921875
37.17857142857143 1.74514921875
37.214285714285715 1.74514921875
37.25 1.756125
37.285714285714285 1.75978359375
37.32142857142857 1.75978359375
37.357142857142854 1.75978359375
37.392857142857146 1.75978359375
37.42857142857143 1.75978359375
37.464285714285715 1.75978359375
37.5 1.75978359375
37.535714285714285 1.75978359375
37.57142857142857 1.75978359375
37.607142857142854 1.75978359375
37.642857142857146 1.75978359375
37.67857142857143 1.75978359375
37.714285714285715 1.75978359375
37.75 1.75978359375
37.785714285714285 1.75978359375
37.82142857142857 1.75978359375
37.857142857142854 1.75978359375
37.892857142857146 1.75978359375
37.92857142857143 1.77441796875
37.964285714285715 1.7817351562500001
38.0 1.7634421875
38.035714285714285 1.75978359375
38.07142857142857 3.292734375
38.107142857142854 3.3293203125
38.142857142857146 3.3146859375
38.17857142857143 1.858565625
38.214285714285715 1.95003046875
38.25 3.32566171875
38.285714285714285 3.33297890625
38.32142857142857 1.770759375
38.357142857142854 1.77441796875
38.392857142857146 1.7780765625
38.42857142857143 1.7780765625
38.464285714285715 1.7780765625
38.5 1.7817351562500001
38.535714285714285 1.7780765625
38.57142857142857 1.7780765625
38.607142857142854 1.7817351562500001
38.642857142857146 1.7780765625
38.67857142857143 1.7780765625
38.714285714285715 1.7780765625
38.75 1.7780765625
38.785714285714285 1.7780765625
38.82142857142857 1.7780765625
38.857142857142854 1.7780765625
38.892857142857146 1.7780765625
38.92857142857143 1.7780765625
38.964285714285715 1.7780765625
39.0 1.7927109375
39.035714285714285 1.8073453125
39.07142857142857 1.770759375
39.107142857142854 1.7634421875
39.214285714285715 1.756125
39.25 1.75978359375
39.285714285714285 1.92076171875
39.32142857142857 1.80368671875
39.357142857142854 1.7488078125
39.392857142857146 1.73051484375
39.42857142857143 1.73783203125
39.464285714285715 1.73783203125
39.5 1.74514921875
39.535714285714285 1.74514921875
39.57142857142857 1.74514921875
39.607142857142854 1.74514921875
39.642857142857146 1.74514921875
39.67857142857143 1.74514921875
39.714285714285715 1.74514921875
39.75 1.74514921875
39.785714285714285 1.74514921875
39.82142857142857 1.74514921875
39.857142857142854 1.74514921875
39.892857142857146 1.74514921875
