0.2857142857142857 3.995184375
0.32142857142857145 3.995184375
0.35714285714285715 3.995184375
0.39285714285714285 3.995184375
0.42857142857142855 3.995184375
0.4642857142857143 3.995184375
0.5 3.995184375
0.5357142857142857 3.99152578125
0.5714285714285714 3.99152578125
0.6071428571428571 3.99152578125
0.6428571428571429 3.99152578125
0.6785714285714286 3.99152578125
0.7142857142857143 3.99152578125
0.75 3.9878671875
0.7857142857142857 3.9878671875
0.8214285714285714 3.9878671875
0.8571428571428571 3.9878671875
0.8928571428571429 3.9878671875
0.9285714285714286 3.9878671875
0.9642857142857143 3.9878671875
1.0 3.9732328125
1.0357142857142858 3.9732328125
1.4285714285714286 3.936646875
1.4642857142857142 3.94030546875
1.5 3.94030546875
1.5357142857142858 3.94030546875
1.5714285714285714 3.94030546875
1.6071428571428572 3.94030546875
1.6428571428571428 3.94030546875
1.6785714285714286 3.94030546875
1.7142857142857142 3.936646875
1.75 3.936646875
1.7857142857142858 3.936646875
1.8214285714285714 3.936646875
1.8571428571428572 3.936646875
1.8928571428571428 3.936646875
1.9285714285714286 3.936646875
1.9642857142857142 3.93298828125
2.0 3.93298828125
2.0357142857142856 3.93298828125
2.0714285714285716 3.93298828125
2.107142857142857 3.9293296875
2.5357142857142856 3.8854265625
2.5714285714285716 3.8854265625
2.607142857142857 3.8854265625
2.642857142857143 3.8854265625
2.6785714285714284 3.88908515625
2.7142857142857144 3.88908515625
2.75 3.88908515625
2.7857142857142856 3.8854265625
2.8214285714285716 3.8854265625
2.857142857142857 3.8854265625
2.892857142857143 3.8854265625
2.9285714285714284 3.8854265625
2.9642857142857144 3.8854265625
3.0 3.88176796875
3.0357142857142856 3.88176796875
3.0714285714285716 3.88176796875
3.107142857142857 3.88176796875
3.142857142857143 3.88176796875
3.1785714285714284 3.88176796875
3.2142857142857144 3.88176796875
3.25 3.86713359375
3.7142857142857144 3.83054765625
3.75 3.83054765625
3.7857142857142856 3.83054765625
3.8214285714285716 3.83054765625
3.857142857142857 3.83054765625
3.892857142857143 3.8268890625
3.9285714285714284 3.8268890625
3.9642857142857144 3.82323046875
4.0 3.819571875
4.035714285714286 3.819571875
4.071428571428571 3.819571875
4.107142857142857 3.819571875
4.142857142857143 3.81591328125
4.178571428571429 3.81591328125
4.214285714285714 3.81591328125
4.25 3.81591328125
4.285714285714286 3.81591328125
4.321428571428571 3.81591328125
4.357142857142857 3.80859609375
4.785714285714286 3.761034375
4.821428571428571 3.761034375
4.857142857142857 3.761034375
4.892857142857143 3.761034375
4.928571428571429 3.75737578125
4.964285714285714 3.7537171875
5.0 3.7537171875
5.035714285714286 3.7537171875
5.071428571428571 3.7464
5.107142857142857 3.75005859375
5.142857142857143 3.75005859375
5.178571428571429 3.75005859375
5.214285714285714 3.75005859375
5.25 3.7464
5.285714285714286 3.7464
5.321428571428571 3.7464
5.357142857142857 3.7464
5.392857142857143 3.7464
5.428571428571429 3.7464
5.464285714285714 3.7464
5.5 3.7390828125
5.928571428571429 3.7098140625
6.142857142857143 3.70615546875
6.178571428571429 3.702496875
6.214285714285714 3.702496875
6.25 3.702496875
6.285714285714286 3.69883828125
6.321428571428571 3.6878625
6.357142857142857 3.6878625
6.392857142857143 3.6878625
6.428571428571429 3.6878625
6.464285714285714 3.6878625
6.5 3.6878625
6.535714285714286 3.6878625
6.571428571428571 3.6878625
7.142857142857143 3.64030078125
7.178571428571429 3.64030078125
7.214285714285714 3.64030078125
7.25 3.64030078125
7.285714285714286 3.6366421875
7.321428571428571 3.6366421875
7.392857142857143 3.6366421875
7.428571428571429 3.63298359375
7.464285714285714 3.6366421875
7.5 3.61834921875
7.535714285714286 3.61834921875
7.571428571428571 3.61834921875
7.607142857142857 3.61834921875
7.642857142857143 3.61834921875
7.678571428571429 3.61834921875
7.714285714285714 3.61834921875
7.75 3.61103203125
8.428571428571429 3.5634703125000002
8.464285714285714 3.5634703125000002
8.5 3.55981171875
8.535714285714286 3.556153125
8.571428571428571 3.556153125
8.607142857142858 3.55249453125
8.642857142857142 3.556153125
8.678571428571429 3.55249453125
8.714285714285714 3.55249453125
8.75 3.55249453125
8.785714285714286 3.55249453125
8.821428571428571 3.55249453125
9.464285714285714 3.497615625
9.5 3.497615625
9.535714285714286 3.4902984375
9.571428571428571 3.48663984375
9.607142857142858 3.48663984375
9.642857142857142 3.4902984375
9.678571428571429 3.48663984375
9.714285714285714 3.48663984375
9.75 3.48298125
9.785714285714286 3.48298125
9.821428571428571 3.48298125
9.857142857142858 3.48298125
9.892857142857142 3.48298125
9.928571428571429 3.48298125
9.964285714285714 3.48298125
10.0 3.42078515625
10.642857142857142 3.42810234375
10.714285714285714 3.42810234375
10.75 3.42078515625
10.785714285714286 3.42078515625
10.821428571428571 3.42078515625
10.857142857142858 3.42078515625
10.892857142857142 3.42078515625
10.928571428571429 3.42078515625
10.964285714285714 3.42078515625
11.0 3.42078515625
11.035714285714286 3.42078515625
11.071428571428571 3.42078515625
11.785714285714286 3.3732234375
11.821428571428571 3.3732234375
11.857142857142858 3.36590625
11.892857142857142 3.36590625
11.928571428571429 3.36590625
11.964285714285714 3.36590625
12.0 3.36590625
12.035714285714286 3.36590625
12.071428571428571 3.36590625
12.107142857142858 3.36590625
12.142857142857142 3.36590625
12.178571428571429 3.36590625
12.214285714285714 3.36590625
12.75 3.3146859375
12.785714285714286 3.3146859375
12.964285714285714 3.30736875
13.0 3.30736875
13.035714285714286 3.30371015625
13.071428571428571 3.30736875
13.107142857142858 3.30371015625
13.142857142857142 3.30371015625
13.178571428571429 3.30371015625
13.214285714285714 3.30371015625
13.25 3.30371015625
13.285714285714286 3.30371015625
13.321428571428571 3.30371015625
13.357142857142858 3.3000515625
14.0 3.2561484375
14.035714285714286 3.2561484375
14.178571428571429 3.25248984375
14.214285714285714 3.25248984375
14.285714285714286 3.25248984375
14.321428571428571 3.25248984375
14.357142857142858 3.24883125
14.392857142857142 3.24883125
14.428571428571429 3.24883125
14.464285714285714 3.24883125
15.0 3.19395234375
15.25 3.19029375
15.285714285714286 3.18663515625
15.321428571428571 3.1829765625
15.357142857142858 3.17931796875
15.392857142857142 3.1829765625
15.428571428571429 3.1829765625
15.464285714285714 3.1829765625
15.5 3.1829765625
15.535714285714286 3.17931796875
15.571428571428571 3.17931796875
15.607142857142858 3.1829765625
16.535714285714285 3.12809765625
16.571428571428573 3.12809765625
16.607142857142858 3.12809765625
16.642857142857142 3.13175625
16.678571428571427 3.12809765625
16.714285714285715 3.12809765625
17.357142857142858 3.05492578125
17.75 3.0512671875
17.785714285714285 3.0512671875
17.857142857142858 3.0512671875
18.642857142857142 2.9927296875000002
18.714285714285715 2.9927296875000002
18.75 2.98907109375
19.964285714285715 2.9341921875
20.071428571428573 2.9341921875
20.857142857142858 2.85736171875
20.892857142857142 2.853703125
20.928571428571427 2.853703125
20.964285714285715 2.853703125
21.928571428571427 2.79150703125
21.964285714285715 2.7878484375
22.035714285714285 2.7878484375
22.071428571428573 2.7878484375
22.107142857142858 2.78418984375
22.142857142857142 2.78418984375
22.178571428571427 2.78418984375
22.214285714285715 2.78418984375
22.25 2.78418984375
22.285714285714285 2.78418984375
22.321428571428573 2.78418984375
22.357142857142858 2.78418984375
23.071428571428573 2.72565234375
23.107142857142858 2.72199375
23.142857142857142 2.72199375
23.178571428571427 2.72565234375
23.214285714285715 2.72565234375
23.25 2.72199375
23.285714285714285 2.72199375
23.321428571428573 2.72199375
23.357142857142858 2.72199375
23.392857142857142 2.71833515625
23.428571428571427 2.72199375
23.464285714285715 2.72199375
23.5 2.71833515625
24.25 2.65248046875
24.285714285714285 2.648821875
24.321428571428573 2.648821875
24.428571428571427 2.64516328125
24.464285714285715 2.64516328125
24.5 2.6415046875
24.535714285714285 2.6415046875
24.571428571428573 2.6415046875
24.642857142857142 2.55003984375
25.0 2.5976015625
25.035714285714285 2.5976015625
25.142857142857142 2.52077109375
25.178571428571427 2.5171125
25.428571428571427 2.60126015625
25.464285714285715 2.60126015625
25.5 2.60126015625
25.535714285714285 2.60126015625
25.571428571428573 2.60126015625
25.607142857142858 2.60126015625
25.642857142857142 2.60126015625
25.678571428571427 2.60126015625
25.714285714285715 2.5976015625
25.75 2.60126015625
26.142857142857142 2.52808828125
26.214285714285715 2.443940625
26.428571428571427 2.54272265625
26.464285714285715 2.531746875
26.5 2.52808828125
26.535714285714285 2.52808828125
26.571428571428573 2.52808828125
26.607142857142858 2.52808828125
26.642857142857142 2.52808828125
26.678571428571427 2.531746875
26.714285714285715 2.52808828125
26.75 2.52808828125
26.785714285714285 2.52808828125
26.821428571428573 2.531746875
26.857142857142858 2.52808828125
27.285714285714285 2.48418515625
27.321428571428573 2.48784375
27.357142857142858 2.48784375
27.392857142857142 2.48784375
27.428571428571427 2.48784375
27.464285714285715 2.48784375
27.5 2.48784375
27.535714285714285 2.48784375
27.571428571428573 2.48418515625
27.607142857142858 2.4805265625
27.642857142857142 2.4805265625
27.678571428571427 2.4805265625
27.714285714285715 2.4805265625
27.75 2.4805265625
27.785714285714285 2.4805265625
27.821428571428573 2.47686796875
27.857142857142858 2.4805265625
27.892857142857142 2.4805265625
27.928571428571427 2.4805265625
27.964285714285715 2.4805265625
28.0 2.47686796875
28.392857142857142 2.4293062500000002
28.428571428571427 2.4293062500000002
28.464285714285715 2.43296484375
28.5 2.43296484375
28.535714285714285 2.43296484375
28.571428571428573 2.4293062500000002
28.607142857142858 2.4293062500000002
28.642857142857142 2.4293062500000002
28.678571428571427 2.43296484375
28.714285714285715 2.4293062500000002
28.75 2.4293062500000002
28.785714285714285 2.4293062500000002
28.821428571428573 2.4293062500000002
28.857142857142858 2.4293062500000002
28.892857142857142 2.4293062500000002
28.928571428571427 2.4293062500000002
28.964285714285715 2.4293062500000002
29.0 2.4293062500000002
29.035714285714285 2.4293062500000002
29.071428571428573 2.4293062500000002
29.107142857142858 2.4293062500000002
29.142857142857142 2.4219890625000002
29.535714285714285 2.38174453125
29.571428571428573 2.385403125
29.607142857142858 2.385403125
29.642857142857142 2.385403125
29.714285714285715 2.385403125
29.75 2.385403125
29.785714285714285 2.385403125
29.821428571428573 2.385403125
29.857142857142858 2.385403125
29.892857142857142 2.385403125
29.928571428571427 2.385403125
29.964285714285715 2.385403125
30.0 2.385403125
30.035714285714285 2.38174453125
30.071428571428573 2.38174453125
30.107142857142858 2.38174453125
30.142857142857142 2.38174453125
30.178571428571427 2.38174453125
30.214285714285715 2.38174453125
30.25 2.36711015625
30.642857142857142 2.32320703125
30.678571428571427 2.326865625
30.714285714285715 2.33052421875
30.75 2.33052421875
30.785714285714285 2.326865625
30.821428571428573 2.326865625
30.857142857142858 2.326865625
30.892857142857142 2.326865625
30.928571428571427 2.326865625
30.964285714285715 2.326865625
31.0 2.326865625
31.035714285714285 2.326865625
31.071428571428573 2.326865625
31.107142857142858 2.326865625
31.142857142857142 2.326865625
31.178571428571427 2.326865625
31.214285714285715 2.326865625
31.25 2.326865625
31.285714285714285 2.326865625
31.321428571428573 2.326865625
31.357142857142858 2.326865625
31.392857142857142 2.30857265625
31.714285714285715 2.2829625
31.785714285714285 2.268328125
31.821428571428573 2.268328125
31.857142857142858 2.268328125
31.892857142857142 2.268328125
31.928571428571427 2.27198671875
31.964285714285715 2.268328125
32.0 2.268328125
32.035714285714285 2.268328125
32.07142857142857 2.27198671875
32.107142857142854 2.268328125
32.142857142857146 2.268328125
32.17857142857143 2.268328125
32.214285714285715 2.268328125
32.25 2.268328125
32.285714285714285 2.268328125
32.32142857142857 2.268328125
32.357142857142854 2.268328125
32.392857142857146 2.268328125
32.42857142857143 2.268328125
32.464285714285715 2.268328125
32.5 2.25369375
32.82142857142857 2.24271796875
32.892857142857146 2.224425
32.92857142857143 2.224425
32.964285714285715 2.224425
33.0 2.224425
33.035714285714285 2.22808359375
33.07142857142857 2.22808359375
33.107142857142854 2.22808359375
33.142857142857146 2.22808359375
33.17857142857143 2.224425
33.214285714285715 2.224425
33.25 2.22808359375
33.285714285714285 2.224425
33.32142857142857 2.224425
33.357142857142854 2.224425
33.392857142857146 2.224425
33.42857142857143 2.224425
33.464285714285715 2.224425
33.5 2.224425
33.535714285714285 2.224425
33.57142857142857 2.22076640625
33.607142857142854 2.224425
33.642857142857146 2.1402773437500002
33.964285714285715 2.18418046875
34.0 2.16954609375
34.035714285714285 2.1732046875
34.07142857142857 2.06710546875
34.107142857142854 2.17686328125
34.142857142857146 2.17686328125
34.17857142857143 2.17686328125
34.214285714285715 2.1732046875
34.25 2.1732046875
34.285714285714285 2.1732046875
34.32142857142857 2.1732046875
34.357142857142854 2.1732046875
34.392857142857146 2.1732046875
34.42857142857143 2.1732046875
34.464285714285715 2.1732046875
34.5 2.1732046875
34.535714285714285 2.1732046875
34.57142857142857 2.1732046875
34.607142857142854 2.1732046875
34.642857142857146 2.1732046875
34.67857142857143 2.1732046875
34.714285714285715 2.1732046875
35.142857142857146 2.1293015625
35.17857142857143 2.1293015625
35.214285714285715 2.1293015625
35.25 2.1293015625
35.285714285714285 2.1293015625
35.32142857142857 2.1293015625
35.357142857142854 2.1293015625
35.392857142857146 2.1293015625
35.42857142857143 2.1293015625
35.464285714285715 2.1293015625
35.5 2.1293015625
35.535714285714285 2.1293015625
35.57142857142857 2.1293015625
35.607142857142854 2.12564296875
35.642857142857146 2.12564296875
35.67857142857143 2.12564296875
35.714285714285715 2.12564296875
35.75 2.12564296875
35.785714285714285 2.12564296875
35.82142857142857 2.12564296875
35.857142857142854 2.1293015625
36.25 2.06710546875
36.285714285714285 2.0707640625
36.32142857142857 2.0707640625
36.357142857142854 2.0707640625
36.392857142857146 2.0707640625
36.42857142857143 2.0707640625
36.464285714285715 2.0707640625
36.5 2.06710546875
36.535714285714285 2.06710546875
36.57142857142857 2.06710546875
36.607142857142854 2.0707640625
36.642857142857146 2.06710546875
36.67857142857143 2.0707640625
36.714285714285715 2.06710546875
36.785714285714285 2.06710546875
36.82142857142857 2.06710546875
36.857142857142854 2.06710546875
36.892857142857146 2.06710546875
36.92857142857143 2.06710546875
36.964285714285715 2.06710546875
37.0 2.06710546875
37.357142857142854 2.03051953125
37.392857142857146 2.02320234375
37.42857142857143 2.02320234375
37.464285714285715 2.02320234375
37.5 2.02320234375
37.535714285714285 2.02320234375
37.57142857142857 2.02320234375
37.607142857142854 2.02320234375
37.642857142857146 2.02320234375
37.67857142857143 2.02320234375
37.714285714285715 2.02320234375
37.75 2.02320234375
37.785714285714285 2.02320234375
37.82142857142857 2.0268609375
37.857142857142854 2.02320234375
37.892857142857146 2.02320234375
37.92857142857143 2.02320234375
37.964285714285715 2.02320234375
38.0 2.02320234375
38.035714285714285 2.02320234375
38.07142857142857 2.02320234375
38.107142857142854 2.0122265625
38.464285714285715 1.9975921875
38.5 1.98661640625
38.535714285714285 1.98661640625
38.57142857142857 1.9829578125
38.607142857142854 1.9829578125
38.642857142857146 1.9829578125
38.67857142857143 1.9829578125
38.714285714285715 1.9829578125
38.75 1.9829578125
38.785714285714285 1.9829578125
38.82142857142857 1.9829578125
38.857142857142854 1.9829578125
38.892857142857146 1.9829578125
38.92857142857143 1.9829578125
38.964285714285715 1.9829578125
39.0 1.9829578125
39.035714285714285 1.9829578125
39.07142857142857 1.9829578125
39.107142857142854 1.9829578125
39.142857142857146 1.97929921875
39.17857142857143 1.97929921875
39.214285714285715 1.97929921875
39.25 1.975640625
39.57142857142857 1.9536890625
39.607142857142854 1.94271328125
39.642857142857146 1.9390546875
39.67857142857143 1.9390546875
39.714285714285715 1.9390546875
39.75 1.9390546875
39.785714285714285 1.9390546875
39.82142857142857 1.9390546875
39.857142857142854 1.9390546875
