0.03571428571428571 2.88663046875
0.07142857142857142 2.88663046875
0.10714285714285714 2.882971875
0.14285714285714285 2.89394765625
0.5 2.85736171875
0.5357142857142857 2.85736171875
0.6071428571428571 2.8610203125
0.6428571428571429 2.8756546875
0.6785714285714286 2.8756546875
1.1785714285714286 2.85004453125
1.3928571428571428 2.81345859375
1.4285714285714286 2.81345859375
1.4642857142857142 2.8171171875
1.5 2.8171171875
1.5357142857142858 2.8171171875
1.5714285714285714 2.8171171875
1.6071428571428572 2.82077578125
6.0 2.7878484375
6.035714285714286 2.795165625
6.071428571428571 2.8024828125
6.107142857142857 2.765896875
6.142857142857143 2.76223828125
6.178571428571429 2.76223828125
6.214285714285714 2.765896875
6.285714285714286 2.76223828125
6.321428571428571 2.76223828125
6.357142857142857 2.76223828125
6.392857142857143 2.765896875
6.464285714285714 2.765896875
6.5 2.74028671875
6.535714285714286 2.7732140625
6.571428571428571 2.765896875
6.607142857142857 2.7585796875
6.642857142857143 2.75492109375
6.714285714285714 2.75492109375
6.75 2.7512625
6.785714285714286 2.75492109375
6.821428571428571 2.7512625
6.857142857142857 2.765896875
7.0 2.7732140625
7.071428571428571 2.79150703125
7.107142857142857 2.76955546875
7.142857142857143 2.76955546875
7.214285714285714 2.76955546875
7.357142857142857 2.76223828125
7.392857142857143 2.7585796875
7.535714285714286 2.77687265625
7.607142857142857 2.80614140625
7.642857142857143 2.81345859375
7.678571428571429 2.81345859375
7.714285714285714 2.8171171875
8.142857142857142 2.8098
8.178571428571429 2.81345859375
8.214285714285714 2.81345859375
8.25 2.82077578125
8.285714285714286 2.824434375
8.321428571428571 2.824434375
8.357142857142858 2.82809296875
8.392857142857142 2.8317515625
8.428571428571429 2.8317515625
8.464285714285714 2.83541015625
8.5 2.83906875
9.0 2.85004453125
9.178571428571429 2.82077578125
9.214285714285714 2.82809296875
9.25 2.83541015625
9.285714285714286 2.83906875
9.321428571428571 2.83906875
9.357142857142858 2.84272734375
9.392857142857142 2.8463859375
9.428571428571429 2.8463859375
9.464285714285714 2.85004453125
9.5 2.85736171875
9.535714285714286 2.85736171875
9.714285714285714 2.82809296875
9.75 2.8317515625
9.785714285714286 2.83906875
9.821428571428571 2.84272734375
9.892857142857142 2.8463859375
9.928571428571429 2.85004453125
9.964285714285714 2.853703125
10.0 2.85736171875
10.035714285714286 2.8610203125
10.071428571428571 2.86467890625
10.107142857142858 2.86467890625
10.25 2.83541015625
10.285714285714286 2.84272734375
10.321428571428571 2.8463859375
10.357142857142858 2.853703125
10.392857142857142 2.853703125
10.428571428571429 2.85736171875
10.464285714285714 2.85736171875
10.5 2.86467890625
10.535714285714286 2.8683375
10.571428571428571 2.87199609375
10.607142857142858 2.87199609375
10.821428571428571 2.83906875
10.857142857142858 2.8463859375
10.928571428571429 2.85004453125
10.964285714285714 2.85004453125
11.0 2.85736171875
11.035714285714286 2.85736171875
11.071428571428571 2.8610203125
11.107142857142858 2.86467890625
11.321428571428571 2.82809296875
11.357142857142858 2.83541015625
11.392857142857142 2.83541015625
11.428571428571429 2.83906875
11.464285714285714 2.83906875
11.5 2.84272734375
11.535714285714286 2.84272734375
11.571428571428571 2.8463859375
11.607142857142858 2.8463859375
11.821428571428571 2.8171171875
12.357142857142858 2.80614140625
12.392857142857142 2.81345859375
12.821428571428571 2.7878484375
12.857142857142858 2.795165625
12.892857142857142 2.765896875
12.928571428571429 2.7585796875
12.964285714285714 2.75492109375
13.0 2.7512625
13.035714285714286 2.7512625
13.071428571428571 2.75492109375
13.107142857142858 2.75492109375
13.142857142857142 2.7585796875
13.25 2.75492109375
13.428571428571429 2.76223828125
13.464285714285714 2.76223828125
13.607142857142858 2.76223828125
13.714285714285714 2.75492109375
13.75 2.76223828125
13.785714285714286 2.75492109375
13.857142857142858 2.7439453125
13.928571428571429 2.765896875
13.964285714285714 2.765896875
14.0 2.76223828125
14.035714285714286 2.76223828125
14.071428571428571 2.76223828125
14.142857142857142 2.76223828125
14.178571428571429 2.76223828125
14.285714285714286 2.765896875
14.321428571428571 2.765896875
14.428571428571429 2.7878484375
14.464285714285714 2.80614140625
14.5 2.76955546875
14.535714285714286 2.765896875
14.607142857142858 2.765896875
14.75 2.765896875
14.892857142857142 2.76955546875
14.928571428571429 2.7585796875
15.0 2.765896875
15.035714285714286 2.765896875
15.071428571428571 2.765896875
15.214285714285714 2.76955546875
15.25 2.76955546875
15.428571428571429 2.7732140625
15.714285714285714 2.7732140625
15.75 2.7732140625
15.785714285714286 2.76955546875
15.928571428571429 2.78418984375
15.964285714285714 2.78418984375
16.0 2.8171171875
16.035714285714285 2.82809296875
16.071428571428573 2.83541015625
16.107142857142858 2.83906875
16.142857142857142 2.8463859375
16.178571428571427 2.8463859375
16.214285714285715 2.85004453125
16.25 2.85004453125
16.285714285714285 2.85736171875
16.321428571428573 2.85736171875
16.357142857142858 2.86467890625
16.392857142857142 2.86467890625
16.535714285714285 2.82809296875
16.571428571428573 2.83906875
16.607142857142858 2.8463859375
16.642857142857142 2.85004453125
16.678571428571427 2.853703125
16.714285714285715 2.85736171875
16.75 2.8610203125
16.785714285714285 2.86467890625
16.821428571428573 2.86467890625
16.857142857142858 2.87199609375
16.892857142857142 2.87199609375
16.928571428571427 2.87199609375
17.071428571428573 2.83906875
17.107142857142858 2.8463859375
17.142857142857142 2.85004453125
17.178571428571427 2.85736171875
17.214285714285715 2.85736171875
17.25 2.8610203125
17.285714285714285 2.86467890625
17.321428571428573 2.8683375
17.357142857142858 2.87199609375
17.392857142857142 2.8756546875
17.428571428571427 2.8756546875
17.642857142857142 2.85004453125
17.678571428571427 2.853703125
17.714285714285715 2.85736171875
17.75 2.8610203125
17.785714285714285 2.86467890625
17.821428571428573 2.86467890625
17.857142857142858 2.87199609375
17.892857142857142 2.8756546875
17.928571428571427 2.87931328125
17.964285714285715 2.87931328125
18.178571428571427 2.8463859375
18.214285714285715 2.85004453125
18.285714285714285 2.853703125
18.321428571428573 2.85736171875
18.357142857142858 2.85736171875
18.392857142857142 2.8610203125
18.428571428571427 2.86467890625
18.464285714285715 2.86467890625
18.5 2.86467890625
18.535714285714285 2.8683375
18.678571428571427 2.83906875
18.714285714285715 2.83906875
19.142857142857142 2.8171171875
19.178571428571427 2.8317515625
19.214285714285715 2.83906875
19.25 2.8463859375
19.285714285714285 2.85004453125
19.357142857142858 2.853703125
19.392857142857142 2.85736171875
19.428571428571427 2.8610203125
19.464285714285715 2.8610203125
19.5 2.86467890625
19.535714285714285 2.8683375
19.571428571428573 2.8683375
19.714285714285715 2.83541015625
19.75 2.84272734375
19.785714285714285 2.85004453125
19.821428571428573 2.853703125
19.857142857142858 2.85736171875
19.892857142857142 2.8610203125
19.964285714285715 2.86467890625
20.0 2.8683375
20.035714285714285 2.87199609375
20.071428571428573 2.87199609375
20.142857142857142 2.882971875
20.285714285714285 2.853703125
20.321428571428573 2.85736171875
20.357142857142858 2.8610203125
20.392857142857142 2.86467890625
20.428571428571427 2.8683375
20.464285714285715 2.87199609375
20.5 2.8756546875
20.535714285714285 2.87931328125
20.571428571428573 2.87931328125
20.678571428571427 2.8902890625
20.821428571428573 2.85736171875
20.857142857142858 2.8610203125
20.892857142857142 2.86467890625
20.928571428571427 2.86467890625
20.964285714285715 2.8683375
21.0 2.87199609375
21.035714285714285 2.87199609375
21.071428571428573 2.87199609375
21.107142857142858 2.8756546875
21.142857142857142 2.87931328125
24.642857142857142 2.85736171875
24.678571428571427 2.85736171875
24.714285714285715 2.85736171875
24.75 2.85736171875
24.785714285714285 2.85736171875
25.035714285714285 2.85736171875
25.071428571428573 2.85736171875
25.107142857142858 2.85736171875
25.142857142857142 2.85736171875
25.214285714285715 2.8610203125
25.25 2.86467890625
25.75 2.8683375
25.785714285714285 2.8683375
26.25 2.8756546875
26.285714285714285 2.8756546875
26.321428571428573 2.87931328125
26.357142857142858 2.87931328125
26.392857142857142 2.87931328125
26.607142857142858 2.87931328125
26.642857142857142 2.87931328125
26.714285714285715 2.882971875
26.75 2.882971875
26.785714285714285 2.882971875
26.821428571428573 2.88663046875
26.857142857142858 2.88663046875
26.892857142857142 2.88663046875
27.142857142857142 2.88663046875
27.25 2.8902890625
27.428571428571427 2.89394765625
27.857142857142858 2.89760625
27.892857142857142 2.89760625
27.928571428571427 2.89760625
27.964285714285715 2.89760625
28.178571428571427 2.89760625
28.214285714285715 2.89760625
28.25 2.89760625
28.285714285714285 2.89760625
28.321428571428573 2.90126484375
28.357142857142858 2.90126484375
28.392857142857142 2.90126484375
28.428571428571427 2.90126484375
28.464285714285715 2.90126484375
28.5 2.9049234375
28.714285714285715 2.9049234375
28.75 2.9049234375
28.785714285714285 2.9049234375
28.857142857142858 2.90858203125
28.892857142857142 2.9049234375
28.928571428571427 2.90858203125
28.964285714285715 2.90858203125
29.0 2.90858203125
29.035714285714285 2.90858203125
29.071428571428573 2.912240625
29.285714285714285 2.90858203125
29.321428571428573 2.90858203125
29.357142857142858 2.90858203125
29.392857142857142 2.912240625
29.428571428571427 2.912240625
29.464285714285715 2.912240625
29.5 2.912240625
29.535714285714285 2.91589921875
29.571428571428573 2.91589921875
29.607142857142858 2.91589921875
29.75 2.912240625
29.785714285714285 2.912240625
29.821428571428573 2.912240625
29.857142857142858 2.912240625
29.892857142857142 2.912240625
29.928571428571427 2.912240625
29.964285714285715 2.91589921875
30.0 2.91589921875
30.035714285714285 2.91589921875
30.071428571428573 2.91589921875
30.25 2.912240625
30.285714285714285 2.912240625
30.321428571428573 2.912240625
30.357142857142858 2.91589921875
30.392857142857142 2.91589921875
30.428571428571427 2.91589921875
30.464285714285715 2.91589921875
30.5 2.9195578125
30.535714285714285 2.9195578125
30.571428571428573 2.9195578125
30.75 2.92321640625
30.785714285714285 2.9195578125
30.821428571428573 2.9195578125
30.857142857142858 2.9195578125
30.892857142857142 2.9195578125
30.928571428571427 2.9195578125
30.964285714285715 2.92321640625
31.0 2.9195578125
31.035714285714285 2.92321640625
31.071428571428573 2.92321640625
31.107142857142858 2.92321640625
31.285714285714285 2.9195578125
31.321428571428573 2.9195578125
31.357142857142858 2.9195578125
31.392857142857142 2.9195578125
31.428571428571427 2.92321640625
31.464285714285715 2.92321640625
31.5 2.92321640625
31.535714285714285 2.92321640625
31.571428571428573 2.92321640625
31.607142857142858 2.926875
31.642857142857142 2.926875
31.678571428571427 2.926875
31.821428571428573 2.926875
31.857142857142858 2.926875
31.892857142857142 2.92321640625
31.928571428571427 2.92321640625
31.964285714285715 2.92321640625
32.0 2.926875
32.035714285714285 2.926875
32.07142857142857 2.926875
32.107142857142854 2.93053359375
32.142857142857146 2.93053359375
32.17857142857143 2.93053359375
32.214285714285715 2.93053359375
32.357142857142854 2.93053359375
32.392857142857146 2.93053359375
32.42857142857143 2.93053359375
32.464285714285715 2.93053359375
32.5 2.93053359375
32.535714285714285 2.93053359375
32.57142857142857 2.93053359375
32.607142857142854 2.93053359375
32.642857142857146 2.93053359375
32.67857142857143 2.93053359375
32.714285714285715 2.9341921875
32.892857142857146 2.93053359375
32.92857142857143 2.93053359375
32.964285714285715 2.93053359375
33.0 2.93053359375
33.035714285714285 2.93053359375
33.07142857142857 2.93053359375
33.107142857142854 2.9341921875
33.142857142857146 2.9341921875
33.17857142857143 2.9341921875
33.214285714285715 2.9341921875
33.25 2.93785078125
33.392857142857146 2.9341921875
33.42857142857143 2.9341921875
33.464285714285715 2.9341921875
33.5 2.9341921875
33.535714285714285 2.9341921875
33.57142857142857 2.9341921875
33.607142857142854 2.93785078125
33.642857142857146 2.93785078125
33.67857142857143 2.93785078125
33.714285714285715 2.93785078125
33.75 2.93785078125
33.785714285714285 2.93785078125
33.82142857142857 2.941509375
33.892857142857146 2.93785078125
33.92857142857143 2.9341921875
33.964285714285715 2.9341921875
34.0 2.9341921875
34.035714285714285 2.9341921875
34.07142857142857 2.9341921875
34.107142857142854 2.9341921875
34.142857142857146 2.9341921875
34.17857142857143 2.93785078125
34.214285714285715 2.93785078125
34.25 2.93785078125
34.285714285714285 2.93785078125
34.42857142857143 2.9341921875
34.464285714285715 2.9341921875
34.5 2.9341921875
34.535714285714285 2.9341921875
34.57142857142857 2.93785078125
34.607142857142854 2.9341921875
34.642857142857146 2.93785078125
34.67857142857143 2.93785078125
34.714285714285715 2.93785078125
34.75 2.93785078125
34.785714285714285 2.93785078125
34.82142857142857 2.93785078125
34.964285714285715 2.93785078125
35.0 2.93785078125
35.035714285714285 2.9341921875
35.107142857142854 2.9341921875
35.142857142857146 2.93785078125
35.17857142857143 2.93785078125
35.214285714285715 2.93785078125
35.25 2.93785078125
35.285714285714285 2.93785078125
35.32142857142857 2.93785078125
35.5 2.93785078125
35.535714285714285 2.93785078125
35.57142857142857 2.9341921875
35.607142857142854 2.93785078125
35.642857142857146 2.93785078125
35.67857142857143 2.93785078125
35.714285714285715 2.93785078125
35.75 2.93785078125
35.785714285714285 2.93785078125
35.82142857142857 2.941509375
35.857142857142854 2.94516796875
36.035714285714285 2.941509375
36.07142857142857 2.93785078125
36.107142857142854 2.93785078125
36.142857142857146 2.93785078125
36.17857142857143 2.93785078125
36.214285714285715 2.93785078125
36.25 2.941509375
36.285714285714285 2.941509375
36.32142857142857 2.94516796875
36.392857142857146 2.94516796875
36.57142857142857 2.941509375
36.607142857142854 2.941509375
36.642857142857146 2.941509375
36.67857142857143 2.941509375
36.714285714285715 2.941509375
36.75 2.94516796875
36.785714285714285 2.94516796875
36.82142857142857 2.94516796875
36.857142857142854 2.94516796875
36.892857142857146 2.94516796875
36.92857142857143 2.94516796875
37.07142857142857 2.9488265625
37.107142857142854 2.94516796875
37.142857142857146 2.94516796875
37.17857142857143 2.94516796875
37.214285714285715 2.94516796875
37.25 2.94516796875
37.285714285714285 2.94516796875
37.32142857142857 2.94516796875
37.357142857142854 2.94516796875
37.392857142857146 2.9488265625
37.42857142857143 2.9488265625
37.464285714285715 2.9488265625
37.5 2.9488265625
37.607142857142854 2.941509375
37.642857142857146 2.941509375
37.67857142857143 2.94516796875
37.714285714285715 2.94516796875
37.75 2.94516796875
37.785714285714285 2.94516796875
37.82142857142857 2.94516796875
37.857142857142854 2.94516796875
37.892857142857146 2.9488265625
37.92857142857143 2.9488265625
37.964285714285715 2.9488265625
38.0 2.9488265625
38.107142857142854 2.9488265625
38.142857142857146 2.94516796875
38.17857142857143 2.94516796875
38.214285714285715 2.94516796875
38.25 2.94516796875
38.285714285714285 2.94516796875
38.32142857142857 2.9488265625
38.357142857142854 2.9488265625
38.392857142857146 2.9488265625
38.42857142857143 2.9488265625
38.464285714285715 2.95248515625
38.5 2.95248515625
38.57142857142857 2.95248515625
38.642857142857146 2.9488265625
38.67857142857143 2.9488265625
38.714285714285715 2.9488265625
38.75 2.9488265625
38.785714285714285 2.9488265625
38.82142857142857 2.9488265625
38.857142857142854 2.95248515625
38.892857142857146 2.95248515625
38.92857142857143 2.95248515625
38.964285714285715 2.95248515625
39.0 2.95614375
39.035714285714285 2.95614375
39.07142857142857 2.95614375
39.17857142857143 2.95248515625
39.214285714285715 2.95248515625
39.25 2.95248515625
39.285714285714285 2.95248515625
39.32142857142857 2.95248515625
39.357142857142854 2.95248515625
39.392857142857146 2.95248515625
39.42857142857143 2.95248515625
39.464285714285715 2.95614375
39.5 2.95614375
39.535714285714285 2.95980234375
39.57142857142857 2.95980234375
39.714285714285715 2.95248515625
39.785714285714285 2.95248515625
39.82142857142857 2.95248515625
39.857142857142854 2.95248515625
39.892857142857146 2.95248515625
39.92857142857143 2.95248515625
