0.10714285714285714 3.04760859375
0.14285714285714285 3.04760859375
0.17857142857142858 3.04760859375
0.21428571428571427 3.04760859375
0.35714285714285715 3.04760859375
0.39285714285714285 3.04760859375
0.42857142857142855 3.04760859375
0.4642857142857143 3.04760859375
0.5 3.04760859375
0.6785714285714286 3.04760859375
0.7142857142857143 3.04760859375
0.75 3.04760859375
0.9285714285714286 3.04760859375
0.9642857142857143 3.04760859375
1.0 3.04760859375
1.0357142857142858 3.04760859375
1.0714285714285714 3.04760859375
1.2142857142857142 3.04760859375
1.25 3.04760859375
1.2857142857142858 3.04760859375
1.3214285714285714 3.04760859375
1.5 3.04760859375
1.5357142857142858 3.04760859375
1.5714285714285714 3.04760859375
1.6071428571428572 3.04760859375
1.75 3.04760859375
1.7857142857142858 3.04760859375
1.8214285714285714 3.04760859375
1.8571428571428572 3.04760859375
1.8928571428571428 3.04760859375
2.0714285714285716 3.04760859375
2.107142857142857 3.04760859375
2.142857142857143 3.04760859375
2.3214285714285716 3.04760859375
2.357142857142857 3.04760859375
2.392857142857143 3.04760859375
2.4285714285714284 3.04760859375
2.4642857142857144 3.04760859375
2.607142857142857 3.04760859375
2.642857142857143 3.04760859375
2.6785714285714284 3.04760859375
2.7142857142857144 3.04760859375
2.857142857142857 3.04760859375
2.892857142857143 3.04760859375
2.9285714285714284 3.04760859375
2.9642857142857144 3.04760859375
3.142857142857143 3.04760859375
3.1785714285714284 3.04760859375
3.2142857142857144 3.04760859375
3.25 3.04760859375
3.2857142857142856 3.04760859375
3.4642857142857144 3.04760859375
3.5 3.04760859375
3.5357142857142856 3.04760859375
3.7142857142857144 3.04760859375
3.75 3.04760859375
3.7857142857142856 3.04760859375
3.8214285714285716 3.04760859375
4.0 3.04760859375
4.035714285714286 3.04760859375
4.071428571428571 3.04760859375
4.107142857142857 3.04760859375
4.285714285714286 3.04760859375
4.321428571428571 3.04760859375
4.357142857142857 3.04760859375
4.535714285714286 3.04760859375
4.571428571428571 3.04760859375
4.607142857142857 3.04760859375
4.642857142857143 3.04760859375
4.678571428571429 3.04760859375
4.857142857142857 3.04760859375
4.892857142857143 3.04760859375
4.928571428571429 3.04760859375
5.107142857142857 3.04760859375
5.142857142857143 3.04760859375
5.178571428571429 3.04760859375
5.214285714285714 3.04760859375
5.25 3.04760859375
5.357142857142857 3.04760859375
5.392857142857143 3.04760859375
5.428571428571429 3.04760859375
5.464285714285714 3.04760859375
5.5 3.04760859375
5.678571428571429 3.04760859375
5.714285714285714 3.04760859375
5.75 3.04760859375
5.928571428571429 3.04760859375
5.964285714285714 3.04760859375
6.0 3.04760859375
6.035714285714286 3.04760859375
6.071428571428571 3.04760859375
6.214285714285714 3.04760859375
6.25 3.04760859375
6.285714285714286 3.04760859375
6.321428571428571 3.04760859375
6.5 3.04760859375
6.535714285714286 3.04760859375
6.571428571428571 3.04760859375
6.75 3.04760859375
6.785714285714286 3.04760859375
6.821428571428571 3.04760859375
6.857142857142857 3.04760859375
6.892857142857143 3.04760859375
7.071428571428571 3.04760859375
7.107142857142857 3.04760859375
7.142857142857143 3.04760859375
7.178571428571429 3.04760859375
7.321428571428571 3.04760859375
7.357142857142857 3.04760859375
7.392857142857143 3.04760859375
7.428571428571429 3.04760859375
7.464285714285714 3.04760859375
7.607142857142857 3.04760859375
7.642857142857143 3.04760859375
7.678571428571429 3.04760859375
7.714285714285714 3.04760859375
7.892857142857143 3.04760859375
7.928571428571429 3.04760859375
7.964285714285714 3.04760859375
8.0 3.04760859375
8.142857142857142 3.04760859375
8.178571428571429 3.04760859375
8.214285714285714 3.04760859375
8.25 3.04760859375
8.285714285714286 3.04760859375
8.428571428571429 3.04760859375
8.464285714285714 3.04760859375
8.5 3.04760859375
8.535714285714286 3.04760859375
8.571428571428571 3.04760859375
8.714285714285714 3.04760859375
8.75 3.04760859375
8.785714285714286 3.04760859375
8.821428571428571 3.04760859375
9.0 3.04760859375
9.035714285714286 3.04760859375
9.071428571428571 3.04760859375
9.107142857142858 3.04760859375
9.285714285714286 3.04760859375
9.321428571428571 3.04760859375
9.357142857142858 3.04760859375
9.392857142857142 3.04760859375
9.535714285714286 3.04395
9.571428571428571 3.04760859375
9.607142857142858 3.04760859375
9.642857142857142 3.04760859375
9.678571428571429 3.04760859375
9.821428571428571 3.04760859375
9.857142857142858 3.04760859375
9.892857142857142 3.04760859375
9.928571428571429 3.04760859375
9.964285714285714 3.04760859375
10.107142857142858 3.04760859375
10.142857142857142 3.04760859375
10.178571428571429 3.04760859375
10.214285714285714 3.04760859375
10.357142857142858 3.04760859375
10.392857142857142 3.04760859375
10.428571428571429 3.04760859375
10.464285714285714 3.04760859375
10.5 3.04760859375
10.678571428571429 3.04760859375
10.714285714285714 3.04760859375
10.75 3.04760859375
10.928571428571429 3.04760859375
10.964285714285714 3.04760859375
11.0 3.04760859375
11.035714285714286 3.04760859375
11.071428571428571 3.04760859375
11.214285714285714 3.04760859375
11.25 3.04760859375
11.285714285714286 3.04760859375
11.321428571428571 3.04760859375
11.5 3.04760859375
11.535714285714286 3.04760859375
11.571428571428571 3.04760859375
11.607142857142858 3.04760859375
11.75 3.04760859375
11.785714285714286 3.04760859375
11.821428571428571 3.04760859375
11.857142857142858 3.04760859375
11.892857142857142 3.04760859375
12.035714285714286 3.04760859375
12.071428571428571 3.04760859375
12.107142857142858 3.04760859375
12.142857142857142 3.04760859375
12.178571428571429 3.04760859375
12.321428571428571 3.04760859375
12.357142857142858 3.04760859375
12.392857142857142 3.04760859375
12.428571428571429 3.04760859375
12.607142857142858 3.04760859375
12.642857142857142 3.04760859375
12.678571428571429 3.04760859375
12.714285714285714 3.04760859375
12.892857142857142 3.04760859375
12.928571428571429 3.04760859375
12.964285714285714 3.04760859375
13.0 3.04760859375
13.142857142857142 3.04760859375
13.178571428571429 3.04760859375
13.214285714285714 3.04760859375
13.25 3.04760859375
13.285714285714286 3.04760859375
13.428571428571429 3.04760859375
13.464285714285714 3.04760859375
13.5 3.04760859375
13.535714285714286 3.04760859375
13.571428571428571 3.04760859375
13.75 3.04760859375
13.785714285714286 3.04760859375
13.821428571428571 3.04760859375
14.0 3.04760859375
14.035714285714286 3.04760859375
14.071428571428571 3.04760859375
14.107142857142858 3.04760859375
14.25 3.04760859375
14.285714285714286 3.04760859375
14.321428571428571 3.04760859375
14.357142857142858 3.04760859375
14.392857142857142 3.04760859375
14.535714285714286 3.04760859375
14.571428571428571 3.04760859375
14.607142857142858 3.04760859375
14.642857142857142 3.04760859375
14.821428571428571 3.04760859375
14.857142857142858 3.04760859375
14.892857142857142 3.04760859375
14.928571428571429 3.04760859375
14.964285714285714 3.04760859375
15.107142857142858 3.04760859375
15.142857142857142 3.04760859375
15.178571428571429 3.04760859375
15.214285714285714 3.04760859375
15.392857142857142 3.04760859375
15.428571428571429 3.04760859375
15.464285714285714 3.04760859375
15.5 3.04760859375
15.642857142857142 3.04760859375
15.678571428571429 3.04760859375
15.714285714285714 3.04760859375
15.75 3.04760859375
15.785714285714286 3.04760859375
15.964285714285714 3.04760859375
16.0 3.04760859375
16.035714285714285 3.04760859375
16.214285714285715 3.04760859375
16.25 3.04760859375
16.285714285714285 3.04760859375
16.321428571428573 3.04760859375
16.5 3.04760859375
16.535714285714285 3.04760859375
16.571428571428573 3.04760859375
16.607142857142858 3.04760859375
16.785714285714285 3.04760859375
16.821428571428573 3.04760859375
16.857142857142858 3.04760859375
17.035714285714285 3.04760859375
17.071428571428573 3.04760859375
17.107142857142858 3.04760859375
17.142857142857142 3.04760859375
17.178571428571427 3.04760859375
17.357142857142858 3.04760859375
17.392857142857142 3.04760859375
17.428571428571427 3.04760859375
17.607142857142858 3.04760859375
17.642857142857142 3.04760859375
17.678571428571427 3.04760859375
17.714285714285715 3.04760859375
17.857142857142858 3.04760859375
17.892857142857142 3.04760859375
17.928571428571427 3.04760859375
17.964285714285715 3.04760859375
18.0 3.04760859375
18.178571428571427 3.04760859375
18.214285714285715 3.04760859375
18.25 3.04760859375
18.428571428571427 3.04760859375
18.464285714285715 3.04760859375
18.5 3.04760859375
18.535714285714285 3.04760859375
18.571428571428573 3.04760859375
18.714285714285715 3.04760859375
18.75 3.04760859375
18.785714285714285 3.04760859375
18.821428571428573 3.04760859375
19.0 3.04760859375
19.035714285714285 3.04760859375
19.071428571428573 3.04760859375
19.107142857142858 3.04760859375
19.25 3.04760859375
19.285714285714285 3.04760859375
19.321428571428573 3.04760859375
19.357142857142858 3.04760859375
19.392857142857142 3.04760859375
19.571428571428573 3.04760859375
19.607142857142858 3.04760859375
19.642857142857142 3.04760859375
19.821428571428573 3.04760859375
19.857142857142858 3.04760859375
19.892857142857142 3.04760859375
19.928571428571427 3.04760859375
19.964285714285715 3.04760859375
20.107142857142858 3.04760859375
20.142857142857142 3.04760859375
20.178571428571427 3.04760859375
20.214285714285715 3.04760859375
20.392857142857142 3.04760859375
20.428571428571427 3.04760859375
20.464285714285715 3.04760859375
20.642857142857142 3.04760859375
20.678571428571427 3.04760859375
20.714285714285715 3.04760859375
20.75 3.04760859375
20.785714285714285 3.04760859375
20.964285714285715 3.04760859375
21.0 3.04760859375
21.035714285714285 3.04760859375
21.071428571428573 3.04760859375
21.214285714285715 3.04760859375
21.25 3.04760859375
21.285714285714285 3.04760859375
21.321428571428573 3.04760859375
21.5 3.04760859375
21.535714285714285 3.04760859375
21.571428571428573 3.04760859375
21.607142857142858 3.04760859375
21.785714285714285 3.04760859375
21.821428571428573 3.04760859375
21.857142857142858 3.04760859375
21.892857142857142 3.04760859375
22.035714285714285 3.04760859375
22.071428571428573 3.04760859375
22.107142857142858 3.04760859375
22.142857142857142 3.04760859375
22.178571428571427 3.04760859375
22.321428571428573 3.04760859375
22.357142857142858 3.04760859375
22.392857142857142 3.04760859375
22.428571428571427 3.04760859375
22.607142857142858 3.04760859375
22.642857142857142 3.04760859375
22.678571428571427 3.04760859375
22.714285714285715 3.04760859375
22.857142857142858 3.04760859375
22.892857142857142 3.04760859375
22.928571428571427 3.04760859375
22.964285714285715 3.04760859375
23.0 3.04760859375
23.178571428571427 3.04760859375
23.214285714285715 3.04760859375
23.25 3.04760859375
23.285714285714285 3.04760859375
23.428571428571427 3.04760859375
23.464285714285715 3.04760859375
23.5 3.04760859375
23.535714285714285 3.04760859375
23.571428571428573 3.04760859375
23.714285714285715 3.04760859375
23.75 3.04760859375
23.785714285714285 3.04760859375
23.821428571428573 3.04760859375
24.0 3.04760859375
24.035714285714285 3.04760859375
24.071428571428573 3.04760859375
24.107142857142858 3.04760859375
24.25 3.04760859375
24.285714285714285 3.04760859375
24.321428571428573 3.04760859375
24.357142857142858 3.04760859375
24.392857142857142 3.04760859375
24.535714285714285 3.04760859375
24.571428571428573 3.04760859375
24.607142857142858 3.04760859375
24.642857142857142 3.04760859375
24.821428571428573 3.04760859375
24.857142857142858 3.04760859375
24.892857142857142 3.04760859375
24.928571428571427 3.04760859375
25.107142857142858 3.04760859375
25.142857142857142 3.04760859375
25.178571428571427 3.04760859375
25.214285714285715 3.04760859375
25.392857142857142 3.04760859375
25.428571428571427 3.04760859375
25.464285714285715 3.04760859375
25.5 3.04760859375
25.642857142857142 3.04760859375
25.678571428571427 3.04760859375
25.714285714285715 3.04760859375
25.75 3.04760859375
25.785714285714285 3.04760859375
25.928571428571427 3.04760859375
25.964285714285715 3.04760859375
26.0 3.04760859375
26.035714285714285 3.04760859375
26.071428571428573 3.04760859375
26.214285714285715 3.04760859375
26.25 3.04760859375
26.285714285714285 3.04760859375
26.321428571428573 3.04760859375
26.5 3.04760859375
26.535714285714285 3.04760859375
26.571428571428573 3.04760859375
26.607142857142858 3.04760859375
26.785714285714285 3.04760859375
26.821428571428573 3.04760859375
26.857142857142858 3.04760859375
26.892857142857142 3.04760859375
27.035714285714285 3.04760859375
27.071428571428573 3.04760859375
27.107142857142858 3.04760859375
27.142857142857142 3.04760859375
27.178571428571427 3.04760859375
27.321428571428573 3.04760859375
27.357142857142858 3.04760859375
27.392857142857142 3.04760859375
27.428571428571427 3.04760859375
27.464285714285715 3.04760859375
27.607142857142858 3.04760859375
27.642857142857142 3.04760859375
27.678571428571427 3.04760859375
27.714285714285715 3.04760859375
27.892857142857142 3.04760859375
27.928571428571427 3.04760859375
27.964285714285715 3.04760859375
28.0 3.04760859375
28.142857142857142 3.04760859375
28.178571428571427 3.04760859375
28.214285714285715 3.04760859375
28.25 3.04760859375
28.285714285714285 3.04760859375
28.464285714285715 3.04760859375
28.5 3.04760859375
28.535714285714285 3.04760859375
28.714285714285715 3.04760859375
28.75 3.04760859375
28.785714285714285 3.04760859375
28.821428571428573 3.04760859375
29.0 3.04760859375
29.035714285714285 3.04760859375
29.071428571428573 3.04760859375
29.107142857142858 3.04760859375
29.25 3.04760859375
29.285714285714285 3.04760859375
29.321428571428573 3.04760859375
29.357142857142858 3.04760859375
29.392857142857142 3.04760859375
29.535714285714285 3.04760859375
29.571428571428573 3.04760859375
29.607142857142858 3.04760859375
29.642857142857142 3.04760859375
29.678571428571427 3.04760859375
29.857142857142858 3.04760859375
29.892857142857142 3.04760859375
29.928571428571427 3.04760859375
30.107142857142858 3.04760859375
30.142857142857142 3.04760859375
30.178571428571427 3.04760859375
30.214285714285715 3.04760859375
30.357142857142858 3.04760859375
30.392857142857142 3.04760859375
30.428571428571427 3.04760859375
30.464285714285715 3.04760859375
30.5 3.04760859375
30.678571428571427 3.04760859375
30.714285714285715 3.04760859375
30.75 3.04760859375
30.928571428571427 3.04760859375
30.964285714285715 3.04760859375
31.0 3.04760859375
31.035714285714285 3.04760859375
31.071428571428573 3.04760859375
31.25 3.04760859375
31.285714285714285 3.04760859375
31.321428571428573 3.04760859375
31.5 3.04760859375
31.535714285714285 3.04760859375
31.571428571428573 3.04760859375
31.607142857142858 3.04760859375
31.75 3.04760859375
31.785714285714285 3.04760859375
31.821428571428573 3.04760859375
31.857142857142858 3.04760859375
31.892857142857142 3.04760859375
32.07142857142857 3.04760859375
32.107142857142854 3.04760859375
32.142857142857146 3.04760859375
32.32142857142857 3.04760859375
32.357142857142854 3.04760859375
32.392857142857146 3.04760859375
32.42857142857143 3.04760859375
32.464285714285715 3.04760859375
32.607142857142854 3.04760859375
32.642857142857146 3.04760859375
32.67857142857143 3.04760859375
32.714285714285715 3.04760859375
32.892857142857146 3.04760859375
32.92857142857143 3.04760859375
32.964285714285715 3.04760859375
33.0 3.04760859375
33.142857142857146 3.04760859375
33.17857142857143 3.04760859375
33.214285714285715 3.04760859375
33.25 3.04760859375
33.285714285714285 3.04760859375
33.464285714285715 3.04760859375
33.5 3.04760859375
33.535714285714285 3.04760859375
33.714285714285715 3.04760859375
33.75 3.04760859375
33.785714285714285 3.04760859375
33.82142857142857 3.04760859375
33.857142857142854 3.04760859375
34.0 3.04760859375
34.035714285714285 3.04760859375
34.07142857142857 3.04760859375
34.107142857142854 3.04760859375
34.285714285714285 3.04760859375
34.32142857142857 3.04760859375
34.357142857142854 3.04760859375
34.535714285714285 3.04760859375
34.57142857142857 3.04760859375
34.607142857142854 3.04760859375
34.642857142857146 3.04760859375
34.67857142857143 3.04760859375
34.857142857142854 3.04760859375
34.892857142857146 3.04760859375
34.92857142857143 3.04760859375
35.107142857142854 3.04760859375
35.142857142857146 3.04760859375
35.17857142857143 3.04760859375
35.214285714285715 3.04760859375
35.25 3.04760859375
35.357142857142854 3.04760859375
35.392857142857146 3.04760859375
35.42857142857143 3.04760859375
35.464285714285715 3.04760859375
35.5 3.04760859375
35.67857142857143 3.04760859375
35.714285714285715 3.04760859375
35.75 3.04760859375
35.92857142857143 3.04760859375
35.964285714285715 3.04760859375
36.0 3.04760859375
36.035714285714285 3.04760859375
36.07142857142857 3.04760859375
36.214285714285715 3.04760859375
36.25 3.04760859375
36.285714285714285 3.04760859375
36.32142857142857 3.04760859375
36.5 3.04760859375
36.535714285714285 3.04760859375
36.57142857142857 3.04760859375
36.75 3.04760859375
36.785714285714285 3.04760859375
36.82142857142857 3.04760859375
36.857142857142854 3.04760859375
36.892857142857146 3.04760859375
37.07142857142857 3.04760859375
37.107142857142854 3.04760859375
37.142857142857146 3.04760859375
37.17857142857143 3.04760859375
37.32142857142857 3.04760859375
37.357142857142854 3.04760859375
37.392857142857146 3.04760859375
37.42857142857143 3.04760859375
37.464285714285715 3.04760859375
37.607142857142854 3.04760859375
37.642857142857146 3.04760859375
37.67857142857143 3.04760859375
37.714285714285715 3.04760859375
37.892857142857146 3.04760859375
37.92857142857143 3.04760859375
37.964285714285715 3.04760859375
38.0 3.04760859375
38.142857142857146 3.04760859375
38.17857142857143 3.04760859375
38.214285714285715 3.04760859375
38.25 3.04760859375
38.285714285714285 3.04760859375
38.42857142857143 3.04760859375
38.464285714285715 3.04760859375
38.5 3.04760859375
38.535714285714285 3.04760859375
38.57142857142857 3.04760859375
38.714285714285715 3.04760859375
38.75 3.04760859375
38.785714285714285 3.04760859375
38.82142857142857 3.04760859375
39.0 3.04760859375
39.035714285714285 3.04760859375
39.07142857142857 3.04760859375
39.107142857142854 3.04760859375
39.285714285714285 3.04760859375
39.32142857142857 3.04760859375
39.357142857142854 3.04760859375
39.392857142857146 3.04760859375
39.535714285714285 3.04760859375
39.57142857142857 3.04760859375
39.607142857142854 3.04760859375
39.642857142857146 3.04760859375
39.67857142857143 3.04760859375
39.82142857142857 3.04760859375
39.857142857142854 3.04760859375
