0.03571428571428571 2.37076875
0.07142857142857142 2.37076875
0.10714285714285714 2.37076875
0.14285714285714285 2.37076875
0.17857142857142858 2.37076875
0.21428571428571427 2.37076875
0.25 2.37076875
0.2857142857142857 2.37076875
0.32142857142857145 2.37076875
0.35714285714285715 2.37076875
0.39285714285714285 2.37442734375
0.42857142857142855 2.37442734375
0.4642857142857143 2.37442734375
0.5 2.36711015625
0.5357142857142857 2.37076875
0.5714285714285714 2.37076875
0.6071428571428571 2.37076875
0.6428571428571429 2.36711015625
0.6785714285714286 2.36711015625
0.7142857142857143 2.36711015625
0.75 2.36711015625
0.7857142857142857 2.3634515625
0.8214285714285714 2.36711015625
0.8571428571428571 2.3634515625
0.8928571428571429 2.3634515625
0.9285714285714286 2.3634515625
0.9642857142857143 2.3634515625
1.0 2.3634515625
1.0357142857142858 2.3634515625
1.0714285714285714 2.3634515625
1.1071428571428572 2.3634515625
1.1428571428571428 2.3634515625
1.1785714285714286 2.3634515625
1.2142857142857142 2.3634515625
1.25 2.3634515625
1.2857142857142858 2.3634515625
1.3214285714285714 2.35979296875
1.3571428571428572 2.35979296875
1.3928571428571428 2.3634515625
1.4285714285714286 2.3634515625
1.4642857142857142 2.3634515625
1.5 2.3634515625
1.5357142857142858 2.3634515625
1.5714285714285714 2.36711015625
1.6071428571428572 2.3634515625
1.6428571428571428 2.3634515625
1.6785714285714286 2.3634515625
1.7142857142857142 2.35979296875
1.75 2.35979296875
1.7857142857142858 2.35979296875
1.8214285714285714 2.35979296875
1.8571428571428572 2.356134375
1.8928571428571428 2.356134375
1.9285714285714286 2.356134375
1.9642857142857142 2.356134375
2.0 2.356134375
2.0357142857142856 2.356134375
2.0714285714285716 2.356134375
2.107142857142857 2.35247578125
2.142857142857143 2.35247578125
2.1785714285714284 2.35247578125
2.2142857142857144 2.35247578125
2.25 2.35247578125
2.2857142857142856 2.35247578125
2.3214285714285716 2.35247578125
2.357142857142857 2.35247578125
2.392857142857143 2.35247578125
2.4285714285714284 2.35247578125
2.4642857142857144 2.35247578125
2.5 2.35247578125
2.5357142857142856 2.35247578125
2.5714285714285716 2.35247578125
2.607142857142857 2.35247578125
2.642857142857143 2.356134375
2.6785714285714284 2.356134375
2.7142857142857144 2.356134375
2.75 2.356134375
2.7857142857142856 2.35247578125
2.8214285714285716 2.35247578125
2.857142857142857 2.35247578125
2.892857142857143 2.3488171875
2.9285714285714284 2.3488171875
2.9642857142857144 2.3488171875
3.0 2.3488171875
3.0357142857142856 2.3488171875
3.0714285714285716 2.3488171875
3.107142857142857 2.3488171875
3.142857142857143 2.34515859375
3.1785714285714284 2.34515859375
3.2142857142857144 2.34515859375
3.25 2.34515859375
3.2857142857142856 2.34515859375
3.3214285714285716 2.34515859375
3.357142857142857 2.34515859375
3.392857142857143 2.34515859375
3.4285714285714284 2.34515859375
3.4642857142857144 2.34515859375
3.5 2.34515859375
3.5357142857142856 2.34515859375
3.5714285714285716 2.34515859375
3.607142857142857 2.34515859375
3.642857142857143 2.34515859375
3.6785714285714284 2.34515859375
3.7142857142857144 2.34515859375
3.75 2.34515859375
3.7857142857142856 2.3488171875
3.8214285714285716 2.35247578125
3.857142857142857 2.34515859375
3.892857142857143 2.34515859375
3.9285714285714284 2.34515859375
3.9642857142857144 2.3415
4.0 2.3415
4.035714285714286 2.33784140625
4.071428571428571 2.33784140625
4.107142857142857 2.33784140625
4.142857142857143 2.33784140625
4.178571428571429 2.33784140625
4.214285714285714 2.33784140625
4.25 2.33784140625
4.285714285714286 2.33784140625
4.321428571428571 2.33784140625
4.357142857142857 2.3341828125
4.392857142857143 2.33784140625
4.428571428571429 2.3341828125
4.464285714285714 2.3341828125
4.5 2.3341828125
4.535714285714286 2.3341828125
4.571428571428571 2.3341828125
4.607142857142857 2.3341828125
4.642857142857143 2.3341828125
4.678571428571429 2.3341828125
4.714285714285714 2.3341828125
4.75 2.3341828125
4.785714285714286 2.3341828125
4.821428571428571 2.33784140625
4.857142857142857 2.33784140625
4.892857142857143 2.3415
4.928571428571429 2.3415
4.964285714285714 2.326865625
5.0 2.33784140625
5.035714285714286 2.3341828125
5.071428571428571 2.3341828125
5.107142857142857 2.3341828125
5.142857142857143 2.3341828125
5.178571428571429 2.33052421875
5.214285714285714 2.33052421875
5.25 2.33052421875
5.285714285714286 2.33052421875
5.321428571428571 2.33052421875
5.357142857142857 2.33052421875
5.392857142857143 2.33052421875
5.428571428571429 2.33052421875
5.464285714285714 2.33052421875
5.5 2.326865625
5.535714285714286 2.326865625
5.571428571428571 2.33052421875
5.607142857142857 2.33052421875
5.642857142857143 2.326865625
5.678571428571429 2.326865625
5.714285714285714 2.326865625
5.75 2.326865625
5.785714285714286 2.326865625
5.821428571428571 2.326865625
5.857142857142857 2.33052421875
5.892857142857143 2.326865625
5.928571428571429 2.326865625
5.964285714285714 2.33052421875
6.0 2.33052421875
6.035714285714286 2.3341828125
6.071428571428571 2.33052421875
6.107142857142857 2.326865625
6.142857142857143 2.326865625
6.178571428571429 2.326865625
6.214285714285714 2.326865625
6.25 2.32320703125
6.285714285714286 2.32320703125
6.321428571428571 2.32320703125
6.357142857142857 2.32320703125
6.392857142857143 2.32320703125
6.428571428571429 2.32320703125
6.464285714285714 2.32320703125
6.5 2.32320703125
6.535714285714286 2.32320703125
6.571428571428571 2.3195484375
6.607142857142857 2.3195484375
6.642857142857143 2.3195484375
6.678571428571429 2.3195484375
6.714285714285714 2.3195484375
6.75 2.3195484375
6.785714285714286 2.3195484375
6.821428571428571 2.3195484375
6.857142857142857 2.3195484375
6.892857142857143 2.3195484375
6.928571428571429 2.3195484375
6.964285714285714 2.3195484375
7.0 2.3195484375
7.035714285714286 2.3195484375
7.071428571428571 2.3195484375
7.107142857142857 2.32320703125
7.142857142857143 2.32320703125
7.178571428571429 2.32320703125
7.214285714285714 2.31588984375
7.25 2.31588984375
7.285714285714286 2.31223125
7.321428571428571 2.31223125
7.357142857142857 2.31223125
7.392857142857143 2.31223125
7.428571428571429 2.31223125
7.464285714285714 2.30857265625
7.5 2.30857265625
7.535714285714286 2.30857265625
7.571428571428571 2.30857265625
7.607142857142857 2.30857265625
7.642857142857143 2.30857265625
7.678571428571429 2.30857265625
7.714285714285714 2.3049140625
7.75 2.30857265625
7.785714285714286 2.30857265625
7.821428571428571 2.3049140625
7.857142857142857 2.3049140625
7.892857142857143 2.3049140625
7.928571428571429 2.3049140625
7.964285714285714 2.3049140625
8.0 2.3049140625
8.035714285714286 2.3049140625
8.071428571428571 2.3049140625
8.107142857142858 2.30857265625
8.142857142857142 2.30857265625
8.178571428571429 2.30857265625
8.214285714285714 2.30857265625
8.25 2.31223125
8.285714285714286 2.30857265625
8.321428571428571 2.3049140625
8.357142857142858 2.3049140625
8.392857142857142 2.30125546875
8.428571428571429 2.30125546875
8.464285714285714 2.30125546875
8.5 2.30125546875
8.535714285714286 2.30125546875
8.571428571428571 2.30125546875
8.607142857142858 2.30125546875
8.642857142857142 2.297596875
8.678571428571429 2.297596875
8.714285714285714 2.297596875
8.75 2.297596875
8.785714285714286 2.297596875
8.821428571428571 2.297596875
8.857142857142858 2.297596875
8.892857142857142 2.297596875
8.928571428571429 2.297596875
8.964285714285714 2.297596875
9.0 2.297596875
9.035714285714286 2.297596875
9.071428571428571 2.297596875
9.107142857142858 2.297596875
9.142857142857142 2.297596875
9.178571428571429 2.297596875
9.214285714285714 2.297596875
9.25 2.297596875
9.285714285714286 2.297596875
9.321428571428571 2.30125546875
9.357142857142858 2.30125546875
9.392857142857142 2.2902796875
9.428571428571429 2.297596875
9.464285714285714 2.29393828125
9.5 2.29393828125
9.535714285714286 2.29393828125
9.571428571428571 2.2902796875
9.607142857142858 2.2902796875
9.642857142857142 2.2902796875
9.678571428571429 2.2902796875
9.714285714285714 2.2902796875
9.75 2.2902796875
9.785714285714286 2.2902796875
9.821428571428571 2.2902796875
9.857142857142858 2.28662109375
9.892857142857142 2.2902796875
9.928571428571429 2.28662109375
9.964285714285714 2.28662109375
10.0 2.28662109375
10.035714285714286 2.28662109375
10.071428571428571 2.28662109375
10.107142857142858 2.28662109375
10.142857142857142 2.28662109375
10.178571428571429 2.28662109375
10.214285714285714 2.28662109375
10.25 2.28662109375
10.285714285714286 2.28662109375
10.321428571428571 2.28662109375
10.357142857142858 2.2902796875
10.392857142857142 2.2902796875
10.428571428571429 2.29393828125
10.464285714285714 2.29393828125
10.5 2.2902796875
10.535714285714286 2.2902796875
10.571428571428571 2.28662109375
10.607142857142858 2.28662109375
10.642857142857142 2.28662109375
10.678571428571429 2.28662109375
10.714285714285714 2.28662109375
10.75 2.2829625
10.785714285714286 2.2829625
10.821428571428571 2.2829625
10.857142857142858 2.2829625
10.892857142857142 2.2829625
10.928571428571429 2.2829625
10.964285714285714 2.2829625
11.0 2.2829625
11.035714285714286 2.27930390625
11.071428571428571 2.27930390625
11.107142857142858 2.27930390625
11.142857142857142 2.27930390625
11.178571428571429 2.27930390625
11.214285714285714 2.27930390625
11.25 2.27930390625
11.285714285714286 2.27930390625
11.321428571428571 2.27930390625
11.357142857142858 2.27930390625
11.392857142857142 2.27930390625
11.428571428571429 2.27930390625
11.464285714285714 2.27930390625
11.5 2.2829625
11.535714285714286 2.2829625
11.571428571428571 2.28662109375
11.642857142857142 2.27930390625
11.678571428571429 2.2756453125
11.714285714285714 2.2756453125
11.75 2.2756453125
11.785714285714286 2.2756453125
11.821428571428571 2.2756453125
11.857142857142858 2.2756453125
11.892857142857142 2.27198671875
11.928571428571429 2.27198671875
11.964285714285714 2.27198671875
12.0 2.27198671875
12.035714285714286 2.27198671875
12.071428571428571 2.27198671875
12.107142857142858 2.27198671875
12.142857142857142 2.27198671875
12.178571428571429 2.27198671875
12.214285714285714 2.27198671875
12.25 2.27198671875
12.285714285714286 2.268328125
12.321428571428571 2.268328125
12.357142857142858 2.268328125
12.392857142857142 2.268328125
12.428571428571429 2.268328125
12.464285714285714 2.268328125
12.5 2.268328125
12.535714285714286 2.27198671875
12.571428571428571 2.27198671875
12.607142857142858 2.27198671875
12.642857142857142 2.2756453125
12.678571428571429 2.2756453125
12.714285714285714 2.2756453125
12.75 2.27198671875
12.785714285714286 2.27198671875
12.821428571428571 2.27198671875
12.857142857142858 2.268328125
12.892857142857142 2.268328125
12.928571428571429 2.268328125
12.964285714285714 2.268328125
13.0 2.268328125
13.035714285714286 2.26466953125
13.071428571428571 2.26466953125
13.107142857142858 2.26466953125
13.142857142857142 2.26466953125
13.178571428571429 2.26466953125
13.214285714285714 2.26466953125
13.25 2.26466953125
13.285714285714286 2.26466953125
13.321428571428571 2.26466953125
13.357142857142858 2.26466953125
13.392857142857142 2.26466953125
13.428571428571429 2.26466953125
13.464285714285714 2.26466953125
13.5 2.26466953125
13.535714285714286 2.26466953125
13.571428571428571 2.26466953125
13.607142857142858 2.26466953125
13.642857142857142 2.26466953125
13.678571428571429 2.26466953125
13.714285714285714 2.26466953125
13.75 2.268328125
13.785714285714286 2.27198671875
13.821428571428571 2.26466953125
13.857142857142858 2.26466953125
13.892857142857142 2.26466953125
13.928571428571429 2.2610109375
13.964285714285714 2.2610109375
14.0 2.2610109375
14.035714285714286 2.2610109375
14.071428571428571 2.25735234375
14.107142857142858 2.25735234375
14.142857142857142 2.25735234375
14.178571428571429 2.25735234375
14.214285714285714 2.25735234375
14.25 2.25735234375
14.285714285714286 2.25735234375
14.321428571428571 2.25735234375
14.357142857142858 2.25735234375
14.392857142857142 2.25735234375
14.428571428571429 2.25735234375
14.464285714285714 2.25735234375
14.5 2.25735234375
14.535714285714286 2.25735234375
14.571428571428571 2.25735234375
14.607142857142858 2.25735234375
14.642857142857142 2.25369375
14.678571428571429 2.25369375
14.714285714285714 2.25369375
14.75 2.25735234375
14.785714285714286 2.25735234375
14.821428571428571 2.25735234375
14.857142857142858 2.25735234375
14.892857142857142 2.2610109375
14.928571428571429 2.25735234375
14.964285714285714 2.25735234375
15.0 2.25369375
15.035714285714286 2.25369375
15.071428571428571 2.25369375
15.107142857142858 2.25003515625
15.142857142857142 2.25003515625
15.178571428571429 2.25003515625
15.214285714285714 2.25003515625
15.25 2.25003515625
15.285714285714286 2.25003515625
15.321428571428571 2.2463765625
15.357142857142858 2.2463765625
15.392857142857142 2.2463765625
15.428571428571429 2.2463765625
15.464285714285714 2.2463765625
15.5 2.2463765625
15.535714285714286 2.2463765625
15.571428571428571 2.24271796875
15.607142857142858 2.24271796875
15.642857142857142 2.24271796875
15.678571428571429 2.24271796875
15.714285714285714 2.24271796875
15.75 2.24271796875
15.785714285714286 2.24271796875
15.821428571428571 2.24271796875
15.857142857142858 2.2463765625
15.892857142857142 2.2463765625
15.928571428571429 2.2463765625
15.964285714285714 2.25003515625
16.0 2.25369375
16.035714285714285 2.25003515625
16.071428571428573 2.2463765625
16.107142857142858 2.24271796875
16.142857142857142 2.239059375
16.178571428571427 2.239059375
16.214285714285715 2.2317421875
16.25 2.2317421875
16.285714285714285 2.2317421875
16.321428571428573 2.2317421875
16.357142857142858 2.2317421875
16.392857142857142 2.22808359375
16.428571428571427 2.22808359375
16.464285714285715 2.22808359375
16.5 2.22808359375
16.535714285714285 2.22808359375
16.571428571428573 2.22808359375
16.607142857142858 2.22808359375
16.642857142857142 2.22808359375
16.678571428571427 2.224425
16.714285714285715 2.224425
16.75 2.22808359375
16.785714285714285 2.22808359375
16.821428571428573 2.22808359375
16.857142857142858 2.224425
16.892857142857142 2.224425
16.928571428571427 2.224425
16.964285714285715 2.22808359375
17.0 2.22808359375
17.035714285714285 2.22808359375
17.071428571428573 2.23540078125
17.107142857142858 2.2317421875
17.178571428571427 2.22808359375
17.214285714285715 2.224425
17.25 2.224425
17.285714285714285 2.224425
17.321428571428573 2.224425
17.357142857142858 2.22076640625
17.392857142857142 2.22076640625
17.428571428571427 2.22076640625
17.464285714285715 2.22076640625
17.5 2.22076640625
17.535714285714285 2.22076640625
17.571428571428573 2.2171078125
17.607142857142858 2.2171078125
17.642857142857142 2.22076640625
17.678571428571427 2.2171078125
17.714285714285715 2.2171078125
17.75 2.2171078125
17.785714285714285 2.2171078125
17.821428571428573 2.2171078125
17.857142857142858 2.2171078125
17.892857142857142 2.2171078125
17.928571428571427 2.21344921875
17.964285714285715 2.2171078125
18.0 2.21344921875
18.035714285714285 2.21344921875
18.071428571428573 2.2171078125
18.107142857142858 2.2171078125
18.142857142857142 2.2171078125
18.178571428571427 2.22076640625
18.214285714285715 2.22076640625
18.25 2.2171078125
18.285714285714285 2.2171078125
18.321428571428573 2.21344921875
18.357142857142858 2.21344921875
18.392857142857142 2.21344921875
18.428571428571427 2.21344921875
18.464285714285715 2.209790625
18.5 2.209790625
18.535714285714285 2.209790625
18.571428571428573 2.209790625
18.607142857142858 2.209790625
18.642857142857142 2.209790625
18.678571428571427 2.209790625
18.714285714285715 2.20613203125
18.75 2.20613203125
18.785714285714285 2.20613203125
18.821428571428573 2.20613203125
18.857142857142858 2.20613203125
18.892857142857142 2.20613203125
18.928571428571427 2.20613203125
18.964285714285715 2.20613203125
19.0 2.20613203125
19.035714285714285 2.20613203125
19.071428571428573 2.20613203125
19.107142857142858 2.20613203125
19.142857142857142 2.20613203125
19.178571428571427 2.20613203125
19.214285714285715 2.209790625
19.25 2.209790625
19.285714285714285 2.21344921875
19.321428571428573 2.21344921875
19.357142857142858 2.209790625
19.392857142857142 2.20613203125
19.428571428571427 2.20613203125
19.464285714285715 2.20613203125
19.5 2.2024734375
19.535714285714285 2.2024734375
19.571428571428573 2.2024734375
19.607142857142858 2.2024734375
19.642857142857142 2.19881484375
19.678571428571427 2.2024734375
19.714285714285715 2.19881484375
19.75 2.19881484375
19.785714285714285 2.19881484375
19.821428571428573 2.19881484375
19.857142857142858 2.19881484375
19.892857142857142 2.19881484375
19.928571428571427 2.19881484375
19.964285714285715 2.19881484375
20.0 2.19881484375
20.035714285714285 2.19881484375
20.071428571428573 2.19881484375
20.107142857142858 2.19881484375
20.142857142857142 2.19881484375
20.178571428571427 2.19881484375
20.214285714285715 2.19881484375
20.25 2.19881484375
20.285714285714285 2.19881484375
20.321428571428573 2.19881484375
20.357142857142858 2.19881484375
20.392857142857142 2.20613203125
20.428571428571427 2.2024734375
20.464285714285715 2.20613203125
20.5 2.19881484375
20.535714285714285 2.19881484375
20.571428571428573 2.19881484375
20.607142857142858 2.19881484375
20.642857142857142 2.19515625
20.678571428571427 2.19515625
20.714285714285715 2.19515625
20.75 2.19515625
20.785714285714285 2.19515625
20.821428571428573 2.19515625
20.857142857142858 2.19515625
20.892857142857142 2.19515625
20.928571428571427 2.19149765625
20.964285714285715 2.19149765625
21.0 2.19149765625
21.035714285714285 2.19149765625
21.071428571428573 2.19149765625
21.107142857142858 2.19149765625
21.142857142857142 2.19149765625
21.178571428571427 2.19149765625
21.214285714285715 2.19149765625
21.25 2.19149765625
21.285714285714285 2.19149765625
21.321428571428573 2.19149765625
21.357142857142858 2.19149765625
21.392857142857142 2.19149765625
21.428571428571427 2.19515625
21.464285714285715 2.19515625
21.5 2.2024734375
21.535714285714285 2.2024734375
21.571428571428573 2.19881484375
21.607142857142858 2.19515625
21.642857142857142 2.19149765625
21.678571428571427 2.19149765625
21.714285714285715 2.19149765625
21.75 2.1878390625
21.785714285714285 2.1878390625
21.821428571428573 2.1878390625
21.857142857142858 2.1878390625
21.892857142857142 2.1878390625
21.928571428571427 2.1878390625
21.964285714285715 2.1878390625
22.0 2.1878390625
22.035714285714285 2.1878390625
22.071428571428573 2.18418046875
22.107142857142858 2.18418046875
22.142857142857142 2.18418046875
22.178571428571427 2.18418046875
22.214285714285715 2.18418046875
22.25 2.18418046875
22.285714285714285 2.18418046875
22.321428571428573 2.18418046875
22.357142857142858 2.18418046875
22.392857142857142 2.18418046875
22.428571428571427 2.18418046875
22.464285714285715 2.18418046875
22.5 2.1878390625
22.535714285714285 2.1878390625
22.571428571428573 2.18418046875
22.607142857142858 2.19149765625
22.642857142857142 2.19149765625
22.678571428571427 2.1878390625
22.714285714285715 2.18418046875
22.75 2.18418046875
22.785714285714285 2.18418046875
22.821428571428573 2.180521875
22.857142857142858 2.180521875
22.892857142857142 2.180521875
22.928571428571427 2.180521875
22.964285714285715 2.17686328125
23.0 2.17686328125
23.035714285714285 2.17686328125
23.071428571428573 2.17686328125
23.107142857142858 2.1732046875
23.142857142857142 2.1732046875
23.178571428571427 2.1732046875
23.214285714285715 2.1732046875
23.25 2.1732046875
23.285714285714285 2.16954609375
23.321428571428573 2.16954609375
23.357142857142858 2.16954609375
23.392857142857142 2.16954609375
23.428571428571427 2.16954609375
23.464285714285715 2.16954609375
23.5 2.16954609375
23.535714285714285 2.16954609375
23.571428571428573 2.16954609375
23.607142857142858 2.1732046875
23.642857142857142 2.1732046875
23.678571428571427 2.17686328125
23.714285714285715 2.180521875
23.75 2.180521875
23.785714285714285 2.18418046875
23.821428571428573 2.17686328125
23.857142857142858 2.1732046875
23.892857142857142 2.16954609375
23.928571428571427 2.1658875
23.964285714285715 2.1658875
24.0 2.1658875
24.035714285714285 2.16222890625
24.071428571428573 2.16222890625
24.107142857142858 2.1658875
24.142857142857142 2.1658875
24.178571428571427 2.16222890625
24.214285714285715 2.16222890625
24.25 2.1585703125
24.285714285714285 2.1585703125
24.321428571428573 2.1585703125
24.357142857142858 2.1585703125
24.392857142857142 2.1585703125
24.428571428571427 2.1585703125
24.464285714285715 2.1585703125
24.5 2.1585703125
24.535714285714285 2.1585703125
24.571428571428573 2.1585703125
24.607142857142858 2.1585703125
24.642857142857142 2.1585703125
24.678571428571427 2.1585703125
24.714285714285715 2.1585703125
24.75 2.1585703125
24.785714285714285 2.1658875
24.821428571428573 2.16954609375
24.857142857142858 2.1658875
24.892857142857142 2.16222890625
24.928571428571427 2.16222890625
24.964285714285715 2.1585703125
25.0 2.1585703125
25.035714285714285 2.15491171875
25.071428571428573 2.1585703125
25.107142857142858 2.15491171875
25.142857142857142 2.15491171875
25.178571428571427 2.15491171875
25.214285714285715 2.15491171875
25.25 2.15491171875
25.285714285714285 2.15491171875
25.321428571428573 2.15491171875
25.357142857142858 2.151253125
25.392857142857142 2.151253125
25.428571428571427 2.151253125
25.464285714285715 2.151253125
25.5 2.151253125
25.535714285714285 2.151253125
25.571428571428573 2.151253125
25.607142857142858 2.151253125
25.642857142857142 2.151253125
25.678571428571427 2.151253125
25.714285714285715 2.151253125
25.75 2.14759453125
25.785714285714285 2.151253125
25.821428571428573 2.15491171875
25.857142857142858 2.15491171875
25.892857142857142 2.15491171875
25.928571428571427 2.1585703125
25.964285714285715 2.1585703125
26.0 2.16222890625
26.035714285714285 2.151253125
26.071428571428573 2.151253125
26.107142857142858 2.151253125
26.142857142857142 2.14759453125
26.178571428571427 2.14759453125
26.214285714285715 2.14759453125
26.25 2.1439359375
26.285714285714285 2.1439359375
26.321428571428573 2.1439359375
26.357142857142858 2.1439359375
26.392857142857142 2.1402773437500002
26.428571428571427 2.1402773437500002
26.464285714285715 2.1402773437500002
26.5 2.1402773437500002
26.535714285714285 2.1402773437500002
26.571428571428573 2.1402773437500002
26.607142857142858 2.13661875
26.642857142857142 2.13661875
26.678571428571427 2.1402773437500002
26.714285714285715 2.1402773437500002
26.75 2.1402773437500002
26.785714285714285 2.13661875
26.821428571428573 2.1402773437500002
26.857142857142858 2.13661875
26.892857142857142 2.13661875
26.928571428571427 2.1402773437500002
26.964285714285715 2.1402773437500002
27.0 2.1402773437500002
27.035714285714285 2.151253125
27.071428571428573 2.151253125
27.107142857142858 2.1439359375
27.142857142857142 2.13661875
27.178571428571427 2.13661875
27.214285714285715 2.13296015625
27.25 2.13296015625
27.285714285714285 2.1293015625
27.321428571428573 2.1293015625
27.357142857142858 2.13661875
27.392857142857142 2.1293015625
27.428571428571427 2.13296015625
27.464285714285715 2.13296015625
27.5 2.13296015625
27.535714285714285 2.13296015625
27.571428571428573 2.12564296875
27.607142857142858 2.12564296875
27.642857142857142 2.121984375
27.678571428571427 2.1293015625
27.714285714285715 2.121984375
27.75 2.121984375
27.785714285714285 2.121984375
27.821428571428573 2.121984375
27.857142857142858 2.121984375
27.892857142857142 2.121984375
27.928571428571427 2.12564296875
27.964285714285715 2.12564296875
28.0 2.121984375
28.035714285714285 2.13296015625
28.071428571428573 2.13296015625
28.107142857142858 2.12564296875
28.142857142857142 2.13296015625
28.178571428571427 2.13296015625
28.214285714285715 2.1293015625
28.25 2.1293015625
28.285714285714285 2.1293015625
28.321428571428573 2.121984375
28.357142857142858 2.121984375
28.392857142857142 2.11832578125
28.428571428571427 2.11832578125
28.464285714285715 2.1146671875
28.5 2.11832578125
28.535714285714285 2.1146671875
28.571428571428573 2.1146671875
28.607142857142858 2.11832578125
28.642857142857142 2.11832578125
28.678571428571427 2.11832578125
28.714285714285715 2.11832578125
28.75 2.11832578125
28.785714285714285 2.1146671875
28.821428571428573 2.1146671875
28.857142857142858 2.1146671875
28.892857142857142 2.1146671875
28.928571428571427 2.1146671875
28.964285714285715 2.1146671875
29.0 2.1146671875
29.035714285714285 2.1146671875
29.071428571428573 2.1146671875
29.107142857142858 2.1146671875
29.142857142857142 2.1146671875
29.178571428571427 2.1146671875
29.214285714285715 2.11832578125
29.25 2.12564296875
29.285714285714285 2.12564296875
29.321428571428573 2.12564296875
29.357142857142858 2.11832578125
29.392857142857142 2.1146671875
29.428571428571427 2.1146671875
29.464285714285715 2.11100859375
29.5 2.11100859375
29.535714285714285 2.11100859375
29.571428571428573 2.11100859375
29.607142857142858 2.11100859375
29.642857142857142 2.11100859375
29.678571428571427 2.10735
29.714285714285715 2.10735
29.75 2.10369140625
29.785714285714285 2.10369140625
29.821428571428573 2.10735
29.857142857142858 2.10735
29.892857142857142 2.10369140625
29.928571428571427 2.10369140625
29.964285714285715 2.1000328125
30.0 2.1000328125
30.035714285714285 2.1000328125
30.071428571428573 2.1000328125
30.107142857142858 2.1000328125
30.142857142857142 2.1000328125
30.178571428571427 2.1000328125
30.214285714285715 2.1000328125
30.25 2.1000328125
30.285714285714285 2.10735
30.321428571428573 2.11100859375
30.357142857142858 2.1146671875
30.392857142857142 2.1146671875
30.428571428571427 2.11100859375
30.464285714285715 2.11100859375
30.5 2.10735
30.535714285714285 2.10735
30.571428571428573 2.10735
30.607142857142858 2.10369140625
30.642857142857142 2.10369140625
30.678571428571427 2.1000328125
30.714285714285715 2.1000328125
30.75 2.1000328125
30.785714285714285 2.09637421875
30.821428571428573 2.09637421875
30.857142857142858 2.092715625
30.892857142857142 2.09637421875
30.928571428571427 2.09637421875
30.964285714285715 2.09637421875
31.0 2.09637421875
31.035714285714285 2.09637421875
31.071428571428573 2.092715625
31.107142857142858 2.092715625
31.142857142857142 2.092715625
31.178571428571427 2.092715625
31.214285714285715 2.092715625
31.25 2.092715625
31.285714285714285 2.092715625
31.321428571428573 2.092715625
31.357142857142858 2.092715625
31.392857142857142 2.09637421875
31.428571428571427 2.09637421875
31.464285714285715 2.1000328125
31.5 2.08905703125
31.535714285714285 2.092715625
31.571428571428573 2.08905703125
31.607142857142858 2.08905703125
31.642857142857142 2.08905703125
31.678571428571427 2.08905703125
31.714285714285715 2.08905703125
31.75 2.0853984375
31.785714285714285 2.0853984375
31.821428571428573 2.0853984375
31.857142857142858 2.0853984375
31.892857142857142 2.0853984375
31.928571428571427 2.0853984375
31.964285714285715 2.08173984375
32.0 2.08173984375
32.035714285714285 2.08173984375
32.07142857142857 2.08173984375
32.107142857142854 2.08173984375
32.142857142857146 2.08173984375
32.17857142857143 2.08173984375
32.214285714285715 2.08173984375
32.25 2.07808125
32.285714285714285 2.07808125
32.32142857142857 2.07808125
32.357142857142854 2.07808125
32.392857142857146 2.07808125
32.42857142857143 2.07808125
32.464285714285715 2.07808125
32.5 2.08173984375
32.535714285714285 2.08173984375
32.57142857142857 2.08173984375
32.607142857142854 2.0853984375
32.642857142857146 2.07808125
32.67857142857143 2.07808125
32.714285714285715 2.07808125
32.75 2.07808125
32.785714285714285 2.07808125
32.82142857142857 2.07442265625
32.857142857142854 2.07442265625
32.892857142857146 2.07442265625
32.92857142857143 2.07442265625
32.964285714285715 2.0707640625
33.0 2.0707640625
33.035714285714285 2.0707640625
33.07142857142857 2.0707640625
33.107142857142854 2.0707640625
33.142857142857146 2.0707640625
33.17857142857143 2.0707640625
33.214285714285715 2.0707640625
33.25 2.0707640625
33.285714285714285 2.06710546875
33.32142857142857 2.0707640625
33.357142857142854 2.06710546875
33.392857142857146 2.06710546875
33.42857142857143 2.06710546875
33.464285714285715 2.06710546875
33.5 2.06710546875
33.535714285714285 2.06710546875
33.57142857142857 2.06710546875
33.607142857142854 2.07442265625
33.642857142857146 2.0707640625
33.67857142857143 2.07808125
33.714285714285715 2.08173984375
33.75 2.07808125
33.785714285714285 2.07442265625
33.82142857142857 2.0707640625
33.857142857142854 2.0707640625
33.892857142857146 2.06710546875
33.92857142857143 2.06710546875
33.964285714285715 2.06710546875
34.0 2.063446875
34.035714285714285 2.063446875
34.07142857142857 2.063446875
34.107142857142854 2.063446875
34.142857142857146 2.05978828125
34.17857142857143 2.05978828125
34.214285714285715 2.05978828125
34.25 2.05978828125
34.285714285714285 2.05978828125
34.32142857142857 2.05978828125
34.357142857142854 2.05978828125
34.392857142857146 2.05978828125
34.42857142857143 2.05978828125
34.464285714285715 2.0561296875
34.5 2.0561296875
34.535714285714285 2.0561296875
34.57142857142857 2.0561296875
34.607142857142854 2.0561296875
34.642857142857146 2.0561296875
34.67857142857143 2.0561296875
34.714285714285715 2.05978828125
34.75 2.05978828125
34.785714285714285 2.05978828125
34.82142857142857 2.06710546875
34.857142857142854 2.0561296875
34.892857142857146 2.0561296875
34.92857142857143 2.0561296875
34.964285714285715 2.05247109375
35.0 2.05247109375
35.035714285714285 2.05247109375
35.07142857142857 2.05247109375
35.107142857142854 2.05247109375
35.142857142857146 2.0488125
35.17857142857143 2.0488125
35.214285714285715 2.0488125
35.25 2.0488125
35.285714285714285 2.0488125
35.32142857142857 2.0488125
35.357142857142854 2.0488125
35.392857142857146 2.0488125
35.42857142857143 2.0488125
35.464285714285715 2.0488125
35.5 2.0488125
35.535714285714285 2.04515390625
35.57142857142857 2.04515390625
35.607142857142854 2.0488125
35.642857142857146 2.0488125
35.67857142857143 2.04515390625
35.714285714285715 2.04515390625
35.75 2.04515390625
35.785714285714285 2.0488125
35.82142857142857 2.0488125
35.857142857142854 2.04515390625
35.892857142857146 2.05247109375
35.92857142857143 2.05247109375
35.964285714285715 2.0488125
36.0 2.0488125
36.035714285714285 2.04515390625
36.07142857142857 2.04515390625
36.107142857142854 2.04515390625
36.142857142857146 2.04515390625
36.17857142857143 2.04515390625
36.214285714285715 2.0414953125
36.25 2.0414953125
36.285714285714285 2.0414953125
36.32142857142857 2.0414953125
36.357142857142854 2.0414953125
36.392857142857146 2.0414953125
36.42857142857143 2.0414953125
36.464285714285715 2.03783671875
36.5 2.03783671875
36.535714285714285 2.03783671875
36.57142857142857 2.03783671875
36.607142857142854 2.03783671875
36.642857142857146 2.03783671875
36.67857142857143 2.03783671875
36.714285714285715 2.03783671875
36.75 2.03783671875
36.785714285714285 2.03783671875
36.82142857142857 2.03783671875
36.857142857142854 2.03783671875
36.892857142857146 2.03783671875
36.92857142857143 2.0414953125
36.964285714285715 2.0414953125
37.0 2.0414953125
37.035714285714285 2.04515390625
37.07142857142857 2.04515390625
37.107142857142854 2.0414953125
37.142857142857146 2.03783671875
37.17857142857143 2.03783671875
37.214285714285715 2.03783671875
37.25 2.03783671875
37.285714285714285 2.03783671875
37.32142857142857 2.034178125
37.357142857142854 2.034178125
37.392857142857146 2.034178125
37.42857142857143 2.034178125
37.464285714285715 2.034178125
37.5 2.034178125
37.535714285714285 2.034178125
37.57142857142857 2.034178125
37.607142857142854 2.03051953125
37.642857142857146 2.03051953125
37.67857142857143 2.03051953125
37.714285714285715 2.03051953125
37.75 2.03051953125
37.785714285714285 2.03051953125
37.82142857142857 2.03051953125
37.857142857142854 2.03051953125
37.892857142857146 2.03051953125
37.92857142857143 2.03051953125
37.964285714285715 2.03051953125
38.0 2.03051953125
38.035714285714285 2.034178125
38.07142857142857 2.034178125
38.107142857142854 2.03783671875
38.142857142857146 2.03783671875
38.17857142857143 2.03783671875
38.214285714285715 2.03783671875
38.25 2.034178125
38.285714285714285 2.03051953125
38.32142857142857 2.03051953125
38.357142857142854 2.03051953125
38.392857142857146 2.0268609375
38.42857142857143 2.0268609375
38.464285714285715 2.0268609375
38.5 2.0268609375
38.535714285714285 2.0268609375
38.57142857142857 2.0268609375
38.607142857142854 2.02320234375
38.642857142857146 2.02320234375
38.67857142857143 2.02320234375
38.714285714285715 2.02320234375
38.75 2.02320234375
38.785714285714285 2.02320234375
38.82142857142857 2.02320234375
38.857142857142854 2.02320234375
38.892857142857146 2.02320234375
38.92857142857143 2.02320234375
38.964285714285715 2.02320234375
39.0 2.02320234375
39.035714285714285 2.02320234375
39.07142857142857 2.02320234375
39.107142857142854 2.0122265625
39.142857142857146 2.02320234375
39.17857142857143 2.02320234375
39.214285714285715 2.0268609375
39.25 2.03051953125
39.285714285714285 2.0268609375
39.32142857142857 2.0268609375
39.357142857142854 2.02320234375
39.392857142857146 2.02320234375
39.42857142857143 2.004909375
39.464285714285715 2.01954375
39.5 2.01954375
39.535714285714285 2.01954375
39.57142857142857 2.01588515625
39.607142857142854 2.01588515625
39.642857142857146 2.01588515625
39.67857142857143 2.01588515625
39.714285714285715 2.01588515625
39.75 2.01588515625
39.785714285714285 2.01588515625
39.82142857142857 2.00125078125
39.857142857142854 1.9975921875
39.892857142857146 2.00125078125
39.92857142857143 1.9975921875
