0.03571428571428571 3.90371953125
0.07142857142857142 3.90371953125
0.10714285714285714 3.90371953125
0.14285714285714285 3.90371953125
0.17857142857142858 3.90371953125
0.21428571428571427 3.90371953125
0.25 3.9000609375
0.2857142857142857 3.9000609375
0.32142857142857145 3.9000609375
0.35714285714285715 3.9000609375
0.39285714285714285 3.9000609375
0.42857142857142855 3.9000609375
0.4642857142857143 3.9000609375
0.5 3.9000609375
0.5357142857142857 3.9000609375
0.5714285714285714 3.9000609375
0.6071428571428571 3.9000609375
0.6428571428571429 3.9000609375
0.6785714285714286 3.9000609375
0.7142857142857143 3.9000609375
0.75 3.9000609375
0.7857142857142857 3.9000609375
0.8214285714285714 3.9000609375
0.8571428571428571 3.9000609375
0.8928571428571429 3.9000609375
0.9285714285714286 3.9000609375
0.9642857142857143 3.9000609375
1.0 3.9000609375
1.0357142857142858 3.9000609375
1.0714285714285714 3.9000609375
1.2142857142857142 3.89274375
1.3928571428571428 3.91103671875
1.4642857142857142 3.91835390625
1.5 3.9146953125
1.5357142857142858 3.91835390625
1.5714285714285714 3.91835390625
1.6071428571428572 3.91835390625
1.6428571428571428 3.91835390625
1.6785714285714286 3.91835390625
1.7142857142857142 3.91835390625
1.75 3.91835390625
1.7857142857142858 3.91835390625
1.8214285714285714 3.91835390625
1.8571428571428572 3.91835390625
1.8928571428571428 3.91835390625
1.9285714285714286 3.91835390625
1.9642857142857142 3.91835390625
2.0 3.9146953125
2.0357142857142856 3.9146953125
2.0714285714285716 3.9146953125
2.107142857142857 3.9146953125
2.142857142857143 3.9146953125
2.1785714285714284 3.9146953125
2.2142857142857144 3.9146953125
2.25 3.9146953125
2.2857142857142856 3.9146953125
2.3214285714285716 3.9146953125
2.357142857142857 3.9146953125
2.392857142857143 3.9146953125
2.4285714285714284 3.9146953125
2.4642857142857144 3.91835390625
2.5 3.92567109375
2.5357142857142856 3.92567109375
2.642857142857143 3.92567109375
2.7857142857142856 3.88176796875
2.8214285714285716 3.90371953125
2.892857142857143 3.907378125
2.9285714285714284 3.91103671875
2.9642857142857144 3.91103671875
3.0 3.91103671875
3.0357142857142856 3.91103671875
3.0714285714285716 3.9146953125
3.107142857142857 3.9146953125
3.142857142857143 3.9146953125
3.1785714285714284 3.9146953125
3.2142857142857144 3.91835390625
3.25 3.91835390625
3.2857142857142856 3.9146953125
3.3214285714285716 3.9146953125
3.357142857142857 3.9146953125
3.392857142857143 3.9146953125
3.4285714285714284 3.9146953125
3.4642857142857144 3.9146953125
3.5 3.9146953125
3.5357142857142856 3.9146953125
3.5714285714285716 3.9146953125
3.607142857142857 3.9146953125
3.642857142857143 3.9146953125
3.6785714285714284 3.9146953125
3.7142857142857144 3.9146953125
3.75 3.9146953125
3.7857142857142856 3.9146953125
3.8214285714285716 3.9146953125
3.857142857142857 3.9146953125
3.892857142857143 3.9146953125
3.9285714285714284 3.9146953125
3.9642857142857144 3.9146953125
4.214285714285714 3.88176796875
4.285714285714286 3.9293296875
4.357142857142857 3.92567109375
4.392857142857143 3.9293296875
4.428571428571429 3.9293296875
4.464285714285714 3.9293296875
4.5 3.9293296875
4.535714285714286 3.9293296875
4.571428571428571 3.9293296875
4.607142857142857 3.9293296875
4.642857142857143 3.9293296875
4.678571428571429 3.93298828125
4.714285714285714 3.93298828125
4.75 3.93298828125
4.785714285714286 3.93298828125
4.821428571428571 3.93298828125
4.857142857142857 3.93298828125
4.892857142857143 3.93298828125
4.928571428571429 3.93298828125
4.964285714285714 3.93298828125
5.0 3.93298828125
5.035714285714286 3.93298828125
5.071428571428571 3.93298828125
5.107142857142857 3.93298828125
5.142857142857143 3.93298828125
5.178571428571429 3.93298828125
5.214285714285714 3.93298828125
5.25 3.93298828125
5.285714285714286 3.93298828125
5.321428571428571 3.93298828125
5.357142857142857 3.9439640625
5.392857142857143 3.94762265625
5.5 3.9293296875
5.535714285714286 3.9439640625
5.571428571428571 3.936646875
5.642857142857143 3.85981640625
5.714285714285714 3.91103671875
5.75 3.907378125
5.785714285714286 3.907378125
5.821428571428571 3.91103671875
5.857142857142857 3.9146953125
5.892857142857143 3.9146953125
5.928571428571429 3.9146953125
5.964285714285714 3.91835390625
6.0 3.91835390625
6.035714285714286 3.91835390625
6.071428571428571 3.91835390625
6.107142857142857 3.91835390625
6.142857142857143 3.9220125
6.178571428571429 3.9220125
6.214285714285714 3.9220125
6.25 3.9220125
6.285714285714286 3.9220125
6.321428571428571 3.9220125
6.357142857142857 3.9220125
6.392857142857143 3.9220125
6.428571428571429 3.9220125
6.464285714285714 3.9220125
6.5 3.9220125
6.535714285714286 3.9220125
6.571428571428571 3.9220125
6.607142857142857 3.9220125
6.642857142857143 3.9220125
6.678571428571429 3.9220125
6.714285714285714 3.9220125
6.75 3.9293296875
6.785714285714286 3.9293296875
6.821428571428571 3.9293296875
6.928571428571429 3.907378125
6.964285714285714 3.9220125
7.178571428571429 3.88176796875
7.214285714285714 3.88176796875
7.25 3.8854265625
7.285714285714286 3.88908515625
7.321428571428571 3.89274375
7.357142857142857 3.89274375
7.392857142857143 3.89274375
7.428571428571429 3.89274375
7.464285714285714 3.89640234375
7.5 3.89640234375
7.535714285714286 3.89640234375
7.571428571428571 3.89640234375
7.607142857142857 3.89640234375
7.642857142857143 3.89640234375
7.678571428571429 3.9000609375
7.714285714285714 3.9000609375
7.75 3.9000609375
7.785714285714286 3.9000609375
7.821428571428571 3.9000609375
7.857142857142857 3.9000609375
7.892857142857143 3.9000609375
7.928571428571429 3.9000609375
7.964285714285714 3.9000609375
8.0 3.9000609375
8.035714285714286 3.9000609375
8.071428571428571 3.9000609375
8.107142857142858 3.9000609375
8.142857142857142 3.90371953125
8.178571428571429 3.907378125
8.214285714285714 3.907378125
8.25 3.90371953125
8.571428571428571 3.8488406250000002
8.607142857142858 3.8524992187500002
8.642857142857142 3.8524992187500002
8.678571428571429 3.8561578125000002
8.714285714285714 3.85981640625
8.75 3.85981640625
8.785714285714286 3.85981640625
8.821428571428571 3.863475
8.857142857142858 3.863475
8.892857142857142 3.863475
8.928571428571429 3.863475
8.964285714285714 3.863475
9.0 3.86713359375
9.035714285714286 3.86713359375
9.071428571428571 3.86713359375
9.107142857142858 3.86713359375
9.142857142857142 3.8707921875
9.178571428571429 3.8707921875
9.214285714285714 3.86713359375
9.25 3.8707921875
9.285714285714286 3.8707921875
9.321428571428571 3.8707921875
9.357142857142858 3.8707921875
9.392857142857142 3.8707921875
9.428571428571429 3.8707921875
9.464285714285714 3.8707921875
9.5 3.8707921875
9.535714285714286 3.8707921875
9.571428571428571 3.87445078125
9.607142857142858 3.878109375
9.642857142857142 3.878109375
9.678571428571429 3.878109375
10.0 3.8415234375
10.035714285714286 3.84518203125
10.071428571428571 3.8488406250000002
10.107142857142858 3.8488406250000002
10.142857142857142 3.8524992187500002
10.178571428571429 3.8524992187500002
10.214285714285714 3.8561578125000002
10.25 3.8561578125000002
10.285714285714286 3.8561578125000002
10.321428571428571 3.8561578125000002
10.357142857142858 3.85981640625
10.392857142857142 3.85981640625
10.428571428571429 3.85981640625
10.464285714285714 3.85981640625
10.5 3.85981640625
10.535714285714286 3.85981640625
10.571428571428571 3.85981640625
10.607142857142858 3.863475
10.642857142857142 3.863475
10.678571428571429 3.863475
10.714285714285714 3.863475
10.75 3.863475
10.785714285714286 3.863475
10.821428571428571 3.863475
10.857142857142858 3.863475
10.892857142857142 3.863475
10.928571428571429 3.863475
10.964285714285714 3.86713359375
11.0 3.86713359375
11.035714285714286 3.8707921875
11.071428571428571 3.8707921875
11.107142857142858 3.86713359375
11.428571428571429 3.81591328125
11.464285714285714 3.819571875
11.5 3.82323046875
11.535714285714286 3.82323046875
11.571428571428571 3.8268890625
11.607142857142858 3.8268890625
11.642857142857142 3.83054765625
11.678571428571429 3.83054765625
11.714285714285714 3.83054765625
11.75 3.83420625
11.785714285714286 3.83420625
11.821428571428571 3.83420625
11.857142857142858 3.83420625
11.892857142857142 3.83420625
11.928571428571429 3.83420625
11.964285714285714 3.83420625
12.0 3.83786484375
12.035714285714286 3.83786484375
12.071428571428571 3.83786484375
12.107142857142858 3.83786484375
12.142857142857142 3.83786484375
12.178571428571429 3.83786484375
12.214285714285714 3.83786484375
12.25 3.83786484375
12.285714285714286 3.8415234375
12.321428571428571 3.8415234375
12.357142857142858 3.8415234375
12.392857142857142 3.8415234375
12.428571428571429 3.8415234375
12.464285714285714 3.84518203125
12.5 3.8415234375
12.535714285714286 3.8415234375
12.857142857142858 3.80859609375
12.892857142857142 3.8122546875
12.928571428571429 3.8122546875
12.964285714285714 3.81591328125
13.0 3.819571875
13.035714285714286 3.819571875
13.071428571428571 3.819571875
13.107142857142858 3.82323046875
13.142857142857142 3.82323046875
13.178571428571429 3.82323046875
13.214285714285714 3.82323046875
13.25 3.82323046875
13.285714285714286 3.82323046875
13.321428571428571 3.8268890625
13.357142857142858 3.8268890625
13.392857142857142 3.8268890625
13.428571428571429 3.8268890625
13.464285714285714 3.8268890625
13.5 3.8268890625
13.535714285714286 3.8268890625
13.571428571428571 3.83054765625
13.607142857142858 3.83054765625
13.642857142857142 3.83054765625
13.678571428571429 3.83054765625
13.714285714285714 3.83054765625
13.75 3.83054765625
13.785714285714286 3.83054765625
13.821428571428571 3.83054765625
13.857142857142858 3.83054765625
13.892857142857142 3.83420625
13.928571428571429 3.83420625
13.964285714285714 3.83054765625
14.285714285714286 3.790303125
14.321428571428571 3.790303125
14.357142857142858 3.79396171875
14.392857142857142 3.7976203125
14.428571428571429 3.7976203125
14.464285714285714 3.80127890625
14.5 3.8049375
14.535714285714286 3.8049375
14.571428571428571 3.8049375
14.607142857142858 3.8049375
14.642857142857142 3.8049375
14.678571428571429 3.8049375
14.714285714285714 3.80859609375
14.75 3.80859609375
14.785714285714286 3.80859609375
14.821428571428571 3.80859609375
14.857142857142858 3.80859609375
14.892857142857142 3.80859609375
14.928571428571429 3.80859609375
14.964285714285714 3.80859609375
15.0 3.80859609375
15.035714285714286 3.80859609375
15.071428571428571 3.80859609375
15.107142857142858 3.80859609375
15.142857142857142 3.8122546875
15.178571428571429 3.8122546875
15.214285714285714 3.8122546875
15.25 3.8122546875
15.285714285714286 3.8122546875
15.321428571428571 3.81591328125
15.714285714285714 3.7829859375
15.75 3.78664453125
15.785714285714286 3.790303125
15.821428571428571 3.790303125
15.857142857142858 3.79396171875
15.892857142857142 3.79396171875
15.928571428571429 3.7976203125
15.964285714285714 3.7976203125
16.0 3.7976203125
16.035714285714285 3.7976203125
16.071428571428573 3.7976203125
16.107142857142858 3.7976203125
16.142857142857142 3.80127890625
16.178571428571427 3.80127890625
16.214285714285715 3.80127890625
16.25 3.80127890625
16.285714285714285 3.80127890625
16.321428571428573 3.80127890625
16.357142857142858 3.8049375
16.392857142857142 3.8049375
16.428571428571427 3.8049375
16.464285714285715 3.8049375
16.5 3.8049375
16.535714285714285 3.8049375
16.571428571428573 3.8049375
16.607142857142858 3.8049375
16.642857142857142 3.8049375
16.678571428571427 3.8049375
16.714285714285715 3.80859609375
16.75 3.80859609375
17.142857142857142 3.76469296875
17.178571428571427 3.7683515625
17.214285714285715 3.77201015625
17.25 3.77566875
17.285714285714285 3.77566875
17.321428571428573 3.77932734375
17.357142857142858 3.7829859375
17.392857142857142 3.7829859375
17.428571428571427 3.7829859375
17.464285714285715 3.7829859375
17.5 3.78664453125
17.535714285714285 3.78664453125
17.571428571428573 3.78664453125
17.607142857142858 3.78664453125
17.642857142857142 3.78664453125
17.678571428571427 3.78664453125
17.714285714285715 3.78664453125
17.75 3.78664453125
17.785714285714285 3.78664453125
17.821428571428573 3.78664453125
17.857142857142858 3.78664453125
17.892857142857142 3.78664453125
17.928571428571427 3.790303125
17.964285714285715 3.790303125
18.0 3.790303125
18.035714285714285 3.790303125
18.071428571428573 3.790303125
18.107142857142858 3.790303125
18.142857142857142 3.79396171875
18.178571428571427 3.79396171875
18.214285714285715 3.79396171875
18.571428571428573 3.761034375
18.607142857142858 3.7683515625
18.642857142857142 3.7683515625
18.678571428571427 3.77201015625
18.714285714285715 3.77566875
18.75 3.77566875
18.785714285714285 3.77566875
18.821428571428573 3.77932734375
18.857142857142858 3.77932734375
18.892857142857142 3.77932734375
18.928571428571427 3.77932734375
18.964285714285715 3.77932734375
19.0 3.7829859375
19.035714285714285 3.7829859375
19.071428571428573 3.7829859375
19.107142857142858 3.7829859375
19.142857142857142 3.7829859375
19.178571428571427 3.7829859375
19.214285714285715 3.7829859375
19.25 3.7829859375
19.285714285714285 3.7829859375
19.321428571428573 3.7829859375
19.357142857142858 3.78664453125
19.392857142857142 3.78664453125
19.428571428571427 3.78664453125
19.464285714285715 3.78664453125
19.5 3.78664453125
19.535714285714285 3.78664453125
19.571428571428573 3.78664453125
19.607142857142858 3.790303125
19.642857142857142 3.78664453125
20.0 3.7537171875
20.035714285714285 3.761034375
20.071428571428573 3.76469296875
20.107142857142858 3.7683515625
20.142857142857142 3.7683515625
20.178571428571427 3.77201015625
20.214285714285715 3.77201015625
20.25 3.77201015625
20.285714285714285 3.77201015625
20.321428571428573 3.77201015625
20.357142857142858 3.77201015625
20.392857142857142 3.77201015625
20.428571428571427 3.77566875
20.464285714285715 3.77566875
20.5 3.77566875
20.535714285714285 3.77566875
20.571428571428573 3.77566875
20.607142857142858 3.77566875
20.642857142857142 3.77566875
20.678571428571427 3.77566875
20.714285714285715 3.77932734375
20.75 3.77932734375
20.785714285714285 3.77932734375
20.821428571428573 3.77932734375
20.857142857142858 3.77932734375
20.892857142857142 3.77932734375
20.928571428571427 3.77932734375
20.964285714285715 3.77932734375
21.0 3.7829859375
21.035714285714285 3.77932734375
21.071428571428573 3.77566875
21.428571428571427 3.731765625
21.464285714285715 3.73542421875
21.5 3.74274140625
21.535714285714285 3.7464
21.571428571428573 3.75005859375
21.607142857142858 3.75005859375
21.642857142857142 3.75005859375
21.678571428571427 3.75005859375
21.714285714285715 3.75005859375
21.75 3.7537171875
21.785714285714285 3.7537171875
21.821428571428573 3.7537171875
21.857142857142858 3.75737578125
21.892857142857142 3.75737578125
21.928571428571427 3.75737578125
21.964285714285715 3.75737578125
22.0 3.75737578125
22.035714285714285 3.75737578125
22.071428571428573 3.75737578125
22.107142857142858 3.75737578125
22.142857142857142 3.75737578125
22.178571428571427 3.761034375
22.214285714285715 3.761034375
22.25 3.761034375
22.285714285714285 3.761034375
22.321428571428573 3.761034375
22.357142857142858 3.761034375
22.392857142857142 3.76469296875
22.428571428571427 3.76469296875
22.464285714285715 3.7683515625
22.857142857142858 3.731765625
22.892857142857142 3.73542421875
22.928571428571427 3.7390828125
22.964285714285715 3.74274140625
23.0 3.74274140625
23.035714285714285 3.74274140625
23.071428571428573 3.7464
23.107142857142858 3.7464
23.142857142857142 3.7464
23.178571428571427 3.75005859375
23.214285714285715 3.75005859375
23.25 3.75005859375
23.285714285714285 3.75005859375
23.321428571428573 3.75005859375
23.357142857142858 3.7537171875
23.392857142857142 3.7537171875
23.428571428571427 3.7537171875
23.464285714285715 3.7537171875
23.5 3.7537171875
23.535714285714285 3.7537171875
23.571428571428573 3.7537171875
23.607142857142858 3.7537171875
23.642857142857142 3.7537171875
23.678571428571427 3.7537171875
23.714285714285715 3.7537171875
23.75 3.7537171875
23.785714285714285 3.7537171875
23.821428571428573 3.75737578125
23.857142857142858 3.75737578125
23.892857142857142 3.75737578125
24.25 3.731765625
24.285714285714285 3.73542421875
24.321428571428573 3.7390828125
24.357142857142858 3.7390828125
24.392857142857142 3.74274140625
24.428571428571427 3.7464
24.464285714285715 3.7464
24.5 3.7464
24.535714285714285 3.75005859375
24.571428571428573 3.75005859375
24.607142857142858 3.75005859375
24.642857142857142 3.75005859375
24.678571428571427 3.75005859375
24.714285714285715 3.75005859375
24.75 3.75005859375
24.785714285714285 3.7537171875
24.821428571428573 3.75005859375
24.857142857142858 3.75005859375
24.892857142857142 3.7537171875
24.928571428571427 3.7537171875
24.964285714285715 3.7537171875
25.0 3.7537171875
25.035714285714285 3.7537171875
25.071428571428573 3.7537171875
25.107142857142858 3.7537171875
25.142857142857142 3.7537171875
25.178571428571427 3.7537171875
25.214285714285715 3.7537171875
25.25 3.7537171875
25.285714285714285 3.7537171875
25.321428571428573 3.75005859375
25.357142857142858 3.7464
25.678571428571427 3.71713125
25.714285714285715 3.72078984375
25.75 3.7244484375
25.785714285714285 3.7244484375
25.821428571428573 3.72810703125
25.857142857142858 3.72810703125
25.892857142857142 3.731765625
25.928571428571427 3.731765625
25.964285714285715 3.731765625
26.0 3.73542421875
26.035714285714285 3.73542421875
26.071428571428573 3.73542421875
26.107142857142858 3.73542421875
26.142857142857142 3.73542421875
26.178571428571427 3.73542421875
26.214285714285715 3.73542421875
26.25 3.73542421875
26.285714285714285 3.73542421875
26.321428571428573 3.73542421875
26.357142857142858 3.73542421875
26.392857142857142 3.73542421875
26.428571428571427 3.73542421875
26.464285714285715 3.7390828125
26.5 3.73542421875
26.535714285714285 3.73542421875
26.571428571428573 3.7390828125
26.607142857142858 3.7390828125
26.642857142857142 3.7390828125
26.678571428571427 3.7390828125
26.714285714285715 3.7390828125
26.75 3.7390828125
27.107142857142858 3.702496875
27.142857142857142 3.7098140625
27.178571428571427 3.71347265625
27.214285714285715 3.71347265625
27.25 3.71347265625
27.285714285714285 3.71713125
27.321428571428573 3.71713125
27.357142857142858 3.72078984375
27.392857142857142 3.72078984375
27.428571428571427 3.72078984375
27.464285714285715 3.72078984375
27.5 3.72078984375
27.535714285714285 3.72078984375
27.571428571428573 3.72078984375
27.607142857142858 3.7244484375
27.642857142857142 3.7244484375
27.678571428571427 3.7244484375
27.714285714285715 3.7244484375
27.75 3.7244484375
27.785714285714285 3.7244484375
27.821428571428573 3.7244484375
27.857142857142858 3.7244484375
27.892857142857142 3.7244484375
27.928571428571427 3.7244484375
27.964285714285715 3.7244484375
28.0 3.72810703125
28.035714285714285 3.72810703125
28.071428571428573 3.72810703125
28.107142857142858 3.72810703125
28.142857142857142 3.72810703125
28.178571428571427 3.7244484375
28.285714285714285 3.69152109375
28.535714285714285 3.6878625
28.571428571428573 3.69152109375
28.607142857142858 3.6951796875
28.642857142857142 3.6951796875
28.678571428571427 3.69883828125
28.714285714285715 3.69883828125
28.75 3.702496875
28.785714285714285 3.702496875
28.821428571428573 3.702496875
28.857142857142858 3.702496875
28.892857142857142 3.702496875
28.928571428571427 3.702496875
28.964285714285715 3.702496875
29.0 3.702496875
29.035714285714285 3.702496875
29.071428571428573 3.70615546875
29.107142857142858 3.70615546875
29.142857142857142 3.70615546875
29.178571428571427 3.70615546875
29.214285714285715 3.70615546875
29.25 3.70615546875
29.285714285714285 3.70615546875
29.321428571428573 3.70615546875
29.357142857142858 3.70615546875
29.392857142857142 3.7098140625
29.428571428571427 3.70615546875
29.464285714285715 3.70615546875
29.5 3.70615546875
29.535714285714285 3.7098140625
29.571428571428573 3.71347265625
29.607142857142858 3.7098140625
29.892857142857142 3.6805453125
29.964285714285715 3.69152109375
30.0 3.6951796875
30.035714285714285 3.69883828125
30.071428571428573 3.702496875
30.107142857142858 3.702496875
30.142857142857142 3.702496875
30.178571428571427 3.702496875
30.214285714285715 3.70615546875
30.25 3.70615546875
30.285714285714285 3.70615546875
30.321428571428573 3.70615546875
30.357142857142858 3.70615546875
30.392857142857142 3.70615546875
30.428571428571427 3.7098140625
30.464285714285715 3.7098140625
30.5 3.7098140625
30.535714285714285 3.7098140625
30.571428571428573 3.7098140625
30.607142857142858 3.7098140625
30.642857142857142 3.7098140625
30.678571428571427 3.7098140625
30.714285714285715 3.7098140625
30.75 3.7098140625
30.785714285714285 3.7098140625
30.821428571428573 3.7098140625
30.857142857142858 3.7098140625
30.892857142857142 3.7098140625
30.928571428571427 3.71347265625
30.964285714285715 3.71347265625
31.0 3.71713125
31.035714285714285 3.71347265625
31.071428571428573 3.7098140625
31.285714285714285 3.63298359375
31.392857142857142 3.6805453125
31.428571428571427 3.68420390625
31.464285714285715 3.6878625
31.5 3.6878625
31.535714285714285 3.69152109375
31.571428571428573 3.69152109375
31.607142857142858 3.6951796875
31.642857142857142 3.6951796875
31.678571428571427 3.6951796875
31.714285714285715 3.6951796875
31.75 3.6951796875
31.785714285714285 3.69883828125
31.821428571428573 3.69883828125
31.857142857142858 3.69883828125
31.892857142857142 3.69883828125
31.928571428571427 3.69883828125
31.964285714285715 3.69883828125
32.0 3.69883828125
32.035714285714285 3.69883828125
32.07142857142857 3.69883828125
32.107142857142854 3.69883828125
32.142857142857146 3.69883828125
32.17857142857143 3.69883828125
32.214285714285715 3.69883828125
32.25 3.69883828125
32.285714285714285 3.69883828125
32.32142857142857 3.69883828125
32.357142857142854 3.702496875
32.392857142857146 3.702496875
32.42857142857143 3.702496875
32.464285714285715 3.69883828125
32.535714285714285 3.66956953125
32.57142857142857 3.66956953125
32.82142857142857 3.6805453125
32.857142857142854 3.68420390625
32.892857142857146 3.68420390625
32.92857142857143 3.6878625
32.964285714285715 3.6878625
33.0 3.69152109375
33.035714285714285 3.69152109375
33.07142857142857 3.69152109375
33.107142857142854 3.69152109375
33.142857142857146 3.69152109375
33.17857142857143 3.6951796875
33.214285714285715 3.6951796875
33.25 3.6951796875
33.285714285714285 3.6951796875
33.32142857142857 3.6951796875
33.357142857142854 3.6951796875
33.392857142857146 3.6951796875
33.42857142857143 3.6951796875
33.464285714285715 3.6951796875
33.5 3.6951796875
33.535714285714285 3.6951796875
33.57142857142857 3.6951796875
33.607142857142854 3.6951796875
33.642857142857146 3.6951796875
33.67857142857143 3.6951796875
33.714285714285715 3.6951796875
33.75 3.69883828125
33.785714285714285 3.69883828125
33.82142857142857 3.69883828125
33.857142857142854 3.69883828125
33.892857142857146 3.69883828125
34.035714285714285 3.7098140625
34.142857142857146 3.62566640625
34.285714285714285 3.6805453125
34.32142857142857 3.68420390625
34.357142857142854 3.68420390625
34.392857142857146 3.6878625
34.42857142857143 3.6878625
34.464285714285715 3.6878625
34.5 3.6878625
34.535714285714285 3.69152109375
34.57142857142857 3.69152109375
34.607142857142854 3.69152109375
34.642857142857146 3.69152109375
34.67857142857143 3.69152109375
34.714285714285715 3.69152109375
34.75 3.69152109375
34.785714285714285 3.69152109375
34.82142857142857 3.69152109375
34.857142857142854 3.69152109375
34.892857142857146 3.69152109375
34.92857142857143 3.69152109375
34.964285714285715 3.69152109375
35.0 3.69152109375
35.035714285714285 3.69152109375
35.07142857142857 3.69152109375
35.107142857142854 3.69152109375
35.142857142857146 3.69152109375
35.17857142857143 3.69152109375
35.214285714285715 3.69152109375
35.25 3.6951796875
35.285714285714285 3.69152109375
35.32142857142857 3.69152109375
35.464285714285715 3.702496875
35.57142857142857 3.61834921875
35.714285714285715 3.68420390625
35.75 3.6878625
35.785714285714285 3.6878625
35.82142857142857 3.6878625
35.857142857142854 3.69152109375
35.892857142857146 3.69152109375
35.92857142857143 3.69152109375
35.964285714285715 3.69152109375
36.0 3.69152109375
36.035714285714285 3.6951796875
36.07142857142857 3.6951796875
36.107142857142854 3.6951796875
36.142857142857146 3.6951796875
36.17857142857143 3.6951796875
36.214285714285715 3.6951796875
36.25 3.6951796875
36.285714285714285 3.6951796875
36.32142857142857 3.6951796875
36.357142857142854 3.6951796875
36.392857142857146 3.6951796875
36.42857142857143 3.6951796875
36.464285714285715 3.6951796875
36.5 3.6951796875
36.535714285714285 3.6951796875
36.57142857142857 3.6951796875
36.607142857142854 3.6951796875
36.642857142857146 3.6951796875
36.67857142857143 3.6951796875
36.714285714285715 3.69883828125
37.0 3.6220078125
37.07142857142857 3.6659109375
37.107142857142854 3.66956953125
37.142857142857146 3.66956953125
37.17857142857143 3.673228125
37.214285714285715 3.673228125
37.25 3.67688671875
37.285714285714285 3.67688671875
37.32142857142857 3.67688671875
37.357142857142854 3.67688671875
37.392857142857146 3.67688671875
37.42857142857143 3.67688671875
37.464285714285715 3.67688671875
37.5 3.6805453125
37.535714285714285 3.6805453125
37.57142857142857 3.6805453125
37.607142857142854 3.6805453125
37.642857142857146 3.6805453125
37.67857142857143 3.6805453125
37.714285714285715 3.6805453125
37.75 3.6805453125
37.785714285714285 3.6805453125
37.82142857142857 3.6805453125
37.857142857142854 3.6805453125
37.892857142857146 3.6805453125
37.92857142857143 3.6805453125
37.964285714285715 3.6805453125
38.0 3.6805453125
38.035714285714285 3.6805453125
38.07142857142857 3.6805453125
38.107142857142854 3.68420390625
38.142857142857146 3.6805453125
38.17857142857143 3.67688671875
38.42857142857143 3.61103203125
38.535714285714285 3.65859375
38.57142857142857 3.66225234375
38.607142857142854 3.66225234375
38.642857142857146 3.6659109375
38.67857142857143 3.6659109375
38.714285714285715 3.6659109375
38.75 3.6659109375
38.785714285714285 3.6659109375
38.82142857142857 3.6659109375
38.857142857142854 3.6659109375
38.892857142857146 3.6659109375
38.92857142857143 3.6659109375
38.964285714285715 3.6659109375
39.0 3.66956953125
39.035714285714285 3.66956953125
39.07142857142857 3.66956953125
39.107142857142854 3.66956953125
39.142857142857146 3.66956953125
39.17857142857143 3.66956953125
39.214285714285715 3.66956953125
39.25 3.66956953125
39.285714285714285 3.66956953125
39.32142857142857 3.66956953125
39.357142857142854 3.66956953125
39.392857142857146 3.66956953125
39.42857142857143 3.66956953125
39.464285714285715 3.66956953125
39.5 3.66956953125
39.535714285714285 3.66956953125
39.57142857142857 3.6659109375
39.75 3.673228125
