0.03571428571428571 1.70856328125
0.07142857142857142 1.70856328125
0.10714285714285714 1.70856328125
0.14285714285714285 1.70856328125
0.17857142857142858 1.70856328125
0.21428571428571427 1.70856328125
0.25 1.70856328125
0.2857142857142857 1.70856328125
0.32142857142857145 1.70856328125
0.35714285714285715 1.70856328125
0.39285714285714285 1.712221875
0.6071428571428571 1.72685625
0.6428571428571429 1.7488078125
0.6785714285714286 1.75978359375
0.7142857142857143 1.770759375
0.75 1.7817351562500001
0.7857142857142857 1.78905234375
0.8214285714285714 1.79636953125
0.8571428571428571 1.800028125
0.8928571428571429 1.80368671875
0.9285714285714286 1.8073453125
0.9642857142857143 1.8073453125
1.0 1.8146625
1.0357142857142858 1.8146625
1.0714285714285714 1.8146625
1.1071428571428572 1.8146625
1.1428571428571428 1.8146625
1.1785714285714286 1.8146625
1.2142857142857142 1.81832109375
1.25 1.8146625
1.2857142857142858 1.8146625
1.3214285714285714 1.81832109375
1.3571428571428572 1.81832109375
1.3928571428571428 1.81832109375
1.4285714285714286 1.8146625
1.4642857142857142 1.81832109375
1.5 1.81832109375
1.5357142857142858 1.8146625
1.5714285714285714 1.8146625
1.6071428571428572 1.8146625
1.6428571428571428 1.81832109375
1.6785714285714286 1.81832109375
1.7142857142857142 1.81832109375
1.75 1.8146625
1.7857142857142858 1.81832109375
1.8214285714285714 1.81832109375
1.8571428571428572 1.81832109375
1.8928571428571428 1.81832109375
1.9285714285714286 1.81832109375
1.9642857142857142 1.81832109375
2.0 1.81832109375
2.0357142857142856 1.81832109375
2.0714285714285716 1.81832109375
2.107142857142857 1.81832109375
2.357142857142857 1.85490703125
2.392857142857143 1.86222421875
2.4285714285714284 1.86222421875
2.4642857142857144 1.87685859375
2.5 1.8805171875
2.5357142857142856 1.88417578125
2.5714285714285716 1.88417578125
2.607142857142857 1.887834375
2.642857142857143 1.887834375
2.6785714285714284 1.89149296875
2.7142857142857144 1.89149296875
2.75 1.89149296875
2.7857142857142856 1.89149296875
2.8214285714285716 1.8951515625
2.857142857142857 1.8951515625
2.892857142857143 1.8951515625
2.9285714285714284 1.8951515625
2.9642857142857144 1.8951515625
3.0 1.8951515625
3.0357142857142856 1.8951515625
3.0714285714285716 1.8951515625
3.107142857142857 1.8951515625
3.142857142857143 1.8951515625
3.1785714285714284 1.8951515625
3.2142857142857144 1.8951515625
3.25 1.8951515625
3.2857142857142856 1.8951515625
3.3214285714285716 1.8951515625
3.357142857142857 1.8951515625
3.392857142857143 1.8951515625
3.4285714285714284 1.8951515625
3.4642857142857144 1.8951515625
3.5 1.89149296875
3.5357142857142856 1.8951515625
3.5714285714285716 1.8951515625
3.607142857142857 1.8951515625
3.642857142857143 1.8951515625
3.6785714285714284 1.8951515625
3.7142857142857144 1.8951515625
3.75 1.8951515625
3.7857142857142856 1.8951515625
3.8214285714285716 1.8951515625
4.035714285714286 1.90246875
4.071428571428571 1.91344453125
4.107142857142857 1.92076171875
4.142857142857143 1.9244203125000001
4.178571428571429 1.9317375
4.214285714285714 1.93539609375
4.25 1.9390546875
4.285714285714286 1.9390546875
4.321428571428571 1.94271328125
4.357142857142857 1.94271328125
4.392857142857143 1.946371875
4.428571428571429 1.946371875
4.464285714285714 1.946371875
4.5 1.946371875
4.535714285714286 1.946371875
4.571428571428571 1.946371875
4.607142857142857 1.946371875
4.642857142857143 1.946371875
4.678571428571429 1.946371875
4.714285714285714 1.946371875
4.75 1.946371875
4.785714285714286 1.946371875
4.821428571428571 1.946371875
4.857142857142857 1.946371875
4.892857142857143 1.946371875
4.928571428571429 1.946371875
4.964285714285714 1.946371875
5.0 1.946371875
5.035714285714286 1.946371875
5.071428571428571 1.946371875
5.107142857142857 1.946371875
5.142857142857143 1.946371875
5.178571428571429 1.946371875
5.214285714285714 1.946371875
5.25 1.946371875
5.285714285714286 1.946371875
5.321428571428571 1.946371875
5.357142857142857 1.946371875
5.392857142857143 1.946371875
5.428571428571429 1.946371875
5.464285714285714 1.946371875
5.5 1.946371875
5.75 1.975640625
5.785714285714286 1.97929921875
5.821428571428571 1.98661640625
5.857142857142857 1.990275
5.892857142857143 1.99393359375
5.928571428571429 1.9975921875
5.964285714285714 2.00125078125
6.0 2.004909375
6.035714285714286 2.004909375
6.071428571428571 2.00856796875
6.107142857142857 2.00856796875
6.142857142857143 2.00856796875
6.178571428571429 2.0122265625
6.214285714285714 2.0122265625
6.25 2.0122265625
6.285714285714286 2.0122265625
6.321428571428571 2.0122265625
6.357142857142857 2.0122265625
6.392857142857143 2.0122265625
6.428571428571429 2.0122265625
6.464285714285714 2.0122265625
6.5 2.0122265625
6.535714285714286 2.0122265625
6.571428571428571 2.0122265625
6.607142857142857 2.0122265625
6.642857142857143 2.0122265625
6.678571428571429 2.0122265625
6.714285714285714 2.0122265625
6.75 2.0122265625
6.785714285714286 2.0122265625
6.821428571428571 2.0122265625
6.857142857142857 2.0122265625
6.892857142857143 2.0122265625
6.928571428571429 2.0122265625
6.964285714285714 2.0122265625
7.0 2.0122265625
7.035714285714286 2.0122265625
7.071428571428571 2.0122265625
7.107142857142857 2.0122265625
7.142857142857143 2.0122265625
7.178571428571429 2.0122265625
7.428571428571429 2.03783671875
7.464285714285714 2.0488125
7.5 2.06710546875
7.535714285714286 2.0707640625
7.571428571428571 2.0707640625
7.607142857142857 2.08173984375
7.642857142857143 2.0853984375
7.678571428571429 2.0853984375
7.714285714285714 2.08905703125
7.75 2.08905703125
7.785714285714286 2.092715625
7.821428571428571 2.092715625
7.857142857142857 2.09637421875
7.892857142857143 2.09637421875
7.928571428571429 2.09637421875
7.964285714285714 2.09637421875
8.0 2.09637421875
8.035714285714286 2.09637421875
8.071428571428571 2.09637421875
8.107142857142858 2.09637421875
8.142857142857142 2.09637421875
8.178571428571429 2.09637421875
8.214285714285714 2.09637421875
8.25 2.09637421875
8.285714285714286 2.09637421875
8.321428571428571 2.09637421875
8.357142857142858 2.09637421875
8.392857142857142 2.09637421875
8.428571428571429 2.092715625
8.464285714285714 2.092715625
8.5 2.092715625
8.535714285714286 2.092715625
8.571428571428571 2.092715625
8.607142857142858 2.092715625
8.642857142857142 2.092715625
8.678571428571429 2.092715625
8.714285714285714 2.092715625
8.75 2.092715625
8.785714285714286 2.092715625
8.821428571428571 2.092715625
8.857142857142858 2.092715625
9.107142857142858 2.10735
9.142857142857142 2.11832578125
9.178571428571429 2.1293015625
9.214285714285714 2.13661875
9.25 2.1402773437500002
9.285714285714286 2.151253125
9.321428571428571 2.151253125
9.357142857142858 2.15491171875
9.392857142857142 2.15491171875
9.428571428571429 2.15491171875
9.464285714285714 2.15491171875
9.5 2.1585703125
9.535714285714286 2.15491171875
9.571428571428571 2.15491171875
9.607142857142858 2.1585703125
9.642857142857142 2.15491171875
9.678571428571429 2.15491171875
9.714285714285714 2.15491171875
9.75 2.15491171875
9.785714285714286 2.15491171875
9.821428571428571 2.1585703125
9.857142857142858 2.1585703125
9.892857142857142 2.15491171875
9.928571428571429 2.1585703125
9.964285714285714 2.1585703125
10.0 2.1585703125
10.035714285714286 2.1585703125
10.071428571428571 2.15491171875
10.107142857142858 2.15491171875
10.142857142857142 2.15491171875
10.178571428571429 2.15491171875
10.214285714285714 2.15491171875
10.25 2.15491171875
10.285714285714286 2.15491171875
10.321428571428571 2.15491171875
10.357142857142858 2.1585703125
10.392857142857142 2.1585703125
10.428571428571429 2.15491171875
10.464285714285714 2.15491171875
10.5 2.1585703125
10.535714285714286 2.1585703125
10.571428571428571 2.15491171875
10.75 2.10735
10.785714285714286 2.16222890625
10.821428571428571 2.16954609375
10.857142857142858 2.17686328125
10.892857142857142 2.18418046875
10.928571428571429 2.1878390625
10.964285714285714 2.19149765625
11.0 2.19515625
11.035714285714286 2.19515625
11.071428571428571 2.19881484375
11.107142857142858 2.19881484375
11.142857142857142 2.2024734375
11.178571428571429 2.2024734375
11.214285714285714 2.2024734375
11.25 2.2024734375
11.285714285714286 2.2024734375
11.321428571428571 2.19881484375
11.357142857142858 2.19881484375
11.392857142857142 2.19881484375
11.428571428571429 2.19881484375
11.464285714285714 2.19881484375
11.5 2.19881484375
11.535714285714286 2.19881484375
11.571428571428571 2.19881484375
11.607142857142858 2.19881484375
11.642857142857142 2.19881484375
11.678571428571429 2.19881484375
11.714285714285714 2.19881484375
11.75 2.19881484375
11.785714285714286 2.19881484375
11.821428571428571 2.19881484375
11.857142857142858 2.19881484375
11.892857142857142 2.19881484375
11.928571428571429 2.19881484375
11.964285714285714 2.19881484375
12.0 2.19881484375
12.035714285714286 2.19881484375
12.071428571428571 2.19881484375
12.107142857142858 2.19881484375
12.142857142857142 2.19881484375
12.178571428571429 2.19881484375
12.214285714285714 2.19881484375
12.464285714285714 2.19881484375
12.5 2.22808359375
12.535714285714286 2.2317421875
12.571428571428571 2.239059375
12.607142857142858 2.24271796875
12.642857142857142 2.2463765625
12.678571428571429 2.2463765625
12.714285714285714 2.25003515625
12.75 2.25003515625
12.785714285714286 2.25369375
12.821428571428571 2.25369375
12.857142857142858 2.25369375
12.892857142857142 2.25369375
12.928571428571429 2.25369375
12.964285714285714 2.25369375
13.0 2.25369375
13.035714285714286 2.25369375
13.071428571428571 2.25369375
13.107142857142858 2.25369375
13.142857142857142 2.25369375
13.178571428571429 2.25369375
13.214285714285714 2.25369375
13.25 2.25369375
13.285714285714286 2.25369375
13.321428571428571 2.25369375
13.357142857142858 2.25369375
13.392857142857142 2.25369375
13.428571428571429 2.25369375
13.464285714285714 2.25369375
13.5 2.25369375
13.535714285714286 2.25369375
13.571428571428571 2.25369375
13.607142857142858 2.25369375
13.642857142857142 2.25369375
13.678571428571429 2.25369375
13.714285714285714 2.25369375
13.75 2.25369375
13.785714285714286 2.25369375
13.821428571428571 2.25369375
13.857142857142858 2.25369375
13.892857142857142 2.25369375
13.928571428571429 2.25369375
14.142857142857142 2.27198671875
14.178571428571429 2.2902796875
14.214285714285714 2.297596875
14.25 2.3049140625
14.285714285714286 2.31223125
14.321428571428571 2.31588984375
14.357142857142858 2.32320703125
14.392857142857142 2.32320703125
14.428571428571429 2.326865625
14.464285714285714 2.33052421875
14.5 2.3341828125
14.535714285714286 2.3341828125
14.571428571428571 2.3341828125
14.607142857142858 2.3341828125
14.642857142857142 2.3341828125
14.678571428571429 2.3341828125
14.714285714285714 2.3341828125
14.75 2.3341828125
14.785714285714286 2.3341828125
14.821428571428571 2.3341828125
14.857142857142858 2.3341828125
14.892857142857142 2.3341828125
14.928571428571429 2.3341828125
14.964285714285714 2.3341828125
15.0 2.3341828125
15.035714285714286 2.3341828125
15.071428571428571 2.3341828125
15.107142857142858 2.3341828125
15.142857142857142 2.3341828125
15.178571428571429 2.3341828125
15.214285714285714 2.3341828125
15.25 2.3341828125
15.285714285714286 2.3341828125
15.321428571428571 2.3341828125
15.357142857142858 2.3341828125
15.392857142857142 2.3341828125
15.428571428571429 2.3341828125
15.464285714285714 2.3341828125
15.5 2.3341828125
15.535714285714286 2.3341828125
15.571428571428571 2.3341828125
15.607142857142858 2.3341828125
15.821428571428571 2.33784140625
15.857142857142858 2.35979296875
15.892857142857142 2.36711015625
15.928571428571429 2.37442734375
15.964285714285714 2.38174453125
16.0 2.385403125
16.035714285714285 2.38906171875
16.071428571428573 2.3927203125
16.107142857142858 2.39637890625
16.142857142857142 2.39637890625
16.178571428571427 2.39637890625
16.214285714285715 2.39637890625
16.25 2.4000375
16.285714285714285 2.4000375
16.321428571428573 2.4000375
16.357142857142858 2.4000375
16.392857142857142 2.4000375
16.428571428571427 2.4000375
16.464285714285715 2.4000375
16.5 2.4000375
16.535714285714285 2.39637890625
16.571428571428573 2.39637890625
16.607142857142858 2.39637890625
16.642857142857142 2.39637890625
16.678571428571427 2.39637890625
16.714285714285715 2.39637890625
16.75 2.39637890625
16.785714285714285 2.39637890625
16.821428571428573 2.39637890625
16.857142857142858 2.39637890625
16.892857142857142 2.39637890625
16.928571428571427 2.39637890625
16.964285714285715 2.39637890625
17.0 2.39637890625
17.035714285714285 2.39637890625
17.071428571428573 2.39637890625
17.107142857142858 2.39637890625
17.142857142857142 2.39637890625
17.178571428571427 2.39637890625
17.214285714285715 2.39637890625
17.25 2.39637890625
17.285714285714285 2.39637890625
17.535714285714285 2.40369609375
17.571428571428573 2.4256476562500002
17.607142857142858 2.443940625
17.642857142857142 2.443940625
17.678571428571427 2.45491640625
17.714285714285715 2.45491640625
17.75 2.46223359375
17.785714285714285 2.46223359375
17.821428571428573 2.4658921875
17.857142857142858 2.4658921875
17.892857142857142 2.4658921875
17.928571428571427 2.4658921875
17.964285714285715 2.4658921875
18.0 2.4658921875
18.035714285714285 2.4658921875
18.071428571428573 2.4658921875
18.107142857142858 2.4658921875
18.142857142857142 2.4658921875
18.178571428571427 2.4658921875
18.214285714285715 2.4658921875
18.25 2.4658921875
18.285714285714285 2.4658921875
18.321428571428573 2.4658921875
18.357142857142858 2.4658921875
18.392857142857142 2.4658921875
18.428571428571427 2.4658921875
18.464285714285715 2.4658921875
18.5 2.4658921875
18.535714285714285 2.4658921875
18.571428571428573 2.4658921875
18.607142857142858 2.4658921875
18.642857142857142 2.4658921875
18.678571428571427 2.4658921875
18.714285714285715 2.4658921875
18.75 2.4658921875
18.785714285714285 2.4658921875
18.821428571428573 2.4658921875
18.857142857142858 2.4658921875
18.892857142857142 2.4658921875
18.928571428571427 2.46223359375
18.964285714285715 2.46223359375
19.0 2.46223359375
19.214285714285715 2.44028203125
19.25 2.49881953125
19.285714285714285 2.5097953125
19.321428571428573 2.5171125
19.357142857142858 2.5244296875
19.392857142857142 2.52808828125
19.428571428571427 2.53540546875
19.464285714285715 2.53540546875
19.5 2.5390640625
19.535714285714285 2.5390640625
19.571428571428573 2.5390640625
19.607142857142858 2.5390640625
19.642857142857142 2.5390640625
19.678571428571427 2.5390640625
19.714285714285715 2.5390640625
19.75 2.5390640625
19.785714285714285 2.5390640625
19.821428571428573 2.5390640625
19.857142857142858 2.5390640625
19.892857142857142 2.5390640625
19.928571428571427 2.5390640625
19.964285714285715 2.5390640625
20.0 2.5390640625
20.035714285714285 2.5390640625
20.071428571428573 2.5390640625
20.107142857142858 2.5390640625
20.142857142857142 2.5390640625
20.178571428571427 2.5390640625
20.214285714285715 2.5390640625
20.25 2.5390640625
20.285714285714285 2.5390640625
20.321428571428573 2.5390640625
20.357142857142858 2.5390640625
20.392857142857142 2.5390640625
20.428571428571427 2.5390640625
20.464285714285715 2.5390640625
20.5 2.5390640625
20.535714285714285 2.5390640625
20.571428571428573 2.5390640625
20.607142857142858 2.5390640625
20.642857142857142 2.5390640625
20.678571428571427 2.5390640625
20.892857142857142 2.5390640625
20.928571428571427 2.5683328125
20.964285714285715 2.5683328125
21.0 2.5829671875
21.035714285714285 2.58662578125
21.071428571428573 2.590284375
21.107142857142858 2.59394296875
21.142857142857142 2.5976015625
21.178571428571427 2.5976015625
21.214285714285715 2.5976015625
21.25 2.60126015625
21.285714285714285 2.60126015625
21.321428571428573 2.60126015625
21.357142857142858 2.60126015625
21.392857142857142 2.60126015625
21.428571428571427 2.60126015625
21.464285714285715 2.60126015625
21.5 2.60126015625
21.535714285714285 2.60126015625
21.571428571428573 2.60126015625
21.607142857142858 2.60126015625
21.642857142857142 2.60126015625
21.678571428571427 2.60126015625
21.714285714285715 2.5976015625
21.75 2.5976015625
21.785714285714285 2.5976015625
21.821428571428573 2.5976015625
21.857142857142858 2.5976015625
21.892857142857142 2.5976015625
21.928571428571427 2.5976015625
21.964285714285715 2.5976015625
22.0 2.5976015625
22.035714285714285 2.5976015625
22.071428571428573 2.5976015625
22.107142857142858 2.5976015625
22.142857142857142 2.5976015625
22.178571428571427 2.5976015625
22.214285714285715 2.5976015625
22.25 2.5976015625
22.285714285714285 2.5976015625
22.321428571428573 2.5976015625
22.357142857142858 2.5976015625
22.607142857142858 2.60857734375
22.642857142857142 2.619553125
22.678571428571427 2.6268703125
22.714285714285715 2.6341875
22.75 2.6415046875
22.785714285714285 2.64516328125
22.821428571428573 2.64516328125
22.857142857142858 2.648821875
22.892857142857142 2.648821875
22.928571428571427 2.648821875
22.964285714285715 2.65248046875
23.0 2.65248046875
23.035714285714285 2.65248046875
23.071428571428573 2.65248046875
23.107142857142858 2.65248046875
23.142857142857142 2.65248046875
23.178571428571427 2.65248046875
23.214285714285715 2.65248046875
23.25 2.65248046875
23.285714285714285 2.65248046875
23.321428571428573 2.65248046875
23.357142857142858 2.648821875
23.392857142857142 2.648821875
23.428571428571427 2.648821875
23.464285714285715 2.648821875
23.5 2.648821875
23.535714285714285 2.648821875
23.571428571428573 2.648821875
23.607142857142858 2.648821875
23.642857142857142 2.648821875
23.678571428571427 2.648821875
23.714285714285715 2.648821875
23.75 2.648821875
23.785714285714285 2.648821875
23.821428571428573 2.648821875
23.857142857142858 2.648821875
23.892857142857142 2.648821875
23.928571428571427 2.648821875
23.964285714285715 2.648821875
24.0 2.648821875
24.035714285714285 2.648821875
24.071428571428573 2.648821875
24.285714285714285 2.66345625
24.321428571428573 2.678090625
24.357142857142858 2.6854078125
24.392857142857142 2.692725
24.428571428571427 2.69638359375
24.464285714285715 2.7000421875
24.5 2.70370078125
24.535714285714285 2.7073593750000002
24.571428571428573 2.7073593750000002
24.607142857142858 2.7073593750000002
24.642857142857142 2.7110179687500002
24.678571428571427 2.7110179687500002
24.714285714285715 2.7110179687500002
24.75 2.7110179687500002
24.785714285714285 2.7110179687500002
24.821428571428573 2.7110179687500002
24.857142857142858 2.7110179687500002
24.892857142857142 2.7110179687500002
24.928571428571427 2.7110179687500002
24.964285714285715 2.7110179687500002
25.0 2.7110179687500002
25.035714285714285 2.7073593750000002
25.071428571428573 2.7073593750000002
25.107142857142858 2.7110179687500002
25.142857142857142 2.7110179687500002
25.178571428571427 2.7110179687500002
25.214285714285715 2.7110179687500002
25.25 2.7110179687500002
25.285714285714285 2.7110179687500002
25.321428571428573 2.7110179687500002
25.357142857142858 2.7110179687500002
25.392857142857142 2.7110179687500002
25.428571428571427 2.7110179687500002
25.464285714285715 2.7110179687500002
25.5 2.7110179687500002
25.535714285714285 2.7110179687500002
25.571428571428573 2.7110179687500002
25.607142857142858 2.7110179687500002
25.642857142857142 2.7110179687500002
25.678571428571427 2.7110179687500002
25.714285714285715 2.7110179687500002
25.75 2.7110179687500002
26.0 2.73296953125
26.035714285714285 2.74028671875
26.071428571428573 2.74760390625
26.107142857142858 2.75492109375
26.142857142857142 2.7585796875
26.178571428571427 2.7585796875
26.214285714285715 2.76223828125
26.25 2.765896875
26.285714285714285 2.765896875
26.321428571428573 2.765896875
26.357142857142858 2.765896875
26.392857142857142 2.765896875
26.428571428571427 2.765896875
26.464285714285715 2.76955546875
26.5 2.765896875
26.535714285714285 2.765896875
26.571428571428573 2.765896875
26.607142857142858 2.765896875
26.642857142857142 2.765896875
26.678571428571427 2.765896875
26.714285714285715 2.765896875
26.75 2.765896875
26.785714285714285 2.765896875
26.821428571428573 2.76223828125
26.857142857142858 2.765896875
26.892857142857142 2.765896875
26.928571428571427 2.76223828125
26.964285714285715 2.765896875
27.0 2.765896875
27.035714285714285 2.765896875
27.071428571428573 2.765896875
27.107142857142858 2.76223828125
27.142857142857142 2.765896875
27.178571428571427 2.76223828125
27.214285714285715 2.76223828125
27.25 2.76223828125
27.285714285714285 2.76223828125
27.321428571428573 2.765896875
27.357142857142858 2.765896875
27.392857142857142 2.765896875
27.428571428571427 2.76223828125
27.678571428571427 2.77687265625
27.714285714285715 2.79150703125
27.75 2.79882421875
27.785714285714285 2.8098
27.821428571428573 2.8098
27.857142857142858 2.8171171875
27.892857142857142 2.8171171875
27.928571428571427 2.8171171875
27.964285714285715 2.82077578125
28.0 2.82077578125
28.035714285714285 2.82077578125
28.071428571428573 2.82077578125
28.107142857142858 2.82077578125
28.142857142857142 2.82077578125
28.178571428571427 2.82077578125
28.214285714285715 2.82077578125
28.25 2.82077578125
28.285714285714285 2.82077578125
28.321428571428573 2.82077578125
28.357142857142858 2.82077578125
28.392857142857142 2.8171171875
28.428571428571427 2.8171171875
28.464285714285715 2.8171171875
28.5 2.8171171875
28.535714285714285 2.8171171875
28.571428571428573 2.8171171875
28.607142857142858 2.82077578125
28.642857142857142 2.82077578125
28.678571428571427 2.82077578125
28.714285714285715 2.8171171875
28.75 2.82077578125
28.785714285714285 2.8171171875
28.821428571428573 2.8171171875
28.857142857142858 2.8171171875
28.892857142857142 2.8171171875
28.928571428571427 2.8171171875
28.964285714285715 2.8171171875
29.0 2.8171171875
29.035714285714285 2.8171171875
29.071428571428573 2.8171171875
29.107142857142858 2.8171171875
29.142857142857142 2.8171171875
29.357142857142858 2.8317515625
29.392857142857142 2.84272734375
29.428571428571427 2.85004453125
29.464285714285715 2.853703125
29.5 2.85736171875
29.535714285714285 2.8610203125
29.571428571428573 2.8610203125
29.607142857142858 2.86467890625
29.642857142857142 2.86467890625
29.678571428571427 2.8683375
29.714285714285715 2.8683375
29.75 2.8683375
29.785714285714285 2.8683375
29.821428571428573 2.8683375
29.857142857142858 2.8683375
29.892857142857142 2.8683375
29.928571428571427 2.8683375
29.964285714285715 2.8683375
30.0 2.8683375
30.035714285714285 2.86467890625
30.071428571428573 2.86467890625
30.107142857142858 2.86467890625
30.142857142857142 2.86467890625
30.178571428571427 2.86467890625
30.214285714285715 2.86467890625
30.25 2.86467890625
30.285714285714285 2.86467890625
30.321428571428573 2.86467890625
30.357142857142858 2.86467890625
30.392857142857142 2.86467890625
30.428571428571427 2.86467890625
30.464285714285715 2.86467890625
30.5 2.86467890625
30.535714285714285 2.86467890625
30.571428571428573 2.86467890625
30.607142857142858 2.86467890625
30.642857142857142 2.86467890625
30.678571428571427 2.86467890625
30.714285714285715 2.86467890625
30.75 2.8683375
30.785714285714285 2.86467890625
31.035714285714285 2.8902890625
31.071428571428573 2.8902890625
31.107142857142858 2.90126484375
31.142857142857142 2.9049234375
31.178571428571427 2.90858203125
31.214285714285715 2.90858203125
31.25 2.912240625
31.285714285714285 2.912240625
31.321428571428573 2.91589921875
31.357142857142858 2.91589921875
31.392857142857142 2.91589921875
31.428571428571427 2.9195578125
31.464285714285715 2.9195578125
31.5 2.9195578125
31.535714285714285 2.9195578125
31.571428571428573 2.9195578125
31.607142857142858 2.9195578125
31.642857142857142 2.91589921875
31.678571428571427 2.91589921875
31.714285714285715 2.91589921875
31.75 2.91589921875
31.785714285714285 2.91589921875
31.821428571428573 2.91589921875
31.857142857142858 2.91589921875
31.892857142857142 2.91589921875
31.928571428571427 2.91589921875
31.964285714285715 2.91589921875
32.0 2.91589921875
32.035714285714285 2.91589921875
32.07142857142857 2.91589921875
32.107142857142854 2.91589921875
32.142857142857146 2.91589921875
32.17857142857143 2.91589921875
32.214285714285715 2.91589921875
32.25 2.91589921875
32.285714285714285 2.91589921875
32.32142857142857 2.91589921875
32.357142857142854 2.91589921875
32.392857142857146 2.91589921875
32.42857142857143 2.91589921875
32.464285714285715 2.91589921875
32.714285714285715 2.926875
32.75 2.9488265625
32.785714285714285 2.95614375
32.82142857142857 2.9634609375
32.857142857142854 2.97443671875
32.892857142857146 2.9780953125
32.92857142857143 2.9780953125
32.964285714285715 2.98175390625
33.0 2.9854125
33.035714285714285 2.9854125
33.07142857142857 2.98907109375
33.107142857142854 2.98907109375
33.142857142857146 2.98907109375
33.17857142857143 2.98907109375
33.214285714285715 2.98907109375
33.25 2.98907109375
33.285714285714285 2.98907109375
33.32142857142857 2.98907109375
33.357142857142854 2.98907109375
33.392857142857146 2.9854125
33.42857142857143 2.9854125
33.464285714285715 2.9854125
33.5 2.9854125
33.535714285714285 2.9854125
33.57142857142857 2.9854125
33.607142857142854 2.9854125
33.642857142857146 2.9854125
33.67857142857143 2.9854125
33.714285714285715 2.9854125
33.75 2.98907109375
33.785714285714285 2.98907109375
33.82142857142857 2.9854125
33.857142857142854 2.98907109375
33.892857142857146 2.98907109375
33.92857142857143 2.98907109375
33.964285714285715 2.98907109375
34.0 2.98907109375
34.035714285714285 2.98907109375
34.07142857142857 2.98907109375
34.107142857142854 2.9854125
34.142857142857146 2.9854125
34.17857142857143 2.98907109375
34.392857142857146 2.9927296875000002
34.42857142857143 3.01468125
34.464285714285715 3.01833984375
34.5 3.02565703125
34.535714285714285 3.029315625
34.57142857142857 3.03297421875
34.607142857142854 3.04029140625
34.642857142857146 3.04395
34.67857142857143 3.04395
34.714285714285715 3.04395
34.75 3.04395
34.785714285714285 3.04760859375
34.82142857142857 3.04395
34.857142857142854 3.04760859375
34.892857142857146 3.04760859375
34.92857142857143 3.04760859375
34.964285714285715 3.04760859375
35.0 3.04395
35.035714285714285 3.04395
35.07142857142857 3.04395
35.107142857142854 3.04395
35.142857142857146 3.04395
35.17857142857143 3.04395
35.214285714285715 3.04395
35.25 3.04395
35.285714285714285 3.04395
35.32142857142857 3.04395
35.357142857142854 3.04395
35.392857142857146 3.04395
35.42857142857143 3.04395
35.464285714285715 3.04395
35.5 3.04395
35.535714285714285 3.04395
35.57142857142857 3.04395
35.607142857142854 3.04395
35.642857142857146 3.04395
35.67857142857143 3.04395
35.714285714285715 3.04395
35.75 3.04395
35.785714285714285 3.04395
35.82142857142857 3.04395
35.857142857142854 3.04395
36.107142857142854 3.06956015625
36.142857142857146 3.07687734375
36.17857142857143 3.07687734375
36.214285714285715 3.08419453125
36.25 3.09151171875
36.285714285714285 3.0951703125
36.32142857142857 3.09882890625
36.357142857142854 3.1024875
36.392857142857146 3.1024875
36.42857142857143 3.1024875
36.464285714285715 3.10614609375
36.5 3.10614609375
36.535714285714285 3.10614609375
36.57142857142857 3.10614609375
36.607142857142854 3.10614609375
36.642857142857146 3.10614609375
36.67857142857143 3.10614609375
36.714285714285715 3.10614609375
36.75 3.10614609375
36.785714285714285 3.10614609375
36.82142857142857 3.10614609375
36.857142857142854 3.10614609375
36.892857142857146 3.10614609375
36.92857142857143 3.1024875
36.964285714285715 3.1024875
37.0 3.1024875
37.035714285714285 3.1024875
37.07142857142857 3.1024875
37.107142857142854 3.1024875
37.142857142857146 3.1024875
37.17857142857143 3.1024875
37.214285714285715 3.1024875
37.25 3.1024875
37.285714285714285 3.1024875
37.32142857142857 3.1024875
37.357142857142854 3.1024875
37.392857142857146 3.1024875
37.42857142857143 3.1024875
37.464285714285715 3.1024875
37.5 3.1024875
37.535714285714285 3.1024875
37.57142857142857 3.1024875
37.785714285714285 3.11346328125
37.82142857142857 3.13541484375
37.857142857142854 3.1390734375
37.892857142857146 3.15004921875
37.92857142857143 3.1537078125
37.964285714285715 3.1537078125
38.0 3.161025
38.035714285714285 3.161025
38.07142857142857 3.161025
38.107142857142854 3.161025
38.142857142857146 3.16468359375
38.17857142857143 3.16468359375
38.214285714285715 3.16468359375
38.25 3.16468359375
38.285714285714285 3.16468359375
38.32142857142857 3.16468359375
38.357142857142854 3.16468359375
38.392857142857146 3.16468359375
38.42857142857143 3.16468359375
38.464285714285715 3.16468359375
38.5 3.161025
38.535714285714285 3.161025
38.57142857142857 3.161025
38.607142857142854 3.161025
38.642857142857146 3.161025
38.67857142857143 3.161025
38.714285714285715 3.161025
38.75 3.161025
38.785714285714285 3.161025
38.82142857142857 3.161025
38.857142857142854 3.161025
38.892857142857146 3.161025
38.92857142857143 3.161025
38.964285714285715 3.161025
39.0 3.161025
39.035714285714285 3.161025
39.07142857142857 3.161025
39.107142857142854 3.161025
39.142857142857146 3.161025
39.17857142857143 3.161025
39.214285714285715 3.161025
39.25 3.161025
39.464285714285715 3.17931796875
39.5 3.1976109375
39.535714285714285 3.204928125
39.57142857142857 3.2122453125
39.607142857142854 3.21590390625
39.642857142857146 3.2195625
39.67857142857143 3.22322109375
39.714285714285715 3.22322109375
39.75 3.2268796875
39.785714285714285 3.2268796875
39.82142857142857 3.2268796875
39.857142857142854 3.23053828125
39.892857142857146 3.23053828125
39.92857142857143 3.23053828125
