0.03571428571428571 2.9195578125
0.07142857142857142 2.9195578125
0.10714285714285714 2.9195578125
0.14285714285714285 2.9195578125
0.17857142857142858 2.9195578125
0.21428571428571427 2.9195578125
0.25 2.9195578125
0.2857142857142857 2.9195578125
0.32142857142857145 2.9195578125
0.35714285714285715 2.9195578125
0.39285714285714285 2.9195578125
0.42857142857142855 2.9195578125
0.4642857142857143 2.9195578125
0.5 2.9195578125
0.5357142857142857 2.9195578125
0.5714285714285714 2.9195578125
0.6071428571428571 2.9195578125
0.6428571428571429 2.9195578125
0.6785714285714286 2.9195578125
0.7142857142857143 2.9195578125
1.6428571428571428 2.91589921875
1.6785714285714286 2.9195578125
1.7142857142857142 2.9195578125
1.75 2.9195578125
1.7857142857142858 2.9195578125
1.8214285714285714 2.9195578125
1.8571428571428572 2.9195578125
1.8928571428571428 2.9195578125
1.9285714285714286 2.9195578125
1.9642857142857142 2.9195578125
2.0 2.9195578125
2.0357142857142856 2.9195578125
2.1785714285714284 2.9195578125
2.2142857142857144 2.9195578125
2.25 2.91589921875
2.3214285714285716 2.9195578125
2.357142857142857 2.9195578125
2.392857142857143 2.9195578125
2.5357142857142856 2.9195578125
2.5714285714285716 2.9195578125
2.607142857142857 2.9195578125
2.642857142857143 2.9195578125
2.6785714285714284 2.9195578125
2.7142857142857144 2.9195578125
2.75 2.9195578125
2.7857142857142856 2.91589921875
2.8214285714285716 2.9195578125
2.857142857142857 2.91589921875
2.892857142857143 2.9195578125
2.9285714285714284 2.9195578125
2.9642857142857144 2.9195578125
3.107142857142857 2.91589921875
3.142857142857143 2.9195578125
3.1785714285714284 2.9195578125
3.2142857142857144 2.91589921875
4.142857142857143 2.91589921875
4.178571428571429 2.912240625
4.214285714285714 2.912240625
4.25 2.912240625
4.285714285714286 2.912240625
4.321428571428571 2.912240625
4.357142857142857 2.912240625
4.392857142857143 2.91589921875
4.428571428571429 2.91589921875
4.464285714285714 2.91589921875
4.5 2.91589921875
4.535714285714286 2.91589921875
4.571428571428571 2.912240625
4.642857142857143 2.912240625
4.678571428571429 2.912240625
4.714285714285714 2.912240625
4.75 2.912240625
4.785714285714286 2.912240625
4.821428571428571 2.912240625
4.892857142857143 2.912240625
5.035714285714286 2.912240625
5.071428571428571 2.912240625
5.107142857142857 2.912240625
5.142857142857143 2.912240625
5.178571428571429 2.912240625
5.214285714285714 2.912240625
5.25 2.912240625
5.285714285714286 2.912240625
5.321428571428571 2.912240625
5.357142857142857 2.912240625
5.392857142857143 2.912240625
5.428571428571429 2.91589921875
5.464285714285714 2.912240625
5.5 2.912240625
5.535714285714286 2.912240625
5.571428571428571 2.912240625
6.642857142857143 2.90858203125
6.678571428571429 2.90858203125
6.714285714285714 2.90858203125
6.75 2.912240625
6.821428571428571 2.912240625
6.857142857142857 2.912240625
6.892857142857143 2.912240625
6.928571428571429 2.912240625
6.964285714285714 2.912240625
7.0 2.912240625
7.035714285714286 2.912240625
7.071428571428571 2.912240625
7.107142857142857 2.912240625
7.142857142857143 2.912240625
7.178571428571429 2.912240625
7.214285714285714 2.912240625
7.25 2.912240625
7.285714285714286 2.912240625
7.321428571428571 2.912240625
7.357142857142857 2.912240625
7.392857142857143 2.912240625
7.464285714285714 2.912240625
7.5 2.912240625
7.571428571428571 2.912240625
7.607142857142857 2.912240625
7.642857142857143 2.912240625
7.678571428571429 2.912240625
7.714285714285714 2.912240625
7.75 2.912240625
7.785714285714286 2.912240625
7.821428571428571 2.912240625
7.857142857142857 2.912240625
7.928571428571429 2.91589921875
8.0 2.912240625
8.035714285714286 2.912240625
8.071428571428571 2.912240625
8.107142857142858 2.912240625
8.142857142857142 2.912240625
8.178571428571429 2.912240625
8.214285714285714 2.912240625
9.142857142857142 2.9049234375
9.178571428571429 2.9049234375
9.214285714285714 2.9049234375
9.25 2.9049234375
9.285714285714286 2.90858203125
9.321428571428571 2.90858203125
9.357142857142858 2.90858203125
9.392857142857142 2.90858203125
9.428571428571429 2.90858203125
9.464285714285714 2.90858203125
9.5 2.90858203125
9.535714285714286 2.90858203125
9.571428571428571 2.90858203125
9.607142857142858 2.90858203125
9.642857142857142 2.90858203125
9.678571428571429 2.90858203125
9.714285714285714 2.90858203125
9.75 2.90858203125
9.785714285714286 2.90858203125
9.821428571428571 2.90858203125
9.857142857142858 2.90858203125
9.892857142857142 2.90858203125
9.928571428571429 2.90858203125
9.964285714285714 2.90858203125
10.0 2.90858203125
10.035714285714286 2.90858203125
10.071428571428571 2.90858203125
10.107142857142858 2.90858203125
10.178571428571429 2.90858203125
10.214285714285714 2.90858203125
10.25 2.90858203125
10.285714285714286 2.90858203125
10.357142857142858 2.90858203125
10.392857142857142 2.90858203125
10.464285714285714 2.90858203125
10.5 2.90858203125
10.535714285714286 2.90858203125
10.571428571428571 2.90858203125
10.607142857142858 2.90858203125
11.642857142857142 2.89760625
11.678571428571429 2.89760625
11.714285714285714 2.90126484375
11.785714285714286 2.90126484375
11.821428571428571 2.90126484375
11.857142857142858 2.90126484375
11.892857142857142 2.9049234375
11.928571428571429 2.9049234375
11.964285714285714 2.9049234375
12.0 2.9049234375
12.035714285714286 2.9049234375
12.071428571428571 2.9049234375
12.107142857142858 2.9049234375
12.285714285714286 2.9049234375
12.321428571428571 2.9049234375
12.357142857142858 2.9049234375
12.392857142857142 2.9049234375
12.428571428571429 2.9049234375
12.464285714285714 2.9049234375
12.5 2.9049234375
12.535714285714286 2.9049234375
12.571428571428571 2.9049234375
12.607142857142858 2.9049234375
12.642857142857142 2.9049234375
12.678571428571429 2.9049234375
12.714285714285714 2.9049234375
12.75 2.9049234375
12.785714285714286 2.9049234375
12.821428571428571 2.9049234375
12.857142857142858 2.9049234375
12.892857142857142 2.9049234375
12.964285714285714 2.9049234375
13.0 2.9049234375
13.035714285714286 2.9049234375
13.107142857142858 2.9049234375
13.142857142857142 2.9049234375
13.178571428571429 2.9049234375
13.214285714285714 2.9049234375
14.142857142857142 2.89760625
14.178571428571429 2.89760625
14.214285714285714 2.90126484375
14.25 2.90126484375
14.285714285714286 2.90126484375
14.321428571428571 2.90126484375
14.357142857142858 2.90126484375
14.392857142857142 2.9049234375
14.428571428571429 2.90126484375
14.464285714285714 2.90126484375
14.5 2.90126484375
14.535714285714286 2.9049234375
14.571428571428571 2.9049234375
14.607142857142858 2.9049234375
14.642857142857142 2.9049234375
14.678571428571429 2.90126484375
14.714285714285714 2.9049234375
14.75 2.9049234375
14.857142857142858 2.90126484375
14.892857142857142 2.9049234375
14.928571428571429 2.9049234375
14.964285714285714 2.9049234375
15.035714285714286 2.9049234375
15.071428571428571 2.9049234375
15.107142857142858 2.9049234375
15.142857142857142 2.9049234375
15.178571428571429 2.9049234375
15.214285714285714 2.9049234375
15.25 2.9049234375
15.285714285714286 2.9049234375
15.321428571428571 2.9049234375
15.357142857142858 2.9049234375
15.392857142857142 2.9049234375
15.428571428571429 2.9049234375
15.464285714285714 2.9049234375
15.5 2.9049234375
15.535714285714286 2.9049234375
15.571428571428571 2.9049234375
15.678571428571429 2.9049234375
15.714285714285714 2.9049234375
16.642857142857142 2.89760625
16.678571428571427 2.89760625
16.75 2.89760625
16.785714285714285 2.89760625
16.821428571428573 2.89760625
16.857142857142858 2.90126484375
16.892857142857142 2.90126484375
16.928571428571427 2.89760625
16.964285714285715 2.90126484375
17.0 2.90126484375
17.035714285714285 2.90126484375
17.071428571428573 2.90126484375
17.107142857142858 2.90126484375
17.142857142857142 2.90126484375
17.178571428571427 2.90126484375
17.214285714285715 2.90126484375
17.25 2.90126484375
17.285714285714285 2.90126484375
17.321428571428573 2.90126484375
17.357142857142858 2.90126484375
17.392857142857142 2.90126484375
17.428571428571427 2.90126484375
17.464285714285715 2.90126484375
17.535714285714285 2.90126484375
17.571428571428573 2.90126484375
17.607142857142858 2.90126484375
17.642857142857142 2.90126484375
17.678571428571427 2.90126484375
17.714285714285715 2.90126484375
17.75 2.90126484375
17.785714285714285 2.90126484375
17.821428571428573 2.90126484375
17.857142857142858 2.90126484375
17.892857142857142 2.90126484375
17.928571428571427 2.90126484375
17.964285714285715 2.90126484375
18.0 2.90126484375
18.035714285714285 2.90126484375
18.071428571428573 2.90126484375
18.107142857142858 2.90126484375
18.142857142857142 2.90126484375
18.178571428571427 2.90126484375
18.214285714285715 2.90126484375
19.142857142857142 2.8902890625
19.178571428571427 2.8902890625
19.214285714285715 2.89394765625
19.25 2.89394765625
19.285714285714285 2.89760625
19.321428571428573 2.89760625
19.357142857142858 2.89760625
19.392857142857142 2.89760625
19.428571428571427 2.89760625
19.464285714285715 2.89760625
19.5 2.89760625
19.535714285714285 2.89760625
19.571428571428573 2.89760625
19.607142857142858 2.89760625
19.642857142857142 2.89760625
19.678571428571427 2.89760625
19.714285714285715 2.90126484375
19.75 2.90126484375
19.785714285714285 2.90126484375
19.821428571428573 2.89760625
19.857142857142858 2.90126484375
19.892857142857142 2.90126484375
19.928571428571427 2.90126484375
19.964285714285715 2.90126484375
20.0 2.90126484375
20.035714285714285 2.90126484375
20.071428571428573 2.90126484375
20.107142857142858 2.90126484375
20.142857142857142 2.90126484375
20.178571428571427 2.90126484375
20.214285714285715 2.90126484375
20.25 2.90126484375
20.357142857142858 2.89760625
20.392857142857142 2.89760625
20.428571428571427 2.89760625
20.5 2.89760625
20.535714285714285 2.89760625
20.571428571428573 2.90126484375
20.607142857142858 2.90126484375
20.642857142857142 2.90126484375
20.678571428571427 2.89760625
20.714285714285715 2.89760625
21.642857142857142 2.88663046875
21.678571428571427 2.8902890625
21.714285714285715 2.8902890625
21.75 2.8902890625
21.785714285714285 2.8902890625
21.821428571428573 2.89394765625
21.857142857142858 2.89394765625
21.892857142857142 2.89394765625
21.928571428571427 2.89394765625
21.964285714285715 2.89394765625
22.0 2.89760625
22.035714285714285 2.89760625
22.071428571428573 2.89760625
22.107142857142858 2.89760625
22.142857142857142 2.89760625
22.178571428571427 2.89760625
22.214285714285715 2.89760625
22.25 2.89760625
22.285714285714285 2.89760625
22.321428571428573 2.89760625
22.357142857142858 2.89760625
22.392857142857142 2.89760625
22.428571428571427 2.89760625
22.464285714285715 2.89760625
22.5 2.89760625
22.535714285714285 2.89760625
22.571428571428573 2.89760625
22.607142857142858 2.89760625
22.642857142857142 2.89760625
22.678571428571427 2.89760625
22.714285714285715 2.89760625
22.75 2.89760625
22.785714285714285 2.89760625
22.821428571428573 2.89760625
22.857142857142858 2.89760625
22.892857142857142 2.89760625
22.928571428571427 2.89760625
22.964285714285715 2.89760625
23.0 2.89760625
23.035714285714285 2.89760625
23.071428571428573 2.89760625
23.107142857142858 2.89760625
23.142857142857142 2.89760625
23.178571428571427 2.89760625
23.214285714285715 2.89760625
24.142857142857142 2.88663046875
24.178571428571427 2.882971875
24.214285714285715 2.88663046875
24.25 2.88663046875
24.285714285714285 2.88663046875
24.321428571428573 2.88663046875
24.357142857142858 2.8902890625
24.392857142857142 2.8902890625
24.428571428571427 2.8902890625
24.464285714285715 2.89394765625
24.5 2.8902890625
24.535714285714285 2.8902890625
24.571428571428573 2.89394765625
24.607142857142858 2.89394765625
24.642857142857142 2.89394765625
24.678571428571427 2.89394765625
24.714285714285715 2.89394765625
24.75 2.89394765625
24.785714285714285 2.89394765625
24.821428571428573 2.89394765625
24.857142857142858 2.89394765625
24.892857142857142 2.89394765625
24.928571428571427 2.89394765625
24.964285714285715 2.89394765625
25.0 2.89394765625
25.035714285714285 2.89394765625
25.071428571428573 2.89394765625
25.107142857142858 2.89394765625
25.142857142857142 2.89394765625
25.178571428571427 2.89394765625
25.214285714285715 2.89394765625
25.25 2.89394765625
25.285714285714285 2.89394765625
25.321428571428573 2.89760625
25.357142857142858 2.89394765625
25.392857142857142 2.89394765625
25.428571428571427 2.89394765625
25.464285714285715 2.89394765625
25.5 2.89394765625
25.535714285714285 2.89394765625
25.571428571428573 2.89760625
25.607142857142858 2.89760625
25.642857142857142 2.89760625
25.678571428571427 2.89394765625
25.714285714285715 2.89394765625
26.642857142857142 2.8756546875
26.678571428571427 2.87931328125
26.714285714285715 2.87931328125
26.75 2.87931328125
26.785714285714285 2.882971875
26.821428571428573 2.882971875
26.857142857142858 2.882971875
26.892857142857142 2.8902890625
26.928571428571427 2.88663046875
26.964285714285715 2.89394765625
27.0 2.8902890625
27.035714285714285 2.8902890625
27.071428571428573 2.8902890625
27.107142857142858 2.8902890625
27.142857142857142 2.8902890625
27.178571428571427 2.89760625
27.214285714285715 2.89394765625
27.25 2.89394765625
27.285714285714285 2.89394765625
27.321428571428573 2.8902890625
27.357142857142858 2.89760625
27.392857142857142 2.8902890625
27.428571428571427 2.8902890625
27.464285714285715 2.89760625
27.5 2.8902890625
27.535714285714285 2.89394765625
27.571428571428573 2.8902890625
27.607142857142858 2.8902890625
27.642857142857142 2.8902890625
27.678571428571427 2.89394765625
27.714285714285715 2.89394765625
27.75 2.89394765625
27.785714285714285 2.89394765625
27.821428571428573 2.89394765625
27.857142857142858 2.89394765625
27.892857142857142 2.89394765625
27.928571428571427 2.89394765625
27.964285714285715 2.89760625
28.0 2.89394765625
28.035714285714285 2.89760625
28.071428571428573 2.89394765625
28.107142857142858 2.89760625
28.142857142857142 2.89760625
28.178571428571427 2.89760625
28.214285714285715 2.89760625
29.142857142857142 2.87199609375
29.178571428571427 2.87931328125
29.214285714285715 2.8756546875
29.25 2.87931328125
29.285714285714285 2.87931328125
29.321428571428573 2.87931328125
29.357142857142858 2.87931328125
29.392857142857142 2.882971875
29.428571428571427 2.882971875
29.464285714285715 2.882971875
29.5 2.882971875
29.535714285714285 2.882971875
29.571428571428573 2.88663046875
29.607142857142858 2.88663046875
29.642857142857142 2.882971875
29.678571428571427 2.882971875
29.714285714285715 2.882971875
29.75 2.882971875
29.785714285714285 2.88663046875
29.821428571428573 2.88663046875
29.857142857142858 2.88663046875
29.892857142857142 2.88663046875
29.928571428571427 2.882971875
29.964285714285715 2.882971875
30.0 2.882971875
30.035714285714285 2.88663046875
30.071428571428573 2.882971875
30.107142857142858 2.882971875
30.142857142857142 2.88663046875
30.178571428571427 2.88663046875
30.214285714285715 2.88663046875
30.25 2.882971875
30.285714285714285 2.882971875
30.321428571428573 2.88663046875
30.357142857142858 2.882971875
30.392857142857142 2.89760625
30.428571428571427 2.89760625
30.464285714285715 2.8902890625
30.5 2.89394765625
30.535714285714285 2.89394765625
30.571428571428573 2.89394765625
30.607142857142858 2.89394765625
30.642857142857142 2.89394765625
30.678571428571427 2.88663046875
30.714285714285715 2.88663046875
31.642857142857142 2.87199609375
31.678571428571427 2.8756546875
31.714285714285715 2.8756546875
31.75 2.8756546875
31.785714285714285 2.87931328125
31.821428571428573 2.87931328125
31.857142857142858 2.8756546875
31.892857142857142 2.87931328125
31.928571428571427 2.882971875
31.964285714285715 2.882971875
32.0 2.882971875
32.035714285714285 2.87931328125
32.07142857142857 2.87931328125
32.107142857142854 2.87931328125
32.142857142857146 2.882971875
32.17857142857143 2.87931328125
32.214285714285715 2.882971875
32.25 2.882971875
32.285714285714285 2.87931328125
32.32142857142857 2.882971875
32.357142857142854 2.87931328125
32.392857142857146 2.882971875
32.42857142857143 2.882971875
32.464285714285715 2.882971875
32.5 2.882971875
32.535714285714285 2.882971875
32.57142857142857 2.882971875
32.607142857142854 2.882971875
32.642857142857146 2.87931328125
32.67857142857143 2.882971875
32.714285714285715 2.882971875
32.75 2.88663046875
32.785714285714285 2.88663046875
32.82142857142857 2.882971875
32.857142857142854 2.882971875
32.892857142857146 2.882971875
32.92857142857143 2.882971875
32.964285714285715 2.882971875
33.0 2.89394765625
33.035714285714285 2.88663046875
33.07142857142857 2.882971875
33.107142857142854 2.89394765625
33.142857142857146 2.89394765625
33.17857142857143 2.88663046875
33.214285714285715 2.89394765625
34.142857142857146 2.8683375
34.17857142857143 2.8683375
34.214285714285715 2.87199609375
34.25 2.87199609375
34.285714285714285 2.8756546875
34.32142857142857 2.87199609375
34.357142857142854 2.8756546875
34.392857142857146 2.8756546875
34.42857142857143 2.87931328125
34.464285714285715 2.87931328125
34.5 2.8756546875
34.535714285714285 2.8756546875
34.57142857142857 2.8756546875
34.607142857142854 2.8756546875
34.642857142857146 2.8756546875
34.67857142857143 2.87931328125
34.714285714285715 2.87931328125
34.75 2.87931328125
34.785714285714285 2.87931328125
34.82142857142857 2.87931328125
34.857142857142854 2.87931328125
34.892857142857146 2.87931328125
34.92857142857143 2.87931328125
34.964285714285715 2.87931328125
35.0 2.87931328125
35.035714285714285 2.8756546875
35.07142857142857 2.8756546875
35.107142857142854 2.87931328125
35.142857142857146 2.87931328125
35.17857142857143 2.8756546875
35.214285714285715 2.87931328125
35.25 2.87931328125
35.285714285714285 2.8756546875
35.32142857142857 2.87931328125
35.357142857142854 2.87931328125
35.392857142857146 2.87931328125
35.42857142857143 2.87931328125
35.464285714285715 2.8756546875
35.5 2.8756546875
35.535714285714285 2.87931328125
35.57142857142857 2.87931328125
35.607142857142854 2.87931328125
35.642857142857146 2.87931328125
35.67857142857143 2.87931328125
35.714285714285715 2.87931328125
36.607142857142854 2.8683375
36.642857142857146 2.8683375
36.67857142857143 2.8683375
36.714285714285715 2.87199609375
36.75 2.87199609375
36.785714285714285 2.87199609375
36.82142857142857 2.87199609375
36.857142857142854 2.87199609375
36.892857142857146 2.87199609375
36.92857142857143 2.87199609375
36.964285714285715 2.87199609375
37.0 2.87199609375
37.035714285714285 2.87199609375
37.07142857142857 2.87199609375
37.107142857142854 2.87199609375
37.142857142857146 2.8756546875
37.17857142857143 2.8756546875
37.214285714285715 2.87199609375
37.25 2.8756546875
37.285714285714285 2.8756546875
37.32142857142857 2.87199609375
37.357142857142854 2.87199609375
37.392857142857146 2.8756546875
37.42857142857143 2.8756546875
37.464285714285715 2.8756546875
37.5 2.8756546875
37.535714285714285 2.8756546875
37.57142857142857 2.87199609375
37.607142857142854 2.8756546875
37.642857142857146 2.8756546875
37.67857142857143 2.8756546875
37.714285714285715 2.8756546875
37.75 2.8756546875
37.785714285714285 2.8756546875
37.82142857142857 2.8756546875
37.857142857142854 2.8756546875
37.892857142857146 2.8756546875
37.92857142857143 2.8756546875
37.964285714285715 2.87199609375
38.0 2.8756546875
38.035714285714285 2.8756546875
38.07142857142857 2.8756546875
38.107142857142854 2.8756546875
38.142857142857146 2.8756546875
38.17857142857143 2.8756546875
38.214285714285715 2.87199609375
39.142857142857146 2.86467890625
39.17857142857143 2.8683375
39.214285714285715 2.86467890625
39.25 2.8683375
39.285714285714285 2.8683375
39.32142857142857 2.8683375
39.357142857142854 2.8683375
39.392857142857146 2.87199609375
39.42857142857143 2.87199609375
39.464285714285715 2.87199609375
39.5 2.87199609375
39.535714285714285 2.87199609375
39.57142857142857 2.87199609375
39.607142857142854 2.87199609375
39.642857142857146 2.87199609375
39.67857142857143 2.87199609375
39.714285714285715 2.8683375
39.75 2.87199609375
39.785714285714285 2.87199609375
39.82142857142857 2.87199609375
39.857142857142854 2.87199609375
39.892857142857146 2.87199609375
