0.03571428571428571 1.67929453125
0.07142857142857142 1.67929453125
0.10714285714285714 1.67929453125
0.14285714285714285 1.67929453125
0.17857142857142858 1.6610015625
0.21428571428571427 1.67197734375
0.25 1.6756359375
0.2857142857142857 1.6756359375
0.32142857142857145 1.6756359375
0.35714285714285715 1.6756359375
0.39285714285714285 1.6756359375
0.42857142857142855 1.6756359375
0.4642857142857143 1.66466015625
0.5 1.6756359375
0.5357142857142857 1.6756359375
0.5714285714285714 1.6756359375
0.6071428571428571 1.6756359375
0.6428571428571429 1.6756359375
0.6785714285714286 1.6756359375
0.7142857142857143 1.6756359375
0.75 1.66831875
0.7857142857142857 1.66831875
0.8214285714285714 1.6756359375
0.8571428571428571 1.6756359375
0.8928571428571429 1.6756359375
0.9285714285714286 1.6756359375
0.9642857142857143 1.6756359375
1.0 1.67197734375
1.0357142857142858 1.6610015625
1.0714285714285714 1.67197734375
1.1071428571428572 1.6756359375
1.1428571428571428 1.6756359375
1.1785714285714286 1.6756359375
1.2142857142857142 1.6756359375
1.25 1.6756359375
1.2857142857142858 1.67197734375
1.3214285714285714 1.67197734375
1.3571428571428572 1.6756359375
1.3928571428571428 1.67929453125
1.4285714285714286 1.67929453125
1.4642857142857142 1.682953125
1.5 1.682953125
1.5357142857142858 1.682953125
1.5714285714285714 1.682953125
1.6071428571428572 1.67929453125
1.6428571428571428 1.67929453125
1.6785714285714286 1.68661171875
1.7142857142857142 1.682953125
1.75 1.68661171875
1.7857142857142858 1.682953125
1.8214285714285714 1.682953125
1.8571428571428572 1.682953125
1.8928571428571428 1.6756359375
1.9285714285714286 1.68661171875
1.9642857142857142 1.6902703125
2.0 1.6902703125
2.0357142857142856 1.6902703125
2.0714285714285716 1.6902703125
2.107142857142857 1.6902703125
2.142857142857143 1.6902703125
2.1785714285714284 1.68661171875
2.2142857142857144 1.682953125
2.25 1.6975875
2.2857142857142856 1.69392890625
2.3214285714285716 1.6975875
2.357142857142857 1.6975875
2.392857142857143 1.6975875
2.4642857142857144 1.6902703125
2.5 1.6975875
2.5357142857142856 1.70124609375
2.5714285714285716 1.7049046875
2.607142857142857 1.7049046875
2.642857142857143 1.7049046875
2.6785714285714284 1.7049046875
2.7142857142857144 1.7049046875
2.75 1.69392890625
2.7857142857142856 1.7049046875
2.8214285714285716 1.70856328125
2.857142857142857 1.7049046875
2.892857142857143 1.7049046875
2.9285714285714284 1.70856328125
2.9642857142857144 1.70856328125
3.0 1.70124609375
3.0357142857142856 1.70124609375
3.0714285714285716 1.70124609375
3.107142857142857 1.70856328125
3.142857142857143 1.70856328125
3.1785714285714284 1.70856328125
3.2142857142857144 1.70856328125
3.25 1.70856328125
3.2857142857142856 1.70856328125
3.357142857142857 1.70856328125
3.392857142857143 1.70856328125
3.4285714285714284 1.712221875
3.4642857142857144 1.712221875
3.5 1.712221875
3.5357142857142856 1.712221875
3.5714285714285716 1.70856328125
3.642857142857143 1.712221875
3.6785714285714284 1.712221875
3.7142857142857144 1.71588046875
3.75 1.71588046875
3.7857142857142856 1.712221875
3.8214285714285716 1.712221875
3.857142857142857 1.712221875
3.892857142857143 1.70856328125
3.9285714285714284 1.70856328125
3.9642857142857144 1.71588046875
4.0 1.71588046875
4.035714285714286 1.71588046875
4.071428571428571 1.71588046875
4.107142857142857 1.71588046875
4.142857142857143 1.71588046875
4.178571428571429 1.712221875
4.214285714285714 1.71588046875
4.25 1.71588046875
4.285714285714286 1.71588046875
4.321428571428571 1.71588046875
4.357142857142857 1.71588046875
4.392857142857143 1.7195390625
4.428571428571429 1.7195390625
4.464285714285714 1.71588046875
4.5 1.7195390625
4.535714285714286 1.7195390625
4.571428571428571 1.7195390625
4.607142857142857 1.7195390625
4.642857142857143 1.7195390625
4.678571428571429 1.7195390625
4.714285714285714 1.7195390625
4.75 1.71588046875
4.785714285714286 1.71588046875
4.821428571428571 1.7195390625
4.857142857142857 1.72319765625
4.892857142857143 1.72319765625
4.928571428571429 1.72319765625
4.964285714285714 1.7195390625
5.0 1.7195390625
5.071428571428571 1.7195390625
5.107142857142857 1.72319765625
5.142857142857143 1.72319765625
5.178571428571429 1.72319765625
5.214285714285714 1.72319765625
5.25 1.72319765625
5.285714285714286 1.72319765625
5.321428571428571 1.7195390625
5.357142857142857 1.72319765625
5.392857142857143 1.72319765625
5.428571428571429 1.72319765625
5.464285714285714 1.72685625
5.5 1.72685625
5.535714285714286 1.72319765625
5.571428571428571 1.72685625
5.607142857142857 1.7195390625
5.642857142857143 1.72319765625
5.678571428571429 1.72685625
5.714285714285714 1.72685625
5.75 1.72685625
5.785714285714286 1.72685625
5.821428571428571 1.72685625
5.857142857142857 1.72685625
5.928571428571429 1.72685625
5.964285714285714 1.72685625
6.0 1.73051484375
6.035714285714286 1.73051484375
6.071428571428571 1.73051484375
6.107142857142857 1.73051484375
6.142857142857143 1.73051484375
6.178571428571429 1.72685625
6.214285714285714 1.72685625
6.25 1.73051484375
6.285714285714286 1.73051484375
6.321428571428571 1.73051484375
6.357142857142857 1.73051484375
6.392857142857143 1.73051484375
6.428571428571429 1.73051484375
6.464285714285714 1.72319765625
6.5 1.73051484375
6.535714285714286 1.73051484375
6.571428571428571 1.7341734375
6.607142857142857 1.7341734375
6.642857142857143 1.7341734375
6.678571428571429 1.7341734375
6.714285714285714 1.7341734375
6.75 1.72685625
6.785714285714286 1.72685625
6.821428571428571 1.7341734375
6.857142857142857 1.7341734375
6.892857142857143 1.7341734375
6.928571428571429 1.7341734375
6.964285714285714 1.7341734375
7.0 1.7341734375
7.035714285714286 1.72685625
7.071428571428571 1.73051484375
7.107142857142857 1.7341734375
7.142857142857143 1.7341734375
7.178571428571429 1.7341734375
7.214285714285714 1.7341734375
7.25 1.7341734375
7.285714285714286 1.7341734375
7.321428571428571 1.72319765625
7.357142857142857 1.73051484375
7.392857142857143 1.73051484375
7.428571428571429 1.7341734375
7.464285714285714 1.7341734375
7.5 1.7341734375
7.535714285714286 1.7341734375
7.571428571428571 1.7341734375
7.607142857142857 1.72685625
7.642857142857143 1.72685625
7.678571428571429 1.7341734375
7.714285714285714 1.7341734375
7.75 1.7341734375
7.785714285714286 1.7341734375
7.821428571428571 1.7341734375
7.857142857142857 1.7341734375
7.928571428571429 1.73051484375
7.964285714285714 1.73051484375
8.0 1.73051484375
8.035714285714286 1.73051484375
8.071428571428571 1.73051484375
8.107142857142858 1.73051484375
8.142857142857142 1.73051484375
8.178571428571429 1.72685625
8.214285714285714 1.72319765625
8.25 1.73051484375
8.285714285714286 1.73051484375
8.321428571428571 1.73051484375
8.357142857142858 1.73051484375
8.392857142857142 1.73051484375
8.428571428571429 1.73051484375
8.464285714285714 1.72319765625
8.5 1.73051484375
8.535714285714286 1.73051484375
8.571428571428571 1.7341734375
8.607142857142858 1.7341734375
8.642857142857142 1.7341734375
8.678571428571429 1.7341734375
8.714285714285714 1.7341734375
8.75 1.72319765625
8.785714285714286 1.73051484375
8.821428571428571 1.7341734375
8.857142857142858 1.7341734375
8.892857142857142 1.7341734375
8.928571428571429 1.7341734375
8.964285714285714 1.7341734375
9.0 1.7341734375
9.035714285714286 1.73051484375
9.071428571428571 1.72685625
9.107142857142858 1.73051484375
9.142857142857142 1.7341734375
9.178571428571429 1.73051484375
9.214285714285714 1.73051484375
9.25 1.73051484375
9.285714285714286 1.73051484375
9.321428571428571 1.72319765625
9.357142857142858 1.72685625
9.392857142857142 1.73051484375
9.428571428571429 1.73051484375
9.464285714285714 1.73051484375
9.5 1.73051484375
9.535714285714286 1.73051484375
9.571428571428571 1.73051484375
9.642857142857142 1.72685625
9.678571428571429 1.73051484375
9.714285714285714 1.73051484375
9.75 1.73051484375
9.785714285714286 1.73051484375
9.821428571428571 1.73051484375
9.857142857142858 1.73051484375
9.892857142857142 1.72685625
9.928571428571429 1.72319765625
9.964285714285714 1.73051484375
10.0 1.73051484375
10.035714285714286 1.73051484375
10.071428571428571 1.73051484375
10.107142857142858 1.73051484375
10.142857142857142 1.73051484375
10.178571428571429 1.72319765625
10.214285714285714 1.73051484375
10.25 1.7341734375
10.285714285714286 1.7341734375
10.321428571428571 1.7341734375
10.357142857142858 1.7341734375
10.392857142857142 1.7341734375
10.428571428571429 1.7341734375
10.464285714285714 1.73051484375
10.5 1.7341734375
10.535714285714286 1.7341734375
10.571428571428571 1.7341734375
10.607142857142858 1.7341734375
10.642857142857142 1.7341734375
10.678571428571429 1.7341734375
10.714285714285714 1.7341734375
10.785714285714286 1.73051484375
10.821428571428571 1.7341734375
10.857142857142858 1.7341734375
10.892857142857142 1.7341734375
10.928571428571429 1.7341734375
10.964285714285714 1.7341734375
11.0 1.7341734375
11.035714285714286 1.72685625
11.071428571428571 1.7341734375
11.107142857142858 1.7341734375
11.142857142857142 1.7341734375
11.178571428571429 1.7341734375
11.214285714285714 1.7341734375
11.25 1.7341734375
11.285714285714286 1.7341734375
11.321428571428571 1.73051484375
11.357142857142858 1.7341734375
11.392857142857142 1.73783203125
11.428571428571429 1.7341734375
11.464285714285714 1.73783203125
11.5 1.73783203125
11.535714285714286 1.73783203125
11.571428571428571 1.73783203125
11.607142857142858 1.73051484375
11.642857142857142 1.7341734375
11.678571428571429 1.7341734375
11.714285714285714 1.73783203125
11.75 1.73783203125
11.785714285714286 1.73783203125
11.821428571428571 1.73783203125
11.857142857142858 1.7341734375
11.928571428571429 1.7341734375
11.964285714285714 1.7341734375
12.0 1.73783203125
12.035714285714286 1.73783203125
12.071428571428571 1.73783203125
12.107142857142858 1.73783203125
12.142857142857142 1.73783203125
12.178571428571429 1.7341734375
12.214285714285714 1.7341734375
12.25 1.7341734375
12.285714285714286 1.7341734375
12.321428571428571 1.73783203125
12.357142857142858 1.7341734375
12.392857142857142 1.73783203125
12.428571428571429 1.73783203125
12.464285714285714 1.73051484375
12.5 1.7341734375
12.535714285714286 1.7341734375
12.571428571428571 1.7341734375
12.607142857142858 1.7341734375
12.642857142857142 1.7341734375
12.678571428571429 1.7341734375
12.714285714285714 1.7341734375
12.75 1.73051484375
12.785714285714286 1.7341734375
12.821428571428571 1.7341734375
12.857142857142858 1.7341734375
12.892857142857142 1.7341734375
12.928571428571429 1.7341734375
12.964285714285714 1.7341734375
13.0 1.7341734375
13.035714285714286 1.72685625
13.071428571428571 1.72685625
13.107142857142858 1.73051484375
13.142857142857142 1.73051484375
13.178571428571429 1.73051484375
13.214285714285714 1.73051484375
13.25 1.73051484375
13.285714285714286 1.73051484375
13.321428571428571 1.72685625
13.357142857142858 1.72685625
13.392857142857142 1.72685625
13.428571428571429 1.72685625
13.464285714285714 1.72685625
13.5 1.72685625
13.535714285714286 1.72685625
13.571428571428571 1.72685625
13.607142857142858 1.72319765625
13.642857142857142 1.72319765625
13.678571428571429 1.72319765625
13.714285714285714 1.72319765625
13.75 1.72319765625
13.785714285714286 1.72319765625
13.821428571428571 1.72319765625
13.857142857142858 1.72319765625
13.892857142857142 1.7195390625
13.928571428571429 1.72319765625
13.964285714285714 1.72319765625
14.0 1.72319765625
14.035714285714286 1.72319765625
14.071428571428571 1.72319765625
14.107142857142858 1.72319765625
14.142857142857142 1.72319765625
14.178571428571429 1.7195390625
14.214285714285714 1.7195390625
14.25 1.7195390625
14.285714285714286 1.7195390625
14.321428571428571 1.7195390625
14.357142857142858 1.72319765625
14.392857142857142 1.72319765625
14.428571428571429 1.7195390625
14.464285714285714 1.7195390625
14.5 1.7195390625
14.535714285714286 1.72319765625
14.571428571428571 1.72319765625
14.607142857142858 1.72319765625
14.642857142857142 1.7195390625
14.678571428571429 1.7195390625
14.714285714285714 1.72319765625
14.75 1.7195390625
14.785714285714286 1.72319765625
14.821428571428571 1.72319765625
14.857142857142858 1.72319765625
14.892857142857142 1.72319765625
14.928571428571429 1.72319765625
14.964285714285714 1.7195390625
15.0 1.7195390625
15.035714285714286 1.7195390625
15.071428571428571 1.72319765625
15.107142857142858 1.7195390625
15.142857142857142 1.7195390625
15.178571428571429 1.7195390625
15.214285714285714 1.7195390625
15.25 1.7195390625
15.285714285714286 1.7195390625
15.357142857142858 1.72319765625
15.392857142857142 1.72319765625
15.428571428571429 1.72319765625
15.464285714285714 1.72319765625
15.5 1.7195390625
15.535714285714286 1.7195390625
15.571428571428571 1.72319765625
15.642857142857142 1.72319765625
15.678571428571429 1.72319765625
15.714285714285714 1.72319765625
15.75 1.72319765625
15.785714285714286 1.72319765625
15.821428571428571 1.72319765625
15.857142857142858 1.72319765625
15.892857142857142 1.7195390625
15.928571428571429 1.72319765625
15.964285714285714 1.72319765625
16.0 1.72319765625
16.035714285714285 1.72319765625
16.071428571428573 1.72319765625
16.107142857142858 1.72319765625
16.142857142857142 1.7195390625
16.214285714285715 1.72319765625
16.25 1.72319765625
16.285714285714285 1.72319765625
16.321428571428573 1.72319765625
16.357142857142858 1.72319765625
16.392857142857142 1.7195390625
16.428571428571427 1.7195390625
16.464285714285715 1.72319765625
16.5 1.72319765625
16.535714285714285 1.72319765625
16.571428571428573 1.72319765625
16.607142857142858 1.7195390625
16.642857142857142 1.7195390625
16.678571428571427 1.7195390625
16.714285714285715 1.7195390625
16.75 1.7195390625
16.785714285714285 1.72319765625
16.821428571428573 1.72319765625
16.857142857142858 1.72319765625
16.892857142857142 1.72319765625
16.928571428571427 1.7195390625
16.964285714285715 1.7195390625
17.0 1.7195390625
17.035714285714285 1.72319765625
17.071428571428573 1.72319765625
17.107142857142858 1.7195390625
17.142857142857142 1.72319765625
17.178571428571427 1.7195390625
17.214285714285715 1.72319765625
17.25 1.7195390625
17.285714285714285 1.7195390625
17.321428571428573 1.7195390625
17.357142857142858 1.7195390625
17.392857142857142 1.7195390625
17.428571428571427 1.7195390625
17.464285714285715 1.7195390625
17.5 1.7195390625
17.535714285714285 1.7195390625
17.571428571428573 1.7195390625
17.607142857142858 1.7195390625
17.642857142857142 1.7195390625
17.678571428571427 1.7195390625
17.714285714285715 1.7195390625
17.75 1.7195390625
17.785714285714285 1.7195390625
17.821428571428573 1.7195390625
17.857142857142858 1.7195390625
17.928571428571427 1.7195390625
17.964285714285715 1.7195390625
18.0 1.7195390625
18.035714285714285 1.7195390625
18.071428571428573 1.7195390625
18.107142857142858 1.7195390625
18.142857142857142 1.7195390625
18.178571428571427 1.71588046875
18.214285714285715 1.7195390625
18.25 1.7195390625
18.285714285714285 1.7195390625
18.321428571428573 1.7195390625
18.357142857142858 1.7195390625
18.392857142857142 1.7195390625
18.428571428571427 1.7195390625
18.464285714285715 1.71588046875
18.5 1.7195390625
18.535714285714285 1.7195390625
18.571428571428573 1.7195390625
18.607142857142858 1.7195390625
18.642857142857142 1.7195390625
18.678571428571427 1.71588046875
18.714285714285715 1.7195390625
18.75 1.7195390625
18.785714285714285 1.71588046875
18.821428571428573 1.71588046875
18.857142857142858 1.7195390625
18.892857142857142 1.71588046875
18.928571428571427 1.7195390625
18.964285714285715 1.7195390625
19.0 1.71588046875
19.035714285714285 1.71588046875
19.071428571428573 1.7195390625
19.107142857142858 1.7195390625
19.142857142857142 1.71588046875
19.178571428571427 1.7195390625
19.214285714285715 1.7195390625
19.25 1.7195390625
19.285714285714285 1.71588046875
19.321428571428573 1.7195390625
19.357142857142858 1.7195390625
19.392857142857142 1.7195390625
19.428571428571427 1.7195390625
19.464285714285715 1.7195390625
19.5 1.7195390625
19.535714285714285 1.71588046875
19.571428571428573 1.71588046875
19.607142857142858 1.7195390625
19.642857142857142 1.7195390625
19.678571428571427 1.71588046875
19.714285714285715 1.71588046875
19.75 1.71588046875
19.785714285714285 1.71588046875
19.821428571428573 1.71588046875
19.857142857142858 1.71588046875
19.892857142857142 1.71588046875
19.928571428571427 1.7195390625
19.964285714285715 1.7195390625
20.0 1.7195390625
20.035714285714285 1.7195390625
20.071428571428573 1.71588046875
20.107142857142858 1.71588046875
20.142857142857142 1.71588046875
20.178571428571427 1.71588046875
20.214285714285715 1.71588046875
20.25 1.7195390625
20.285714285714285 1.71588046875
20.321428571428573 1.71588046875
20.357142857142858 1.71588046875
20.392857142857142 1.71588046875
20.428571428571427 1.71588046875
20.464285714285715 1.712221875
20.5 1.7195390625
20.535714285714285 1.71588046875
20.571428571428573 1.71588046875
20.607142857142858 1.71588046875
20.642857142857142 1.71588046875
20.678571428571427 1.71588046875
20.714285714285715 1.71588046875
20.75 1.71588046875
20.785714285714285 1.7195390625
20.821428571428573 1.71588046875
20.857142857142858 1.71588046875
20.892857142857142 1.71588046875
20.928571428571427 1.71588046875
20.964285714285715 1.71588046875
21.0 1.71588046875
21.035714285714285 1.71588046875
21.071428571428573 1.71588046875
21.107142857142858 1.71588046875
21.142857142857142 1.71588046875
21.178571428571427 1.71588046875
21.214285714285715 1.71588046875
21.25 1.71588046875
21.285714285714285 1.71588046875
21.321428571428573 1.712221875
21.357142857142858 1.71588046875
21.392857142857142 1.71588046875
21.428571428571427 1.71588046875
21.464285714285715 1.71588046875
21.5 1.71588046875
21.535714285714285 1.71588046875
21.571428571428573 1.71588046875
21.607142857142858 1.712221875
21.642857142857142 1.712221875
21.678571428571427 1.71588046875
21.714285714285715 1.71588046875
21.75 1.71588046875
21.785714285714285 1.712221875
21.821428571428573 1.712221875
21.857142857142858 1.712221875
21.892857142857142 1.712221875
21.928571428571427 1.712221875
21.964285714285715 1.71588046875
22.0 1.712221875
22.035714285714285 1.712221875
22.071428571428573 1.712221875
22.107142857142858 1.712221875
22.142857142857142 1.712221875
22.178571428571427 1.70856328125
22.214285714285715 1.712221875
22.25 1.712221875
22.285714285714285 1.712221875
22.321428571428573 1.712221875
22.357142857142858 1.712221875
22.392857142857142 1.712221875
22.428571428571427 1.70856328125
22.464285714285715 1.70856328125
22.5 1.712221875
22.535714285714285 1.712221875
22.571428571428573 1.712221875
22.607142857142858 1.712221875
22.642857142857142 1.712221875
22.678571428571427 1.712221875
22.714285714285715 1.712221875
22.75 1.70856328125
22.785714285714285 1.712221875
22.821428571428573 1.712221875
22.857142857142858 1.70856328125
22.892857142857142 1.70856328125
22.928571428571427 1.712221875
22.964285714285715 1.70856328125
23.0 1.70856328125
23.035714285714285 1.70856328125
23.071428571428573 1.712221875
23.107142857142858 1.712221875
23.142857142857142 1.712221875
23.178571428571427 1.70856328125
23.214285714285715 1.70856328125
23.25 1.70856328125
23.285714285714285 1.70856328125
23.321428571428573 1.70856328125
23.357142857142858 1.7049046875
23.392857142857142 1.70856328125
23.428571428571427 1.7049046875
23.464285714285715 1.7049046875
23.5 1.7049046875
23.535714285714285 1.7049046875
23.571428571428573 1.7049046875
23.607142857142858 1.70124609375
23.642857142857142 1.6975875
23.678571428571427 1.6975875
23.714285714285715 1.70124609375
23.75 1.6975875
23.785714285714285 1.6975875
23.821428571428573 1.6975875
23.857142857142858 1.6975875
23.892857142857142 1.69392890625
23.928571428571427 1.6902703125
23.964285714285715 1.6902703125
24.0 1.6902703125
24.035714285714285 1.6902703125
24.071428571428573 1.6902703125
24.107142857142858 1.6902703125
24.142857142857142 1.6902703125
24.178571428571427 1.68661171875
24.214285714285715 1.682953125
24.25 1.682953125
24.285714285714285 1.682953125
24.321428571428573 1.682953125
24.357142857142858 1.682953125
24.392857142857142 1.682953125
24.428571428571427 1.682953125
24.464285714285715 1.6756359375
24.5 1.6756359375
24.535714285714285 1.6756359375
24.571428571428573 1.6756359375
24.607142857142858 1.6756359375
24.642857142857142 1.67197734375
24.678571428571427 1.67197734375
24.714285714285715 1.67197734375
24.75 1.67197734375
24.785714285714285 1.66466015625
24.821428571428573 1.66466015625
24.857142857142858 1.66466015625
24.892857142857142 1.66466015625
24.928571428571427 1.66466015625
24.964285714285715 1.66466015625
25.0 1.66466015625
25.035714285714285 1.65734296875
25.071428571428573 1.65734296875
25.107142857142858 1.65734296875
25.142857142857142 1.65734296875
25.178571428571427 1.653684375
25.214285714285715 1.65734296875
25.25 1.653684375
25.285714285714285 1.653684375
25.321428571428573 1.653684375
25.357142857142858 1.6463671875
25.392857142857142 1.6463671875
25.428571428571427 1.6463671875
25.464285714285715 1.6463671875
25.5 1.6463671875
25.535714285714285 1.6463671875
25.571428571428573 1.6463671875
25.607142857142858 1.6427085937500001
25.642857142857142 1.6390500000000001
25.678571428571427 1.6390500000000001
25.714285714285715 1.63539140625
25.75 1.6390500000000001
25.785714285714285 1.6390500000000001
25.821428571428573 1.63539140625
25.857142857142858 1.63539140625
25.892857142857142 1.6317328125
25.928571428571427 1.6317328125
25.964285714285715 1.6317328125
26.0 1.6317328125
26.035714285714285 1.6317328125
26.071428571428573 1.6317328125
26.107142857142858 1.6317328125
26.142857142857142 1.6317328125
26.178571428571427 1.62807421875
26.214285714285715 1.62807421875
26.25 1.624415625
26.285714285714285 1.624415625
26.321428571428573 1.624415625
26.357142857142858 1.624415625
26.392857142857142 1.624415625
26.428571428571427 1.624415625
26.464285714285715 1.62075703125
26.5 1.624415625
26.535714285714285 1.624415625
26.571428571428573 1.624415625
26.607142857142858 1.624415625
26.642857142857142 1.624415625
26.678571428571427 1.624415625
26.714285714285715 1.624415625
26.75 1.62075703125
26.785714285714285 1.624415625
26.821428571428573 1.624415625
26.857142857142858 1.624415625
26.892857142857142 1.624415625
26.928571428571427 1.624415625
26.964285714285715 1.624415625
27.0 1.624415625
27.035714285714285 1.62075703125
27.071428571428573 1.624415625
27.107142857142858 1.624415625
27.142857142857142 1.624415625
27.178571428571427 1.624415625
27.214285714285715 1.624415625
27.25 1.624415625
27.285714285714285 1.624415625
27.321428571428573 1.62075703125
27.357142857142858 1.62075703125
27.392857142857142 1.624415625
27.428571428571427 1.624415625
27.464285714285715 1.624415625
27.5 1.624415625
27.535714285714285 1.624415625
27.571428571428573 1.624415625
27.607142857142858 1.62075703125
27.642857142857142 1.624415625
27.678571428571427 1.624415625
27.714285714285715 1.624415625
27.75 1.624415625
27.785714285714285 1.624415625
27.821428571428573 1.624415625
27.857142857142858 1.62075703125
27.892857142857142 1.62075703125
27.928571428571427 1.624415625
27.964285714285715 1.62807421875
28.0 1.62807421875
28.035714285714285 1.62807421875
28.071428571428573 1.62807421875
28.107142857142858 1.62807421875
28.142857142857142 1.624415625
28.178571428571427 1.62807421875
28.214285714285715 1.62807421875
28.25 1.62807421875
28.285714285714285 1.62807421875
28.321428571428573 1.62807421875
28.357142857142858 1.62807421875
28.392857142857142 1.62807421875
28.428571428571427 1.624415625
28.464285714285715 1.624415625
28.5 1.6317328125
28.535714285714285 1.6317328125
28.571428571428573 1.6317328125
28.607142857142858 1.6317328125
28.642857142857142 1.6317328125
28.678571428571427 1.6317328125
28.714285714285715 1.6317328125
28.75 1.62807421875
28.785714285714285 1.6390500000000001
28.821428571428573 1.6390500000000001
28.857142857142858 1.63539140625
28.892857142857142 1.63539140625
28.928571428571427 1.63539140625
28.964285714285715 1.63539140625
29.0 1.6317328125
29.035714285714285 1.6317328125
29.071428571428573 1.6317328125
29.107142857142858 1.6317328125
29.142857142857142 1.6317328125
29.178571428571427 1.6317328125
29.214285714285715 1.6317328125
29.25 1.6317328125
29.285714285714285 1.6317328125
29.321428571428573 1.624415625
29.357142857142858 1.6317328125
29.392857142857142 1.6317328125
29.428571428571427 1.6317328125
29.464285714285715 1.6317328125
29.5 1.62807421875
29.535714285714285 1.62807421875
29.571428571428573 1.62807421875
29.607142857142858 1.62807421875
29.642857142857142 1.6317328125
29.678571428571427 1.6317328125
29.714285714285715 1.6317328125
29.75 1.62807421875
29.785714285714285 1.6317328125
29.821428571428573 1.6317328125
29.857142857142858 1.624415625
29.892857142857142 1.6317328125
29.928571428571427 1.6317328125
29.964285714285715 1.6317328125
30.0 1.6317328125
30.035714285714285 1.6317328125
30.071428571428573 1.6317328125
30.107142857142858 1.62807421875
30.142857142857142 1.62807421875
30.178571428571427 1.624415625
30.214285714285715 1.6317328125
30.25 1.6317328125
30.285714285714285 1.6317328125
30.321428571428573 1.6317328125
30.357142857142858 1.6317328125
30.392857142857142 1.6317328125
30.428571428571427 1.62807421875
30.464285714285715 1.62807421875
30.5 1.6317328125
30.535714285714285 1.6317328125
30.571428571428573 1.6317328125
30.607142857142858 1.6317328125
30.642857142857142 1.6317328125
30.678571428571427 1.6317328125
30.714285714285715 1.6317328125
30.75 1.6317328125
30.785714285714285 1.6317328125
30.821428571428573 1.6317328125
30.857142857142858 1.6317328125
30.892857142857142 1.6317328125
30.928571428571427 1.6317328125
30.964285714285715 1.6317328125
31.0 1.62807421875
31.035714285714285 1.624415625
31.071428571428573 1.6317328125
31.107142857142858 1.6317328125
31.142857142857142 1.6317328125
31.178571428571427 1.6317328125
31.214285714285715 1.6317328125
31.25 1.6317328125
31.285714285714285 1.62807421875
31.321428571428573 1.62807421875
31.357142857142858 1.6317328125
31.392857142857142 1.6317328125
31.428571428571427 1.62807421875
31.464285714285715 1.62807421875
31.5 1.62807421875
31.535714285714285 1.62807421875
31.571428571428573 1.62807421875
31.607142857142858 1.624415625
31.642857142857142 1.62807421875
31.678571428571427 1.6317328125
31.714285714285715 1.62807421875
31.75 1.62807421875
31.785714285714285 1.62807421875
31.821428571428573 1.62807421875
31.857142857142858 1.62807421875
31.892857142857142 1.624415625
31.928571428571427 1.6317328125
31.964285714285715 1.6317328125
32.0 1.6317328125
32.035714285714285 1.62807421875
32.07142857142857 1.62807421875
32.107142857142854 1.62807421875
32.142857142857146 1.624415625
32.17857142857143 1.6317328125
32.214285714285715 1.6317328125
32.25 1.62807421875
32.285714285714285 1.62807421875
32.32142857142857 1.62807421875
32.357142857142854 1.62807421875
32.392857142857146 1.62807421875
32.42857142857143 1.62807421875
32.464285714285715 1.624415625
32.5 1.6317328125
32.535714285714285 1.62807421875
32.57142857142857 1.6317328125
32.607142857142854 1.6317328125
32.642857142857146 1.62807421875
32.67857142857143 1.62807421875
32.714285714285715 1.62807421875
32.785714285714285 1.62807421875
32.82142857142857 1.6317328125
32.857142857142854 1.6317328125
32.892857142857146 1.62807421875
32.92857142857143 1.6317328125
32.964285714285715 1.6317328125
33.0 1.624415625
33.035714285714285 1.624415625
33.07142857142857 1.62807421875
33.107142857142854 1.62807421875
33.142857142857146 1.62807421875
33.17857142857143 1.62807421875
33.214285714285715 1.62807421875
33.25 1.62807421875
33.285714285714285 1.62807421875
33.32142857142857 1.624415625
33.357142857142854 1.62807421875
33.392857142857146 1.6317328125
33.42857142857143 1.62807421875
33.464285714285715 1.62807421875
33.5 1.62807421875
33.535714285714285 1.62807421875
33.57142857142857 1.62807421875
33.607142857142854 1.62807421875
33.642857142857146 1.6317328125
33.67857142857143 1.62807421875
33.714285714285715 1.6317328125
33.75 1.6317328125
33.785714285714285 1.62807421875
33.82142857142857 1.6317328125
33.857142857142854 1.6317328125
33.892857142857146 1.62075703125
33.92857142857143 1.62807421875
33.964285714285715 1.62807421875
34.0 1.62807421875
34.035714285714285 1.62807421875
34.07142857142857 1.6317328125
34.107142857142854 1.62807421875
34.142857142857146 1.62807421875
34.17857142857143 1.624415625
34.214285714285715 1.62807421875
34.25 1.6317328125
34.285714285714285 1.62807421875
34.32142857142857 1.62807421875
34.357142857142854 1.62807421875
34.392857142857146 1.6317328125
34.42857142857143 1.6317328125
34.464285714285715 1.624415625
34.5 1.62807421875
34.535714285714285 1.6317328125
34.57142857142857 1.6317328125
34.607142857142854 1.6317328125
34.642857142857146 1.6317328125
34.67857142857143 1.6317328125
34.714285714285715 1.6317328125
34.75 1.624415625
34.785714285714285 1.6317328125
34.82142857142857 1.6317328125
34.857142857142854 1.6317328125
34.892857142857146 1.6317328125
34.92857142857143 1.6317328125
34.964285714285715 1.6317328125
35.0 1.62807421875
35.035714285714285 1.62807421875
35.07142857142857 1.6317328125
35.107142857142854 1.6317328125
35.142857142857146 1.6317328125
35.17857142857143 1.6317328125
35.214285714285715 1.6317328125
35.25 1.6317328125
35.285714285714285 1.6317328125
35.32142857142857 1.624415625
35.357142857142854 1.6317328125
35.392857142857146 1.6317328125
35.42857142857143 1.6317328125
35.464285714285715 1.6317328125
35.5 1.6317328125
35.535714285714285 1.6317328125
35.57142857142857 1.6317328125
35.607142857142854 1.62807421875
35.642857142857146 1.6317328125
35.67857142857143 1.63539140625
35.714285714285715 1.63539140625
35.75 1.63539140625
35.785714285714285 1.63539140625
35.82142857142857 1.63539140625
35.857142857142854 1.62807421875
35.892857142857146 1.62807421875
35.92857142857143 1.6317328125
35.964285714285715 1.6317328125
36.0 1.6317328125
36.035714285714285 1.6317328125
36.07142857142857 1.6317328125
36.107142857142854 1.6317328125
36.142857142857146 1.6317328125
36.17857142857143 1.624415625
36.214285714285715 1.6317328125
36.25 1.63539140625
36.285714285714285 1.63539140625
36.32142857142857 1.6317328125
36.357142857142854 1.6317328125
36.392857142857146 1.63539140625
36.42857142857143 1.63539140625
36.464285714285715 1.62807421875
36.5 1.6317328125
36.535714285714285 1.6317328125
36.57142857142857 1.62807421875
36.607142857142854 1.62807421875
36.642857142857146 1.62807421875
36.67857142857143 1.62807421875
36.714285714285715 1.62807421875
36.75 1.62075703125
36.785714285714285 1.62807421875
36.82142857142857 1.62807421875
36.857142857142854 1.624415625
36.892857142857146 1.62807421875
36.92857142857143 1.62807421875
36.964285714285715 1.624415625
37.035714285714285 1.6170984375
37.07142857142857 1.624415625
37.107142857142854 1.624415625
37.142857142857146 1.624415625
37.17857142857143 1.624415625
37.214285714285715 1.624415625
37.25 1.624415625
37.285714285714285 1.62075703125
37.32142857142857 1.62075703125
37.357142857142854 1.624415625
37.392857142857146 1.624415625
37.42857142857143 1.624415625
37.464285714285715 1.62807421875
37.5 1.62807421875
37.535714285714285 1.624415625
37.607142857142854 1.6170984375
37.642857142857146 1.624415625
37.67857142857143 1.62807421875
37.714285714285715 1.62807421875
37.75 1.62807421875
37.785714285714285 1.62807421875
37.82142857142857 1.62807421875
37.892857142857146 1.62075703125
37.92857142857143 1.62807421875
37.964285714285715 1.62807421875
38.0 1.62807421875
38.035714285714285 1.62807421875
38.07142857142857 1.62807421875
38.107142857142854 1.62807421875
38.142857142857146 1.62807421875
38.17857142857143 1.624415625
38.214285714285715 1.624415625
38.25 1.62807421875
38.285714285714285 1.62807421875
38.32142857142857 1.62807421875
38.357142857142854 1.62807421875
38.392857142857146 1.62807421875
38.464285714285715 1.6170984375
38.5 1.62807421875
38.535714285714285 1.62807421875
38.57142857142857 1.6317328125
38.607142857142854 1.62807421875
38.642857142857146 1.62807421875
38.67857142857143 1.62807421875
38.714285714285715 1.6317328125
38.785714285714285 1.62807421875
38.82142857142857 1.6317328125
38.857142857142854 1.6317328125
38.892857142857146 1.6317328125
38.92857142857143 1.6317328125
38.964285714285715 1.6317328125
39.0 1.62075703125
39.035714285714285 1.62075703125
39.07142857142857 1.62807421875
39.107142857142854 1.62807421875
39.142857142857146 1.6317328125
39.17857142857143 1.6317328125
39.214285714285715 1.6317328125
39.25 1.62807421875
39.357142857142854 1.62807421875
39.392857142857146 1.6317328125
39.42857142857143 1.6317328125
39.464285714285715 1.6317328125
39.5 1.6317328125
39.535714285714285 1.6317328125
39.57142857142857 1.6317328125
39.607142857142854 1.624415625
39.642857142857146 1.6317328125
39.67857142857143 1.6317328125
39.714285714285715 1.6317328125
39.75 1.6317328125
39.785714285714285 1.6317328125
39.82142857142857 1.6317328125
39.892857142857146 1.62075703125
