0.03571428571428571 2.9927296875000002
0.07142857142857142 2.9927296875000002
0.17857142857142858 2.98175390625
2.7857142857142856 3.01833984375
2.9285714285714284 3.05492578125
2.9642857142857144 3.05492578125
3.0 3.04760859375
3.0357142857142856 3.04760859375
3.0714285714285716 3.04760859375
3.107142857142857 3.04029140625
3.142857142857143 3.0366328125
3.1785714285714284 3.03297421875
3.2142857142857144 3.03297421875
3.3214285714285716 3.01833984375
3.4285714285714284 3.05492578125
3.4642857142857144 3.04760859375
3.5 3.04029140625
3.5357142857142856 3.0366328125
3.5714285714285716 3.0366328125
3.607142857142857 3.029315625
3.642857142857143 3.02565703125
3.6785714285714284 3.0219984375
3.7142857142857144 3.01833984375
3.75 3.01468125
3.7857142857142856 3.01468125
3.857142857142857 3.00370546875
3.9642857142857144 3.0366328125
4.0 3.02565703125
4.035714285714286 3.0219984375
4.071428571428571 3.01833984375
4.107142857142857 3.01468125
4.142857142857143 3.01102265625
4.178571428571429 3.0073640625
4.214285714285714 3.00370546875
4.25 3.00370546875
4.285714285714286 3.0000468750000002
4.392857142857143 2.9854125
4.535714285714286 3.0219984375
4.571428571428571 3.01833984375
4.607142857142857 3.01468125
4.642857142857143 3.01102265625
4.678571428571429 3.01102265625
4.714285714285714 3.00370546875
4.75 3.00370546875
4.785714285714286 3.0000468750000002
4.821428571428571 2.9963882812500002
4.964285714285714 3.02565703125
5.0 3.0219984375
5.035714285714286 3.01833984375
5.071428571428571 3.01468125
5.107142857142857 3.01102265625
5.142857142857143 3.0073640625
5.178571428571429 3.00370546875
5.214285714285714 3.00370546875
5.25 2.9927296875000002
5.285714285714286 2.9927296875000002
5.321428571428571 2.9927296875000002
5.357142857142857 2.9927296875000002
5.428571428571429 3.01468125
5.464285714285714 3.02565703125
5.5 3.01833984375
5.535714285714286 3.01468125
5.571428571428571 3.01102265625
5.607142857142857 3.0073640625
5.642857142857143 3.00370546875
5.678571428571429 3.0000468750000002
5.714285714285714 2.9963882812500002
5.75 2.98907109375
5.785714285714286 2.98907109375
5.821428571428571 2.98907109375
5.857142857142857 2.9854125
5.892857142857143 2.98907109375
5.928571428571429 2.97443671875
5.964285714285714 3.0000468750000002
6.0 3.01102265625
6.035714285714286 3.0073640625
6.071428571428571 3.00370546875
6.107142857142857 2.9963882812500002
6.142857142857143 2.9963882812500002
6.178571428571429 2.9963882812500002
6.214285714285714 2.9927296875000002
6.25 2.98907109375
6.285714285714286 2.98175390625
6.321428571428571 2.98175390625
6.357142857142857 2.98175390625
6.392857142857143 2.9780953125
6.428571428571429 2.98175390625
6.535714285714286 3.01102265625
6.571428571428571 3.00370546875
6.607142857142857 3.00370546875
6.642857142857143 3.0000468750000002
6.678571428571429 2.9963882812500002
6.714285714285714 2.9927296875000002
6.75 2.98907109375
6.785714285714286 2.9854125
6.821428571428571 2.98175390625
6.857142857142857 2.98175390625
6.892857142857143 2.9780953125
6.928571428571429 2.9780953125
7.035714285714286 2.9963882812500002
7.071428571428571 3.01102265625
7.107142857142857 3.01468125
7.142857142857143 3.01833984375
7.178571428571429 3.01833984375
7.214285714285714 3.01833984375
7.25 3.01468125
7.285714285714286 3.01102265625
7.321428571428571 3.01102265625
7.357142857142857 3.01102265625
7.392857142857143 3.0073640625
7.428571428571429 3.0073640625
7.464285714285714 3.0073640625
7.535714285714286 2.98907109375
7.821428571428571 3.02565703125
7.857142857142857 3.02565703125
7.892857142857143 3.0219984375
7.928571428571429 3.0219984375
7.964285714285714 3.01833984375
8.0 3.0219984375
8.071428571428571 3.01102265625
8.142857142857142 3.04760859375
8.178571428571429 3.04029140625
8.214285714285714 3.04029140625
8.25 3.03297421875
8.285714285714286 3.029315625
8.321428571428571 3.02565703125
8.357142857142858 3.0219984375
8.392857142857142 3.01833984375
8.428571428571429 3.01468125
8.464285714285714 3.01102265625
8.642857142857142 3.04760859375
8.678571428571429 3.04395
8.714285714285714 3.0366328125
8.75 3.03297421875
8.785714285714286 3.029315625
8.821428571428571 3.02565703125
8.857142857142858 3.0219984375
8.892857142857142 3.01833984375
8.928571428571429 3.01468125
8.964285714285714 3.01102265625
9.0 3.00370546875
9.142857142857142 3.0366328125
9.178571428571429 3.03297421875
9.214285714285714 3.03297421875
9.25 3.03297421875
9.285714285714286 3.029315625
9.321428571428571 3.029315625
9.357142857142858 3.02565703125
9.392857142857142 3.02565703125
9.428571428571429 3.0219984375
9.464285714285714 3.01833984375
9.5 3.01468125
9.535714285714286 3.01102265625
9.571428571428571 3.01468125
9.607142857142858 3.00370546875
9.75 3.04029140625
9.785714285714286 3.0366328125
9.821428571428571 3.03297421875
9.857142857142858 3.029315625
9.892857142857142 3.029315625
9.928571428571429 3.02565703125
9.964285714285714 3.0219984375
10.0 3.01468125
10.035714285714286 3.01468125
10.071428571428571 3.01102265625
10.214285714285714 3.04760859375
10.25 3.04395
10.285714285714286 3.0366328125
10.321428571428571 3.03297421875
10.357142857142858 3.0219984375
10.392857142857142 3.02565703125
10.428571428571429 3.0219984375
10.464285714285714 3.01468125
10.5 3.0073640625
10.535714285714286 3.00370546875
10.571428571428571 3.00370546875
10.607142857142858 3.0000468750000002
10.75 3.0366328125
10.785714285714286 3.03297421875
10.821428571428571 3.029315625
10.857142857142858 3.0219984375
10.892857142857142 3.01833984375
10.928571428571429 3.01833984375
10.964285714285714 3.01102265625
11.0 3.00370546875
11.035714285714286 3.00370546875
11.071428571428571 3.0000468750000002
11.107142857142858 2.9963882812500002
11.142857142857142 2.9963882812500002
11.25 3.03297421875
11.285714285714286 3.0219984375
11.321428571428571 3.0219984375
11.357142857142858 3.01833984375
11.392857142857142 3.01468125
11.428571428571429 3.01102265625
11.464285714285714 3.0073640625
11.5 3.00370546875
11.535714285714286 3.0000468750000002
11.571428571428571 2.9963882812500002
11.607142857142858 2.9927296875000002
11.642857142857142 2.98907109375
11.678571428571429 2.98907109375
11.821428571428571 3.02565703125
11.857142857142858 3.029315625
11.892857142857142 3.02565703125
11.928571428571429 3.02565703125
11.964285714285714 3.0219984375
12.0 3.0219984375
12.035714285714286 3.01833984375
12.071428571428571 3.01833984375
12.107142857142858 3.01102265625
12.142857142857142 3.01102265625
12.178571428571429 3.01102265625
12.214285714285714 3.01102265625
12.25 2.9963882812500002
12.464285714285714 3.03297421875
12.5 3.029315625
12.535714285714286 3.029315625
12.571428571428571 3.02565703125
12.607142857142858 3.01833984375
12.642857142857142 3.01833984375
12.678571428571429 3.01468125
12.714285714285714 3.01102265625
12.857142857142858 3.04760859375
12.892857142857142 3.04029140625
12.928571428571429 3.0366328125
12.964285714285714 3.029315625
13.0 3.02565703125
13.035714285714286 3.0219984375
13.071428571428571 3.01833984375
13.107142857142858 3.01468125
13.142857142857142 3.01102265625
13.178571428571429 3.0073640625
13.214285714285714 3.00370546875
13.357142857142858 3.0366328125
13.392857142857142 3.029315625
13.428571428571429 3.02565703125
13.464285714285714 3.0219984375
13.5 3.01833984375
13.535714285714286 3.01468125
13.571428571428571 3.0073640625
13.607142857142858 3.00370546875
13.642857142857142 3.0000468750000002
13.678571428571429 2.9963882812500002
13.714285714285714 2.9963882812500002
13.75 2.98907109375
13.785714285714286 2.9927296875000002
13.892857142857142 3.029315625
13.928571428571429 3.02565703125
13.964285714285714 3.0219984375
14.0 3.01833984375
14.035714285714286 3.01468125
14.071428571428571 3.01102265625
14.107142857142858 3.0000468750000002
14.142857142857142 2.9963882812500002
14.178571428571429 2.9927296875000002
14.214285714285714 2.9927296875000002
14.25 2.98907109375
14.285714285714286 2.9854125
14.321428571428571 2.98907109375
14.428571428571429 3.01833984375
14.464285714285714 3.01833984375
14.5 3.01468125
14.535714285714286 3.01468125
14.571428571428571 3.01102265625
14.607142857142858 3.0073640625
14.642857142857142 3.00370546875
14.678571428571429 3.0000468750000002
14.714285714285714 2.9963882812500002
14.75 2.9963882812500002
14.785714285714286 2.9927296875000002
14.821428571428571 2.9927296875000002
14.857142857142858 2.9963882812500002
14.964285714285714 3.02565703125
15.0 3.01833984375
15.035714285714286 3.01833984375
15.071428571428571 3.01468125
15.107142857142858 3.0073640625
15.142857142857142 3.00370546875
15.178571428571429 3.0000468750000002
15.214285714285714 3.0000468750000002
15.25 2.9963882812500002
15.285714285714286 2.9927296875000002
15.321428571428571 2.98907109375
15.357142857142858 2.98907109375
15.5 3.01833984375
15.535714285714286 3.01468125
15.571428571428571 3.01468125
15.607142857142858 3.00370546875
15.642857142857142 3.0000468750000002
15.678571428571429 2.9963882812500002
15.714285714285714 2.9927296875000002
15.75 2.98907109375
15.785714285714286 2.9854125
15.821428571428571 2.98175390625
15.857142857142858 2.98175390625
16.0 3.01102265625
16.035714285714285 3.00370546875
16.071428571428573 3.00370546875
16.107142857142858 2.9963882812500002
16.142857142857142 2.9927296875000002
16.178571428571427 2.98907109375
16.214285714285715 2.9854125
16.25 2.98175390625
16.285714285714285 2.98175390625
16.321428571428573 2.97443671875
16.357142857142858 2.97443671875
16.392857142857142 2.97443671875
16.428571428571427 2.97443671875
16.5 3.01102265625
16.535714285714285 3.0000468750000002
16.571428571428573 2.9963882812500002
16.607142857142858 2.9927296875000002
16.642857142857142 2.98907109375
16.678571428571427 2.9854125
16.714285714285715 2.98175390625
16.75 2.9780953125
16.785714285714285 2.97443671875
16.821428571428573 2.970778125
16.857142857142858 2.96711953125
16.892857142857142 2.9634609375
16.928571428571427 2.9634609375
17.035714285714285 2.9780953125
17.071428571428573 2.9927296875000002
17.107142857142858 2.98907109375
17.142857142857142 2.98907109375
17.178571428571427 2.9854125
17.214285714285715 2.98175390625
17.25 2.9780953125
17.285714285714285 2.97443671875
17.321428571428573 2.97443671875
17.357142857142858 2.96711953125
17.392857142857142 2.96711953125
17.428571428571427 2.9634609375
17.535714285714285 2.95248515625
17.678571428571427 2.98907109375
17.714285714285715 2.9854125
17.75 2.98175390625
17.785714285714285 2.98175390625
17.821428571428573 2.9780953125
17.857142857142858 2.970778125
17.892857142857142 2.96711953125
17.928571428571427 2.96711953125
17.964285714285715 2.9634609375
18.0 2.96711953125
18.107142857142858 2.98907109375
18.142857142857142 2.98907109375
18.178571428571427 2.9854125
18.214285714285715 2.9854125
18.25 2.9780953125
18.285714285714285 2.9780953125
18.321428571428573 2.97443671875
18.357142857142858 2.96711953125
18.392857142857142 2.96711953125
18.428571428571427 2.9634609375
18.464285714285715 2.9634609375
18.5 2.95980234375
18.535714285714285 2.96711953125
18.642857142857142 2.98907109375
18.678571428571427 2.98907109375
18.714285714285715 2.9854125
18.75 2.98175390625
18.785714285714285 2.9780953125
18.821428571428573 2.97443671875
18.857142857142858 2.970778125
18.892857142857142 2.96711953125
18.928571428571427 2.96711953125
18.964285714285715 2.9634609375
19.0 2.95980234375
19.035714285714285 2.95980234375
19.178571428571427 2.98907109375
19.214285714285715 2.9854125
19.25 2.9780953125
19.285714285714285 2.97443671875
19.321428571428573 2.970778125
19.357142857142858 2.96711953125
19.392857142857142 2.9634609375
19.428571428571427 2.95980234375
19.464285714285715 2.95614375
19.5 2.95248515625
19.535714285714285 2.95248515625
19.571428571428573 2.95248515625
19.678571428571427 2.9854125
19.714285714285715 2.9780953125
19.75 2.97443671875
19.785714285714285 2.97443671875
19.821428571428573 2.970778125
19.857142857142858 2.96711953125
19.892857142857142 2.9634609375
19.928571428571427 2.95980234375
19.964285714285715 2.95614375
20.0 2.95248515625
20.035714285714285 2.95248515625
20.071428571428573 2.9488265625
20.107142857142858 2.9488265625
20.178571428571427 2.9634609375
20.214285714285715 2.97443671875
20.25 2.97443671875
20.285714285714285 2.96711953125
20.321428571428573 2.96711953125
20.357142857142858 2.95980234375
20.392857142857142 2.95614375
20.428571428571427 2.95614375
20.464285714285715 2.95248515625
20.5 2.94516796875
20.535714285714285 2.94516796875
20.571428571428573 2.94516796875
20.607142857142858 2.941509375
20.714285714285715 2.95248515625
20.75 2.970778125
20.785714285714285 2.970778125
20.821428571428573 2.970778125
20.857142857142858 2.96711953125
20.892857142857142 2.96711953125
20.928571428571427 2.9634609375
20.964285714285715 2.9634609375
21.0 2.95980234375
21.035714285714285 2.95614375
21.071428571428573 2.95614375
21.107142857142858 2.9488265625
21.142857142857142 2.95248515625
21.178571428571427 2.9488265625
21.285714285714285 2.97443671875
21.321428571428573 2.97443671875
21.357142857142858 2.970778125
21.392857142857142 2.96711953125
21.428571428571427 2.96711953125
21.464285714285715 2.9634609375
21.5 2.95614375
21.535714285714285 2.95248515625
21.571428571428573 2.95248515625
21.607142857142858 2.9488265625
21.642857142857142 2.94516796875
21.678571428571427 2.9488265625
21.75 2.9341921875
21.857142857142858 2.970778125
21.892857142857142 2.96711953125
21.928571428571427 2.96711953125
21.964285714285715 2.95980234375
22.0 2.95614375
22.035714285714285 2.95248515625
22.071428571428573 2.9488265625
22.107142857142858 2.94516796875
22.142857142857142 2.941509375
22.178571428571427 2.941509375
22.214285714285715 2.94516796875
22.321428571428573 2.97443671875
22.357142857142858 2.9634609375
22.392857142857142 2.9634609375
22.428571428571427 2.95980234375
22.464285714285715 2.95614375
22.5 2.9488265625
22.535714285714285 2.94516796875
22.571428571428573 2.941509375
22.607142857142858 2.93785078125
22.642857142857142 2.9341921875
22.678571428571427 2.9341921875
22.714285714285715 2.93053359375
22.75 2.9341921875
22.857142857142858 2.95980234375
22.892857142857142 2.95980234375
22.928571428571427 2.95980234375
22.964285714285715 2.95248515625
23.0 2.94516796875
23.035714285714285 2.941509375
23.071428571428573 2.93785078125
23.107142857142858 2.9341921875
23.142857142857142 2.93053359375
23.178571428571427 2.926875
23.214285714285715 2.926875
23.25 2.93053359375
23.321428571428573 2.95614375
23.357142857142858 2.96711953125
23.392857142857142 2.9634609375
23.428571428571427 2.95980234375
23.464285714285715 2.95980234375
23.5 2.95980234375
23.535714285714285 2.95248515625
23.571428571428573 2.95248515625
23.607142857142858 2.9488265625
23.642857142857142 2.94516796875
23.678571428571427 2.941509375
23.714285714285715 2.941509375
23.75 2.93785078125
23.785714285714285 2.93785078125
23.821428571428573 2.93785078125
23.892857142857142 2.970778125
23.928571428571427 2.9634609375
23.964285714285715 2.95980234375
24.0 2.95248515625
24.035714285714285 2.9488265625
24.071428571428573 2.94516796875
24.107142857142858 2.941509375
24.142857142857142 2.93785078125
24.178571428571427 2.93785078125
24.214285714285715 2.9341921875
24.25 2.926875
24.285714285714285 2.926875
24.321428571428573 2.926875
24.428571428571427 2.95980234375
24.464285714285715 2.95248515625
24.5 2.95248515625
24.535714285714285 2.94516796875
24.571428571428573 2.941509375
24.607142857142858 2.9341921875
24.642857142857142 2.93053359375
24.678571428571427 2.93053359375
24.714285714285715 2.93053359375
24.75 2.92321640625
24.785714285714285 2.9195578125
24.821428571428573 2.9195578125
24.857142857142858 2.92321640625
24.892857142857142 2.9049234375
25.035714285714285 2.941509375
25.071428571428573 2.93785078125
25.107142857142858 2.93785078125
25.142857142857142 2.9341921875
25.178571428571427 2.93053359375
25.214285714285715 2.926875
25.25 2.9195578125
25.285714285714285 2.9195578125
25.321428571428573 2.91589921875
25.357142857142858 2.91589921875
25.392857142857142 2.91589921875
25.428571428571427 2.90126484375
25.5 2.93785078125
25.535714285714285 2.93785078125
25.571428571428573 2.9341921875
25.607142857142858 2.926875
25.642857142857142 2.926875
25.678571428571427 2.9195578125
25.714285714285715 2.9195578125
25.75 2.912240625
25.785714285714285 2.90858203125
25.821428571428573 2.90858203125
25.857142857142858 2.9049234375
25.892857142857142 2.90858203125
26.0 2.93053359375
26.035714285714285 2.93785078125
26.071428571428573 2.93785078125
26.107142857142858 2.93053359375
26.142857142857142 2.93053359375
26.178571428571427 2.93053359375
26.214285714285715 2.93053359375
26.25 2.92321640625
26.285714285714285 2.9195578125
26.321428571428573 2.912240625
26.357142857142858 2.91589921875
26.392857142857142 2.912240625
26.428571428571427 2.912240625
26.535714285714285 2.9341921875
26.571428571428573 2.9341921875
26.607142857142858 2.93053359375
26.642857142857142 2.93053359375
26.678571428571427 2.92321640625
26.714285714285715 2.92321640625
26.75 2.9195578125
26.785714285714285 2.91589921875
26.821428571428573 2.91589921875
26.857142857142858 2.90858203125
26.892857142857142 2.90858203125
26.928571428571427 2.90858203125
26.964285714285715 2.912240625
27.071428571428573 2.93785078125
27.107142857142858 2.93785078125
27.142857142857142 2.9341921875
27.178571428571427 2.93053359375
27.214285714285715 2.93053359375
27.25 2.926875
27.285714285714285 2.92321640625
27.321428571428573 2.92321640625
27.357142857142858 2.91589921875
27.392857142857142 2.91589921875
27.428571428571427 2.91589921875
27.464285714285715 2.912240625
27.571428571428573 2.94516796875
27.607142857142858 2.941509375
27.642857142857142 2.93785078125
27.678571428571427 2.9341921875
27.714285714285715 2.93053359375
27.75 2.926875
27.785714285714285 2.92321640625
27.821428571428573 2.9195578125
27.857142857142858 2.91589921875
27.892857142857142 2.912240625
27.928571428571427 2.90858203125
27.964285714285715 2.90858203125
28.0 2.912240625
28.142857142857142 2.94516796875
28.178571428571427 2.94516796875
28.214285714285715 2.94516796875
28.25 2.941509375
28.285714285714285 2.93785078125
28.321428571428573 2.93785078125
28.357142857142858 2.9341921875
28.392857142857142 2.93053359375
28.428571428571427 2.926875
28.464285714285715 2.92321640625
28.5 2.92321640625
28.535714285714285 2.926875
28.571428571428573 2.912240625
28.678571428571427 2.9488265625
28.714285714285715 2.9488265625
28.75 2.94516796875
28.785714285714285 2.941509375
28.821428571428573 2.941509375
28.857142857142858 2.9341921875
28.892857142857142 2.93053359375
28.928571428571427 2.93053359375
28.964285714285715 2.93053359375
29.0 2.92321640625
29.035714285714285 2.92321640625
29.071428571428573 2.92321640625
29.107142857142858 2.90858203125
29.25 2.94516796875
29.285714285714285 2.93785078125
29.321428571428573 2.9341921875
29.357142857142858 2.93053359375
29.392857142857142 2.92321640625
29.428571428571427 2.9195578125
29.464285714285715 2.91589921875
29.5 2.912240625
29.535714285714285 2.912240625
29.571428571428573 2.90858203125
29.607142857142858 2.90858203125
29.714285714285715 2.93785078125
29.75 2.93785078125
29.785714285714285 2.93053359375
29.821428571428573 2.926875
29.857142857142858 2.92321640625
29.892857142857142 2.9195578125
29.928571428571427 2.91589921875
29.964285714285715 2.912240625
30.0 2.90858203125
30.035714285714285 2.9049234375
30.071428571428573 2.9049234375
30.107142857142858 2.90858203125
30.214285714285715 2.93053359375
30.25 2.93785078125
30.285714285714285 2.93785078125
30.321428571428573 2.93053359375
30.357142857142858 2.926875
30.392857142857142 2.92321640625
30.428571428571427 2.9195578125
30.464285714285715 2.912240625
30.5 2.912240625
30.535714285714285 2.90858203125
30.571428571428573 2.9049234375
30.607142857142858 2.9049234375
30.75 2.93053359375
30.785714285714285 2.93053359375
30.821428571428573 2.93053359375
30.857142857142858 2.92321640625
30.892857142857142 2.9195578125
30.928571428571427 2.91589921875
30.964285714285715 2.912240625
31.0 2.90858203125
31.035714285714285 2.9049234375
31.071428571428573 2.90126484375
31.107142857142858 2.90126484375
31.142857142857142 2.90126484375
31.178571428571427 2.90126484375
31.25 2.9341921875
31.285714285714285 2.93053359375
31.321428571428573 2.92321640625
31.357142857142858 2.92321640625
31.392857142857142 2.91589921875
31.428571428571427 2.91589921875
31.464285714285715 2.90858203125
31.5 2.9049234375
31.535714285714285 2.90126484375
31.571428571428573 2.90126484375
31.607142857142858 2.89394765625
31.642857142857142 2.8902890625
31.678571428571427 2.89394765625
31.714285714285715 2.89394765625
31.75 2.87199609375
32.0 2.9049234375
32.035714285714285 2.90126484375
32.07142857142857 2.90126484375
32.107142857142854 2.89760625
32.142857142857146 2.89760625
32.17857142857143 2.89394765625
32.214285714285715 2.89394765625
32.32142857142857 2.92321640625
32.357142857142854 2.92321640625
32.392857142857146 2.9195578125
32.42857142857143 2.91589921875
32.464285714285715 2.91589921875
32.5 2.90858203125
32.535714285714285 2.90858203125
32.57142857142857 2.9049234375
32.607142857142854 2.89760625
32.642857142857146 2.89760625
32.67857142857143 2.89394765625
32.714285714285715 2.8902890625
32.75 2.89760625
32.785714285714285 2.882971875
32.892857142857146 2.9195578125
32.92857142857143 2.91589921875
32.964285714285715 2.91589921875
33.0 2.90858203125
33.035714285714285 2.90858203125
33.07142857142857 2.90126484375
33.107142857142854 2.89760625
33.142857142857146 2.89394765625
33.17857142857143 2.8902890625
33.214285714285715 2.8902890625
33.25 2.88663046875
33.285714285714285 2.8902890625
33.357142857142854 2.91589921875
33.392857142857146 2.91589921875
33.42857142857143 2.91589921875
33.464285714285715 2.90858203125
33.5 2.90126484375
33.535714285714285 2.89760625
33.57142857142857 2.89760625
33.607142857142854 2.89394765625
33.642857142857146 2.8902890625
33.67857142857143 2.88663046875
33.714285714285715 2.88663046875
33.75 2.882971875
33.785714285714285 2.87931328125
33.82142857142857 2.882971875
33.857142857142854 2.8683375
34.0 2.90126484375
34.035714285714285 2.89394765625
34.07142857142857 2.8902890625
34.107142857142854 2.88663046875
34.142857142857146 2.882971875
34.17857142857143 2.87931328125
34.214285714285715 2.8756546875
34.25 2.8756546875
34.285714285714285 2.8683375
34.32142857142857 2.87199609375
34.42857142857143 2.90126484375
34.464285714285715 2.90126484375
34.5 2.89760625
34.535714285714285 2.89760625
34.57142857142857 2.89394765625
34.607142857142854 2.8902890625
34.642857142857146 2.88663046875
34.67857142857143 2.882971875
34.714285714285715 2.87931328125
34.75 2.8756546875
34.785714285714285 2.8756546875
34.82142857142857 2.8756546875
34.92857142857143 2.89760625
34.964285714285715 2.9049234375
35.0 2.89394765625
35.035714285714285 2.89394765625
35.07142857142857 2.8902890625
35.107142857142854 2.88663046875
35.142857142857146 2.882971875
35.17857142857143 2.87931328125
35.214285714285715 2.8756546875
35.25 2.87199609375
35.285714285714285 2.8683375
35.32142857142857 2.8683375
35.357142857142854 2.8683375
35.464285714285715 2.9049234375
35.5 2.89394765625
35.535714285714285 2.89394765625
35.57142857142857 2.8902890625
35.607142857142854 2.88663046875
35.642857142857146 2.882971875
35.67857142857143 2.8756546875
35.714285714285715 2.8756546875
35.75 2.8683375
35.785714285714285 2.8683375
35.82142857142857 2.86467890625
35.857142857142854 2.8610203125
36.0 2.89760625
36.035714285714285 2.8902890625
36.07142857142857 2.88663046875
36.107142857142854 2.88663046875
36.142857142857146 2.882971875
36.17857142857143 2.87931328125
36.214285714285715 2.8756546875
36.25 2.8683375
36.285714285714285 2.87199609375
36.32142857142857 2.8683375
36.357142857142854 2.86467890625
36.392857142857146 2.8610203125
36.42857142857143 2.86467890625
36.535714285714285 2.89394765625
36.57142857142857 2.88663046875
36.607142857142854 2.882971875
36.642857142857146 2.87931328125
36.67857142857143 2.8756546875
36.714285714285715 2.87199609375
36.75 2.8683375
36.785714285714285 2.86467890625
36.82142857142857 2.86467890625
36.857142857142854 2.8610203125
36.892857142857146 2.85736171875
36.92857142857143 2.85736171875
36.964285714285715 2.8610203125
37.07142857142857 2.8902890625
37.107142857142854 2.88663046875
37.142857142857146 2.88663046875
37.17857142857143 2.882971875
37.214285714285715 2.87931328125
37.25 2.87199609375
37.285714285714285 2.8683375
37.32142857142857 2.86467890625
37.357142857142854 2.8610203125
37.392857142857146 2.8610203125
37.42857142857143 2.85736171875
37.464285714285715 2.853703125
37.5 2.8610203125
37.607142857142854 2.87931328125
37.642857142857146 2.8756546875
37.67857142857143 2.87199609375
37.714285714285715 2.8683375
37.75 2.86467890625
37.785714285714285 2.8610203125
37.82142857142857 2.853703125
37.857142857142854 2.853703125
37.892857142857146 2.853703125
37.92857142857143 2.85004453125
37.964285714285715 2.8463859375
38.0 2.85004453125
38.107142857142854 2.882971875
38.142857142857146 2.87931328125
38.17857142857143 2.8756546875
38.214285714285715 2.8756546875
38.25 2.87199609375
38.285714285714285 2.8683375
38.32142857142857 2.86467890625
38.357142857142854 2.8610203125
38.392857142857146 2.8610203125
38.42857142857143 2.85736171875
38.464285714285715 2.853703125
38.5 2.85736171875
38.642857142857146 2.88663046875
38.67857142857143 2.87931328125
38.714285714285715 2.87931328125
38.75 2.87199609375
38.785714285714285 2.8683375
38.82142857142857 2.86467890625
38.857142857142854 2.8610203125
38.892857142857146 2.8610203125
38.92857142857143 2.853703125
38.964285714285715 2.853703125
39.0 2.853703125
39.035714285714285 2.85004453125
39.07142857142857 2.85004453125
39.17857142857143 2.88663046875
39.214285714285715 2.882971875
39.25 2.87931328125
39.285714285714285 2.87931328125
39.32142857142857 2.87199609375
39.357142857142854 2.8683375
39.392857142857146 2.86467890625
39.42857142857143 2.8610203125
39.464285714285715 2.8610203125
39.5 2.85736171875
39.535714285714285 2.853703125
39.57142857142857 2.85736171875
39.714285714285715 2.8902890625
39.75 2.88663046875
39.785714285714285 2.882971875
39.82142857142857 2.87931328125
39.857142857142854 2.87199609375
39.892857142857146 2.8683375
39.92857142857143 2.8683375
