0.03571428571428571 2.6561390625
0.07142857142857142 2.6561390625
0.10714285714285714 2.6561390625
0.14285714285714285 2.6561390625
0.17857142857142858 2.6561390625
0.21428571428571427 2.6561390625
0.25 2.6561390625
0.2857142857142857 2.6561390625
0.32142857142857145 2.65248046875
0.35714285714285715 2.6561390625
0.39285714285714285 2.65248046875
0.42857142857142855 2.6561390625
0.4642857142857143 2.6561390625
0.5 2.65248046875
0.5357142857142857 2.66711484375
0.5714285714285714 2.6707734375
0.6071428571428571 2.66711484375
0.6428571428571429 2.66345625
0.6785714285714286 2.66345625
0.7142857142857143 2.65979765625
0.75 2.6561390625
0.7857142857142857 2.6561390625
0.8214285714285714 2.6561390625
0.8571428571428571 2.6561390625
0.8928571428571429 2.6561390625
0.9285714285714286 2.6561390625
0.9642857142857143 2.65248046875
1.0 2.65248046875
1.0357142857142858 2.65248046875
1.0714285714285714 2.65248046875
1.1071428571428572 2.65248046875
1.1428571428571428 2.65248046875
1.1785714285714286 2.65248046875
1.2142857142857142 2.65248046875
1.25 2.65248046875
1.2857142857142858 2.65248046875
1.3214285714285714 2.65248046875
1.3571428571428572 2.65248046875
1.3928571428571428 2.65248046875
1.4285714285714286 2.65248046875
1.4642857142857142 2.65248046875
1.5 2.65248046875
1.5357142857142858 2.6561390625
1.5714285714285714 2.6561390625
1.6071428571428572 2.648821875
1.6428571428571428 2.6707734375
1.6785714285714286 2.6707734375
1.7142857142857142 2.66345625
1.75 2.65979765625
1.7857142857142858 2.6561390625
1.8214285714285714 2.6561390625
1.8571428571428572 2.65248046875
1.8928571428571428 2.65248046875
1.9285714285714286 2.65248046875
1.9642857142857142 2.65248046875
2.0 2.65248046875
2.0357142857142856 2.65248046875
2.0714285714285716 2.65248046875
2.107142857142857 2.65248046875
2.142857142857143 2.65248046875
2.1785714285714284 2.648821875
2.2142857142857144 2.648821875
2.25 2.648821875
2.2857142857142856 2.648821875
2.3214285714285716 2.648821875
2.357142857142857 2.648821875
2.392857142857143 2.648821875
2.4285714285714284 2.648821875
2.4642857142857144 2.648821875
2.5 2.648821875
2.5357142857142856 2.64516328125
2.5714285714285716 2.64516328125
2.607142857142857 2.648821875
2.642857142857143 2.648821875
2.6785714285714284 2.64516328125
2.7142857142857144 2.64516328125
2.75 2.65979765625
2.8214285714285716 2.65248046875
2.857142857142857 2.65248046875
2.892857142857143 2.648821875
2.9285714285714284 2.648821875
2.9642857142857144 2.64516328125
3.0 2.64516328125
3.0357142857142856 2.64516328125
3.0714285714285716 2.6415046875
3.107142857142857 2.6415046875
3.142857142857143 2.6415046875
3.1785714285714284 2.6415046875
3.2142857142857144 2.6415046875
3.25 2.6415046875
3.2857142857142856 2.6415046875
3.3214285714285716 2.6415046875
3.357142857142857 2.6415046875
3.392857142857143 2.63784609375
3.4285714285714284 2.63784609375
3.4642857142857144 2.63784609375
3.5 2.63784609375
3.5357142857142856 2.63784609375
3.5714285714285716 2.63784609375
3.607142857142857 2.63784609375
3.642857142857143 2.63784609375
3.6785714285714284 2.63784609375
3.7142857142857144 2.63784609375
3.75 2.6415046875
3.7857142857142856 2.6415046875
3.8214285714285716 2.6341875
3.857142857142857 2.6415046875
3.892857142857143 2.64516328125
3.9285714285714284 2.64516328125
3.9642857142857144 2.6415046875
4.0 2.6341875
4.035714285714286 2.6341875
4.071428571428571 2.6341875
4.107142857142857 2.63052890625
4.142857142857143 2.63052890625
4.178571428571429 2.63052890625
4.214285714285714 2.63052890625
4.25 2.63052890625
4.285714285714286 2.63052890625
4.321428571428571 2.63052890625
4.357142857142857 2.6268703125
4.392857142857143 2.6268703125
4.428571428571429 2.63052890625
4.464285714285714 2.6268703125
4.5 2.6268703125
4.535714285714286 2.6268703125
4.571428571428571 2.6268703125
4.607142857142857 2.6268703125
4.642857142857143 2.6268703125
4.678571428571429 2.6268703125
4.714285714285714 2.6268703125
4.75 2.6268703125
4.785714285714286 2.62321171875
4.821428571428571 2.6268703125
4.857142857142857 2.6268703125
4.892857142857143 2.63052890625
4.928571428571429 2.62321171875
4.964285714285714 2.619553125
5.0 2.63784609375
5.035714285714286 2.6341875
5.071428571428571 2.63052890625
5.107142857142857 2.6268703125
5.142857142857143 2.6268703125
5.178571428571429 2.6268703125
5.214285714285714 2.62321171875
5.25 2.62321171875
5.285714285714286 2.62321171875
5.321428571428571 2.62321171875
5.357142857142857 2.62321171875
5.392857142857143 2.62321171875
5.428571428571429 2.62321171875
5.464285714285714 2.62321171875
5.5 2.62321171875
5.535714285714286 2.619553125
5.571428571428571 2.62321171875
5.607142857142857 2.619553125
5.642857142857143 2.62321171875
5.678571428571429 2.619553125
5.714285714285714 2.619553125
5.75 2.619553125
5.785714285714286 2.619553125
5.821428571428571 2.619553125
5.857142857142857 2.619553125
5.892857142857143 2.619553125
5.928571428571429 2.619553125
5.964285714285714 2.619553125
6.0 2.619553125
6.035714285714286 2.6122359375
6.071428571428571 2.62321171875
6.107142857142857 2.63052890625
6.142857142857143 2.62321171875
6.178571428571429 2.619553125
6.214285714285714 2.619553125
6.25 2.619553125
6.285714285714286 2.61589453125
6.321428571428571 2.61589453125
6.357142857142857 2.61589453125
6.392857142857143 2.61589453125
6.428571428571429 2.61589453125
6.464285714285714 2.61589453125
6.5 2.61589453125
6.535714285714286 2.61589453125
6.571428571428571 2.61589453125
6.607142857142857 2.6122359375
6.642857142857143 2.6122359375
6.678571428571429 2.6122359375
6.714285714285714 2.6122359375
6.75 2.6122359375
6.785714285714286 2.6122359375
6.821428571428571 2.6122359375
6.857142857142857 2.6122359375
6.892857142857143 2.6122359375
6.928571428571429 2.6122359375
6.964285714285714 2.6122359375
7.0 2.6122359375
7.035714285714286 2.6122359375
7.071428571428571 2.60857734375
7.107142857142857 2.6122359375
7.142857142857143 2.60491875
7.25 2.61589453125
7.285714285714286 2.6122359375
7.321428571428571 2.6122359375
7.357142857142857 2.6122359375
7.392857142857143 2.60857734375
7.428571428571429 2.60857734375
7.464285714285714 2.60857734375
7.5 2.60857734375
7.535714285714286 2.60857734375
7.571428571428571 2.60857734375
7.607142857142857 2.60857734375
7.642857142857143 2.60857734375
7.678571428571429 2.60857734375
7.714285714285714 2.60857734375
7.75 2.60857734375
7.785714285714286 2.60857734375
7.821428571428571 2.60857734375
7.857142857142857 2.60857734375
7.892857142857143 2.60857734375
7.928571428571429 2.60491875
7.964285714285714 2.60491875
8.0 2.60491875
8.035714285714286 2.60491875
8.071428571428571 2.60491875
8.107142857142858 2.60491875
8.142857142857142 2.60491875
8.178571428571429 2.60491875
8.214285714285714 2.60491875
8.25 2.60126015625
8.285714285714286 2.6122359375
8.321428571428571 2.6122359375
8.357142857142858 2.6122359375
8.392857142857142 2.60857734375
8.428571428571429 2.60491875
8.464285714285714 2.60857734375
8.5 2.60491875
8.535714285714286 2.60491875
8.571428571428571 2.60491875
8.607142857142858 2.60491875
8.642857142857142 2.60491875
8.678571428571429 2.60491875
8.714285714285714 2.60491875
8.75 2.60491875
8.785714285714286 2.60126015625
8.821428571428571 2.60126015625
8.857142857142858 2.60126015625
8.892857142857142 2.60126015625
8.928571428571429 2.60126015625
8.964285714285714 2.60126015625
9.0 2.60126015625
9.035714285714286 2.60126015625
9.071428571428571 2.60126015625
9.107142857142858 2.60126015625
9.142857142857142 2.60126015625
9.178571428571429 2.60126015625
9.214285714285714 2.60126015625
9.25 2.60126015625
9.285714285714286 2.5976015625
9.321428571428571 2.5976015625
9.357142857142858 2.59394296875
9.392857142857142 2.59394296875
9.428571428571429 2.6122359375
9.464285714285714 2.60857734375
9.5 2.60126015625
9.535714285714286 2.60491875
9.571428571428571 2.60126015625
9.607142857142858 2.60126015625
9.642857142857142 2.60126015625
9.678571428571429 2.60126015625
9.714285714285714 2.60126015625
9.75 2.5976015625
9.785714285714286 2.5976015625
9.821428571428571 2.5976015625
9.857142857142858 2.5976015625
9.892857142857142 2.5976015625
9.928571428571429 2.5976015625
9.964285714285714 2.5976015625
10.0 2.5976015625
10.035714285714286 2.5976015625
10.071428571428571 2.5976015625
10.107142857142858 2.5976015625
10.142857142857142 2.59394296875
10.178571428571429 2.59394296875
10.214285714285714 2.59394296875
10.25 2.59394296875
10.285714285714286 2.59394296875
10.321428571428571 2.59394296875
10.357142857142858 2.59394296875
10.392857142857142 2.59394296875
10.428571428571429 2.59394296875
10.464285714285714 2.590284375
10.5 2.5976015625
10.571428571428571 2.5976015625
10.607142857142858 2.59394296875
10.642857142857142 2.59394296875
10.678571428571429 2.59394296875
10.714285714285714 2.59394296875
10.75 2.59394296875
10.785714285714286 2.59394296875
10.821428571428571 2.59394296875
10.857142857142858 2.590284375
10.892857142857142 2.590284375
10.928571428571429 2.590284375
10.964285714285714 2.590284375
11.0 2.590284375
11.035714285714286 2.590284375
11.071428571428571 2.590284375
11.107142857142858 2.590284375
11.142857142857142 2.590284375
11.178571428571429 2.590284375
11.214285714285714 2.590284375
11.25 2.590284375
11.285714285714286 2.58662578125
11.321428571428571 2.590284375
11.357142857142858 2.590284375
11.392857142857142 2.58662578125
11.428571428571429 2.58662578125
11.464285714285714 2.58662578125
11.5 2.58662578125
11.535714285714286 2.58662578125
11.571428571428571 2.57930859375
11.642857142857142 2.59394296875
11.678571428571429 2.59394296875
11.714285714285714 2.590284375
11.75 2.590284375
11.785714285714286 2.590284375
11.821428571428571 2.590284375
11.857142857142858 2.58662578125
11.892857142857142 2.58662578125
11.928571428571429 2.58662578125
11.964285714285714 2.58662578125
12.0 2.58662578125
12.035714285714286 2.5829671875
12.071428571428571 2.5829671875
12.107142857142858 2.5829671875
12.142857142857142 2.5829671875
12.178571428571429 2.5829671875
12.214285714285714 2.5829671875
12.25 2.5829671875
12.285714285714286 2.5829671875
12.321428571428571 2.5829671875
12.357142857142858 2.5829671875
12.392857142857142 2.5829671875
12.428571428571429 2.57930859375
12.464285714285714 2.57930859375
12.5 2.57930859375
12.535714285714286 2.5829671875
12.571428571428571 2.5829671875
12.607142857142858 2.57930859375
12.642857142857142 2.57930859375
12.678571428571429 2.57565
12.714285714285714 2.57565
12.75 2.590284375
12.785714285714286 2.590284375
12.821428571428571 2.5829671875
12.857142857142858 2.5829671875
12.892857142857142 2.5829671875
12.928571428571429 2.5829671875
12.964285714285714 2.57930859375
13.0 2.57930859375
13.035714285714286 2.57930859375
13.071428571428571 2.57930859375
13.107142857142858 2.57930859375
13.142857142857142 2.57930859375
13.178571428571429 2.57930859375
13.214285714285714 2.57930859375
13.25 2.57930859375
13.285714285714286 2.57930859375
13.321428571428571 2.57930859375
13.357142857142858 2.57930859375
13.392857142857142 2.57565
13.428571428571429 2.57930859375
13.464285714285714 2.57930859375
13.5 2.57930859375
13.535714285714286 2.57930859375
13.571428571428571 2.57565
13.607142857142858 2.57930859375
13.642857142857142 2.57930859375
13.678571428571429 2.57565
13.714285714285714 2.57565
13.75 2.57565
13.785714285714286 2.5683328125
13.892857142857142 2.5829671875
13.928571428571429 2.57930859375
13.964285714285714 2.57930859375
14.0 2.57930859375
14.035714285714286 2.57565
14.071428571428571 2.57565
14.107142857142858 2.57565
14.142857142857142 2.57565
14.178571428571429 2.57565
14.214285714285714 2.57565
14.25 2.57565
14.285714285714286 2.57565
14.321428571428571 2.57199140625
14.357142857142858 2.57199140625
14.392857142857142 2.57199140625
14.428571428571429 2.57199140625
14.464285714285714 2.57199140625
14.5 2.57199140625
14.535714285714286 2.57199140625
14.571428571428571 2.57199140625
14.607142857142858 2.57199140625
14.642857142857142 2.57199140625
14.678571428571429 2.57199140625
14.714285714285714 2.57199140625
14.75 2.5683328125
14.785714285714286 2.57199140625
14.821428571428571 2.5683328125
14.857142857142858 2.56467421875
14.892857142857142 2.561015625
14.928571428571429 2.56467421875
14.964285714285714 2.57565
15.0 2.57565
15.035714285714286 2.57199140625
15.071428571428571 2.57199140625
15.107142857142858 2.5683328125
15.142857142857142 2.5683328125
15.178571428571429 2.5683328125
15.214285714285714 2.5683328125
15.25 2.5683328125
15.285714285714286 2.5683328125
15.321428571428571 2.5683328125
15.357142857142858 2.5683328125
15.392857142857142 2.5683328125
15.428571428571429 2.56467421875
15.464285714285714 2.56467421875
15.5 2.56467421875
15.535714285714286 2.56467421875
15.571428571428571 2.56467421875
15.607142857142858 2.56467421875
15.642857142857142 2.56467421875
15.678571428571429 2.56467421875
15.714285714285714 2.56467421875
15.75 2.56467421875
15.785714285714286 2.561015625
15.821428571428571 2.561015625
15.857142857142858 2.561015625
15.892857142857142 2.561015625
15.928571428571429 2.561015625
15.964285714285714 2.55735703125
16.0 2.5536984375
16.071428571428573 2.57199140625
16.107142857142858 2.56467421875
16.142857142857142 2.56467421875
16.178571428571427 2.561015625
16.214285714285715 2.561015625
16.25 2.561015625
16.285714285714285 2.561015625
16.321428571428573 2.561015625
16.357142857142858 2.561015625
16.392857142857142 2.561015625
16.428571428571427 2.561015625
16.464285714285715 2.561015625
16.5 2.561015625
16.535714285714285 2.561015625
16.571428571428573 2.561015625
16.607142857142858 2.561015625
16.642857142857142 2.561015625
16.678571428571427 2.561015625
16.714285714285715 2.561015625
16.75 2.561015625
16.785714285714285 2.55735703125
16.821428571428573 2.55735703125
16.857142857142858 2.55735703125
16.892857142857142 2.55735703125
16.928571428571427 2.55735703125
16.964285714285715 2.55735703125
17.0 2.55735703125
17.035714285714285 2.55735703125
17.071428571428573 2.5536984375
17.107142857142858 2.55003984375
17.142857142857142 2.5536984375
17.178571428571427 2.5683328125
17.25 2.561015625
17.285714285714285 2.561015625
17.321428571428573 2.561015625
17.357142857142858 2.561015625
17.392857142857142 2.561015625
17.428571428571427 2.561015625
17.464285714285715 2.561015625
17.5 2.55735703125
17.535714285714285 2.55735703125
17.571428571428573 2.55735703125
17.607142857142858 2.55735703125
17.642857142857142 2.55735703125
17.678571428571427 2.55735703125
17.714285714285715 2.5536984375
17.75 2.5536984375
17.785714285714285 2.5536984375
17.821428571428573 2.5536984375
17.857142857142858 2.5536984375
17.892857142857142 2.5536984375
17.928571428571427 2.5536984375
17.964285714285715 2.5536984375
18.0 2.5536984375
18.035714285714285 2.5536984375
18.071428571428573 2.5536984375
18.107142857142858 2.5536984375
18.142857142857142 2.5536984375
18.178571428571427 2.55003984375
18.214285714285715 2.54638125
18.25 2.54638125
18.321428571428573 2.55735703125
18.357142857142858 2.5536984375
18.392857142857142 2.55003984375
18.428571428571427 2.55003984375
18.464285714285715 2.55003984375
18.5 2.55003984375
18.535714285714285 2.55003984375
18.571428571428573 2.55003984375
18.607142857142858 2.55003984375
18.642857142857142 2.55003984375
18.678571428571427 2.55003984375
18.714285714285715 2.55003984375
18.75 2.55003984375
18.785714285714285 2.55003984375
18.821428571428573 2.55003984375
18.857142857142858 2.54638125
18.892857142857142 2.54638125
18.928571428571427 2.54638125
18.964285714285715 2.54638125
19.0 2.54638125
19.035714285714285 2.54638125
19.071428571428573 2.54638125
19.107142857142858 2.54638125
19.142857142857142 2.54638125
19.178571428571427 2.54638125
19.214285714285715 2.54638125
19.25 2.54272265625
19.285714285714285 2.54272265625
19.321428571428573 2.54272265625
19.357142857142858 2.5390640625
19.392857142857142 2.55003984375
19.428571428571427 2.5536984375
19.464285714285715 2.54638125
19.5 2.54638125
19.535714285714285 2.54638125
19.571428571428573 2.54638125
19.607142857142858 2.54272265625
19.642857142857142 2.54272265625
19.678571428571427 2.54272265625
19.714285714285715 2.54272265625
19.75 2.5390640625
19.785714285714285 2.5390640625
19.821428571428573 2.5390640625
19.857142857142858 2.5390640625
19.892857142857142 2.5390640625
19.928571428571427 2.5390640625
19.964285714285715 2.5390640625
20.0 2.5390640625
20.035714285714285 2.5390640625
20.071428571428573 2.5390640625
20.107142857142858 2.5390640625
20.142857142857142 2.5390640625
20.178571428571427 2.5390640625
20.214285714285715 2.5390640625
20.25 2.5390640625
20.285714285714285 2.5390640625
20.321428571428573 2.5390640625
20.357142857142858 2.53540546875
20.392857142857142 2.53540546875
20.428571428571427 2.531746875
20.464285714285715 2.52808828125
20.571428571428573 2.54272265625
20.607142857142858 2.5390640625
20.642857142857142 2.5390640625
20.678571428571427 2.5390640625
20.714285714285715 2.5390640625
20.75 2.53540546875
20.785714285714285 2.53540546875
20.821428571428573 2.53540546875
20.857142857142858 2.53540546875
20.892857142857142 2.53540546875
20.928571428571427 2.53540546875
20.964285714285715 2.531746875
21.0 2.531746875
21.035714285714285 2.531746875
21.071428571428573 2.531746875
21.107142857142858 2.531746875
21.142857142857142 2.531746875
21.178571428571427 2.531746875
21.214285714285715 2.531746875
21.25 2.531746875
21.285714285714285 2.531746875
21.321428571428573 2.531746875
21.357142857142858 2.531746875
21.392857142857142 2.531746875
21.428571428571427 2.531746875
21.464285714285715 2.531746875
21.5 2.52808828125
21.535714285714285 2.5244296875
21.571428571428573 2.52077109375
21.607142857142858 2.53540546875
21.642857142857142 2.531746875
21.678571428571427 2.531746875
21.714285714285715 2.531746875
21.75 2.52808828125
21.785714285714285 2.52808828125
21.821428571428573 2.52808828125
21.857142857142858 2.5244296875
21.892857142857142 2.5244296875
21.928571428571427 2.5244296875
21.964285714285715 2.5244296875
22.0 2.5244296875
22.035714285714285 2.5244296875
22.071428571428573 2.5244296875
22.107142857142858 2.5244296875
22.142857142857142 2.5244296875
22.178571428571427 2.52077109375
22.214285714285715 2.52077109375
22.25 2.52077109375
22.285714285714285 2.52077109375
22.321428571428573 2.52077109375
22.357142857142858 2.52077109375
22.392857142857142 2.52077109375
22.428571428571427 2.52077109375
22.464285714285715 2.52077109375
22.5 2.52077109375
22.535714285714285 2.52077109375
22.571428571428573 2.52077109375
22.607142857142858 2.5171125
22.642857142857142 2.51345390625
22.678571428571427 2.51345390625
22.785714285714285 2.5244296875
22.821428571428573 2.5244296875
22.857142857142858 2.52077109375
22.892857142857142 2.52077109375
22.928571428571427 2.52077109375
22.964285714285715 2.5171125
23.0 2.5171125
23.035714285714285 2.5171125
23.071428571428573 2.5171125
23.107142857142858 2.5171125
23.142857142857142 2.5171125
23.178571428571427 2.5171125
23.214285714285715 2.5171125
23.25 2.51345390625
23.285714285714285 2.51345390625
23.321428571428573 2.51345390625
23.357142857142858 2.51345390625
23.392857142857142 2.51345390625
23.428571428571427 2.51345390625
23.464285714285715 2.51345390625
23.5 2.51345390625
23.535714285714285 2.51345390625
23.571428571428573 2.51345390625
23.607142857142858 2.51345390625
23.642857142857142 2.51345390625
23.678571428571427 2.51345390625
23.714285714285715 2.5097953125
23.75 2.5097953125
23.785714285714285 2.502478125
23.821428571428573 2.502478125
23.857142857142858 2.5171125
23.892857142857142 2.51345390625
23.928571428571427 2.51345390625
23.964285714285715 2.51345390625
24.0 2.5097953125
24.035714285714285 2.5097953125
24.071428571428573 2.5097953125
24.107142857142858 2.5097953125
24.142857142857142 2.5097953125
24.178571428571427 2.5097953125
24.214285714285715 2.50613671875
24.25 2.50613671875
24.285714285714285 2.50613671875
24.321428571428573 2.50613671875
24.357142857142858 2.50613671875
24.392857142857142 2.50613671875
24.428571428571427 2.50613671875
24.464285714285715 2.50613671875
24.5 2.50613671875
24.535714285714285 2.50613671875
24.571428571428573 2.50613671875
24.607142857142858 2.502478125
24.642857142857142 2.502478125
24.678571428571427 2.502478125
24.714285714285715 2.502478125
24.75 2.502478125
24.785714285714285 2.502478125
24.821428571428573 2.502478125
24.857142857142858 2.502478125
24.892857142857142 2.49881953125
25.0 2.5097953125
25.035714285714285 2.5097953125
25.071428571428573 2.50613671875
25.107142857142858 2.50613671875
25.142857142857142 2.50613671875
25.178571428571427 2.502478125
25.214285714285715 2.502478125
25.25 2.502478125
25.285714285714285 2.502478125
25.321428571428573 2.502478125
25.357142857142858 2.502478125
25.392857142857142 2.502478125
25.428571428571427 2.49881953125
25.464285714285715 2.49881953125
25.5 2.49881953125
25.535714285714285 2.49881953125
25.571428571428573 2.49881953125
25.607142857142858 2.49881953125
25.642857142857142 2.49881953125
25.678571428571427 2.49881953125
25.714285714285715 2.49881953125
25.75 2.49881953125
25.785714285714285 2.49881953125
25.821428571428573 2.49881953125
25.857142857142858 2.49881953125
25.892857142857142 2.49881953125
25.928571428571427 2.49881953125
25.964285714285715 2.49881953125
26.0 2.4951609375
26.035714285714285 2.4951609375
26.107142857142858 2.502478125
26.142857142857142 2.502478125
26.178571428571427 2.502478125
26.214285714285715 2.502478125
26.25 2.49881953125
26.285714285714285 2.49881953125
26.321428571428573 2.49881953125
26.357142857142858 2.49881953125
26.392857142857142 2.4951609375
26.428571428571427 2.4951609375
26.464285714285715 2.4951609375
26.5 2.4951609375
26.535714285714285 2.4951609375
26.571428571428573 2.4951609375
26.607142857142858 2.4951609375
26.642857142857142 2.4951609375
26.678571428571427 2.4951609375
26.714285714285715 2.4951609375
26.75 2.4951609375
26.785714285714285 2.4951609375
26.821428571428573 2.4951609375
26.857142857142858 2.4951609375
26.892857142857142 2.4951609375
26.928571428571427 2.4951609375
26.964285714285715 2.4951609375
27.0 2.4951609375
27.035714285714285 2.49150234375
27.071428571428573 2.4951609375
27.107142857142858 2.48784375
27.142857142857142 2.4951609375
27.178571428571427 2.502478125
27.214285714285715 2.49881953125
27.25 2.4951609375
27.285714285714285 2.4951609375
27.321428571428573 2.4951609375
27.357142857142858 2.4951609375
27.392857142857142 2.4951609375
27.428571428571427 2.49150234375
27.464285714285715 2.49150234375
27.5 2.49150234375
27.535714285714285 2.49150234375
27.571428571428573 2.49150234375
27.607142857142858 2.49150234375
27.642857142857142 2.48784375
27.678571428571427 2.48784375
27.714285714285715 2.48784375
27.75 2.48784375
27.785714285714285 2.48784375
27.821428571428573 2.48784375
27.857142857142858 2.48784375
27.892857142857142 2.48784375
27.928571428571427 2.48784375
27.964285714285715 2.48784375
28.0 2.48784375
28.035714285714285 2.48784375
28.071428571428573 2.48784375
28.107142857142858 2.48784375
28.142857142857142 2.48784375
28.178571428571427 2.48784375
28.214285714285715 2.4805265625
28.25 2.4805265625
28.321428571428573 2.49150234375
28.357142857142858 2.48784375
28.392857142857142 2.48784375
28.428571428571427 2.48784375
28.464285714285715 2.48784375
28.5 2.48418515625
28.535714285714285 2.48418515625
28.571428571428573 2.48418515625
28.607142857142858 2.48418515625
28.642857142857142 2.48418515625
28.678571428571427 2.48418515625
28.714285714285715 2.48418515625
28.75 2.48418515625
28.785714285714285 2.4805265625
28.821428571428573 2.4805265625
28.857142857142858 2.4805265625
28.892857142857142 2.4805265625
28.928571428571427 2.4805265625
28.964285714285715 2.4805265625
29.0 2.4805265625
29.035714285714285 2.4805265625
29.071428571428573 2.4805265625
29.107142857142858 2.4805265625
29.142857142857142 2.4805265625
29.178571428571427 2.4805265625
29.214285714285715 2.4805265625
29.25 2.4805265625
29.285714285714285 2.47686796875
29.321428571428573 2.47686796875
29.357142857142858 2.48418515625
29.392857142857142 2.48418515625
29.428571428571427 2.48784375
29.464285714285715 2.48418515625
29.5 2.4805265625
29.535714285714285 2.4805265625
29.571428571428573 2.4805265625
29.607142857142858 2.4805265625
29.642857142857142 2.47686796875
29.678571428571427 2.47686796875
29.714285714285715 2.47686796875
29.75 2.47686796875
29.785714285714285 2.47686796875
29.821428571428573 2.47686796875
29.857142857142858 2.47686796875
29.892857142857142 2.47686796875
29.928571428571427 2.47686796875
29.964285714285715 2.47686796875
30.0 2.47686796875
30.035714285714285 2.473209375
30.071428571428573 2.473209375
30.107142857142858 2.473209375
30.142857142857142 2.473209375
30.178571428571427 2.473209375
30.214285714285715 2.473209375
30.25 2.473209375
30.285714285714285 2.473209375
30.321428571428573 2.473209375
30.357142857142858 2.473209375
30.392857142857142 2.473209375
30.428571428571427 2.4658921875
30.464285714285715 2.4658921875
30.5 2.48418515625
30.535714285714285 2.47686796875
30.571428571428573 2.473209375
30.607142857142858 2.473209375
30.642857142857142 2.46955078125
30.678571428571427 2.46955078125
30.714285714285715 2.46955078125
30.75 2.46955078125
30.785714285714285 2.4658921875
30.821428571428573 2.46955078125
30.857142857142858 2.46955078125
30.892857142857142 2.4658921875
30.928571428571427 2.4658921875
30.964285714285715 2.4658921875
31.0 2.4658921875
31.035714285714285 2.4658921875
31.071428571428573 2.4658921875
31.107142857142858 2.4658921875
31.142857142857142 2.4658921875
31.178571428571427 2.4658921875
31.214285714285715 2.4658921875
31.25 2.4658921875
31.285714285714285 2.46223359375
31.321428571428573 2.46223359375
31.357142857142858 2.46223359375
31.392857142857142 2.46223359375
31.428571428571427 2.46223359375
31.464285714285715 2.46223359375
31.5 2.46223359375
31.535714285714285 2.458575
31.571428571428573 2.458575
31.678571428571427 2.46955078125
31.714285714285715 2.46955078125
31.75 2.4658921875
31.785714285714285 2.4658921875
31.821428571428573 2.46223359375
31.857142857142858 2.46223359375
31.892857142857142 2.46223359375
31.928571428571427 2.46223359375
31.964285714285715 2.46223359375
32.0 2.458575
32.035714285714285 2.458575
32.07142857142857 2.46223359375
32.107142857142854 2.458575
32.142857142857146 2.458575
32.17857142857143 2.458575
32.214285714285715 2.458575
32.25 2.458575
32.285714285714285 2.458575
32.32142857142857 2.458575
32.357142857142854 2.458575
32.392857142857146 2.458575
32.42857142857143 2.458575
32.464285714285715 2.458575
32.5 2.458575
32.535714285714285 2.458575
32.57142857142857 2.458575
32.607142857142854 2.45491640625
32.642857142857146 2.4512578125
32.67857142857143 2.4512578125
32.714285714285715 2.4512578125
32.75 2.46223359375
32.785714285714285 2.458575
32.82142857142857 2.45491640625
32.857142857142854 2.4512578125
32.892857142857146 2.4512578125
32.92857142857143 2.4512578125
32.964285714285715 2.4512578125
33.0 2.4512578125
33.035714285714285 2.44759921875
33.07142857142857 2.44759921875
33.107142857142854 2.44759921875
33.142857142857146 2.44759921875
33.17857142857143 2.44759921875
33.214285714285715 2.44759921875
33.25 2.443940625
33.285714285714285 2.443940625
33.32142857142857 2.443940625
33.357142857142854 2.443940625
33.392857142857146 2.443940625
33.42857142857143 2.443940625
33.464285714285715 2.443940625
33.5 2.443940625
33.535714285714285 2.443940625
33.57142857142857 2.443940625
33.607142857142854 2.443940625
33.642857142857146 2.443940625
33.67857142857143 2.443940625
33.714285714285715 2.443940625
33.75 2.44028203125
33.785714285714285 2.4366234375
33.82142857142857 2.4512578125
33.857142857142854 2.44759921875
33.892857142857146 2.44759921875
33.92857142857143 2.443940625
33.964285714285715 2.44028203125
34.0 2.44028203125
34.035714285714285 2.44028203125
34.07142857142857 2.44028203125
34.107142857142854 2.44028203125
34.142857142857146 2.44028203125
34.17857142857143 2.44028203125
34.214285714285715 2.44028203125
34.25 2.44028203125
34.285714285714285 2.44028203125
34.32142857142857 2.44028203125
34.357142857142854 2.44028203125
34.392857142857146 2.44028203125
34.42857142857143 2.44028203125
34.464285714285715 2.44028203125
34.5 2.44028203125
34.535714285714285 2.44028203125
34.57142857142857 2.44028203125
34.607142857142854 2.44028203125
34.642857142857146 2.44028203125
34.67857142857143 2.44028203125
34.714285714285715 2.44028203125
34.75 2.44028203125
34.785714285714285 2.44028203125
34.82142857142857 2.44028203125
34.857142857142854 2.44028203125
34.892857142857146 2.43296484375
34.92857142857143 2.4366234375
34.964285714285715 2.44759921875
35.0 2.44028203125
35.035714285714285 2.44028203125
35.07142857142857 2.44028203125
35.107142857142854 2.4366234375
35.142857142857146 2.44028203125
35.17857142857143 2.44028203125
35.214285714285715 2.44028203125
35.25 2.44028203125
35.285714285714285 2.44028203125
35.32142857142857 2.44028203125
35.357142857142854 2.44028203125
35.392857142857146 2.44028203125
35.42857142857143 2.44028203125
35.464285714285715 2.44028203125
35.5 2.44028203125
35.535714285714285 2.44028203125
35.57142857142857 2.44028203125
35.607142857142854 2.44028203125
35.642857142857146 2.44028203125
35.67857142857143 2.44028203125
35.714285714285715 2.44028203125
35.75 2.44028203125
35.785714285714285 2.44028203125
35.82142857142857 2.4366234375
35.857142857142854 2.44028203125
35.892857142857146 2.44028203125
35.92857142857143 2.44028203125
35.964285714285715 2.4366234375
36.0 2.4293062500000002
36.035714285714285 2.443940625
36.07142857142857 2.443940625
36.107142857142854 2.44028203125
36.142857142857146 2.4366234375
36.17857142857143 2.4366234375
36.214285714285715 2.43296484375
36.25 2.43296484375
36.285714285714285 2.43296484375
36.32142857142857 2.43296484375
36.357142857142854 2.43296484375
36.392857142857146 2.43296484375
36.42857142857143 2.4293062500000002
36.464285714285715 2.4293062500000002
36.5 2.4293062500000002
36.535714285714285 2.4293062500000002
36.57142857142857 2.4293062500000002
36.607142857142854 2.4293062500000002
36.642857142857146 2.4293062500000002
36.67857142857143 2.4293062500000002
36.714285714285715 2.4256476562500002
36.75 2.4293062500000002
36.785714285714285 2.4293062500000002
36.82142857142857 2.4256476562500002
36.857142857142854 2.4256476562500002
36.892857142857146 2.4256476562500002
36.92857142857143 2.4256476562500002
36.964285714285715 2.4256476562500002
37.0 2.4256476562500002
37.035714285714285 2.4256476562500002
37.07142857142857 2.4256476562500002
37.107142857142854 2.41833046875
37.142857142857146 2.4256476562500002
37.214285714285715 2.4293062500000002
37.25 2.4256476562500002
37.285714285714285 2.4256476562500002
37.32142857142857 2.4256476562500002
37.357142857142854 2.4256476562500002
37.392857142857146 2.4219890625000002
37.42857142857143 2.4256476562500002
37.464285714285715 2.4219890625000002
37.5 2.4219890625000002
37.535714285714285 2.4219890625000002
37.57142857142857 2.4219890625000002
37.607142857142854 2.4219890625000002
37.642857142857146 2.4219890625000002
37.67857142857143 2.4219890625000002
37.714285714285715 2.4219890625000002
37.75 2.4219890625000002
37.785714285714285 2.41833046875
37.82142857142857 2.41833046875
37.857142857142854 2.41833046875
37.892857142857146 2.41833046875
37.92857142857143 2.41833046875
37.964285714285715 2.41833046875
38.0 2.41833046875
38.035714285714285 2.41833046875
38.07142857142857 2.41833046875
38.107142857142854 2.41833046875
38.142857142857146 2.414671875
38.17857142857143 2.414671875
38.214285714285715 2.414671875
38.25 2.4293062500000002
38.285714285714285 2.4256476562500002
38.32142857142857 2.4219890625000002
38.357142857142854 2.41833046875
38.392857142857146 2.41833046875
38.42857142857143 2.41833046875
38.464285714285715 2.41833046875
38.5 2.41833046875
38.535714285714285 2.41833046875
38.57142857142857 2.414671875
38.607142857142854 2.414671875
38.642857142857146 2.414671875
38.67857142857143 2.414671875
38.714285714285715 2.414671875
38.75 2.414671875
38.785714285714285 2.414671875
38.82142857142857 2.414671875
38.857142857142854 2.414671875
38.892857142857146 2.414671875
38.92857142857143 2.414671875
38.964285714285715 2.414671875
39.0 2.414671875
39.035714285714285 2.414671875
39.07142857142857 2.414671875
39.107142857142854 2.41101328125
39.142857142857146 2.41101328125
39.17857142857143 2.41101328125
39.214285714285715 2.41101328125
39.25 2.41101328125
39.285714285714285 2.4073546875
39.32142857142857 2.40369609375
39.357142857142854 2.41101328125
39.42857142857143 2.414671875
39.464285714285715 2.41101328125
39.5 2.4073546875
39.535714285714285 2.4073546875
39.57142857142857 2.4073546875
39.607142857142854 2.4073546875
39.642857142857146 2.4073546875
39.67857142857143 2.4073546875
39.714285714285715 2.40369609375
39.75 2.40369609375
39.785714285714285 2.40369609375
39.82142857142857 2.40369609375
39.857142857142854 2.40369609375
39.892857142857146 2.40369609375
39.92857142857143 2.40369609375
