0.21428571428571427 1.9390546875
0.25 2.02320234375
0.2857142857142857 2.02320234375
0.32142857142857145 2.02320234375
0.35714285714285715 2.02320234375
0.39285714285714285 2.02320234375
0.42857142857142855 2.01954375
0.4642857142857143 2.01954375
0.5 2.01954375
0.5357142857142857 2.01954375
0.5714285714285714 2.01588515625
0.6071428571428571 2.01588515625
0.6428571428571429 2.01588515625
0.6785714285714286 2.01588515625
0.7142857142857143 2.01588515625
0.75 2.01588515625
0.7857142857142857 2.01588515625
0.8214285714285714 2.0122265625
0.8571428571428571 2.0122265625
0.8928571428571429 2.0122265625
0.9285714285714286 2.0122265625
1.2857142857142858 2.04515390625
1.3214285714285714 2.04515390625
1.3571428571428572 2.04515390625
1.3928571428571428 2.04515390625
1.4285714285714286 2.04515390625
1.4642857142857142 2.0414953125
1.5 2.0414953125
1.5357142857142858 2.0414953125
1.5714285714285714 2.03783671875
1.6071428571428572 2.03783671875
1.6428571428571428 2.03783671875
1.6785714285714286 2.03783671875
1.7142857142857142 2.034178125
1.75 2.034178125
1.7857142857142858 2.034178125
1.8214285714285714 2.034178125
1.8571428571428572 2.034178125
1.8928571428571428 2.034178125
1.9285714285714286 2.034178125
1.9642857142857142 2.034178125
2.0 2.03051953125
2.0357142857142856 2.03051953125
2.0714285714285716 2.03051953125
2.4285714285714284 2.06710546875
2.4642857142857144 2.06710546875
2.5 2.06710546875
2.5357142857142856 2.063446875
2.5714285714285716 2.063446875
2.607142857142857 2.063446875
2.642857142857143 2.063446875
2.6785714285714284 2.05978828125
2.7142857142857144 2.05978828125
2.75 2.0561296875
2.7857142857142856 2.0561296875
2.8214285714285716 2.0561296875
2.857142857142857 2.0561296875
2.892857142857143 2.0561296875
2.9285714285714284 2.0561296875
2.9642857142857144 2.0561296875
3.0 2.0561296875
3.0357142857142856 2.0561296875
3.0714285714285716 2.05247109375
3.107142857142857 2.05247109375
3.142857142857143 2.05247109375
3.1785714285714284 2.05247109375
3.5357142857142856 2.004909375
3.5714285714285716 2.092715625
3.607142857142857 2.092715625
3.642857142857143 2.092715625
3.6785714285714284 2.08905703125
3.7142857142857144 2.08905703125
3.75 2.08905703125
3.7857142857142856 2.08905703125
3.8214285714285716 2.08905703125
3.857142857142857 2.0853984375
3.892857142857143 2.0853984375
3.9285714285714284 2.0853984375
3.9642857142857144 2.0853984375
4.0 2.08173984375
4.035714285714286 2.0853984375
4.071428571428571 2.0853984375
4.107142857142857 2.08173984375
4.142857142857143 2.0853984375
4.178571428571429 2.08173984375
4.214285714285714 2.08173984375
4.25 2.08173984375
4.285714285714286 2.08173984375
4.321428571428571 2.08173984375
4.678571428571429 2.06710546875
4.714285714285714 2.121984375
4.75 2.11832578125
4.785714285714286 2.1146671875
4.821428571428571 2.1146671875
4.857142857142857 2.11100859375
4.892857142857143 2.11100859375
4.928571428571429 2.11100859375
4.964285714285714 2.11100859375
5.0 2.11100859375
5.035714285714286 2.11100859375
5.071428571428571 2.10735
5.107142857142857 2.10735
5.142857142857143 2.10735
5.178571428571429 2.10735
5.214285714285714 2.10735
5.25 2.10735
5.285714285714286 2.10735
5.321428571428571 2.10369140625
5.357142857142857 2.10369140625
5.392857142857143 2.10369140625
5.785714285714286 2.1402773437500002
5.821428571428571 2.1402773437500002
5.857142857142857 2.1439359375
5.892857142857143 2.1402773437500002
5.928571428571429 2.1402773437500002
5.964285714285714 2.1402773437500002
6.0 2.1402773437500002
6.035714285714286 2.1402773437500002
6.071428571428571 2.13661875
6.107142857142857 2.13661875
6.142857142857143 2.1402773437500002
6.178571428571429 2.13661875
6.214285714285714 2.13661875
6.25 2.13661875
6.285714285714286 2.13661875
6.321428571428571 2.13296015625
6.357142857142857 2.13661875
6.392857142857143 2.13661875
6.428571428571429 2.13296015625
6.464285714285714 2.13296015625
6.5 2.13661875
6.535714285714286 2.13661875
6.892857142857143 2.08173984375
6.928571428571429 2.180521875
6.964285714285714 2.180521875
7.0 2.180521875
7.035714285714286 2.180521875
7.071428571428571 2.17686328125
7.107142857142857 2.17686328125
7.142857142857143 2.17686328125
7.178571428571429 2.1732046875
7.214285714285714 2.1732046875
7.25 2.1732046875
7.285714285714286 2.1732046875
7.321428571428571 2.1732046875
7.357142857142857 2.1732046875
7.392857142857143 2.1732046875
7.428571428571429 2.1732046875
7.464285714285714 2.1732046875
7.5 2.1732046875
7.535714285714286 2.1732046875
7.571428571428571 2.1732046875
7.607142857142857 2.1732046875
7.642857142857143 2.1732046875
7.678571428571429 2.1732046875
8.035714285714286 2.13661875
8.071428571428571 2.22808359375
8.107142857142858 2.224425
8.142857142857142 2.224425
8.178571428571429 2.224425
8.214285714285714 2.224425
8.25 2.22076640625
8.285714285714286 2.22076640625
8.321428571428571 2.22076640625
8.357142857142858 2.22076640625
8.392857142857142 2.22076640625
8.428571428571429 2.22076640625
8.464285714285714 2.22076640625
8.5 2.2171078125
8.535714285714286 2.2171078125
8.571428571428571 2.22076640625
8.607142857142858 2.2171078125
8.642857142857142 2.2171078125
8.678571428571429 2.2171078125
8.714285714285714 2.2171078125
8.75 2.2171078125
9.142857142857142 2.27198671875
9.178571428571429 2.2756453125
9.214285714285714 2.27198671875
9.25 2.27198671875
9.285714285714286 2.27198671875
9.321428571428571 2.27198671875
9.357142857142858 2.27198671875
9.392857142857142 2.268328125
9.428571428571429 2.268328125
9.464285714285714 2.268328125
9.5 2.268328125
9.535714285714286 2.268328125
9.571428571428571 2.268328125
9.607142857142858 2.268328125
9.642857142857142 2.268328125
9.678571428571429 2.268328125
9.714285714285714 2.268328125
9.75 2.268328125
9.785714285714286 2.268328125
9.821428571428571 2.268328125
9.857142857142858 2.268328125
10.285714285714286 2.30125546875
10.321428571428571 2.30125546875
10.357142857142858 2.30125546875
10.392857142857142 2.30125546875
10.428571428571429 2.30125546875
10.464285714285714 2.30125546875
10.5 2.30125546875
10.535714285714286 2.297596875
10.571428571428571 2.30125546875
10.607142857142858 2.297596875
10.642857142857142 2.297596875
10.678571428571429 2.297596875
10.714285714285714 2.30125546875
10.75 2.297596875
10.785714285714286 2.297596875
10.821428571428571 2.297596875
10.857142857142858 2.297596875
10.892857142857142 2.297596875
10.928571428571429 2.297596875
10.964285714285714 2.297596875
11.0 2.297596875
11.392857142857142 2.3415
11.428571428571429 2.34515859375
11.464285714285714 2.3415
11.5 2.3415
11.535714285714286 2.3415
11.571428571428571 2.3415
11.607142857142858 2.3415
11.642857142857142 2.3415
11.678571428571429 2.3415
11.714285714285714 2.3415
11.75 2.3415
11.785714285714286 2.3415
11.821428571428571 2.3415
11.857142857142858 2.3415
11.892857142857142 2.3415
11.928571428571429 2.3415
11.964285714285714 2.3415
12.0 2.3415
12.035714285714286 2.3415
12.071428571428571 2.3415
12.107142857142858 2.3415
12.142857142857142 2.3415
12.5 2.38906171875
12.535714285714286 2.38174453125
12.571428571428571 2.38174453125
12.607142857142858 2.38174453125
12.642857142857142 2.38174453125
12.678571428571429 2.38174453125
12.714285714285714 2.3780859375
12.75 2.3780859375
12.785714285714286 2.3780859375
12.821428571428571 2.3780859375
12.857142857142858 2.38174453125
12.892857142857142 2.38174453125
12.928571428571429 2.38174453125
12.964285714285714 2.38174453125
13.0 2.38174453125
13.035714285714286 2.38174453125
13.071428571428571 2.3780859375
13.107142857142858 2.3780859375
13.142857142857142 2.3780859375
13.178571428571429 2.38174453125
13.214285714285714 2.38174453125
13.25 2.38174453125
13.607142857142858 2.4256476562500002
13.642857142857142 2.4219890625000002
13.678571428571429 2.4219890625000002
13.714285714285714 2.4219890625000002
13.75 2.4219890625000002
13.785714285714286 2.4219890625000002
13.821428571428571 2.41833046875
13.857142857142858 2.41833046875
13.892857142857142 2.41833046875
13.928571428571429 2.414671875
13.964285714285714 2.41833046875
14.0 2.41833046875
14.035714285714286 2.414671875
14.071428571428571 2.41833046875
14.107142857142858 2.41833046875
14.142857142857142 2.41833046875
14.178571428571429 2.41833046875
14.214285714285714 2.41833046875
14.25 2.41833046875
14.285714285714286 2.414671875
14.321428571428571 2.414671875
14.357142857142858 2.414671875
14.75 2.4073546875
14.785714285714286 2.48418515625
14.821428571428571 2.48418515625
14.857142857142858 2.48418515625
14.892857142857142 2.48418515625
14.928571428571429 2.48418515625
14.964285714285714 2.48418515625
15.0 2.48418515625
15.035714285714286 2.48418515625
15.071428571428571 2.48418515625
15.107142857142858 2.48418515625
15.142857142857142 2.48418515625
15.178571428571429 2.48418515625
15.214285714285714 2.48418515625
15.25 2.48418515625
15.285714285714286 2.4805265625
15.321428571428571 2.4805265625
15.357142857142858 2.4805265625
15.392857142857142 2.4805265625
15.428571428571429 2.4805265625
15.464285714285714 2.4805265625
15.892857142857142 2.46955078125
15.928571428571429 2.531746875
15.964285714285714 2.531746875
16.0 2.531746875
16.035714285714285 2.531746875
16.071428571428573 2.531746875
16.107142857142858 2.531746875
16.142857142857142 2.531746875
16.178571428571427 2.531746875
16.214285714285715 2.531746875
16.25 2.531746875
16.285714285714285 2.52808828125
16.321428571428573 2.52808828125
16.357142857142858 2.52808828125
16.392857142857142 2.52808828125
16.428571428571427 2.52808828125
16.464285714285715 2.52808828125
16.5 2.52808828125
16.535714285714285 2.52808828125
16.571428571428573 2.52808828125
17.0 2.5390640625
17.035714285714285 2.59394296875
17.071428571428573 2.59394296875
17.107142857142858 2.59394296875
17.142857142857142 2.59394296875
17.178571428571427 2.590284375
17.214285714285715 2.59394296875
17.25 2.590284375
17.285714285714285 2.590284375
17.321428571428573 2.590284375
17.357142857142858 2.58662578125
17.392857142857142 2.58662578125
17.428571428571427 2.58662578125
17.464285714285715 2.58662578125
17.5 2.58662578125
17.535714285714285 2.58662578125
17.571428571428573 2.58662578125
17.607142857142858 2.58662578125
17.642857142857142 2.58662578125
17.678571428571427 2.58662578125
17.714285714285715 2.58662578125
18.142857142857142 2.6268703125
18.178571428571427 2.6268703125
18.214285714285715 2.6268703125
18.25 2.62321171875
18.285714285714285 2.62321171875
18.321428571428573 2.62321171875
18.357142857142858 2.62321171875
18.392857142857142 2.62321171875
18.428571428571427 2.62321171875
18.464285714285715 2.62321171875
18.5 2.619553125
18.535714285714285 2.62321171875
18.571428571428573 2.62321171875
18.607142857142858 2.619553125
18.642857142857142 2.62321171875
18.678571428571427 2.62321171875
18.714285714285715 2.619553125
18.75 2.62321171875
18.785714285714285 2.619553125
18.821428571428573 2.619553125
19.25 2.67443203125
19.285714285714285 2.678090625
19.321428571428573 2.67443203125
19.357142857142858 2.67443203125
19.392857142857142 2.67443203125
19.428571428571427 2.6707734375
19.464285714285715 2.6707734375
19.5 2.6707734375
19.535714285714285 2.6707734375
19.571428571428573 2.6707734375
19.607142857142858 2.6707734375
19.642857142857142 2.6707734375
19.678571428571427 2.6707734375
19.714285714285715 2.6707734375
19.75 2.6707734375
19.785714285714285 2.6707734375
19.821428571428573 2.6707734375
19.857142857142858 2.6707734375
19.892857142857142 2.6707734375
19.928571428571427 2.6707734375
19.964285714285715 2.6707734375
20.357142857142858 2.7293109375
20.392857142857142 2.7293109375
20.428571428571427 2.7293109375
20.464285714285715 2.72565234375
20.5 2.72565234375
20.535714285714285 2.72199375
20.571428571428573 2.72199375
20.607142857142858 2.72199375
20.642857142857142 2.72199375
20.678571428571427 2.72199375
20.714285714285715 2.72199375
20.75 2.72199375
20.785714285714285 2.72199375
20.821428571428573 2.72199375
20.857142857142858 2.72199375
20.892857142857142 2.72199375
20.928571428571427 2.72199375
20.964285714285715 2.72199375
21.0 2.72199375
21.035714285714285 2.72199375
21.071428571428573 2.72199375
21.5 2.77687265625
21.535714285714285 2.7732140625
21.571428571428573 2.7732140625
21.607142857142858 2.7732140625
21.642857142857142 2.7732140625
21.678571428571427 2.76955546875
21.714285714285715 2.76955546875
21.75 2.76955546875
21.785714285714285 2.76955546875
21.821428571428573 2.76955546875
21.857142857142858 2.76955546875
21.892857142857142 2.76955546875
21.928571428571427 2.76955546875
21.964285714285715 2.76955546875
22.0 2.76955546875
22.035714285714285 2.76955546875
22.071428571428573 2.76955546875
22.107142857142858 2.76955546875
22.142857142857142 2.76955546875
22.178571428571427 2.76955546875
22.607142857142858 2.74760390625
22.642857142857142 2.8171171875
22.678571428571427 2.8171171875
22.714285714285715 2.8171171875
22.75 2.81345859375
22.785714285714285 2.81345859375
22.821428571428573 2.81345859375
22.857142857142858 2.81345859375
22.892857142857142 2.81345859375
22.928571428571427 2.81345859375
22.964285714285715 2.81345859375
23.0 2.8098
23.035714285714285 2.8098
23.071428571428573 2.8098
23.107142857142858 2.8098
23.142857142857142 2.8098
23.178571428571427 2.8098
23.214285714285715 2.8098
23.25 2.8098
23.285714285714285 2.8098
23.321428571428573 2.8098
23.75 2.8024828125
23.785714285714285 2.87199609375
23.821428571428573 2.87199609375
23.857142857142858 2.8683375
23.892857142857142 2.8683375
23.928571428571427 2.8683375
23.964285714285715 2.8683375
24.0 2.8683375
24.035714285714285 2.86467890625
24.071428571428573 2.86467890625
24.107142857142858 2.86467890625
24.142857142857142 2.86467890625
24.178571428571427 2.86467890625
24.214285714285715 2.86467890625
24.25 2.86467890625
24.285714285714285 2.86467890625
24.321428571428573 2.86467890625
24.357142857142858 2.86467890625
24.392857142857142 2.86467890625
24.428571428571427 2.86467890625
24.857142857142858 2.8756546875
24.892857142857142 2.93785078125
24.928571428571427 2.93785078125
24.964285714285715 2.9341921875
25.0 2.9341921875
25.035714285714285 2.9341921875
25.071428571428573 2.9341921875
25.107142857142858 2.93053359375
25.142857142857142 2.93053359375
25.178571428571427 2.93053359375
25.214285714285715 2.93053359375
25.25 2.93053359375
25.285714285714285 2.93053359375
25.321428571428573 2.93053359375
25.357142857142858 2.93053359375
25.392857142857142 2.93053359375
25.428571428571427 2.926875
25.464285714285715 2.926875
25.5 2.926875
25.535714285714285 2.926875
25.571428571428573 2.926875
26.0 2.9488265625
26.035714285714285 2.98907109375
26.071428571428573 2.98907109375
26.107142857142858 2.9854125
26.142857142857142 2.9854125
26.178571428571427 2.9854125
26.214285714285715 2.9854125
26.25 2.98175390625
26.285714285714285 2.98175390625
26.321428571428573 2.98175390625
26.357142857142858 2.98175390625
26.392857142857142 2.98175390625
26.428571428571427 2.98175390625
26.464285714285715 2.98175390625
26.5 2.9780953125
26.535714285714285 2.9780953125
26.571428571428573 2.9780953125
26.607142857142858 2.9780953125
26.642857142857142 2.9780953125
26.678571428571427 2.9780953125
27.107142857142858 3.01102265625
27.142857142857142 3.04029140625
27.178571428571427 3.04029140625
27.214285714285715 3.04029140625
27.25 3.04029140625
27.285714285714285 3.0366328125
27.321428571428573 3.0366328125
27.357142857142858 3.0366328125
27.392857142857142 3.0366328125
27.428571428571427 3.0366328125
27.464285714285715 3.0366328125
27.5 3.04029140625
27.535714285714285 3.04029140625
27.571428571428573 3.0366328125
27.607142857142858 3.0366328125
27.642857142857142 3.04029140625
27.678571428571427 3.04029140625
27.714285714285715 3.04029140625
27.75 3.04029140625
27.785714285714285 3.04029140625
27.821428571428573 3.04029140625
28.214285714285715 3.01102265625
28.25 3.087853125
28.285714285714285 3.0951703125
28.321428571428573 3.0951703125
28.357142857142858 3.09151171875
28.392857142857142 3.087853125
28.428571428571427 3.087853125
28.464285714285715 3.087853125
28.5 3.087853125
28.535714285714285 3.08419453125
28.571428571428573 3.08419453125
28.607142857142858 3.08419453125
28.642857142857142 3.08419453125
28.678571428571427 3.08419453125
28.714285714285715 3.08419453125
28.75 3.08419453125
28.785714285714285 3.08419453125
28.821428571428573 3.08419453125
28.857142857142858 3.08419453125
28.892857142857142 3.08419453125
28.928571428571427 3.08419453125
28.964285714285715 3.08419453125
29.357142857142858 3.146390625
29.392857142857142 3.146390625
29.428571428571427 3.14273203125
29.464285714285715 3.14273203125
29.5 3.1390734375
29.535714285714285 3.14273203125
29.571428571428573 3.1390734375
29.607142857142858 3.1390734375
29.642857142857142 3.1390734375
29.678571428571427 3.1390734375
29.714285714285715 3.1390734375
29.75 3.1390734375
29.785714285714285 3.1390734375
29.821428571428573 3.1390734375
29.857142857142858 3.1390734375
29.892857142857142 3.1390734375
29.928571428571427 3.1390734375
29.964285714285715 3.1390734375
30.0 3.1390734375
30.035714285714285 3.1390734375
30.071428571428573 3.1390734375
30.464285714285715 3.08419453125
30.5 3.18663515625
30.535714285714285 3.18663515625
30.571428571428573 3.18663515625
30.607142857142858 3.1829765625
30.642857142857142 3.1829765625
30.678571428571427 3.1829765625
30.714285714285715 3.1829765625
30.75 3.1829765625
30.785714285714285 3.1829765625
30.821428571428573 3.1829765625
30.857142857142858 3.1829765625
30.892857142857142 3.1829765625
30.928571428571427 3.1829765625
30.964285714285715 3.1829765625
31.0 3.1829765625
31.035714285714285 3.1829765625
31.071428571428573 3.1829765625
31.107142857142858 3.1829765625
31.142857142857142 3.1829765625
31.178571428571427 3.1829765625
31.214285714285715 3.17931796875
31.607142857142858 3.25980703125
31.642857142857142 3.2781000000000002
31.678571428571427 3.2817585937500002
31.714285714285715 3.2781000000000002
31.75 3.263465625
31.928571428571427 3.2561484375
31.964285714285715 3.2561484375
32.17857142857143 3.2854171875000002
32.25 3.2561484375
32.285714285714285 3.2561484375
32.32142857142857 3.2561484375
32.75 3.3366375
32.785714285714285 3.3366375
32.82142857142857 3.3366375
32.857142857142854 3.3366375
32.892857142857146 3.33297890625
32.92857142857143 3.33297890625
32.964285714285715 3.3293203125
33.0 3.3293203125
33.035714285714285 3.3293203125
33.07142857142857 3.3293203125
33.107142857142854 3.3293203125
33.142857142857146 3.3293203125
33.17857142857143 3.3293203125
33.214285714285715 3.32566171875
33.25 3.32566171875
33.285714285714285 3.32566171875
33.32142857142857 3.32566171875
33.357142857142854 3.32566171875
33.392857142857146 3.32566171875
33.42857142857143 3.32566171875
33.464285714285715 3.32566171875
33.892857142857146 3.39151640625
33.92857142857143 3.39883359375
33.964285714285715 3.39883359375
34.0 3.39883359375
34.035714285714285 3.395175
34.07142857142857 3.395175
34.107142857142854 3.395175
34.142857142857146 3.395175
34.17857142857143 3.395175
34.214285714285715 3.395175
34.25 3.395175
34.285714285714285 3.395175
34.32142857142857 3.39151640625
34.357142857142854 3.39151640625
34.392857142857146 3.39151640625
34.42857142857143 3.39151640625
34.464285714285715 3.39151640625
34.5 3.39151640625
34.535714285714285 3.39151640625
34.57142857142857 3.39151640625
35.0 3.468346875
35.035714285714285 3.47200546875
35.07142857142857 3.47200546875
35.107142857142854 3.468346875
35.142857142857146 3.47200546875
35.17857142857143 3.468346875
35.214285714285715 3.468346875
35.25 3.468346875
35.285714285714285 3.468346875
35.32142857142857 3.46468828125
35.357142857142854 3.46468828125
35.392857142857146 3.46468828125
35.42857142857143 3.46468828125
35.464285714285715 3.46468828125
35.5 3.46468828125
35.535714285714285 3.46468828125
35.57142857142857 3.46468828125
35.607142857142854 3.46468828125
35.642857142857146 3.46468828125
35.67857142857143 3.46468828125
35.714285714285715 3.4610296875
36.142857142857146 3.54151875
36.17857142857143 3.54517734375
36.214285714285715 3.5488359375
36.25 3.5488359375
36.285714285714285 3.54517734375
36.32142857142857 3.54517734375
36.357142857142854 3.54517734375
36.392857142857146 3.54151875
36.42857142857143 3.54151875
36.464285714285715 3.54151875
36.5 3.54151875
36.535714285714285 3.54151875
36.57142857142857 3.54151875
36.607142857142854 3.54151875
36.642857142857146 3.53786015625
36.67857142857143 3.53786015625
36.714285714285715 3.53786015625
36.75 3.53786015625
36.785714285714285 3.53786015625
36.82142857142857 3.53786015625
37.25 3.61103203125
37.285714285714285 3.61834921875
37.32142857142857 3.61834921875
37.357142857142854 3.61834921875
37.392857142857146 3.614690625
37.42857142857143 3.614690625
37.464285714285715 3.61103203125
37.5 3.61103203125
37.535714285714285 3.61103203125
37.57142857142857 3.61103203125
37.607142857142854 3.61103203125
37.642857142857146 3.61103203125
37.67857142857143 3.61103203125
37.714285714285715 3.6073734375
37.75 3.6073734375
37.785714285714285 3.6073734375
37.82142857142857 3.6073734375
37.857142857142854 3.6073734375
37.892857142857146 3.6073734375
37.92857142857143 3.6073734375
37.964285714285715 3.6073734375
38.392857142857146 3.69152109375
38.42857142857143 3.69883828125
38.464285714285715 3.69883828125
38.5 3.69883828125
38.535714285714285 3.702496875
38.57142857142857 3.69883828125
38.607142857142854 3.6951796875
38.642857142857146 3.6951796875
38.67857142857143 3.6951796875
38.714285714285715 3.6951796875
38.75 3.6951796875
38.785714285714285 3.6951796875
38.82142857142857 3.69152109375
38.857142857142854 3.69152109375
38.892857142857146 3.69152109375
38.92857142857143 3.69152109375
38.964285714285715 3.69152109375
39.0 3.69152109375
39.035714285714285 3.69152109375
39.07142857142857 3.69152109375
39.5 3.75005859375
39.535714285714285 3.75005859375
39.57142857142857 3.75005859375
39.607142857142854 3.75737578125
39.642857142857146 3.75737578125
39.67857142857143 3.75737578125
39.714285714285715 3.7537171875
39.75 3.7537171875
39.785714285714285 3.7537171875
39.82142857142857 3.7537171875
39.857142857142854 3.7537171875
39.892857142857146 3.7537171875
39.92857142857143 3.75005859375
