0.03571428571428571 2.6561390625
0.07142857142857142 2.6561390625
0.10714285714285714 2.6561390625
0.14285714285714285 2.6561390625
0.17857142857142858 2.6561390625
0.21428571428571427 2.6561390625
0.25 2.6561390625
0.2857142857142857 2.6561390625
0.32142857142857145 2.6561390625
0.35714285714285715 2.6561390625
0.39285714285714285 2.6561390625
0.42857142857142855 2.6561390625
0.4642857142857143 2.6561390625
0.5 2.6561390625
0.5357142857142857 2.6561390625
0.5714285714285714 2.57930859375
1.1428571428571428 2.648821875
1.1785714285714286 2.648821875
1.2142857142857142 2.65248046875
1.25 2.65248046875
1.2857142857142858 2.65248046875
1.3214285714285714 2.65248046875
1.3571428571428572 2.65248046875
1.3928571428571428 2.65248046875
1.4285714285714286 2.65248046875
1.4642857142857142 2.65248046875
1.5 2.65248046875
1.5357142857142858 2.65248046875
1.5714285714285714 2.65248046875
1.6071428571428572 2.648821875
1.6428571428571428 2.648821875
1.6785714285714286 2.648821875
1.7142857142857142 2.648821875
1.75 2.648821875
1.7857142857142858 2.648821875
1.8214285714285714 2.648821875
1.8571428571428572 2.648821875
1.8928571428571428 2.648821875
1.9285714285714286 2.648821875
1.9642857142857142 2.648821875
2.0 2.648821875
2.0357142857142856 2.648821875
2.0714285714285716 2.648821875
2.107142857142857 2.648821875
2.142857142857143 2.648821875
2.1785714285714284 2.648821875
2.2142857142857144 2.60857734375
2.25 2.49881953125
2.8214285714285716 2.648821875
2.857142857142857 2.65248046875
2.892857142857143 2.65248046875
2.9285714285714284 2.65248046875
2.9642857142857144 2.65248046875
3.0 2.65248046875
3.0357142857142856 2.65248046875
3.0714285714285716 2.65248046875
3.107142857142857 2.65248046875
3.142857142857143 2.65248046875
3.1785714285714284 2.65248046875
3.2142857142857144 2.65248046875
3.25 2.65248046875
3.2857142857142856 2.65248046875
3.3214285714285716 2.65248046875
3.357142857142857 2.65248046875
3.392857142857143 2.65248046875
3.4285714285714284 2.65248046875
3.4642857142857144 2.65248046875
3.5 2.65248046875
3.5357142857142856 2.65248046875
3.5714285714285716 2.65248046875
3.607142857142857 2.65248046875
3.642857142857143 2.65248046875
3.6785714285714284 2.65248046875
3.7142857142857144 2.65248046875
3.75 2.65248046875
3.7857142857142856 2.65248046875
3.8214285714285716 2.65248046875
3.857142857142857 2.63784609375
3.892857142857143 2.52808828125
4.5 2.64516328125
4.535714285714286 2.648821875
4.571428571428571 2.648821875
4.607142857142857 2.648821875
4.642857142857143 2.648821875
4.678571428571429 2.648821875
4.714285714285714 2.65248046875
4.75 2.65248046875
4.785714285714286 2.65248046875
4.821428571428571 2.65248046875
4.857142857142857 2.648821875
4.892857142857143 2.648821875
4.928571428571429 2.648821875
4.964285714285714 2.648821875
5.0 2.648821875
5.035714285714286 2.648821875
5.071428571428571 2.648821875
5.107142857142857 2.65248046875
5.142857142857143 2.648821875
5.178571428571429 2.648821875
5.214285714285714 2.648821875
5.25 2.648821875
5.285714285714286 2.648821875
5.321428571428571 2.648821875
5.357142857142857 2.648821875
5.392857142857143 2.648821875
5.428571428571429 2.648821875
5.464285714285714 2.648821875
5.5 2.65248046875
5.535714285714286 2.648821875
5.571428571428571 2.56467421875
6.142857142857143 2.64516328125
6.178571428571429 2.64516328125
6.214285714285714 2.648821875
6.25 2.648821875
6.285714285714286 2.648821875
6.321428571428571 2.648821875
6.357142857142857 2.648821875
6.392857142857143 2.648821875
6.428571428571429 2.648821875
6.464285714285714 2.648821875
6.5 2.65248046875
6.535714285714286 2.648821875
6.571428571428571 2.65248046875
6.607142857142857 2.65248046875
6.642857142857143 2.65248046875
6.678571428571429 2.65248046875
6.714285714285714 2.65248046875
6.75 2.65248046875
6.785714285714286 2.648821875
6.821428571428571 2.648821875
6.857142857142857 2.648821875
6.892857142857143 2.65248046875
6.928571428571429 2.65248046875
6.964285714285714 2.65248046875
7.0 2.65248046875
7.035714285714286 2.648821875
7.071428571428571 2.65248046875
7.107142857142857 2.65248046875
7.142857142857143 2.65248046875
7.178571428571429 2.65248046875
7.214285714285714 2.590284375
7.25 2.49150234375
7.821428571428571 2.66345625
7.857142857142857 2.66711484375
7.892857142857143 2.66711484375
7.928571428571429 2.6707734375
7.964285714285714 2.6707734375
8.0 2.6707734375
8.035714285714286 2.67443203125
8.071428571428571 2.67443203125
8.107142857142858 2.67443203125
8.142857142857142 2.67443203125
8.178571428571429 2.67443203125
8.214285714285714 2.67443203125
8.25 2.67443203125
8.285714285714286 2.67443203125
8.321428571428571 2.67443203125
8.357142857142858 2.67443203125
8.392857142857142 2.67443203125
8.428571428571429 2.67443203125
8.464285714285714 2.67443203125
8.5 2.67443203125
8.535714285714286 2.67443203125
8.571428571428571 2.67443203125
8.607142857142858 2.67443203125
8.642857142857142 2.67443203125
8.678571428571429 2.67443203125
8.714285714285714 2.67443203125
8.75 2.67443203125
8.785714285714286 2.67443203125
8.821428571428571 2.67443203125
8.857142857142858 2.6122359375
8.892857142857142 2.6122359375
8.928571428571429 2.51345390625
9.464285714285714 2.68174921875
9.5 2.6854078125
9.535714285714286 2.68906640625
9.571428571428571 2.68906640625
9.607142857142858 2.68906640625
9.642857142857142 2.68906640625
9.678571428571429 2.68906640625
9.714285714285714 2.68906640625
9.75 2.692725
9.785714285714286 2.692725
9.821428571428571 2.692725
9.857142857142858 2.692725
9.892857142857142 2.692725
9.928571428571429 2.692725
9.964285714285714 2.692725
10.0 2.692725
10.035714285714286 2.692725
10.071428571428571 2.692725
10.107142857142858 2.692725
10.142857142857142 2.692725
10.178571428571429 2.692725
10.214285714285714 2.692725
10.25 2.692725
10.285714285714286 2.692725
10.321428571428571 2.692725
10.357142857142858 2.692725
10.392857142857142 2.692725
10.428571428571429 2.692725
10.464285714285714 2.692725
10.5 2.692725
10.535714285714286 2.64516328125
10.571428571428571 2.54272265625
11.142857142857142 2.70370078125
11.178571428571429 2.70370078125
11.214285714285714 2.70370078125
11.25 2.7073593750000002
11.285714285714286 2.7073593750000002
11.321428571428571 2.7073593750000002
11.357142857142858 2.7073593750000002
11.392857142857142 2.7073593750000002
11.428571428571429 2.7073593750000002
11.464285714285714 2.7073593750000002
11.5 2.7110179687500002
11.535714285714286 2.7110179687500002
11.571428571428571 2.7110179687500002
11.607142857142858 2.7110179687500002
11.642857142857142 2.7110179687500002
11.678571428571429 2.7110179687500002
11.714285714285714 2.7110179687500002
11.75 2.7110179687500002
11.785714285714286 2.7110179687500002
11.821428571428571 2.7110179687500002
11.857142857142858 2.7110179687500002
11.892857142857142 2.7110179687500002
11.928571428571429 2.7110179687500002
11.964285714285714 2.7110179687500002
12.0 2.7110179687500002
12.035714285714286 2.7110179687500002
12.071428571428571 2.7110179687500002
12.107142857142858 2.7110179687500002
12.142857142857142 2.7110179687500002
12.178571428571429 2.7110179687500002
12.214285714285714 2.5683328125
12.785714285714286 2.692725
12.821428571428571 2.7000421875
12.857142857142858 2.7000421875
12.892857142857142 2.70370078125
12.928571428571429 2.70370078125
12.964285714285714 2.70370078125
13.0 2.7073593750000002
13.035714285714286 2.7073593750000002
13.071428571428571 2.7073593750000002
13.107142857142858 2.7073593750000002
13.142857142857142 2.7073593750000002
13.178571428571429 2.7073593750000002
13.214285714285714 2.7073593750000002
13.25 2.7073593750000002
13.285714285714286 2.7073593750000002
13.321428571428571 2.7073593750000002
13.357142857142858 2.7073593750000002
13.392857142857142 2.7073593750000002
13.428571428571429 2.7073593750000002
13.464285714285714 2.7073593750000002
13.5 2.7073593750000002
13.535714285714286 2.7073593750000002
13.571428571428571 2.7073593750000002
13.607142857142858 2.7073593750000002
13.642857142857142 2.7073593750000002
13.678571428571429 2.7073593750000002
13.714285714285714 2.7073593750000002
13.75 2.7073593750000002
13.785714285714286 2.7073593750000002
13.821428571428571 2.7073593750000002
13.857142857142858 2.5976015625
13.892857142857142 2.5976015625
14.5 2.692725
14.535714285714286 2.69638359375
14.571428571428571 2.69638359375
14.607142857142858 2.7000421875
14.642857142857142 2.7000421875
14.678571428571429 2.7000421875
14.714285714285714 2.7000421875
14.75 2.7000421875
14.785714285714286 2.7000421875
14.821428571428571 2.7000421875
14.857142857142858 2.7000421875
14.892857142857142 2.7000421875
14.928571428571429 2.7000421875
14.964285714285714 2.7000421875
15.0 2.7000421875
15.035714285714286 2.7000421875
15.071428571428571 2.7000421875
15.107142857142858 2.7000421875
15.142857142857142 2.7000421875
15.178571428571429 2.7000421875
15.214285714285714 2.7000421875
15.25 2.7000421875
15.285714285714286 2.7000421875
15.321428571428571 2.7000421875
15.357142857142858 2.7000421875
15.392857142857142 2.7000421875
15.428571428571429 2.7000421875
15.464285714285714 2.7000421875
15.5 2.7000421875
15.535714285714286 2.6268703125
16.142857142857142 2.69638359375
16.178571428571427 2.7000421875
16.214285714285715 2.7000421875
16.25 2.70370078125
16.285714285714285 2.70370078125
16.321428571428573 2.70370078125
16.357142857142858 2.70370078125
16.392857142857142 2.70370078125
16.428571428571427 2.70370078125
16.464285714285715 2.7073593750000002
16.5 2.7073593750000002
16.535714285714285 2.7073593750000002
16.571428571428573 2.7073593750000002
16.607142857142858 2.7073593750000002
16.642857142857142 2.7073593750000002
16.678571428571427 2.70370078125
16.714285714285715 2.70370078125
16.75 2.70370078125
16.785714285714285 2.7073593750000002
16.821428571428573 2.7073593750000002
16.857142857142858 2.7073593750000002
16.892857142857142 2.7073593750000002
16.928571428571427 2.7073593750000002
16.964285714285715 2.7073593750000002
17.0 2.7073593750000002
17.035714285714285 2.7073593750000002
17.071428571428573 2.7073593750000002
17.107142857142858 2.7073593750000002
17.142857142857142 2.7073593750000002
17.178571428571427 2.7073593750000002
17.214285714285715 2.65248046875
17.785714285714285 2.69638359375
17.821428571428573 2.7000421875
17.857142857142858 2.7000421875
17.892857142857142 2.70370078125
17.928571428571427 2.70370078125
17.964285714285715 2.70370078125
18.0 2.70370078125
18.035714285714285 2.7073593750000002
18.071428571428573 2.7073593750000002
18.107142857142858 2.7073593750000002
18.142857142857142 2.7073593750000002
18.178571428571427 2.7073593750000002
18.214285714285715 2.7073593750000002
18.25 2.7073593750000002
18.285714285714285 2.7073593750000002
18.321428571428573 2.7073593750000002
18.357142857142858 2.7073593750000002
18.392857142857142 2.7073593750000002
18.428571428571427 2.7073593750000002
18.464285714285715 2.7073593750000002
18.5 2.7073593750000002
18.535714285714285 2.7073593750000002
18.571428571428573 2.7073593750000002
18.607142857142858 2.7073593750000002
18.642857142857142 2.7073593750000002
18.678571428571427 2.7073593750000002
18.714285714285715 2.7073593750000002
18.75 2.7073593750000002
18.785714285714285 2.7073593750000002
18.821428571428573 2.7073593750000002
18.857142857142858 2.6854078125
18.892857142857142 2.57930859375
19.5 2.69638359375
19.535714285714285 2.69638359375
19.571428571428573 2.69638359375
19.607142857142858 2.7000421875
19.642857142857142 2.7000421875
19.678571428571427 2.7000421875
19.714285714285715 2.7000421875
19.75 2.70370078125
19.785714285714285 2.70370078125
19.821428571428573 2.70370078125
19.857142857142858 2.70370078125
19.892857142857142 2.70370078125
19.928571428571427 2.70370078125
19.964285714285715 2.70370078125
20.0 2.70370078125
20.035714285714285 2.70370078125
20.071428571428573 2.70370078125
20.107142857142858 2.70370078125
20.142857142857142 2.70370078125
20.178571428571427 2.70370078125
20.214285714285715 2.70370078125
20.25 2.70370078125
20.285714285714285 2.70370078125
20.321428571428573 2.70370078125
20.357142857142858 2.70370078125
20.392857142857142 2.70370078125
20.428571428571427 2.70370078125
20.464285714285715 2.70370078125
20.5 2.70370078125
20.535714285714285 2.60857734375
21.142857142857142 2.7000421875
21.178571428571427 2.70370078125
21.214285714285715 2.70370078125
21.25 2.70370078125
21.285714285714285 2.70370078125
21.321428571428573 2.7073593750000002
21.357142857142858 2.7073593750000002
21.392857142857142 2.7073593750000002
21.428571428571427 2.7073593750000002
21.464285714285715 2.7110179687500002
21.5 2.7110179687500002
21.535714285714285 2.7110179687500002
21.571428571428573 2.7073593750000002
21.607142857142858 2.7110179687500002
21.642857142857142 2.7073593750000002
21.678571428571427 2.7110179687500002
21.714285714285715 2.7110179687500002
21.75 2.7110179687500002
21.785714285714285 2.7110179687500002
21.821428571428573 2.7110179687500002
21.857142857142858 2.7110179687500002
21.892857142857142 2.7110179687500002
21.928571428571427 2.7110179687500002
21.964285714285715 2.7110179687500002
22.0 2.7110179687500002
22.035714285714285 2.7110179687500002
22.071428571428573 2.7110179687500002
22.107142857142858 2.7110179687500002
22.142857142857142 2.7110179687500002
22.178571428571427 2.7110179687500002
22.214285714285715 2.63784609375
22.785714285714285 2.70370078125
22.821428571428573 2.7073593750000002
22.857142857142858 2.7073593750000002
22.892857142857142 2.7110179687500002
22.928571428571427 2.7110179687500002
22.964285714285715 2.7110179687500002
23.0 2.7110179687500002
23.035714285714285 2.7146765625000002
23.071428571428573 2.7146765625000002
23.107142857142858 2.7146765625000002
23.142857142857142 2.7146765625000002
23.178571428571427 2.7146765625000002
23.214285714285715 2.7146765625000002
23.25 2.7146765625000002
23.285714285714285 2.7146765625000002
23.321428571428573 2.7146765625000002
23.357142857142858 2.7146765625000002
23.392857142857142 2.7146765625000002
23.428571428571427 2.7146765625000002
23.464285714285715 2.7146765625000002
23.5 2.7146765625000002
23.535714285714285 2.7146765625000002
23.571428571428573 2.7146765625000002
23.607142857142858 2.7146765625000002
23.642857142857142 2.7146765625000002
23.678571428571427 2.7146765625000002
23.714285714285715 2.7146765625000002
23.75 2.7146765625000002
23.785714285714285 2.7146765625000002
23.821428571428573 2.7146765625000002
23.857142857142858 2.66345625
23.892857142857142 2.5683328125
24.464285714285715 2.7110179687500002
24.5 2.71833515625
24.535714285714285 2.71833515625
24.571428571428573 2.71833515625
24.607142857142858 2.71833515625
24.642857142857142 2.71833515625
24.678571428571427 2.71833515625
24.714285714285715 2.71833515625
24.75 2.71833515625
24.785714285714285 2.71833515625
24.821428571428573 2.72199375
24.857142857142858 2.72199375
24.892857142857142 2.72199375
24.928571428571427 2.72199375
24.964285714285715 2.72199375
25.0 2.72199375
25.035714285714285 2.72199375
25.071428571428573 2.72199375
25.107142857142858 2.72199375
25.142857142857142 2.72199375
25.178571428571427 2.72199375
25.214285714285715 2.72199375
25.25 2.72199375
25.285714285714285 2.72199375
25.321428571428573 2.72199375
25.357142857142858 2.72199375
25.392857142857142 2.72199375
25.428571428571427 2.72199375
25.464285714285715 2.72199375
25.5 2.69638359375
25.535714285714285 2.69638359375
26.107142857142858 2.71833515625
26.142857142857142 2.72565234375
26.178571428571427 2.72565234375
26.214285714285715 2.7293109375
26.25 2.7293109375
26.285714285714285 2.7293109375
26.321428571428573 2.7293109375
26.357142857142858 2.7293109375
26.392857142857142 2.7293109375
26.428571428571427 2.7293109375
26.464285714285715 2.7293109375
26.5 2.73296953125
26.535714285714285 2.73296953125
26.571428571428573 2.73296953125
26.607142857142858 2.73296953125
26.642857142857142 2.73296953125
26.678571428571427 2.73296953125
26.714285714285715 2.73296953125
26.75 2.73296953125
26.785714285714285 2.73296953125
26.821428571428573 2.73296953125
26.857142857142858 2.73296953125
26.892857142857142 2.73296953125
26.928571428571427 2.73296953125
26.964285714285715 2.73296953125
27.0 2.73296953125
27.035714285714285 2.73296953125
27.071428571428573 2.73296953125
27.107142857142858 2.73296953125
27.142857142857142 2.73296953125
27.178571428571427 2.72565234375
27.214285714285715 2.619553125
27.785714285714285 2.7293109375
27.821428571428573 2.7293109375
27.857142857142858 2.73296953125
27.892857142857142 2.736628125
27.928571428571427 2.736628125
27.964285714285715 2.736628125
28.0 2.736628125
28.035714285714285 2.736628125
28.071428571428573 2.736628125
28.107142857142858 2.736628125
28.142857142857142 2.74028671875
28.178571428571427 2.74028671875
28.214285714285715 2.74028671875
28.25 2.74028671875
28.285714285714285 2.74028671875
28.321428571428573 2.74028671875
28.357142857142858 2.74028671875
28.392857142857142 2.74028671875
28.428571428571427 2.74028671875
28.464285714285715 2.74028671875
28.5 2.74028671875
28.535714285714285 2.74028671875
28.571428571428573 2.74028671875
28.607142857142858 2.74028671875
28.642857142857142 2.74028671875
28.678571428571427 2.74028671875
28.714285714285715 2.74028671875
28.75 2.74028671875
28.785714285714285 2.74028671875
28.821428571428573 2.74028671875
28.857142857142858 2.64516328125
29.464285714285715 2.736628125
29.5 2.74028671875
29.535714285714285 2.74028671875
29.571428571428573 2.74028671875
29.607142857142858 2.7439453125
29.642857142857142 2.7439453125
29.678571428571427 2.7439453125
29.714285714285715 2.7439453125
29.75 2.7439453125
29.785714285714285 2.74760390625
29.821428571428573 2.74760390625
29.857142857142858 2.74760390625
29.892857142857142 2.74760390625
29.928571428571427 2.74760390625
29.964285714285715 2.74760390625
30.0 2.74760390625
30.035714285714285 2.74760390625
30.071428571428573 2.74760390625
30.107142857142858 2.74760390625
30.142857142857142 2.74760390625
30.178571428571427 2.74760390625
30.214285714285715 2.74760390625
30.25 2.74760390625
30.285714285714285 2.74760390625
30.321428571428573 2.74760390625
30.357142857142858 2.74760390625
30.392857142857142 2.74760390625
30.428571428571427 2.74760390625
30.464285714285715 2.74760390625
30.5 2.74760390625
30.535714285714285 2.67443203125
31.107142857142858 2.72565234375
31.142857142857142 2.7293109375
31.178571428571427 2.7293109375
31.214285714285715 2.73296953125
31.25 2.73296953125
31.285714285714285 2.736628125
31.321428571428573 2.736628125
31.357142857142858 2.736628125
31.392857142857142 2.736628125
31.428571428571427 2.736628125
31.464285714285715 2.736628125
31.5 2.736628125
31.535714285714285 2.736628125
31.571428571428573 2.736628125
31.607142857142858 2.736628125
31.642857142857142 2.736628125
31.678571428571427 2.736628125
31.714285714285715 2.736628125
31.75 2.736628125
31.785714285714285 2.736628125
31.821428571428573 2.736628125
31.857142857142858 2.736628125
31.892857142857142 2.736628125
31.928571428571427 2.736628125
31.964285714285715 2.736628125
32.0 2.736628125
32.035714285714285 2.736628125
32.07142857142857 2.736628125
32.107142857142854 2.736628125
32.142857142857146 2.736628125
32.17857142857143 2.70370078125
32.214285714285715 2.60491875
32.785714285714285 2.7293109375
32.82142857142857 2.73296953125
32.857142857142854 2.736628125
32.892857142857146 2.736628125
32.92857142857143 2.736628125
32.964285714285715 2.736628125
33.0 2.736628125
33.035714285714285 2.736628125
33.07142857142857 2.74028671875
33.107142857142854 2.74028671875
33.142857142857146 2.74028671875
33.17857142857143 2.74028671875
33.214285714285715 2.74028671875
33.25 2.74028671875
33.285714285714285 2.74028671875
33.32142857142857 2.74028671875
33.357142857142854 2.74028671875
33.392857142857146 2.74028671875
33.42857142857143 2.74028671875
33.464285714285715 2.74028671875
33.5 2.74028671875
33.535714285714285 2.74028671875
33.57142857142857 2.74028671875
33.607142857142854 2.74028671875
33.642857142857146 2.74028671875
33.67857142857143 2.74028671875
33.714285714285715 2.74028671875
33.75 2.74028671875
33.785714285714285 2.74028671875
33.82142857142857 2.74028671875
33.857142857142854 2.63052890625
34.464285714285715 2.73296953125
34.5 2.73296953125
34.535714285714285 2.736628125
34.57142857142857 2.736628125
34.607142857142854 2.736628125
34.642857142857146 2.74028671875
34.67857142857143 2.74028671875
34.714285714285715 2.74028671875
34.75 2.74028671875
34.785714285714285 2.74028671875
34.82142857142857 2.74028671875
34.857142857142854 2.74028671875
34.892857142857146 2.74028671875
34.92857142857143 2.74028671875
34.964285714285715 2.74028671875
35.0 2.74028671875
35.035714285714285 2.74028671875
35.07142857142857 2.74028671875
35.107142857142854 2.74028671875
35.142857142857146 2.74028671875
35.17857142857143 2.74028671875
35.214285714285715 2.74028671875
35.25 2.74028671875
35.285714285714285 2.74028671875
35.32142857142857 2.74028671875
35.357142857142854 2.74028671875
35.392857142857146 2.74028671875
35.42857142857143 2.74028671875
35.464285714285715 2.74028671875
35.5 2.74028671875
35.535714285714285 2.65979765625
36.107142857142854 2.7293109375
36.142857142857146 2.73296953125
36.17857142857143 2.73296953125
36.214285714285715 2.736628125
36.25 2.736628125
36.285714285714285 2.74028671875
36.32142857142857 2.74028671875
36.357142857142854 2.74028671875
36.392857142857146 2.74028671875
36.42857142857143 2.74028671875
36.464285714285715 2.74028671875
36.5 2.7439453125
36.535714285714285 2.74028671875
36.57142857142857 2.74028671875
36.607142857142854 2.74028671875
36.642857142857146 2.74028671875
36.67857142857143 2.74028671875
36.714285714285715 2.74028671875
36.75 2.74028671875
36.785714285714285 2.74028671875
36.82142857142857 2.74028671875
36.857142857142854 2.74028671875
36.892857142857146 2.74028671875
36.92857142857143 2.74028671875
36.964285714285715 2.74028671875
37.0 2.74028671875
37.035714285714285 2.7439453125
37.07142857142857 2.7439453125
37.107142857142854 2.7439453125
37.142857142857146 2.7439453125
37.17857142857143 2.6854078125
37.214285714285715 2.58662578125
37.785714285714285 2.72565234375
37.82142857142857 2.7293109375
37.857142857142854 2.7293109375
37.892857142857146 2.73296953125
37.92857142857143 2.736628125
37.964285714285715 2.736628125
38.0 2.736628125
38.035714285714285 2.74028671875
38.07142857142857 2.74028671875
38.107142857142854 2.74028671875
38.142857142857146 2.74028671875
38.17857142857143 2.74028671875
38.214285714285715 2.74028671875
38.25 2.74028671875
38.285714285714285 2.74028671875
38.32142857142857 2.74028671875
38.357142857142854 2.74028671875
38.392857142857146 2.74028671875
38.42857142857143 2.74028671875
38.464285714285715 2.74028671875
38.5 2.74028671875
38.535714285714285 2.74028671875
38.57142857142857 2.74028671875
38.607142857142854 2.74028671875
38.642857142857146 2.74028671875
38.67857142857143 2.74028671875
38.714285714285715 2.74028671875
38.75 2.74028671875
38.785714285714285 2.74028671875
38.82142857142857 2.74028671875
38.857142857142854 2.6122359375
38.892857142857146 2.6122359375
39.5 2.73296953125
39.535714285714285 2.736628125
39.57142857142857 2.736628125
39.607142857142854 2.74028671875
39.642857142857146 2.74028671875
39.67857142857143 2.74028671875
39.714285714285715 2.7439453125
39.75 2.7439453125
39.785714285714285 2.7439453125
39.82142857142857 2.7439453125
39.857142857142854 2.7439453125
