0.03571428571428571 3.4024921875
0.07142857142857142 3.4024921875
0.10714285714285714 3.4024921875
0.14285714285714285 3.4024921875
0.17857142857142858 3.4024921875
0.21428571428571427 3.4024921875
0.25 3.4024921875
0.2857142857142857 3.4024921875
0.32142857142857145 3.4024921875
0.35714285714285715 3.4024921875
0.39285714285714285 3.4024921875
0.42857142857142855 3.4024921875
0.4642857142857143 3.4024921875
0.5 3.4024921875
0.5357142857142857 3.39883359375
0.5714285714285714 3.39883359375
0.6071428571428571 3.39883359375
0.6428571428571429 3.395175
0.6785714285714286 3.395175
0.7142857142857143 3.395175
0.75 3.395175
0.7857142857142857 3.395175
0.8214285714285714 3.395175
0.8571428571428571 3.395175
0.8928571428571429 3.395175
0.9285714285714286 3.395175
0.9642857142857143 3.395175
1.0 3.395175
1.0357142857142858 3.395175
1.0714285714285714 3.395175
1.1071428571428572 3.395175
1.1428571428571428 3.395175
1.1785714285714286 3.39883359375
1.2142857142857142 3.4024921875
1.25 3.39883359375
1.2857142857142858 3.39883359375
1.3214285714285714 3.39883359375
1.3571428571428572 3.4024921875
1.3928571428571428 3.4024921875
1.4285714285714286 3.4024921875
1.4642857142857142 3.4024921875
1.5 3.4024921875
1.5357142857142858 3.4024921875
1.5714285714285714 3.4024921875
1.6071428571428572 3.4024921875
1.6428571428571428 3.4024921875
1.6785714285714286 3.4024921875
1.7142857142857142 3.4024921875
1.75 3.4024921875
1.7857142857142858 3.4024921875
1.8571428571428572 3.40615078125
1.8928571428571428 3.41346796875
1.9285714285714286 3.41346796875
1.9642857142857142 3.409809375
2.0 3.409809375
2.0357142857142856 3.409809375
2.0714285714285716 3.409809375
2.107142857142857 3.409809375
2.142857142857143 3.409809375
2.1785714285714284 3.409809375
2.2142857142857144 3.409809375
2.25 3.409809375
2.2857142857142856 3.409809375
2.3214285714285716 3.409809375
2.357142857142857 3.409809375
2.392857142857143 3.409809375
2.4285714285714284 3.409809375
2.4642857142857144 3.409809375
2.5 3.41346796875
2.5357142857142856 3.4171265625
2.5714285714285716 3.409809375
2.607142857142857 3.409809375
2.642857142857143 3.409809375
2.6785714285714284 3.409809375
2.7142857142857144 3.41346796875
2.75 3.41346796875
2.7857142857142856 3.41346796875
2.8214285714285716 3.41346796875
2.857142857142857 3.409809375
2.892857142857143 3.409809375
2.9285714285714284 3.41346796875
2.9642857142857144 3.41346796875
3.0 3.41346796875
3.0357142857142856 3.409809375
3.0714285714285716 3.409809375
3.107142857142857 3.409809375
3.142857142857143 3.409809375
3.1785714285714284 3.409809375
3.2142857142857144 3.409809375
3.25 3.4024921875
3.2857142857142856 3.40615078125
3.3214285714285716 3.40615078125
3.357142857142857 3.40615078125
3.392857142857143 3.40615078125
3.4285714285714284 3.40615078125
3.4642857142857144 3.40615078125
3.5 3.40615078125
3.5357142857142856 3.40615078125
3.5714285714285716 3.40615078125
3.607142857142857 3.4024921875
3.642857142857143 3.40615078125
3.6785714285714284 3.4024921875
3.7142857142857144 3.4024921875
3.75 3.4024921875
3.7857142857142856 3.4024921875
3.8214285714285716 3.4024921875
3.857142857142857 3.4024921875
3.892857142857143 3.4024921875
3.9285714285714284 3.395175
3.9642857142857144 3.395175
4.0 3.39883359375
4.035714285714286 3.39883359375
4.071428571428571 3.39883359375
4.107142857142857 3.39883359375
4.142857142857143 3.39883359375
4.178571428571429 3.395175
4.214285714285714 3.39883359375
4.25 3.395175
4.285714285714286 3.395175
4.321428571428571 3.395175
4.357142857142857 3.395175
4.392857142857143 3.395175
4.428571428571429 3.395175
4.464285714285714 3.395175
4.5 3.395175
4.535714285714286 3.39883359375
4.571428571428571 3.39151640625
4.607142857142857 3.395175
4.642857142857143 3.395175
4.678571428571429 3.395175
4.714285714285714 3.395175
4.75 3.395175
4.785714285714286 3.395175
4.821428571428571 3.395175
4.857142857142857 3.395175
4.892857142857143 3.395175
4.928571428571429 3.395175
4.964285714285714 3.395175
5.0 3.395175
5.035714285714286 3.395175
5.071428571428571 3.395175
5.107142857142857 3.395175
5.142857142857143 3.395175
5.178571428571429 3.395175
5.214285714285714 3.395175
5.25 3.38419921875
5.285714285714286 3.38419921875
5.321428571428571 3.3878578125
5.357142857142857 3.3878578125
5.392857142857143 3.3878578125
5.428571428571429 3.3878578125
5.464285714285714 3.3878578125
5.5 3.3878578125
5.535714285714286 3.3878578125
5.571428571428571 3.3878578125
5.607142857142857 3.3878578125
5.642857142857143 3.3878578125
5.678571428571429 3.3878578125
5.714285714285714 3.3878578125
5.75 3.3878578125
5.785714285714286 3.3878578125
5.821428571428571 3.39151640625
5.857142857142857 3.39151640625
5.892857142857143 3.380540625
5.928571428571429 3.380540625
5.964285714285714 3.38419921875
6.0 3.38419921875
6.035714285714286 3.38419921875
6.071428571428571 3.38419921875
6.107142857142857 3.38419921875
6.142857142857143 3.38419921875
6.178571428571429 3.38419921875
6.214285714285714 3.38419921875
6.25 3.38419921875
6.285714285714286 3.38419921875
6.321428571428571 3.38419921875
6.357142857142857 3.38419921875
6.392857142857143 3.38419921875
6.428571428571429 3.38419921875
6.464285714285714 3.38419921875
6.5 3.38419921875
6.535714285714286 3.3878578125
6.571428571428571 3.37688203125
6.607142857142857 3.380540625
6.642857142857143 3.380540625
6.678571428571429 3.380540625
6.714285714285714 3.380540625
6.75 3.380540625
6.785714285714286 3.380540625
6.821428571428571 3.38419921875
6.857142857142857 3.38419921875
6.892857142857143 3.380540625
6.928571428571429 3.380540625
6.964285714285714 3.380540625
7.0 3.38419921875
7.035714285714286 3.380540625
7.071428571428571 3.380540625
7.107142857142857 3.380540625
7.142857142857143 3.380540625
7.178571428571429 3.395175
7.214285714285714 3.395175
7.25 3.38419921875
7.285714285714286 3.3878578125
7.321428571428571 3.3878578125
7.357142857142857 3.3878578125
7.392857142857143 3.3878578125
7.428571428571429 3.3878578125
7.464285714285714 3.3878578125
7.5 3.3878578125
7.535714285714286 3.3878578125
7.571428571428571 3.3878578125
7.607142857142857 3.3878578125
7.642857142857143 3.3878578125
7.678571428571429 3.3878578125
7.714285714285714 3.39151640625
7.75 3.3878578125
7.785714285714286 3.3878578125
7.821428571428571 3.39151640625
7.857142857142857 3.39883359375
7.892857142857143 3.3878578125
7.928571428571429 3.3878578125
7.964285714285714 3.3878578125
8.0 3.3878578125
8.035714285714286 3.39151640625
8.071428571428571 3.39151640625
8.107142857142858 3.39151640625
8.142857142857142 3.39151640625
8.178571428571429 3.39151640625
8.214285714285714 3.39151640625
8.25 3.39151640625
8.285714285714286 3.39151640625
8.321428571428571 3.39151640625
8.357142857142858 3.3878578125
8.392857142857142 3.3878578125
8.428571428571429 3.39151640625
8.464285714285714 3.39151640625
8.5 3.39151640625
8.535714285714286 3.39883359375
8.571428571428571 3.3878578125
8.607142857142858 3.38419921875
8.642857142857142 3.38419921875
8.678571428571429 3.3878578125
8.714285714285714 3.3878578125
8.75 3.3878578125
8.785714285714286 3.38419921875
8.821428571428571 3.38419921875
8.857142857142858 3.3878578125
8.892857142857142 3.3878578125
8.928571428571429 3.3878578125
8.964285714285714 3.3878578125
9.0 3.3878578125
9.035714285714286 3.38419921875
9.071428571428571 3.3878578125
9.107142857142858 3.3878578125
9.142857142857142 3.3878578125
9.178571428571429 3.39151640625
9.214285714285714 3.380540625
9.25 3.37688203125
9.285714285714286 3.37688203125
9.321428571428571 3.37688203125
9.357142857142858 3.37688203125
9.392857142857142 3.380540625
9.428571428571429 3.380540625
9.464285714285714 3.37688203125
9.5 3.37688203125
9.535714285714286 3.37688203125
9.571428571428571 3.37688203125
9.607142857142858 3.37688203125
9.642857142857142 3.37688203125
9.678571428571429 3.380540625
9.714285714285714 3.380540625
9.75 3.380540625
9.785714285714286 3.380540625
9.821428571428571 3.37688203125
9.857142857142858 3.380540625
9.892857142857142 3.36590625
9.928571428571429 3.36590625
9.964285714285714 3.36590625
10.0 3.36956484375
10.035714285714286 3.36956484375
10.071428571428571 3.36956484375
10.107142857142858 3.36956484375
10.142857142857142 3.36956484375
10.178571428571429 3.36956484375
10.214285714285714 3.36956484375
10.25 3.36956484375
10.285714285714286 3.36956484375
10.321428571428571 3.36956484375
10.357142857142858 3.36956484375
10.392857142857142 3.36956484375
10.428571428571429 3.36956484375
10.464285714285714 3.36956484375
10.5 3.3732234375
10.535714285714286 3.36956484375
10.571428571428571 3.35493046875
10.607142857142858 3.35493046875
10.642857142857142 3.3585890625
10.678571428571429 3.3585890625
10.714285714285714 3.3585890625
10.75 3.3585890625
10.785714285714286 3.3585890625
10.821428571428571 3.3585890625
10.857142857142858 3.3585890625
10.892857142857142 3.3585890625
10.928571428571429 3.3585890625
10.964285714285714 3.3585890625
11.0 3.3585890625
11.035714285714286 3.3585890625
11.071428571428571 3.3585890625
11.107142857142858 3.3585890625
11.142857142857142 3.3585890625
11.178571428571429 3.36590625
11.214285714285714 3.36224765625
11.25 3.34761328125
11.285714285714286 3.351271875
11.321428571428571 3.35493046875
11.357142857142858 3.35493046875
11.392857142857142 3.35493046875
11.428571428571429 3.35493046875
11.464285714285714 3.35493046875
11.5 3.35493046875
11.535714285714286 3.351271875
11.571428571428571 3.35493046875
11.607142857142858 3.35493046875
11.642857142857142 3.35493046875
11.678571428571429 3.35493046875
11.714285714285714 3.35493046875
11.75 3.35493046875
11.785714285714286 3.35493046875
11.821428571428571 3.35493046875
11.857142857142858 3.35493046875
11.892857142857142 3.3439546875
11.928571428571429 3.3439546875
11.964285714285714 3.34761328125
12.0 3.34761328125
12.035714285714286 3.34761328125
12.071428571428571 3.34761328125
12.107142857142858 3.34761328125
12.142857142857142 3.34761328125
12.178571428571429 3.34761328125
12.214285714285714 3.34761328125
12.25 3.34761328125
12.285714285714286 3.34761328125
12.321428571428571 3.34761328125
12.357142857142858 3.34761328125
12.392857142857142 3.34761328125
12.428571428571429 3.34761328125
12.464285714285714 3.34761328125
12.5 3.35493046875
12.535714285714286 3.351271875
12.571428571428571 3.34029609375
12.607142857142858 3.34029609375
12.642857142857142 3.3439546875
12.678571428571429 3.3439546875
12.714285714285714 3.3439546875
12.75 3.3439546875
12.785714285714286 3.3439546875
12.821428571428571 3.3439546875
12.857142857142858 3.3439546875
12.892857142857142 3.3439546875
12.928571428571429 3.3439546875
12.964285714285714 3.3439546875
13.0 3.3439546875
13.035714285714286 3.3439546875
13.071428571428571 3.3439546875
13.107142857142858 3.3439546875
13.142857142857142 3.351271875
13.178571428571429 3.351271875
13.214285714285714 3.34029609375
13.25 3.3366375
13.285714285714286 3.34029609375
13.321428571428571 3.34029609375
13.357142857142858 3.34029609375
13.392857142857142 3.34029609375
13.428571428571429 3.34029609375
13.464285714285714 3.34029609375
13.5 3.34029609375
13.535714285714286 3.34029609375
13.571428571428571 3.34029609375
13.607142857142858 3.34029609375
13.642857142857142 3.34029609375
13.678571428571429 3.34029609375
13.714285714285714 3.34029609375
13.75 3.34029609375
13.785714285714286 3.34029609375
13.821428571428571 3.34761328125
13.857142857142858 3.34761328125
13.892857142857142 3.3366375
13.928571428571429 3.3366375
13.964285714285714 3.3366375
14.0 3.3366375
14.035714285714286 3.3366375
14.071428571428571 3.3366375
14.107142857142858 3.3366375
14.142857142857142 3.3366375
14.178571428571429 3.3366375
14.214285714285714 3.3366375
14.25 3.3366375
14.285714285714286 3.3366375
14.321428571428571 3.3366375
14.357142857142858 3.3366375
14.392857142857142 3.3366375
14.428571428571429 3.3366375
14.464285714285714 3.3366375
14.5 3.3439546875
14.535714285714286 3.3439546875
14.571428571428571 3.3366375
14.607142857142858 3.3366375
14.642857142857142 3.3366375
14.678571428571429 3.3366375
14.714285714285714 3.3366375
14.75 3.3366375
14.785714285714286 3.3366375
14.821428571428571 3.3366375
14.857142857142858 3.3366375
14.892857142857142 3.3366375
14.928571428571429 3.3366375
14.964285714285714 3.3366375
15.0 3.3366375
15.035714285714286 3.3366375
15.071428571428571 3.3366375
15.107142857142858 3.3366375
15.178571428571429 3.3439546875
15.214285714285714 3.3366375
15.25 3.3366375
15.285714285714286 3.3366375
15.321428571428571 3.3366375
15.357142857142858 3.3366375
15.392857142857142 3.3366375
15.428571428571429 3.3366375
15.464285714285714 3.3366375
15.5 3.3366375
15.535714285714286 3.34029609375
15.571428571428571 3.34029609375
15.607142857142858 3.34029609375
15.642857142857142 3.3366375
15.678571428571429 3.3366375
15.714285714285714 3.3366375
15.75 3.3366375
15.785714285714286 3.3366375
15.821428571428571 3.34029609375
15.857142857142858 3.34761328125
15.892857142857142 3.34029609375
15.928571428571429 3.34029609375
15.964285714285714 3.3439546875
16.0 3.3439546875
16.035714285714285 3.3439546875
16.071428571428573 3.3439546875
16.107142857142858 3.3439546875
16.142857142857142 3.3439546875
16.178571428571427 3.3439546875
16.214285714285715 3.3439546875
16.25 3.3439546875
16.285714285714285 3.3439546875
16.321428571428573 3.3439546875
16.357142857142858 3.3439546875
16.392857142857142 3.3439546875
16.428571428571427 3.3439546875
16.464285714285715 3.3439546875
16.535714285714285 3.3439546875
16.571428571428573 3.33297890625
16.607142857142858 3.3366375
16.642857142857142 3.3366375
16.678571428571427 3.3366375
16.714285714285715 3.3366375
16.75 3.3366375
16.785714285714285 3.3366375
16.821428571428573 3.3366375
16.857142857142858 3.3366375
16.892857142857142 3.3366375
16.928571428571427 3.3366375
16.964285714285715 3.3366375
17.0 3.3366375
17.035714285714285 3.3366375
17.071428571428573 3.3366375
17.107142857142858 3.3366375
17.142857142857142 3.3366375
17.214285714285715 3.3439546875
17.25 3.33297890625
17.285714285714285 3.3366375
17.321428571428573 3.3366375
17.357142857142858 3.3366375
17.392857142857142 3.3366375
17.428571428571427 3.3366375
17.464285714285715 3.3366375
17.5 3.3366375
17.535714285714285 3.3366375
17.571428571428573 3.3366375
17.607142857142858 3.3366375
17.642857142857142 3.3366375
17.678571428571427 3.3366375
17.714285714285715 3.3366375
17.75 3.3366375
17.785714285714285 3.3366375
17.821428571428573 3.3366375
17.857142857142858 3.34029609375
17.892857142857142 3.3293203125
17.928571428571427 3.33297890625
17.964285714285715 3.33297890625
18.0 3.33297890625
18.035714285714285 3.33297890625
18.071428571428573 3.33297890625
18.107142857142858 3.33297890625
18.142857142857142 3.33297890625
18.178571428571427 3.33297890625
18.214285714285715 3.33297890625
18.25 3.33297890625
18.285714285714285 3.33297890625
18.321428571428573 3.33297890625
18.357142857142858 3.33297890625
18.392857142857142 3.33297890625
18.428571428571427 3.33297890625
18.464285714285715 3.3366375
18.5 3.34029609375
18.535714285714285 3.3366375
18.571428571428573 3.3293203125
18.607142857142858 3.33297890625
18.642857142857142 3.33297890625
18.678571428571427 3.33297890625
18.714285714285715 3.33297890625
18.75 3.33297890625
18.785714285714285 3.33297890625
18.821428571428573 3.33297890625
18.857142857142858 3.33297890625
18.892857142857142 3.33297890625
18.928571428571427 3.33297890625
18.964285714285715 3.33297890625
19.0 3.33297890625
19.035714285714285 3.33297890625
19.071428571428573 3.33297890625
19.107142857142858 3.33297890625
19.142857142857142 3.33297890625
19.178571428571427 3.34029609375
19.214285714285715 3.3366375
19.25 3.3293203125
19.285714285714285 3.3293203125
19.321428571428573 3.3293203125
19.357142857142858 3.33297890625
19.392857142857142 3.33297890625
19.428571428571427 3.33297890625
19.464285714285715 3.33297890625
19.5 3.33297890625
19.535714285714285 3.33297890625
19.571428571428573 3.33297890625
19.607142857142858 3.33297890625
19.642857142857142 3.33297890625
19.678571428571427 3.33297890625
19.714285714285715 3.33297890625
19.75 3.33297890625
19.785714285714285 3.33297890625
19.821428571428573 3.3366375
19.857142857142858 3.3366375
19.892857142857142 3.32566171875
19.928571428571427 3.3293203125
19.964285714285715 3.3293203125
20.0 3.3293203125
20.035714285714285 3.3293203125
20.071428571428573 3.33297890625
20.107142857142858 3.33297890625
20.142857142857142 3.3293203125
20.178571428571427 3.33297890625
20.214285714285715 3.33297890625
20.25 3.33297890625
20.285714285714285 3.33297890625
20.321428571428573 3.33297890625
20.357142857142858 3.33297890625
20.392857142857142 3.33297890625
20.428571428571427 3.33297890625
20.464285714285715 3.33297890625
20.5 3.3366375
20.535714285714285 3.3366375
20.571428571428573 3.32566171875
20.607142857142858 3.3293203125
20.642857142857142 3.3293203125
20.678571428571427 3.3293203125
20.714285714285715 3.33297890625
20.75 3.33297890625
20.785714285714285 3.33297890625
20.821428571428573 3.33297890625
20.857142857142858 3.33297890625
20.892857142857142 3.33297890625
20.928571428571427 3.33297890625
20.964285714285715 3.33297890625
21.0 3.33297890625
21.035714285714285 3.33297890625
21.071428571428573 3.33297890625
21.107142857142858 3.3293203125
21.178571428571427 3.3366375
21.214285714285715 3.3293203125
21.25 3.3293203125
21.285714285714285 3.3293203125
21.321428571428573 3.33297890625
21.357142857142858 3.33297890625
21.392857142857142 3.33297890625
21.428571428571427 3.33297890625
21.464285714285715 3.33297890625
21.5 3.33297890625
21.535714285714285 3.33297890625
21.571428571428573 3.33297890625
21.607142857142858 3.33297890625
21.642857142857142 3.33297890625
21.678571428571427 3.33297890625
21.714285714285715 3.33297890625
21.75 3.33297890625
21.785714285714285 3.33297890625
21.857142857142858 3.3293203125
21.892857142857142 3.3293203125
21.928571428571427 3.3293203125
21.964285714285715 3.3293203125
22.0 3.3293203125
22.035714285714285 3.3293203125
22.071428571428573 3.3293203125
22.107142857142858 3.3293203125
22.142857142857142 3.3293203125
22.178571428571427 3.33297890625
22.214285714285715 3.33297890625
22.25 3.33297890625
22.285714285714285 3.33297890625
22.321428571428573 3.3293203125
22.357142857142858 3.3293203125
22.392857142857142 3.3293203125
22.428571428571427 3.3293203125
22.464285714285715 3.3293203125
22.535714285714285 3.32566171875
22.571428571428573 3.322003125
22.607142857142858 3.322003125
22.642857142857142 3.32566171875
22.678571428571427 3.32566171875
22.714285714285715 3.32566171875
22.75 3.32566171875
22.785714285714285 3.32566171875
22.821428571428573 3.32566171875
22.857142857142858 3.32566171875
22.892857142857142 3.32566171875
22.928571428571427 3.32566171875
22.964285714285715 3.32566171875
23.0 3.32566171875
23.035714285714285 3.32566171875
23.071428571428573 3.32566171875
23.107142857142858 3.32566171875
23.142857142857142 3.32566171875
23.214285714285715 3.32566171875
23.25 3.31102734375
23.285714285714285 3.3146859375
23.321428571428573 3.3146859375
23.357142857142858 3.3146859375
23.392857142857142 3.3146859375
23.428571428571427 3.3146859375
23.464285714285715 3.3146859375
23.5 3.3146859375
23.535714285714285 3.3146859375
23.571428571428573 3.3146859375
23.607142857142858 3.3146859375
23.642857142857142 3.3146859375
23.678571428571427 3.3146859375
23.714285714285715 3.3146859375
23.75 3.3146859375
23.785714285714285 3.3146859375
23.821428571428573 3.3146859375
23.857142857142858 3.3146859375
23.892857142857142 3.30371015625
23.928571428571427 3.30736875
23.964285714285715 3.30736875
24.0 3.30736875
24.035714285714285 3.31102734375
24.071428571428573 3.31102734375
24.107142857142858 3.31102734375
24.142857142857142 3.31102734375
24.178571428571427 3.31102734375
24.214285714285715 3.31102734375
24.25 3.31102734375
24.285714285714285 3.31102734375
24.321428571428573 3.31102734375
24.357142857142858 3.31102734375
24.392857142857142 3.31102734375
24.428571428571427 3.31102734375
24.464285714285715 3.31102734375
24.5 3.3146859375
24.535714285714285 3.31102734375
24.571428571428573 3.30371015625
24.607142857142858 3.30736875
24.642857142857142 3.30736875
24.678571428571427 3.30736875
24.714285714285715 3.30736875
24.75 3.30736875
24.785714285714285 3.30736875
24.821428571428573 3.30736875
24.857142857142858 3.30736875
24.892857142857142 3.30736875
24.928571428571427 3.30736875
24.964285714285715 3.30736875
25.0 3.30736875
25.035714285714285 3.30736875
25.071428571428573 3.30736875
25.107142857142858 3.30736875
25.142857142857142 3.31102734375
25.178571428571427 3.31102734375
25.214285714285715 3.31102734375
25.25 3.30371015625
25.285714285714285 3.30371015625
25.321428571428573 3.30371015625
25.357142857142858 3.30371015625
25.392857142857142 3.30736875
25.428571428571427 3.30736875
25.464285714285715 3.30736875
25.5 3.30736875
25.535714285714285 3.30736875
25.571428571428573 3.30736875
25.607142857142858 3.30371015625
25.642857142857142 3.30371015625
25.678571428571427 3.30736875
25.714285714285715 3.30371015625
25.75 3.30736875
25.785714285714285 3.30736875
25.821428571428573 3.31102734375
25.857142857142858 3.30736875
25.892857142857142 3.3000515625
25.928571428571427 3.3000515625
25.964285714285715 3.3000515625
26.0 3.3000515625
26.035714285714285 3.30371015625
26.071428571428573 3.30371015625
26.107142857142858 3.30371015625
26.142857142857142 3.30371015625
26.178571428571427 3.30371015625
26.214285714285715 3.30371015625
26.25 3.30371015625
26.285714285714285 3.30371015625
26.321428571428573 3.3000515625
26.357142857142858 3.30371015625
26.392857142857142 3.30371015625
26.428571428571427 3.30371015625
26.464285714285715 3.30371015625
26.5 3.30736875
26.535714285714285 3.30736875
26.571428571428573 3.3000515625
26.607142857142858 3.3000515625
26.642857142857142 3.3000515625
26.678571428571427 3.30371015625
26.714285714285715 3.30371015625
26.75 3.30371015625
26.785714285714285 3.3000515625
26.821428571428573 3.3000515625
26.857142857142858 3.3000515625
26.892857142857142 3.30371015625
26.928571428571427 3.3000515625
26.964285714285715 3.30371015625
27.0 3.30371015625
27.035714285714285 3.30371015625
27.071428571428573 3.30371015625
27.107142857142858 3.30371015625
27.178571428571427 3.30736875
27.214285714285715 3.3000515625
27.25 3.3000515625
27.285714285714285 3.3000515625
27.321428571428573 3.3000515625
27.357142857142858 3.30371015625
27.392857142857142 3.3000515625
27.428571428571427 3.3000515625
27.464285714285715 3.3000515625
27.5 3.30371015625
27.535714285714285 3.30371015625
27.571428571428573 3.30371015625
27.607142857142858 3.30371015625
27.642857142857142 3.30371015625
27.678571428571427 3.30371015625
27.714285714285715 3.3000515625
27.75 3.30371015625
27.785714285714285 3.3000515625
27.857142857142858 3.30736875
27.892857142857142 3.3000515625
27.928571428571427 3.3000515625
27.964285714285715 3.3000515625
28.0 3.3000515625
28.035714285714285 3.3000515625
28.071428571428573 3.3000515625
28.107142857142858 3.3000515625
28.142857142857142 3.3000515625
28.178571428571427 3.3000515625
28.214285714285715 3.3000515625
28.25 3.3000515625
28.285714285714285 3.3000515625
28.321428571428573 3.3000515625
28.357142857142858 3.3000515625
28.392857142857142 3.3000515625
28.428571428571427 3.3000515625
28.464285714285715 3.30371015625
28.5 3.30736875
28.535714285714285 3.3000515625
28.571428571428573 3.3000515625
28.607142857142858 3.3000515625
28.642857142857142 3.3000515625
28.678571428571427 3.3000515625
28.714285714285715 3.3000515625
28.75 3.30371015625
28.785714285714285 3.3000515625
28.821428571428573 3.3000515625
28.857142857142858 3.3000515625
28.892857142857142 3.30371015625
28.928571428571427 3.30371015625
28.964285714285715 3.30371015625
29.0 3.3000515625
29.035714285714285 3.3000515625
29.071428571428573 3.3000515625
29.107142857142858 3.3000515625
29.142857142857142 3.30371015625
29.214285714285715 3.3000515625
29.25 3.3000515625
29.285714285714285 3.3000515625
29.321428571428573 3.3000515625
29.357142857142858 3.30371015625
29.392857142857142 3.30371015625
29.428571428571427 3.30371015625
29.464285714285715 3.30371015625
29.5 3.30371015625
29.535714285714285 3.30371015625
29.571428571428573 3.30371015625
29.607142857142858 3.30371015625
29.642857142857142 3.30371015625
29.678571428571427 3.30371015625
29.714285714285715 3.3000515625
29.75 3.3000515625
29.785714285714285 3.30371015625
29.821428571428573 3.3000515625
29.857142857142858 3.30371015625
29.892857142857142 3.29639296875
29.928571428571427 3.3000515625
29.964285714285715 3.3000515625
30.0 3.3000515625
30.035714285714285 3.3000515625
30.071428571428573 3.3000515625
30.107142857142858 3.3000515625
30.142857142857142 3.3000515625
30.178571428571427 3.3000515625
30.214285714285715 3.3000515625
30.25 3.3000515625
30.285714285714285 3.3000515625
30.321428571428573 3.3000515625
30.357142857142858 3.3000515625
30.392857142857142 3.3000515625
30.428571428571427 3.3000515625
30.464285714285715 3.3000515625
30.535714285714285 3.30371015625
30.571428571428573 3.29639296875
30.607142857142858 3.3000515625
30.642857142857142 3.3000515625
30.678571428571427 3.3000515625
30.714285714285715 3.3000515625
30.75 3.3000515625
30.785714285714285 3.3000515625
30.821428571428573 3.3000515625
30.857142857142858 3.3000515625
30.892857142857142 3.3000515625
30.928571428571427 3.3000515625
30.964285714285715 3.3000515625
31.0 3.3000515625
31.035714285714285 3.3000515625
31.071428571428573 3.3000515625
31.107142857142858 3.3000515625
31.142857142857142 3.3000515625
31.178571428571427 3.30736875
31.214285714285715 3.30371015625
31.25 3.3000515625
31.285714285714285 3.3000515625
31.321428571428573 3.3000515625
31.357142857142858 3.3000515625
31.392857142857142 3.3000515625
31.428571428571427 3.3000515625
31.464285714285715 3.3000515625
31.5 3.3000515625
31.535714285714285 3.3000515625
31.571428571428573 3.3000515625
31.607142857142858 3.3000515625
31.642857142857142 3.3000515625
31.678571428571427 3.3000515625
31.714285714285715 3.3000515625
31.75 3.3000515625
31.785714285714285 3.3000515625
31.857142857142858 3.30371015625
31.892857142857142 3.292734375
31.928571428571427 3.29639296875
31.964285714285715 3.29639296875
32.0 3.3000515625
32.035714285714285 3.3000515625
32.07142857142857 3.3000515625
32.107142857142854 3.3000515625
32.142857142857146 3.3000515625
32.17857142857143 3.3000515625
32.214285714285715 3.3000515625
32.25 3.3000515625
32.285714285714285 3.3000515625
32.32142857142857 3.3000515625
32.357142857142854 3.3000515625
32.392857142857146 3.3000515625
32.42857142857143 3.3000515625
32.464285714285715 3.3000515625
32.5 3.30371015625
32.535714285714285 3.30371015625
32.57142857142857 3.29639296875
32.607142857142854 3.29639296875
32.642857142857146 3.3000515625
32.67857142857143 3.3000515625
32.714285714285715 3.3000515625
32.75 3.3000515625
32.785714285714285 3.3000515625
32.82142857142857 3.3000515625
32.857142857142854 3.3000515625
32.892857142857146 3.3000515625
32.92857142857143 3.3000515625
32.964285714285715 3.3000515625
33.0 3.3000515625
33.035714285714285 3.3000515625
33.07142857142857 3.3000515625
33.107142857142854 3.3000515625
33.17857142857143 3.30371015625
33.214285714285715 3.29639296875
33.25 3.29639296875
33.285714285714285 3.29639296875
33.32142857142857 3.3000515625
33.357142857142854 3.3000515625
33.392857142857146 3.3000515625
33.42857142857143 3.3000515625
33.464285714285715 3.3000515625
33.5 3.3000515625
33.535714285714285 3.3000515625
33.57142857142857 3.3000515625
33.607142857142854 3.3000515625
33.642857142857146 3.3000515625
33.67857142857143 3.3000515625
33.714285714285715 3.3000515625
33.75 3.3000515625
33.785714285714285 3.3000515625
33.857142857142854 3.30371015625
33.892857142857146 3.29639296875
33.92857142857143 3.29639296875
33.964285714285715 3.29639296875
34.0 3.29639296875
34.035714285714285 3.3000515625
34.07142857142857 3.3000515625
34.107142857142854 3.3000515625
34.142857142857146 3.3000515625
34.17857142857143 3.3000515625
34.214285714285715 3.3000515625
34.25 3.3000515625
34.285714285714285 3.3000515625
34.32142857142857 3.3000515625
34.357142857142854 3.3000515625
34.392857142857146 3.3000515625
34.42857142857143 3.3000515625
34.464285714285715 3.3000515625
34.5 3.30371015625
34.535714285714285 3.29639296875
34.57142857142857 3.29639296875
34.607142857142854 3.29639296875
34.642857142857146 3.29639296875
34.67857142857143 3.3000515625
34.714285714285715 3.3000515625
34.75 3.3000515625
34.785714285714285 3.3000515625
34.82142857142857 3.3000515625
34.857142857142854 3.3000515625
34.892857142857146 3.3000515625
34.92857142857143 3.3000515625
34.964285714285715 3.3000515625
35.0 3.3000515625
35.035714285714285 3.3000515625
35.07142857142857 3.3000515625
35.107142857142854 3.29639296875
35.142857142857146 3.3000515625
35.17857142857143 3.30371015625
35.214285714285715 3.29639296875
35.25 3.29639296875
35.285714285714285 3.29639296875
35.32142857142857 3.29639296875
35.357142857142854 3.29639296875
35.392857142857146 3.29639296875
35.42857142857143 3.29639296875
35.464285714285715 3.29639296875
35.5 3.29639296875
35.535714285714285 3.29639296875
35.57142857142857 3.29639296875
35.607142857142854 3.29639296875
35.642857142857146 3.29639296875
35.67857142857143 3.29639296875
35.714285714285715 3.29639296875
35.75 3.29639296875
35.785714285714285 3.29639296875
35.82142857142857 3.29639296875
35.857142857142854 3.3000515625
35.892857142857146 3.292734375
35.92857142857143 3.292734375
35.964285714285715 3.29639296875
36.0 3.292734375
36.035714285714285 3.292734375
36.07142857142857 3.29639296875
36.107142857142854 3.29639296875
36.142857142857146 3.29639296875
36.17857142857143 3.29639296875
36.214285714285715 3.29639296875
36.25 3.29639296875
36.285714285714285 3.29639296875
36.32142857142857 3.29639296875
36.357142857142854 3.29639296875
36.392857142857146 3.29639296875
36.42857142857143 3.29639296875
36.464285714285715 3.29639296875
36.5 3.30371015625
36.535714285714285 3.3000515625
36.57142857142857 3.28907578125
36.607142857142854 3.292734375
36.642857142857146 3.29639296875
36.67857142857143 3.29639296875
36.714285714285715 3.29639296875
36.75 3.29639296875
36.785714285714285 3.29639296875
36.82142857142857 3.29639296875
36.857142857142854 3.29639296875
36.892857142857146 3.29639296875
36.92857142857143 3.29639296875
36.964285714285715 3.29639296875
37.0 3.29639296875
37.035714285714285 3.29639296875
37.07142857142857 3.29639296875
37.107142857142854 3.29639296875
37.142857142857146 3.29639296875
37.17857142857143 3.3000515625
37.214285714285715 3.3000515625
37.25 3.292734375
37.285714285714285 3.292734375
37.32142857142857 3.292734375
37.357142857142854 3.292734375
37.392857142857146 3.292734375
37.42857142857143 3.29639296875
37.464285714285715 3.29639296875
37.5 3.292734375
37.535714285714285 3.292734375
37.57142857142857 3.292734375
37.607142857142854 3.292734375
37.642857142857146 3.29639296875
37.67857142857143 3.29639296875
37.714285714285715 3.29639296875
37.75 3.29639296875
37.785714285714285 3.29639296875
37.82142857142857 3.3000515625
37.857142857142854 3.30371015625
37.892857142857146 3.292734375
37.92857142857143 3.292734375
37.964285714285715 3.292734375
38.0 3.29639296875
38.035714285714285 3.29639296875
38.07142857142857 3.29639296875
38.107142857142854 3.29639296875
38.142857142857146 3.29639296875
38.17857142857143 3.29639296875
38.214285714285715 3.29639296875
38.25 3.29639296875
38.285714285714285 3.29639296875
38.32142857142857 3.29639296875
38.357142857142854 3.29639296875
38.392857142857146 3.29639296875
38.42857142857143 3.29639296875
38.464285714285715 3.29639296875
38.5 3.3000515625
38.535714285714285 3.30371015625
38.57142857142857 3.292734375
38.607142857142854 3.292734375
38.642857142857146 3.29639296875
38.67857142857143 3.29639296875
38.714285714285715 3.29639296875
38.75 3.29639296875
38.785714285714285 3.29639296875
38.82142857142857 3.29639296875
38.857142857142854 3.29639296875
38.892857142857146 3.29639296875
38.92857142857143 3.29639296875
38.964285714285715 3.29639296875
39.0 3.29639296875
39.035714285714285 3.29639296875
39.07142857142857 3.29639296875
39.107142857142854 3.29639296875
39.142857142857146 3.3000515625
39.17857142857143 3.3000515625
39.214285714285715 3.292734375
39.25 3.292734375
39.285714285714285 3.292734375
39.32142857142857 3.292734375
39.357142857142854 3.292734375
39.392857142857146 3.292734375
39.42857142857143 3.292734375
39.464285714285715 3.292734375
39.5 3.29639296875
39.535714285714285 3.29639296875
39.57142857142857 3.29639296875
39.607142857142854 3.292734375
39.642857142857146 3.292734375
39.67857142857143 3.292734375
39.714285714285715 3.292734375
39.75 3.292734375
39.785714285714285 3.292734375
39.857142857142854 3.3000515625
39.892857142857146 3.292734375
39.92857142857143 3.292734375
