0.03571428571428571 3.01468125
0.07142857142857142 3.01468125
0.10714285714285714 3.01468125
0.14285714285714285 3.01468125
0.17857142857142858 3.01468125
0.21428571428571427 3.01468125
0.25 3.01468125
0.2857142857142857 3.01468125
0.32142857142857145 3.01468125
0.35714285714285715 3.01468125
0.39285714285714285 3.01468125
0.42857142857142855 3.01468125
0.4642857142857143 3.01468125
0.5 3.01468125
0.5357142857142857 3.01468125
0.5714285714285714 3.01468125
0.6071428571428571 3.01468125
0.6428571428571429 3.01468125
0.6785714285714286 3.01468125
0.7142857142857143 3.01468125
0.75 3.01468125
0.7857142857142857 3.01468125
0.8214285714285714 3.01468125
0.8571428571428571 3.01468125
0.8928571428571429 3.01468125
0.9285714285714286 3.01468125
0.9642857142857143 3.01468125
1.0 3.01468125
1.0357142857142858 3.01468125
1.0714285714285714 3.01468125
1.1071428571428572 3.01468125
1.1428571428571428 3.01468125
1.1785714285714286 3.01833984375
1.2142857142857142 3.01833984375
1.25 3.01833984375
1.2857142857142858 3.01833984375
1.3214285714285714 3.01833984375
1.3571428571428572 3.01833984375
1.3928571428571428 3.01833984375
1.4285714285714286 3.01833984375
1.4642857142857142 3.01833984375
1.5 3.01833984375
1.5357142857142858 3.01833984375
1.5714285714285714 3.01468125
1.6071428571428572 3.01833984375
1.6428571428571428 3.01833984375
1.6785714285714286 3.01468125
1.7142857142857142 3.01833984375
1.75 3.01833984375
1.7857142857142858 3.01833984375
1.8214285714285714 3.01833984375
1.8571428571428572 3.01833984375
1.8928571428571428 3.01833984375
1.9285714285714286 3.01833984375
1.9642857142857142 3.01833984375
2.0 3.01833984375
2.0357142857142856 3.01833984375
2.0714285714285716 3.01833984375
2.107142857142857 3.01833984375
2.142857142857143 3.01833984375
2.1785714285714284 3.01833984375
2.2142857142857144 3.01833984375
2.25 3.01833984375
2.2857142857142856 3.01833984375
2.3214285714285716 3.01833984375
2.357142857142857 3.0219984375
2.392857142857143 3.0219984375
2.4285714285714284 3.0219984375
2.4642857142857144 3.0219984375
2.5 3.0219984375
2.5357142857142856 3.0219984375
2.5714285714285716 3.0219984375
2.607142857142857 3.0219984375
2.642857142857143 3.0219984375
2.6785714285714284 3.0219984375
2.7142857142857144 3.0219984375
2.75 3.0219984375
2.7857142857142856 3.0219984375
2.8214285714285716 3.0219984375
2.857142857142857 3.0219984375
2.892857142857143 3.0219984375
2.9285714285714284 3.0219984375
2.9642857142857144 3.0219984375
3.0 3.0219984375
3.0357142857142856 3.0219984375
3.0714285714285716 3.0219984375
3.107142857142857 3.0219984375
3.142857142857143 3.0219984375
3.1785714285714284 3.0219984375
3.2142857142857144 3.0219984375
3.25 3.0219984375
3.2857142857142856 3.0219984375
3.3214285714285716 3.0219984375
3.357142857142857 3.0219984375
3.392857142857143 3.0219984375
3.4285714285714284 3.0219984375
3.4642857142857144 3.0219984375
3.5 3.0219984375
3.5357142857142856 3.02565703125
3.5714285714285716 3.02565703125
3.607142857142857 3.02565703125
3.642857142857143 3.02565703125
3.6785714285714284 3.02565703125
3.7142857142857144 3.02565703125
3.75 3.02565703125
3.7857142857142856 3.02565703125
3.8214285714285716 3.02565703125
3.857142857142857 3.02565703125
3.892857142857143 3.02565703125
3.9285714285714284 3.02565703125
3.9642857142857144 3.02565703125
4.0 3.02565703125
4.035714285714286 3.02565703125
4.071428571428571 3.02565703125
4.107142857142857 3.02565703125
4.142857142857143 3.029315625
4.178571428571429 3.029315625
4.214285714285714 3.029315625
4.25 3.029315625
4.285714285714286 3.029315625
4.321428571428571 3.029315625
4.357142857142857 3.029315625
4.392857142857143 3.029315625
4.428571428571429 3.029315625
4.464285714285714 3.02565703125
4.5 3.02565703125
4.535714285714286 3.02565703125
4.571428571428571 3.02565703125
4.607142857142857 3.029315625
4.642857142857143 3.029315625
4.678571428571429 3.029315625
4.714285714285714 3.029315625
4.75 3.029315625
4.785714285714286 3.029315625
4.821428571428571 3.029315625
4.857142857142857 3.029315625
4.892857142857143 3.029315625
4.928571428571429 3.029315625
4.964285714285714 3.029315625
5.0 3.029315625
5.035714285714286 3.029315625
5.071428571428571 3.029315625
5.107142857142857 3.029315625
5.142857142857143 3.029315625
5.178571428571429 3.029315625
5.214285714285714 3.029315625
5.25 3.029315625
5.285714285714286 3.029315625
5.321428571428571 3.029315625
5.357142857142857 3.03297421875
5.392857142857143 3.03297421875
5.428571428571429 3.029315625
5.464285714285714 3.029315625
5.5 3.029315625
5.535714285714286 3.029315625
5.571428571428571 3.029315625
5.607142857142857 3.029315625
5.642857142857143 3.029315625
5.678571428571429 3.029315625
5.714285714285714 3.029315625
5.75 3.029315625
5.785714285714286 3.029315625
5.821428571428571 3.03297421875
5.857142857142857 3.03297421875
5.892857142857143 3.03297421875
5.928571428571429 3.03297421875
5.964285714285714 3.0366328125
6.0 3.0366328125
6.035714285714286 3.0366328125
6.071428571428571 3.0366328125
6.107142857142857 3.03297421875
6.142857142857143 3.03297421875
6.178571428571429 3.03297421875
6.214285714285714 3.03297421875
6.25 3.03297421875
6.285714285714286 3.03297421875
6.321428571428571 3.03297421875
6.357142857142857 3.03297421875
6.392857142857143 3.03297421875
6.428571428571429 3.0366328125
6.464285714285714 3.0366328125
6.5 3.0366328125
6.535714285714286 3.0366328125
6.571428571428571 3.0366328125
6.607142857142857 3.0366328125
6.642857142857143 3.0366328125
6.678571428571429 3.0366328125
6.714285714285714 3.0366328125
6.75 3.0366328125
6.785714285714286 3.0366328125
6.821428571428571 3.0366328125
6.857142857142857 3.0366328125
6.892857142857143 3.0366328125
6.928571428571429 3.0366328125
6.964285714285714 3.0366328125
7.0 3.0366328125
7.035714285714286 3.0366328125
7.071428571428571 3.0366328125
7.107142857142857 3.0366328125
7.142857142857143 3.0366328125
7.178571428571429 3.0366328125
7.214285714285714 3.0366328125
7.25 3.0366328125
7.285714285714286 3.0366328125
7.321428571428571 3.0366328125
7.357142857142857 3.0366328125
7.392857142857143 3.0366328125
7.428571428571429 3.0366328125
7.464285714285714 3.0366328125
7.5 3.0366328125
7.535714285714286 3.0366328125
7.571428571428571 3.04029140625
7.607142857142857 3.04029140625
7.642857142857143 3.04029140625
7.678571428571429 3.04029140625
7.714285714285714 3.04029140625
7.75 3.04029140625
7.785714285714286 3.04029140625
7.821428571428571 3.04029140625
7.857142857142857 3.04029140625
7.892857142857143 3.04029140625
7.928571428571429 3.04029140625
7.964285714285714 3.04029140625
8.0 3.04029140625
8.035714285714286 3.04029140625
8.071428571428571 3.04029140625
8.107142857142858 3.04029140625
8.142857142857142 3.04029140625
8.178571428571429 3.04395
8.214285714285714 3.04395
8.25 3.04395
8.285714285714286 3.04395
8.321428571428571 3.04395
8.357142857142858 3.04395
8.392857142857142 3.04395
8.428571428571429 3.04395
8.464285714285714 3.04395
8.5 3.04395
8.535714285714286 3.04395
8.571428571428571 3.04395
8.607142857142858 3.04395
8.642857142857142 3.04395
8.678571428571429 3.04395
8.714285714285714 3.04395
8.75 3.04395
8.785714285714286 3.04395
8.821428571428571 3.04395
8.857142857142858 3.04395
8.892857142857142 3.04395
8.928571428571429 3.04395
8.964285714285714 3.04395
9.0 3.04395
9.035714285714286 3.04395
9.071428571428571 3.04395
9.107142857142858 3.04395
9.142857142857142 3.04395
9.178571428571429 3.04395
9.214285714285714 3.04395
9.25 3.04395
9.285714285714286 3.04395
9.321428571428571 3.04395
9.357142857142858 3.04395
9.392857142857142 3.04760859375
9.428571428571429 3.04760859375
9.464285714285714 3.04760859375
9.5 3.04760859375
9.535714285714286 3.04760859375
9.571428571428571 3.04760859375
9.607142857142858 3.04760859375
9.642857142857142 3.04760859375
9.678571428571429 3.04760859375
9.714285714285714 3.04760859375
9.75 3.04760859375
9.785714285714286 3.04760859375
9.821428571428571 3.04760859375
9.857142857142858 3.04760859375
9.892857142857142 3.04760859375
9.928571428571429 3.04760859375
9.964285714285714 3.04760859375
10.0 3.0512671875
10.035714285714286 3.0512671875
10.071428571428571 3.0512671875
10.107142857142858 3.0512671875
10.142857142857142 3.0512671875
10.178571428571429 3.0512671875
10.214285714285714 3.0512671875
10.25 3.0512671875
10.285714285714286 3.0512671875
10.321428571428571 3.0512671875
10.357142857142858 3.0512671875
10.392857142857142 3.0512671875
10.428571428571429 3.0512671875
10.464285714285714 3.0512671875
10.5 3.0512671875
10.535714285714286 3.0512671875
10.571428571428571 3.0512671875
10.607142857142858 3.0512671875
10.642857142857142 3.0512671875
10.678571428571429 3.0512671875
10.714285714285714 3.0512671875
10.75 3.0512671875
10.785714285714286 3.0512671875
10.821428571428571 3.0512671875
10.857142857142858 3.0512671875
10.892857142857142 3.0512671875
10.928571428571429 3.0512671875
10.964285714285714 3.0512671875
11.0 3.0512671875
11.035714285714286 3.0512671875
11.071428571428571 3.0512671875
11.107142857142858 3.0512671875
11.142857142857142 3.0512671875
11.178571428571429 3.0512671875
11.214285714285714 3.05492578125
11.25 3.05492578125
11.285714285714286 3.05492578125
11.321428571428571 3.05492578125
11.357142857142858 3.05492578125
11.392857142857142 3.05492578125
11.428571428571429 3.05492578125
11.464285714285714 3.05492578125
11.5 3.05492578125
11.535714285714286 3.05492578125
11.571428571428571 3.05492578125
11.607142857142858 3.05492578125
11.642857142857142 3.05492578125
11.678571428571429 3.05492578125
11.714285714285714 3.05492578125
11.75 3.05492578125
11.785714285714286 3.058584375
11.821428571428571 3.058584375
11.857142857142858 3.058584375
11.892857142857142 3.058584375
11.928571428571429 3.058584375
11.964285714285714 3.058584375
12.0 3.058584375
12.035714285714286 3.05492578125
12.071428571428571 3.058584375
12.107142857142858 3.058584375
12.142857142857142 3.058584375
12.178571428571429 3.05492578125
12.214285714285714 3.05492578125
12.25 3.058584375
12.285714285714286 3.058584375
12.321428571428571 3.058584375
12.357142857142858 3.058584375
12.392857142857142 3.058584375
12.428571428571429 3.058584375
12.464285714285714 3.058584375
12.5 3.058584375
12.535714285714286 3.058584375
12.571428571428571 3.058584375
12.607142857142858 3.058584375
12.642857142857142 3.058584375
12.678571428571429 3.058584375
12.714285714285714 3.058584375
12.75 3.058584375
12.785714285714286 3.058584375
12.821428571428571 3.058584375
12.857142857142858 3.058584375
12.892857142857142 3.058584375
12.928571428571429 3.058584375
12.964285714285714 3.058584375
13.0 3.058584375
13.035714285714286 3.058584375
13.071428571428571 3.058584375
13.107142857142858 3.058584375
13.142857142857142 3.058584375
13.178571428571429 3.058584375
13.214285714285714 3.058584375
13.25 3.058584375
13.285714285714286 3.058584375
13.321428571428571 3.058584375
13.357142857142858 3.058584375
13.392857142857142 3.058584375
13.428571428571429 3.058584375
13.464285714285714 3.06224296875
13.5 3.06224296875
13.535714285714286 3.06224296875
13.571428571428571 3.06224296875
13.607142857142858 3.06224296875
13.642857142857142 3.06224296875
13.678571428571429 3.06224296875
13.714285714285714 3.06224296875
13.75 3.06224296875
13.785714285714286 3.06224296875
13.821428571428571 3.06224296875
13.857142857142858 3.06224296875
13.892857142857142 3.06224296875
13.928571428571429 3.06224296875
13.964285714285714 3.06224296875
14.0 3.06224296875
14.035714285714286 3.06224296875
14.071428571428571 3.06224296875
14.107142857142858 3.06224296875
14.142857142857142 3.0659015625
14.178571428571429 3.0659015625
14.214285714285714 3.0659015625
14.25 3.0659015625
14.285714285714286 3.0659015625
14.321428571428571 3.0659015625
14.357142857142858 3.06224296875
14.392857142857142 3.0659015625
14.428571428571429 3.0659015625
14.464285714285714 3.0659015625
14.5 3.06224296875
14.535714285714286 3.06224296875
14.571428571428571 3.06224296875
14.607142857142858 3.06224296875
14.642857142857142 3.0659015625
14.678571428571429 3.0659015625
14.714285714285714 3.0659015625
14.75 3.0659015625
14.785714285714286 3.0659015625
14.821428571428571 3.0659015625
14.857142857142858 3.0659015625
14.892857142857142 3.0659015625
14.928571428571429 3.0659015625
14.964285714285714 3.0659015625
15.0 3.0659015625
15.035714285714286 3.0659015625
15.071428571428571 3.0659015625
15.107142857142858 3.0659015625
15.142857142857142 3.0659015625
15.178571428571429 3.0659015625
15.214285714285714 3.0659015625
15.25 3.0659015625
15.285714285714286 3.0659015625
15.321428571428571 3.0659015625
15.357142857142858 3.06956015625
15.392857142857142 3.06956015625
15.428571428571429 3.06956015625
15.464285714285714 3.06956015625
15.5 3.0659015625
15.535714285714286 3.0659015625
15.571428571428571 3.0659015625
15.607142857142858 3.0659015625
15.642857142857142 3.0659015625
15.678571428571429 3.0659015625
15.714285714285714 3.0659015625
15.75 3.0659015625
15.785714285714286 3.0659015625
15.821428571428571 3.0659015625
15.857142857142858 3.06956015625
15.892857142857142 3.06956015625
15.928571428571429 3.06956015625
15.964285714285714 3.06956015625
16.0 3.06956015625
16.035714285714285 3.06956015625
16.071428571428573 3.06956015625
16.107142857142858 3.06956015625
16.142857142857142 3.06956015625
16.178571428571427 3.06956015625
16.214285714285715 3.06956015625
16.25 3.06956015625
16.285714285714285 3.06956015625
16.321428571428573 3.06956015625
16.357142857142858 3.06956015625
16.392857142857142 3.06956015625
16.428571428571427 3.06956015625
16.464285714285715 3.07321875
16.5 3.07321875
16.535714285714285 3.07321875
16.571428571428573 3.07321875
16.607142857142858 3.07321875
16.642857142857142 3.07321875
16.678571428571427 3.07321875
16.714285714285715 3.07321875
16.75 3.07321875
16.785714285714285 3.07321875
16.821428571428573 3.07321875
16.857142857142858 3.07321875
16.892857142857142 3.07321875
16.928571428571427 3.07321875
16.964285714285715 3.07321875
17.0 3.07321875
17.035714285714285 3.07321875
17.071428571428573 3.07321875
17.107142857142858 3.07321875
17.142857142857142 3.07321875
17.178571428571427 3.07321875
17.214285714285715 3.07321875
17.25 3.07321875
17.285714285714285 3.07321875
17.321428571428573 3.07321875
17.357142857142858 3.07321875
17.392857142857142 3.07321875
17.428571428571427 3.07321875
17.464285714285715 3.07321875
17.5 3.07321875
17.535714285714285 3.07321875
17.571428571428573 3.07321875
17.607142857142858 3.07687734375
17.642857142857142 3.07687734375
17.678571428571427 3.07687734375
17.714285714285715 3.07687734375
17.75 3.07687734375
17.785714285714285 3.07687734375
17.821428571428573 3.07687734375
17.857142857142858 3.07687734375
17.892857142857142 3.07687734375
17.928571428571427 3.07687734375
17.964285714285715 3.07687734375
18.0 3.07687734375
18.035714285714285 3.07687734375
18.071428571428573 3.07687734375
18.107142857142858 3.07687734375
18.142857142857142 3.07687734375
18.178571428571427 3.0805359375
18.214285714285715 3.0805359375
18.25 3.0805359375
18.285714285714285 3.0805359375
18.321428571428573 3.0805359375
18.357142857142858 3.0805359375
18.392857142857142 3.0805359375
18.428571428571427 3.0805359375
18.464285714285715 3.0805359375
18.5 3.0805359375
18.535714285714285 3.0805359375
18.571428571428573 3.0805359375
18.607142857142858 3.0805359375
18.642857142857142 3.0805359375
18.678571428571427 3.0805359375
18.714285714285715 3.0805359375
18.75 3.0805359375
18.785714285714285 3.0805359375
18.821428571428573 3.0805359375
18.857142857142858 3.0805359375
18.892857142857142 3.0805359375
18.928571428571427 3.0805359375
18.964285714285715 3.0805359375
19.0 3.0805359375
19.035714285714285 3.0805359375
19.071428571428573 3.0805359375
19.107142857142858 3.0805359375
19.142857142857142 3.0805359375
19.178571428571427 3.0805359375
19.214285714285715 3.0805359375
19.25 3.0805359375
19.285714285714285 3.0805359375
19.321428571428573 3.0805359375
19.357142857142858 3.0805359375
19.392857142857142 3.0805359375
19.428571428571427 3.08419453125
19.464285714285715 3.08419453125
19.5 3.08419453125
19.535714285714285 3.08419453125
19.571428571428573 3.08419453125
19.607142857142858 3.08419453125
19.642857142857142 3.08419453125
19.678571428571427 3.08419453125
19.714285714285715 3.08419453125
19.75 3.08419453125
19.785714285714285 3.08419453125
19.821428571428573 3.08419453125
19.857142857142858 3.08419453125
19.892857142857142 3.08419453125
19.928571428571427 3.08419453125
19.964285714285715 3.08419453125
20.0 3.087853125
20.035714285714285 3.087853125
20.071428571428573 3.087853125
20.107142857142858 3.087853125
20.142857142857142 3.087853125
20.178571428571427 3.087853125
20.214285714285715 3.087853125
20.25 3.087853125
20.285714285714285 3.087853125
20.321428571428573 3.087853125
20.357142857142858 3.087853125
20.392857142857142 3.087853125
20.428571428571427 3.087853125
20.464285714285715 3.087853125
20.5 3.087853125
20.535714285714285 3.087853125
20.571428571428573 3.087853125
20.607142857142858 3.087853125
20.642857142857142 3.087853125
20.678571428571427 3.087853125
20.714285714285715 3.087853125
20.75 3.087853125
20.785714285714285 3.087853125
20.821428571428573 3.087853125
20.857142857142858 3.087853125
20.892857142857142 3.087853125
20.928571428571427 3.087853125
20.964285714285715 3.087853125
21.0 3.087853125
21.035714285714285 3.087853125
21.071428571428573 3.087853125
21.107142857142858 3.087853125
21.142857142857142 3.09151171875
21.178571428571427 3.09151171875
21.214285714285715 3.09151171875
21.25 3.09151171875
21.285714285714285 3.09151171875
21.321428571428573 3.09151171875
21.357142857142858 3.09151171875
21.392857142857142 3.09151171875
21.428571428571427 3.09151171875
21.464285714285715 3.09151171875
21.5 3.09151171875
21.535714285714285 3.09151171875
21.571428571428573 3.09151171875
21.607142857142858 3.09151171875
21.642857142857142 3.09151171875
21.678571428571427 3.087853125
21.714285714285715 3.09151171875
21.75 3.0951703125
21.785714285714285 3.0951703125
21.821428571428573 3.0951703125
21.857142857142858 3.0951703125
21.892857142857142 3.0951703125
21.928571428571427 3.0951703125
21.964285714285715 3.0951703125
22.0 3.0951703125
22.035714285714285 3.0951703125
22.071428571428573 3.0951703125
22.107142857142858 3.0951703125
22.142857142857142 3.0951703125
22.178571428571427 3.0951703125
22.214285714285715 3.0951703125
22.25 3.0951703125
22.285714285714285 3.0951703125
22.321428571428573 3.0951703125
22.357142857142858 3.0951703125
22.392857142857142 3.0951703125
22.428571428571427 3.0951703125
22.464285714285715 3.0951703125
22.5 3.0951703125
22.535714285714285 3.0951703125
22.571428571428573 3.0951703125
22.607142857142858 3.0951703125
22.642857142857142 3.0951703125
22.678571428571427 3.0951703125
22.714285714285715 3.0951703125
22.75 3.0951703125
22.785714285714285 3.0951703125
22.821428571428573 3.0951703125
22.857142857142858 3.0951703125
22.892857142857142 3.0951703125
22.928571428571427 3.0951703125
22.964285714285715 3.09882890625
23.0 3.09882890625
23.035714285714285 3.09882890625
23.071428571428573 3.09882890625
23.107142857142858 3.09882890625
23.142857142857142 3.09882890625
23.178571428571427 3.09882890625
23.214285714285715 3.09882890625
23.25 3.09882890625
23.285714285714285 3.09882890625
23.321428571428573 3.09882890625
23.357142857142858 3.09882890625
23.392857142857142 3.09882890625
23.428571428571427 3.09882890625
23.464285714285715 3.09882890625
23.5 3.09882890625
23.535714285714285 3.09882890625
23.571428571428573 3.1024875
23.607142857142858 3.1024875
23.642857142857142 3.1024875
23.678571428571427 3.1024875
23.714285714285715 3.1024875
23.75 3.1024875
23.785714285714285 3.1024875
23.821428571428573 3.1024875
23.857142857142858 3.1024875
23.892857142857142 3.1024875
23.928571428571427 3.1024875
23.964285714285715 3.1024875
24.0 3.1024875
24.035714285714285 3.1024875
24.071428571428573 3.1024875
24.107142857142858 3.1024875
24.142857142857142 3.1024875
24.178571428571427 3.1024875
24.214285714285715 3.1024875
24.25 3.1024875
24.285714285714285 3.1024875
24.321428571428573 3.1024875
24.357142857142858 3.1024875
24.392857142857142 3.1024875
24.428571428571427 3.1024875
24.464285714285715 3.1024875
24.5 3.1024875
24.535714285714285 3.1024875
24.571428571428573 3.1024875
24.607142857142858 3.1024875
24.642857142857142 3.1024875
24.678571428571427 3.1024875
24.714285714285715 3.1024875
24.75 3.10614609375
24.785714285714285 3.10614609375
24.821428571428573 3.10614609375
24.857142857142858 3.10614609375
24.892857142857142 3.10614609375
24.928571428571427 3.10614609375
24.964285714285715 3.10614609375
25.0 3.10614609375
25.035714285714285 3.10614609375
25.071428571428573 3.10614609375
25.107142857142858 3.10614609375
25.142857142857142 3.10614609375
25.178571428571427 3.10614609375
25.214285714285715 3.10614609375
25.25 3.10614609375
25.285714285714285 3.10614609375
25.321428571428573 3.1098046875
25.357142857142858 3.1098046875
25.392857142857142 3.1098046875
25.428571428571427 3.1098046875
25.464285714285715 3.1098046875
25.5 3.1098046875
25.535714285714285 3.1098046875
25.571428571428573 3.1098046875
25.607142857142858 3.1098046875
25.642857142857142 3.1098046875
25.678571428571427 3.10614609375
25.714285714285715 3.10614609375
25.75 3.10614609375
25.785714285714285 3.10614609375
25.821428571428573 3.1098046875
25.857142857142858 3.1098046875
25.892857142857142 3.1098046875
25.928571428571427 3.1098046875
25.964285714285715 3.1098046875
26.0 3.1098046875
26.035714285714285 3.1098046875
26.071428571428573 3.1098046875
26.107142857142858 3.1098046875
26.142857142857142 3.1098046875
26.178571428571427 3.1098046875
26.214285714285715 3.1098046875
26.25 3.1098046875
26.285714285714285 3.1098046875
26.321428571428573 3.1098046875
26.357142857142858 3.1098046875
26.392857142857142 3.1098046875
26.428571428571427 3.1098046875
26.464285714285715 3.1098046875
26.5 3.11346328125
26.535714285714285 3.11346328125
26.571428571428573 3.11346328125
26.607142857142858 3.11346328125
26.642857142857142 3.11346328125
26.678571428571427 3.11346328125
26.714285714285715 3.11346328125
26.75 3.11346328125
26.785714285714285 3.11346328125
26.821428571428573 3.11346328125
26.857142857142858 3.11346328125
26.892857142857142 3.1098046875
26.928571428571427 3.1098046875
26.964285714285715 3.1098046875
27.0 3.11346328125
27.035714285714285 3.11346328125
27.071428571428573 3.117121875
27.107142857142858 3.117121875
27.142857142857142 3.117121875
27.178571428571427 3.117121875
27.214285714285715 3.117121875
27.25 3.11346328125
27.285714285714285 3.11346328125
27.321428571428573 3.11346328125
27.357142857142858 3.11346328125
27.392857142857142 3.11346328125
27.428571428571427 3.11346328125
27.464285714285715 3.11346328125
27.5 3.11346328125
27.535714285714285 3.11346328125
27.607142857142858 3.117121875
27.642857142857142 3.117121875
27.678571428571427 3.117121875
27.714285714285715 3.117121875
27.75 3.117121875
27.785714285714285 3.117121875
27.821428571428573 3.117121875
27.857142857142858 3.117121875
27.892857142857142 3.117121875
27.928571428571427 3.117121875
27.964285714285715 3.117121875
28.0 3.117121875
28.035714285714285 3.117121875
28.071428571428573 3.117121875
28.107142857142858 3.117121875
28.142857142857142 3.117121875
28.178571428571427 3.117121875
28.214285714285715 3.117121875
28.25 3.117121875
28.285714285714285 3.117121875
28.321428571428573 3.12078046875
28.357142857142858 3.117121875
28.392857142857142 3.117121875
28.428571428571427 3.117121875
28.464285714285715 3.117121875
28.5 3.117121875
28.535714285714285 3.117121875
28.571428571428573 3.117121875
28.607142857142858 3.117121875
28.642857142857142 3.117121875
28.678571428571427 3.117121875
28.714285714285715 3.117121875
28.75 3.117121875
28.785714285714285 3.117121875
28.821428571428573 3.117121875
28.857142857142858 3.12078046875
28.892857142857142 3.12078046875
28.928571428571427 3.12078046875
28.964285714285715 3.12078046875
29.0 3.12078046875
29.035714285714285 3.12078046875
29.071428571428573 3.12078046875
29.107142857142858 3.12078046875
29.142857142857142 3.12078046875
29.178571428571427 3.12078046875
29.214285714285715 3.12078046875
29.25 3.12078046875
29.285714285714285 3.12078046875
29.321428571428573 3.12078046875
29.357142857142858 3.12078046875
29.392857142857142 3.1244390625
29.428571428571427 3.1244390625
29.464285714285715 3.1244390625
29.5 3.1244390625
29.535714285714285 3.1244390625
29.571428571428573 3.1244390625
29.607142857142858 3.1244390625
29.642857142857142 3.1244390625
29.678571428571427 3.1244390625
29.714285714285715 3.1244390625
29.75 3.1244390625
29.785714285714285 3.1244390625
29.821428571428573 3.1244390625
29.857142857142858 3.1244390625
29.892857142857142 3.1244390625
29.928571428571427 3.1244390625
29.964285714285715 3.1244390625
30.0 3.1244390625
30.035714285714285 3.1244390625
30.071428571428573 3.12809765625
30.107142857142858 3.1244390625
30.142857142857142 3.1244390625
30.178571428571427 3.1244390625
30.214285714285715 3.1244390625
30.25 3.1244390625
30.285714285714285 3.1244390625
30.321428571428573 3.1244390625
30.357142857142858 3.1244390625
30.392857142857142 3.1244390625
30.428571428571427 3.1244390625
30.464285714285715 3.1244390625
30.5 3.1244390625
30.535714285714285 3.1244390625
30.571428571428573 3.1244390625
30.607142857142858 3.12809765625
30.642857142857142 3.12809765625
30.678571428571427 3.12809765625
30.714285714285715 3.12809765625
30.75 3.12809765625
30.785714285714285 3.12809765625
30.821428571428573 3.12809765625
30.857142857142858 3.12809765625
30.892857142857142 3.12809765625
30.928571428571427 3.12809765625
30.964285714285715 3.12809765625
31.0 3.12809765625
31.035714285714285 3.12809765625
31.071428571428573 3.12809765625
31.107142857142858 3.12809765625
31.142857142857142 3.13175625
31.178571428571427 3.13175625
31.214285714285715 3.13175625
31.25 3.13175625
31.285714285714285 3.13175625
31.321428571428573 3.13175625
31.357142857142858 3.13175625
31.392857142857142 3.13175625
31.428571428571427 3.13175625
31.464285714285715 3.13175625
31.5 3.13175625
31.535714285714285 3.13175625
31.571428571428573 3.13175625
31.607142857142858 3.13175625
31.642857142857142 3.13175625
31.678571428571427 3.13175625
31.714285714285715 3.13175625
31.75 3.13175625
31.785714285714285 3.13175625
31.821428571428573 3.13175625
31.857142857142858 3.13175625
31.892857142857142 3.13175625
31.928571428571427 3.13175625
31.964285714285715 3.13175625
32.0 3.13175625
32.035714285714285 3.13175625
32.07142857142857 3.13175625
32.107142857142854 3.13175625
32.142857142857146 3.13175625
32.17857142857143 3.13175625
32.214285714285715 3.13175625
32.25 3.13175625
32.285714285714285 3.13175625
32.32142857142857 3.13175625
32.357142857142854 3.13541484375
32.392857142857146 3.13541484375
32.42857142857143 3.13541484375
32.464285714285715 3.13541484375
32.5 3.13541484375
32.535714285714285 3.13541484375
32.57142857142857 3.13541484375
32.607142857142854 3.13541484375
32.642857142857146 3.13541484375
32.67857142857143 3.13541484375
32.714285714285715 3.13541484375
32.75 3.13541484375
32.785714285714285 3.13541484375
32.82142857142857 3.13541484375
32.857142857142854 3.13541484375
32.892857142857146 3.13541484375
32.92857142857143 3.1390734375
32.964285714285715 3.1390734375
33.0 3.1390734375
33.035714285714285 3.1390734375
33.07142857142857 3.1390734375
33.107142857142854 3.1390734375
33.142857142857146 3.1390734375
33.17857142857143 3.1390734375
33.214285714285715 3.1390734375
33.25 3.1390734375
33.285714285714285 3.1390734375
33.32142857142857 3.13541484375
33.357142857142854 3.1390734375
33.392857142857146 3.1390734375
33.42857142857143 3.1390734375
33.464285714285715 3.1390734375
33.5 3.1390734375
33.535714285714285 3.1390734375
33.57142857142857 3.1390734375
33.607142857142854 3.1390734375
33.642857142857146 3.1390734375
33.67857142857143 3.1390734375
33.714285714285715 3.1390734375
33.75 3.1390734375
33.785714285714285 3.1390734375
33.82142857142857 3.1390734375
33.857142857142854 3.1390734375
33.892857142857146 3.1390734375
33.92857142857143 3.1390734375
33.964285714285715 3.1390734375
34.0 3.1390734375
34.035714285714285 3.1390734375
34.07142857142857 3.1390734375
34.107142857142854 3.1390734375
34.142857142857146 3.14273203125
34.17857142857143 3.14273203125
34.214285714285715 3.14273203125
34.25 3.14273203125
34.285714285714285 3.14273203125
34.32142857142857 3.14273203125
34.357142857142854 3.14273203125
34.392857142857146 3.14273203125
34.42857142857143 3.14273203125
34.464285714285715 3.14273203125
34.5 3.14273203125
34.535714285714285 3.1390734375
34.57142857142857 3.1390734375
34.607142857142854 3.1390734375
34.642857142857146 3.14273203125
34.67857142857143 3.14273203125
34.714285714285715 3.14273203125
34.75 3.14273203125
34.785714285714285 3.14273203125
34.82142857142857 3.14273203125
34.857142857142854 3.14273203125
34.892857142857146 3.14273203125
34.92857142857143 3.14273203125
34.964285714285715 3.14273203125
35.0 3.14273203125
35.035714285714285 3.14273203125
35.07142857142857 3.14273203125
35.107142857142854 3.14273203125
35.142857142857146 3.14273203125
35.17857142857143 3.14273203125
35.214285714285715 3.14273203125
35.25 3.14273203125
35.285714285714285 3.146390625
35.32142857142857 3.146390625
35.357142857142854 3.146390625
35.392857142857146 3.146390625
35.42857142857143 3.146390625
35.464285714285715 3.146390625
35.5 3.146390625
35.535714285714285 3.146390625
35.57142857142857 3.146390625
35.607142857142854 3.146390625
35.642857142857146 3.146390625
35.67857142857143 3.146390625
35.714285714285715 3.146390625
35.75 3.146390625
35.785714285714285 3.146390625
35.82142857142857 3.146390625
35.857142857142854 3.146390625
35.892857142857146 3.146390625
35.92857142857143 3.15004921875
35.964285714285715 3.146390625
36.0 3.146390625
36.035714285714285 3.146390625
36.07142857142857 3.146390625
36.107142857142854 3.146390625
36.142857142857146 3.146390625
36.17857142857143 3.146390625
36.214285714285715 3.146390625
36.25 3.146390625
36.285714285714285 3.146390625
36.32142857142857 3.146390625
36.357142857142854 3.146390625
36.392857142857146 3.15004921875
36.42857142857143 3.15004921875
36.464285714285715 3.15004921875
36.5 3.15004921875
36.535714285714285 3.15004921875
36.57142857142857 3.1537078125
36.607142857142854 3.15004921875
36.642857142857146 3.15004921875
36.67857142857143 3.15004921875
36.714285714285715 3.15004921875
36.75 3.15004921875
36.785714285714285 3.15004921875
36.82142857142857 3.15004921875
36.857142857142854 3.15004921875
36.892857142857146 3.15004921875
36.92857142857143 3.15004921875
36.964285714285715 3.15004921875
37.0 3.15004921875
37.035714285714285 3.1537078125
37.07142857142857 3.1537078125
37.107142857142854 3.1537078125
37.142857142857146 3.1537078125
37.17857142857143 3.1537078125
37.214285714285715 3.1537078125
37.25 3.1537078125
37.285714285714285 3.1537078125
37.32142857142857 3.1537078125
37.357142857142854 3.15004921875
37.392857142857146 3.15004921875
37.42857142857143 3.15004921875
37.464285714285715 3.15004921875
37.5 3.15004921875
37.57142857142857 3.1537078125
37.607142857142854 3.1537078125
37.642857142857146 3.1537078125
37.67857142857143 3.1537078125
37.714285714285715 3.1537078125
37.75 3.1537078125
37.785714285714285 3.1537078125
37.82142857142857 3.1537078125
37.857142857142854 3.1537078125
37.892857142857146 3.1537078125
37.92857142857143 3.1537078125
37.964285714285715 3.1537078125
38.0 3.1537078125
38.035714285714285 3.1537078125
38.07142857142857 3.1537078125
38.107142857142854 3.1537078125
38.142857142857146 3.1537078125
38.17857142857143 3.1537078125
38.214285714285715 3.1537078125
38.25 3.1537078125
38.285714285714285 3.1537078125
38.32142857142857 3.1537078125
38.357142857142854 3.1537078125
38.392857142857146 3.1537078125
38.42857142857143 3.1537078125
38.464285714285715 3.1537078125
38.5 3.1537078125
38.535714285714285 3.1537078125
38.57142857142857 3.1537078125
38.607142857142854 3.1537078125
38.642857142857146 3.1537078125
38.67857142857143 3.1537078125
38.714285714285715 3.1537078125
38.75 3.1537078125
38.785714285714285 3.1537078125
38.82142857142857 3.1537078125
38.857142857142854 3.15736640625
38.892857142857146 3.15736640625
38.92857142857143 3.15736640625
38.964285714285715 3.15736640625
39.0 3.15736640625
39.035714285714285 3.15736640625
39.07142857142857 3.15736640625
39.107142857142854 3.1537078125
39.142857142857146 3.1537078125
39.17857142857143 3.1537078125
39.214285714285715 3.1537078125
39.25 3.1537078125
39.285714285714285 3.1537078125
39.32142857142857 3.1537078125
39.357142857142854 3.15736640625
39.392857142857146 3.15736640625
39.42857142857143 3.15736640625
39.464285714285715 3.15736640625
39.5 3.15736640625
39.535714285714285 3.15736640625
39.57142857142857 3.15736640625
39.607142857142854 3.15736640625
39.642857142857146 3.15736640625
39.67857142857143 3.15736640625
39.714285714285715 3.15736640625
39.75 3.15736640625
39.785714285714285 3.15736640625
39.82142857142857 3.15736640625
39.857142857142854 3.15736640625
39.892857142857146 3.15736640625
