0.03571428571428571 1.053675
0.07142857142857142 1.053675
0.10714285714285714 1.053675
0.14285714285714285 1.053675
0.17857142857142858 1.0609921875
0.21428571428571427 1.07928515625
0.25 1.0463578125
0.2857142857142857 1.05001640625
0.32142857142857145 1.0170890625
0.35714285714285715 1.02074765625
0.39285714285714285 0.9951375
0.42857142857142855 0.9951375
0.4642857142857143 2.60126015625
0.5 1.0463578125
0.5357142857142857 1.0024546875
0.5714285714285714 1.039040625
0.6071428571428571 0.9951375
0.6428571428571429 0.99879609375
0.6785714285714286 0.9951375
0.7142857142857143 0.9951375
0.75 0.9951375
0.7857142857142857 0.9951375
0.8214285714285714 0.9951375
0.8571428571428571 0.9951375
0.8928571428571429 0.9951375
0.9285714285714286 0.9951375
0.9642857142857143 0.9951375
1.0 0.9951375
1.0357142857142858 0.9951375
1.0714285714285714 0.9951375
1.1071428571428572 0.9951375
1.1428571428571428 0.9951375
1.1785714285714286 0.99147890625
1.2142857142857142 0.99147890625
1.25 0.99147890625
1.2857142857142858 0.99147890625
1.3214285714285714 0.99879609375
1.3571428571428572 1.0170890625
1.3928571428571428 0.9951375
1.4285714285714286 0.99879609375
1.4642857142857142 0.9585515625
1.5 0.9439171875
1.5357142857142858 0.94757578125
1.5714285714285714 0.9439171875
1.6071428571428572 1.0170890625
1.6428571428571428 1.1048953125
1.6785714285714286 0.951234375
1.7142857142857142 0.94025859375
1.75 0.9439171875
1.7857142857142858 0.9439171875
1.8214285714285714 0.9439171875
1.8571428571428572 0.9439171875
1.8928571428571428 0.94757578125
1.9285714285714286 0.94757578125
1.9642857142857142 0.94757578125
2.0 0.94757578125
2.0357142857142856 0.94757578125
2.0714285714285716 0.94757578125
2.107142857142857 0.94757578125
2.142857142857143 0.94757578125
2.1785714285714284 0.94757578125
2.2142857142857144 0.94757578125
2.25 0.94757578125
2.2857142857142856 0.94757578125
2.3214285714285716 0.94757578125
2.357142857142857 0.94757578125
2.392857142857143 0.94757578125
2.4285714285714284 0.94757578125
2.4642857142857144 0.95489296875
2.5 0.96952734375
2.5357142857142856 0.97684453125
2.5714285714285716 0.96952734375
2.607142857142857 0.9585515625
2.642857142857143 0.95489296875
2.6785714285714284 1.48173046875
2.7142857142857144 1.02440625
2.75 0.99147890625
2.7857142857142856 1.03538203125
2.8214285714285716 0.94757578125
2.857142857142857 0.95489296875
2.892857142857143 0.95489296875
2.9285714285714284 0.95489296875
2.9642857142857144 0.95489296875
3.0 0.95489296875
3.0357142857142856 0.95489296875
3.0714285714285716 0.95489296875
3.107142857142857 0.95489296875
3.142857142857143 0.95489296875
3.1785714285714284 0.95489296875
3.2142857142857144 0.95489296875
3.25 0.95489296875
3.2857142857142856 0.95489296875
3.3214285714285716 0.95489296875
3.357142857142857 0.95489296875
3.392857142857143 0.95489296875
3.4285714285714284 0.95489296875
3.4642857142857144 0.95489296875
3.5 0.95489296875
3.5357142857142856 0.9585515625
3.5714285714285716 0.9731859375
3.607142857142857 0.96952734375
3.642857142857143 0.980503125
3.6785714285714284 0.95489296875
3.7142857142857144 0.9622101562500001
3.75 0.94025859375
3.857142857142857 0.9146484375
3.892857142857143 0.96952734375
3.9285714285714284 0.90367265625
3.9642857142857144 0.90367265625
4.0 0.90367265625
4.035714285714286 0.90367265625
4.071428571428571 0.90733125
4.107142857142857 0.90733125
4.142857142857143 0.90733125
4.178571428571429 0.90733125
4.214285714285714 0.90733125
4.25 0.90733125
4.285714285714286 0.90733125
4.321428571428571 0.90733125
4.357142857142857 0.90733125
4.392857142857143 0.90733125
4.428571428571429 0.90733125
4.464285714285714 0.90733125
4.5 0.90733125
4.535714285714286 0.90733125
4.571428571428571 0.90367265625
4.607142857142857 0.90367265625
4.642857142857143 0.90367265625
4.678571428571429 0.90733125
4.714285714285714 0.921965625
4.75 0.8926968750000001
4.785714285714286 0.8707453125
4.821428571428571 0.8707453125
4.857142857142857 0.83781796875
4.892857142857143 0.83050078125
4.928571428571429 1.34270390625
4.964285714285714 0.88903828125
5.0 0.85976953125
5.035714285714286 0.89635546875
5.071428571428571 0.79391484375
5.107142857142857 0.80123203125
5.142857142857143 0.80123203125
5.178571428571429 0.80123203125
5.214285714285714 0.804890625
5.25 0.80123203125
5.285714285714286 0.80123203125
5.321428571428571 0.80123203125
5.357142857142857 0.80123203125
5.392857142857143 0.80123203125
5.428571428571429 0.80123203125
5.464285714285714 0.80123203125
5.5 0.80123203125
5.535714285714286 0.80123203125
5.571428571428571 0.80123203125
5.607142857142857 0.80123203125
5.642857142857143 0.80123203125
5.678571428571429 0.804890625
5.714285714285714 0.804890625
5.75 0.804890625
5.785714285714286 0.804890625
5.821428571428571 0.81586640625
5.857142857142857 0.81586640625
5.892857142857143 0.804890625
5.928571428571429 0.7829390625
5.964285714285714 0.7829390625
6.0 0.7609875
6.035714285714286 0.75732890625
6.107142857142857 0.74269453125
6.142857142857143 0.8268421875
6.178571428571429 0.83050078125
6.214285714285714 0.7097671875
6.25 0.7097671875
6.285714285714286 0.7097671875
6.321428571428571 0.7097671875
6.357142857142857 0.7097671875
6.392857142857143 0.7097671875
6.428571428571429 0.7097671875
6.464285714285714 0.7097671875
6.5 0.7097671875
6.535714285714286 0.7097671875
6.571428571428571 0.7097671875
6.607142857142857 0.7097671875
6.642857142857143 0.7097671875
6.678571428571429 0.7097671875
6.714285714285714 0.7097671875
6.75 0.7097671875
6.785714285714286 0.7097671875
6.821428571428571 0.7097671875
6.857142857142857 0.7097671875
6.892857142857143 0.7097671875
6.928571428571429 0.7097671875
6.964285714285714 0.717084375
7.0 0.69147421875
7.035714285714286 0.687815625
7.071428571428571 0.67318125
7.107142857142857 0.658546875
7.142857142857143 0.64757109375
7.178571428571429 1.20001875
7.214285714285714 0.67318125
7.25 0.69147421875
7.285714285714286 0.746353125
7.321428571428571 0.61830234375
7.357142857142857 0.61464375
7.392857142857143 0.61830234375
7.428571428571429 0.61830234375
7.464285714285714 0.61830234375
7.5 0.61464375
7.535714285714286 0.61464375
7.571428571428571 0.61464375
7.607142857142857 0.61464375
7.642857142857143 0.61464375
7.678571428571429 0.61464375
7.714285714285714 0.61464375
7.75 0.61464375
7.785714285714286 0.61464375
7.821428571428571 0.61464375
7.857142857142857 0.61464375
7.892857142857143 0.61464375
7.928571428571429 0.61464375
7.964285714285714 0.61098515625
8.0 0.61464375
8.035714285714286 0.61464375
8.071428571428571 0.62561953125
8.107142857142858 0.6365953125
8.142857142857142 0.61464375
8.178571428571429 0.61464375
8.285714285714286 0.5926921875
8.357142857142858 0.63293671875
8.392857142857142 0.6804984375
8.428571428571429 0.55244765625
8.464285714285714 0.55244765625
8.5 0.55244765625
8.535714285714286 0.5487890625
8.571428571428571 0.5487890625
8.607142857142858 0.5487890625
8.642857142857142 0.5487890625
8.678571428571429 0.5487890625
8.714285714285714 0.5487890625
8.75 0.5487890625
8.785714285714286 0.5487890625
8.821428571428571 0.5487890625
8.857142857142858 0.5487890625
8.892857142857142 0.5487890625
8.928571428571429 0.5487890625
8.964285714285714 0.5487890625
9.0 0.5487890625
9.035714285714286 0.5487890625
9.071428571428571 0.5487890625
9.107142857142858 0.5487890625
9.142857142857142 0.5487890625
9.178571428571429 0.5487890625
9.214285714285714 0.55976484375
9.25 0.56708203125
9.285714285714286 0.55244765625
9.321428571428571 0.5487890625
9.357142857142858 0.5487890625
9.392857142857142 0.5487890625
9.428571428571429 1.0756265625
9.464285714285714 0.58903359375
9.5 0.50854453125
9.535714285714286 0.62561953125
9.571428571428571 0.49756875
9.607142857142858 0.49756875
9.642857142857142 0.49756875
9.678571428571429 0.49756875
9.714285714285714 0.49756875
9.75 0.49756875
9.785714285714286 0.49756875
9.821428571428571 0.49756875
9.857142857142858 0.49756875
9.892857142857142 0.49756875
9.928571428571429 0.49756875
9.964285714285714 0.49756875
10.0 0.49756875
10.035714285714286 0.49756875
10.071428571428571 0.49756875
10.107142857142858 0.49756875
10.142857142857142 0.49756875
10.178571428571429 0.49756875
10.214285714285714 0.49756875
10.25 0.49756875
10.285714285714286 0.49756875
10.321428571428571 0.49756875
10.357142857142858 0.5048859375
10.392857142857142 0.47927578125
10.428571428571429 0.47927578125
10.464285714285714 0.49391015625
10.5 1.287825
10.535714285714286 0.4756171875
10.607142857142858 0.43903125
10.642857142857142 0.55976484375
10.678571428571429 0.55976484375
10.714285714285714 0.4170796875
10.75 0.42073828125
10.785714285714286 0.42073828125
10.821428571428571 0.42073828125
10.857142857142858 0.42073828125
10.892857142857142 0.42073828125
10.928571428571429 0.42073828125
10.964285714285714 0.42073828125
11.0 0.42073828125
11.035714285714286 0.42073828125
11.071428571428571 0.42073828125
11.107142857142858 0.42073828125
11.142857142857142 0.42073828125
11.178571428571429 0.42073828125
11.214285714285714 0.42073828125
11.25 0.42073828125
11.285714285714286 0.42073828125
11.321428571428571 0.42073828125
11.357142857142858 0.42073828125
11.392857142857142 0.42073828125
11.428571428571429 0.42073828125
11.464285714285714 0.42805546875
11.5 0.43537265625
11.535714285714286 0.41342109375
11.571428571428571 0.40976250000000003
11.607142857142858 1.19636015625
11.678571428571429 0.3878109375
11.75 0.69879140625
11.785714285714286 0.4756171875
11.821428571428571 0.38049375
11.857142857142858 0.38415234375
11.892857142857142 0.3878109375
11.928571428571429 0.3878109375
11.964285714285714 0.3878109375
12.0 0.3878109375
12.035714285714286 0.3878109375
12.071428571428571 0.3878109375
12.107142857142858 0.3878109375
12.142857142857142 0.3878109375
12.178571428571429 0.3878109375
12.214285714285714 0.3878109375
12.25 0.3878109375
12.285714285714286 0.3878109375
12.321428571428571 0.3878109375
12.357142857142858 0.3878109375
12.392857142857142 0.3878109375
12.428571428571429 0.3878109375
12.464285714285714 0.38415234375
12.5 0.3878109375
12.535714285714286 0.38415234375
12.571428571428571 0.38415234375
12.607142857142858 0.39146953125
12.642857142857142 0.365859375
12.678571428571429 0.365859375
12.714285714285714 0.365859375
12.75 0.9146484375
12.785714285714286 0.3731765625
12.857142857142858 0.395128125
12.892857142857142 0.31098046875
12.928571428571429 0.41342109375
12.964285714285714 0.31829765625
13.0 0.32195625
13.035714285714286 0.32195625
13.071428571428571 0.32195625
13.107142857142858 0.32195625
13.142857142857142 0.32195625
13.178571428571429 0.32195625
13.214285714285714 0.32195625
13.25 0.32561484375
13.285714285714286 0.32195625
13.321428571428571 0.32561484375
13.357142857142858 0.32561484375
13.392857142857142 0.32195625
13.428571428571429 0.32195625
13.464285714285714 0.32195625
13.5 0.32195625
13.535714285714286 0.32195625
13.571428571428571 0.32195625
13.607142857142858 0.32195625
13.642857142857142 0.32195625
13.678571428571429 0.32195625
13.714285714285714 0.336590625
13.75 0.34024921875
13.785714285714286 0.31098046875
13.821428571428571 0.31098046875
13.857142857142858 0.3146390625
13.892857142857142 0.2926875
13.928571428571429 0.2926875
13.964285714285714 0.28171171875
14.0 0.28902890625
14.035714285714286 0.34024921875
14.071428571428571 0.2926875
14.107142857142858 0.3000046875
14.142857142857142 0.307321875
14.178571428571429 0.307321875
14.214285714285714 0.307321875
14.25 0.307321875
14.285714285714286 0.307321875
14.321428571428571 0.30366328125000003
14.357142857142858 0.307321875
14.392857142857142 0.307321875
14.428571428571429 0.307321875
14.464285714285714 0.30366328125000003
14.5 0.307321875
14.535714285714286 0.30366328125000003
14.571428571428571 0.307321875
14.607142857142858 0.307321875
14.642857142857142 0.30366328125000003
14.678571428571429 0.307321875
14.714285714285714 0.30366328125000003
14.75 0.30366328125000003
14.785714285714286 0.30366328125000003
14.821428571428571 0.30366328125000003
14.857142857142858 0.30366328125000003
14.892857142857142 0.3000046875
14.928571428571429 0.30366328125000003
14.964285714285714 0.30366328125000003
15.0 0.2853703125
15.035714285714286 0.278053125
15.071428571428571 0.28171171875
15.107142857142858 0.33293203125
15.142857142857142 0.2707359375
15.178571428571429 0.25976015625
15.214285714285714 0.2561015625
15.25 0.2561015625
15.285714285714286 0.2561015625
15.321428571428571 0.2561015625
15.357142857142858 0.2561015625
15.392857142857142 0.2561015625
15.428571428571429 0.2561015625
15.464285714285714 0.25244296875
15.5 0.25244296875
15.535714285714286 0.2561015625
15.571428571428571 0.25244296875
15.607142857142858 0.2561015625
15.642857142857142 0.25244296875
15.678571428571429 0.25244296875
15.714285714285714 0.25244296875
15.75 0.25244296875
15.785714285714286 0.25244296875
15.821428571428571 0.25244296875
15.857142857142858 0.25244296875
15.892857142857142 0.2561015625
15.928571428571429 0.2561015625
15.964285714285714 0.278053125
16.0 0.26341875
16.035714285714285 0.2561015625
16.071428571428573 0.278053125
16.107142857142858 0.2707359375
16.142857142857142 0.24512578125
16.178571428571427 0.248784375
16.214285714285715 0.2561015625
16.25 0.26707734375
16.285714285714285 1.26953203125
16.321428571428573 0.1975640625
16.357142857142858 0.20488125000000001
16.392857142857142 0.20488125000000001
16.428571428571427 0.20488125000000001
16.464285714285715 0.20488125000000001
16.5 0.20488125000000001
16.535714285714285 0.20488125000000001
16.571428571428573 0.20488125000000001
16.607142857142858 0.20488125000000001
16.642857142857142 0.20488125000000001
16.678571428571427 0.20488125000000001
16.714285714285715 0.20122265625
16.75 0.20122265625
16.785714285714285 0.20488125000000001
16.821428571428573 0.20488125000000001
16.857142857142858 0.2707359375
16.892857142857142 0.20488125000000001
16.928571428571427 0.20488125000000001
16.964285714285715 0.20488125000000001
17.0 0.20488125000000001
17.035714285714285 0.20122265625
17.071428571428573 0.20853984375
17.107142857142858 0.23415
17.142857142857142 0.2121984375
17.178571428571427 0.248784375
17.214285714285715 0.248784375
17.25 0.22317421875000001
17.285714285714285 0.26707734375
17.321428571428573 0.2414671875
17.357142857142858 0.4170796875
17.392857142857142 0.26707734375
17.428571428571427 0.17927109375
17.464285714285715 0.18658828125
17.5 0.18658828125
17.535714285714285 0.190246875
17.571428571428573 0.18658828125
17.607142857142858 0.18658828125
17.642857142857142 0.190246875
17.678571428571427 0.190246875
17.714285714285715 0.190246875
17.75 0.190246875
17.785714285714285 0.18658828125
17.821428571428573 0.18658828125
17.857142857142858 0.18658828125
17.892857142857142 0.18658828125
17.928571428571427 0.190246875
17.964285714285715 0.190246875
18.0 0.18658828125
18.035714285714285 0.190246875
18.071428571428573 0.18658828125
18.107142857142858 0.18658828125
18.142857142857142 0.18658828125
18.178571428571427 0.18658828125
18.214285714285715 0.20122265625
18.25 0.1756125
18.285714285714285 0.1829296875
18.321428571428573 0.219515625
18.357142857142858 0.22317421875000001
18.464285714285715 0.23780859375
18.5 0.34756640625
18.535714285714285 0.19390546875
18.571428571428573 0.19390546875
18.607142857142858 0.19390546875
18.642857142857142 0.19390546875
18.678571428571427 0.19390546875
18.714285714285715 0.19390546875
18.75 0.19390546875
18.785714285714285 0.19390546875
18.821428571428573 0.190246875
18.857142857142858 0.190246875
18.892857142857142 0.190246875
18.928571428571427 0.190246875
18.964285714285715 0.190246875
19.0 0.19390546875
19.035714285714285 0.190246875
19.071428571428573 0.190246875
19.107142857142858 0.190246875
19.142857142857142 0.19390546875
19.178571428571427 0.19390546875
19.214285714285715 0.190246875
19.25 0.190246875
19.285714285714285 0.19390546875
19.321428571428573 0.22317421875000001
19.357142857142858 0.20853984375
19.392857142857142 0.1975640625
19.428571428571427 0.22317421875000001
19.464285714285715 0.219515625
19.5 0.27439453125
19.535714285714285 0.24512578125
19.571428571428573 0.24512578125
19.607142857142858 0.26707734375
19.642857142857142 0.21585703125
19.678571428571427 0.219515625
19.714285714285715 0.22317421875000001
19.75 0.22317421875000001
19.785714285714285 0.219515625
19.821428571428573 0.22317421875000001
19.857142857142858 0.219515625
19.892857142857142 0.219515625
19.928571428571427 0.219515625
19.964285714285715 0.219515625
20.0 0.219515625
20.035714285714285 0.219515625
20.071428571428573 0.219515625
20.107142857142858 0.219515625
20.142857142857142 0.21585703125
20.178571428571427 0.219515625
20.214285714285715 0.219515625
20.25 0.219515625
20.285714285714285 0.219515625
20.321428571428573 0.219515625
20.357142857142858 0.219515625
20.392857142857142 0.219515625
20.428571428571427 0.23415
20.464285714285715 0.2414671875
20.5 0.23049140625
20.535714285714285 0.24512578125
20.571428571428573 0.2268328125
20.607142857142858 0.2268328125
20.642857142857142 0.248784375
20.678571428571427 0.278053125
20.714285714285715 0.35488359375
20.75 0.22317421875000001
20.785714285714285 0.23049140625
20.821428571428573 0.2414671875
20.857142857142858 0.2414671875
20.892857142857142 0.2414671875
20.928571428571427 0.2414671875
20.964285714285715 0.2414671875
21.0 0.2414671875
21.035714285714285 0.2414671875
21.071428571428573 0.2414671875
21.107142857142858 0.2414671875
21.142857142857142 0.2414671875
21.178571428571427 0.2414671875
21.214285714285715 0.2414671875
21.25 0.2414671875
21.285714285714285 0.23780859375
21.321428571428573 0.2414671875
21.357142857142858 0.23780859375
21.392857142857142 0.23780859375
21.428571428571427 0.2414671875
21.464285714285715 0.2414671875
21.5 0.2414671875
21.535714285714285 0.25976015625
21.571428571428573 0.24512578125
21.607142857142858 0.24512578125
21.642857142857142 0.2561015625
21.678571428571427 0.2414671875
21.714285714285715 0.2414671875
21.75 0.25976015625
21.785714285714285 0.424396875
21.821428571428573 0.26707734375
21.857142857142858 0.2561015625
21.892857142857142 0.25976015625
21.928571428571427 0.26707734375
21.964285714285715 0.2707359375
22.0 0.2707359375
22.035714285714285 0.2707359375
22.071428571428573 0.2707359375
22.107142857142858 0.2707359375
22.142857142857142 0.2707359375
22.178571428571427 0.2707359375
22.214285714285715 0.2707359375
22.25 0.2707359375
22.285714285714285 0.2707359375
22.321428571428573 0.2707359375
22.357142857142858 0.2707359375
22.392857142857142 0.2707359375
22.428571428571427 0.2707359375
22.464285714285715 0.2707359375
22.5 0.2707359375
22.535714285714285 0.2707359375
22.571428571428573 0.2707359375
22.607142857142858 0.2707359375
22.642857142857142 0.28171171875
22.678571428571427 0.2707359375
22.714285714285715 0.26341875
22.75 0.26707734375
22.785714285714285 0.26341875
22.821428571428573 0.2561015625
22.857142857142858 0.2707359375
22.892857142857142 0.52317890625
22.964285714285715 0.25976015625
23.0 0.26707734375
23.035714285714285 0.27439453125
23.071428571428573 0.278053125
23.107142857142858 0.28171171875
23.142857142857142 0.28171171875
23.178571428571427 0.28171171875
23.214285714285715 0.28171171875
23.25 0.28171171875
23.285714285714285 0.28171171875
23.321428571428573 0.28171171875
23.357142857142858 0.28171171875
23.392857142857142 0.28171171875
23.428571428571427 0.278053125
23.464285714285715 0.28171171875
23.5 0.28171171875
23.535714285714285 0.278053125
23.571428571428573 0.28171171875
23.607142857142858 0.28171171875
23.642857142857142 0.278053125
23.678571428571427 0.278053125
23.714285714285715 0.278053125
23.75 0.2853703125
23.785714285714285 0.2707359375
23.821428571428573 0.2707359375
23.857142857142858 0.2853703125
23.892857142857142 0.25976015625
23.928571428571427 0.25244296875
23.964285714285715 0.27439453125
24.0 0.28902890625
24.035714285714285 0.2561015625
24.071428571428573 0.27439453125
24.107142857142858 0.2707359375
24.142857142857142 0.27439453125
24.178571428571427 0.28171171875
24.214285714285715 0.28171171875
24.25 0.28171171875
24.285714285714285 0.28171171875
24.321428571428573 0.28171171875
24.357142857142858 0.28171171875
24.392857142857142 0.28171171875
24.428571428571427 0.28171171875
24.464285714285715 0.28171171875
24.5 0.28171171875
24.535714285714285 0.28171171875
24.571428571428573 0.28171171875
24.607142857142858 0.278053125
24.642857142857142 0.278053125
24.678571428571427 0.28171171875
24.714285714285715 0.278053125
24.75 0.28171171875
24.785714285714285 0.278053125
24.821428571428573 0.278053125
24.857142857142858 0.2853703125
24.892857142857142 0.278053125
24.928571428571427 0.27439453125
24.964285714285715 0.28902890625
25.0 0.2926875
25.035714285714285 0.2707359375
25.071428571428573 0.25976015625
25.142857142857142 1.800028125
25.178571428571427 0.30366328125000003
25.214285714285715 0.307321875
25.25 0.31829765625
25.285714285714285 0.32561484375
25.321428571428573 0.336590625
25.357142857142858 0.336590625
25.392857142857142 0.55244765625
25.428571428571427 0.336590625
25.464285714285715 0.336590625
25.5 0.336590625
25.535714285714285 0.336590625
25.571428571428573 0.336590625
25.607142857142858 0.336590625
25.642857142857142 0.336590625
25.678571428571427 0.336590625
25.714285714285715 0.336590625
25.75 0.336590625
25.785714285714285 0.336590625
25.821428571428573 0.336590625
25.857142857142858 0.336590625
25.892857142857142 0.336590625
25.928571428571427 0.336590625
25.964285714285715 0.35488359375
26.0 0.336590625
26.107142857142858 0.30366328125000003
26.142857142857142 0.28902890625
26.214285714285715 0.40976250000000003
26.25 0.44634843750000003
26.285714285714285 0.32195625
26.321428571428573 0.33293203125
26.357142857142858 0.3439078125
26.392857142857142 0.3439078125
26.428571428571427 0.3439078125
26.464285714285715 0.34756640625
26.5 0.34756640625
26.535714285714285 0.34756640625
26.571428571428573 0.34756640625
26.607142857142858 0.34756640625
26.642857142857142 0.34756640625
26.678571428571427 0.34756640625
26.714285714285715 0.34756640625
26.75 0.34756640625
26.785714285714285 0.34756640625
26.821428571428573 0.34756640625
26.857142857142858 0.3439078125
26.892857142857142 0.3439078125
26.928571428571427 0.34756640625
26.964285714285715 0.3439078125
27.0 0.3439078125
27.035714285714285 0.3439078125
27.071428571428573 0.34756640625
27.107142857142858 0.32561484375
27.142857142857142 0.3292734375
27.178571428571427 1.2366046875
27.214285714285715 0.307321875
27.25 0.3000046875
27.285714285714285 0.278053125
27.321428571428573 0.42073828125
27.357142857142858 1.36465546875
27.392857142857142 0.29634609375
27.428571428571427 0.30366328125000003
27.464285714285715 0.30366328125000003
27.5 0.307321875
27.535714285714285 0.307321875
27.571428571428573 0.307321875
27.607142857142858 0.307321875
27.642857142857142 0.307321875
27.678571428571427 0.307321875
27.714285714285715 0.307321875
27.75 0.307321875
27.785714285714285 0.307321875
27.821428571428573 0.307321875
27.857142857142858 0.307321875
27.892857142857142 0.307321875
27.928571428571427 0.307321875
27.964285714285715 0.307321875
28.0 0.307321875
28.035714285714285 0.307321875
28.071428571428573 0.307321875
28.107142857142858 0.307321875
28.142857142857142 0.307321875
28.178571428571427 0.3146390625
28.214285714285715 0.32195625
28.25 0.307321875
28.285714285714285 1.1927015625
28.321428571428573 0.86708671875
28.357142857142858 0.2853703125
28.392857142857142 0.28171171875
28.428571428571427 0.37683515625
28.464285714285715 0.44634843750000003
28.5 0.3000046875
28.535714285714285 0.30366328125000003
28.571428571428573 0.307321875
28.607142857142858 0.3146390625
28.642857142857142 0.32195625
28.678571428571427 0.32561484375
28.714285714285715 0.32561484375
28.75 0.32561484375
28.785714285714285 0.3292734375
28.821428571428573 0.3292734375
28.857142857142858 0.3292734375
28.892857142857142 0.3292734375
28.928571428571427 0.33293203125
28.964285714285715 0.3292734375
29.0 0.3292734375
29.035714285714285 0.3292734375
29.071428571428573 0.3292734375
29.107142857142858 0.3292734375
29.142857142857142 0.3292734375
29.178571428571427 0.3292734375
29.214285714285715 0.3292734375
29.25 0.3292734375
29.285714285714285 0.336590625
29.321428571428573 0.31829765625
29.357142857142858 0.31829765625
29.428571428571427 0.87440390625
29.464285714285715 0.2926875
29.5 0.278053125
29.535714285714285 0.43537265625
29.607142857142858 0.32561484375
29.642857142857142 0.32561484375
29.678571428571427 1.82563828125
29.714285714285715 0.34756640625
29.75 0.351225
29.785714285714285 0.35488359375
29.821428571428573 0.35488359375
29.857142857142858 0.35488359375
29.892857142857142 0.35488359375
29.928571428571427 0.35488359375
29.964285714285715 0.35488359375
30.0 0.35488359375
30.035714285714285 0.35488359375
30.071428571428573 0.35488359375
30.107142857142858 0.35488359375
30.142857142857142 0.35488359375
30.178571428571427 0.3585421875
30.214285714285715 0.3585421875
30.25 0.35488359375
30.285714285714285 0.35488359375
30.321428571428573 0.35488359375
30.357142857142858 0.35488359375
30.392857142857142 0.37683515625
30.428571428571427 0.36951796875
30.464285714285715 0.35488359375
30.5 0.8926968750000001
30.642857142857142 0.43903125
30.678571428571427 0.4609828125
30.714285714285715 0.4609828125
30.75 0.34756640625
30.785714285714285 0.351225
30.821428571428573 0.35488359375
30.857142857142858 0.3585421875
30.892857142857142 0.3585421875
30.928571428571427 0.36220078125
30.964285714285715 0.36220078125
31.0 0.3585421875
31.035714285714285 0.36220078125
31.071428571428573 0.36220078125
31.107142857142858 0.3585421875
31.142857142857142 0.3585421875
31.178571428571427 0.3585421875
31.214285714285715 0.3585421875
31.25 0.3585421875
31.285714285714285 0.3585421875
31.321428571428573 0.3585421875
31.357142857142858 0.3585421875
31.392857142857142 0.3585421875
31.428571428571427 0.3585421875
31.464285714285715 0.36220078125
31.5 0.36951796875
31.535714285714285 0.36951796875
31.571428571428573 0.3439078125
31.607142857142858 1.2512390625
31.642857142857142 1.10855390625
31.678571428571427 0.3000046875
31.714285714285715 0.2853703125
31.75 0.29634609375
31.785714285714285 1.76710078125
31.821428571428573 1.79636953125
31.857142857142858 0.28171171875
31.892857142857142 0.2853703125
31.928571428571427 0.2926875
31.964285714285715 0.3000046875
32.0 0.307321875
32.035714285714285 0.307321875
32.07142857142857 0.31098046875
32.107142857142854 0.31098046875
32.142857142857146 0.307321875
32.17857142857143 0.307321875
32.214285714285715 0.307321875
32.25 0.31098046875
32.285714285714285 0.307321875
32.32142857142857 0.31098046875
32.357142857142854 0.31098046875
32.392857142857146 0.31098046875
32.42857142857143 0.307321875
32.464285714285715 0.307321875
32.5 0.307321875
32.535714285714285 0.307321875
32.57142857142857 0.307321875
32.607142857142854 0.31098046875
32.642857142857146 0.31829765625
32.67857142857143 0.3000046875
32.714285714285715 0.29634609375
32.75 0.307321875
32.785714285714285 0.2853703125
32.82142857142857 0.278053125
32.857142857142854 0.3878109375
32.892857142857146 0.453665625
32.92857142857143 0.3000046875
32.964285714285715 0.2853703125
33.0 0.2853703125
33.035714285714285 0.2926875
33.07142857142857 0.29634609375
33.107142857142854 0.30366328125000003
33.142857142857146 0.30366328125000003
33.17857142857143 0.30366328125000003
33.214285714285715 0.30366328125000003
33.25 0.307321875
33.285714285714285 0.307321875
33.32142857142857 0.307321875
33.357142857142854 0.30366328125000003
33.392857142857146 0.307321875
33.42857142857143 0.307321875
33.464285714285715 0.30366328125000003
33.5 0.307321875
33.535714285714285 0.307321875
33.57142857142857 0.307321875
33.607142857142854 0.307321875
33.642857142857146 0.30366328125000003
33.67857142857143 0.30366328125000003
33.714285714285715 0.30366328125000003
33.75 0.32195625
33.785714285714285 0.30366328125000003
33.82142857142857 0.3000046875
33.892857142857146 0.28171171875
33.92857142857143 0.278053125
33.964285714285715 0.28171171875
34.0 1.71588046875
34.035714285714285 0.39878671875
34.07142857142857 0.25244296875
34.107142857142854 0.25976015625
34.142857142857146 0.2707359375
34.17857142857143 0.27439453125
34.214285714285715 0.27439453125
34.25 0.27439453125
34.285714285714285 0.2707359375
34.32142857142857 0.2707359375
34.357142857142854 0.2707359375
34.392857142857146 0.2707359375
34.42857142857143 0.27439453125
34.464285714285715 0.2707359375
34.5 0.27439453125
34.535714285714285 0.27439453125
34.57142857142857 0.2707359375
34.607142857142854 0.2707359375
34.642857142857146 0.2707359375
34.67857142857143 0.2707359375
34.714285714285715 0.2707359375
34.75 0.2707359375
34.785714285714285 0.2707359375
34.82142857142857 0.2707359375
34.857142857142854 0.28902890625
34.892857142857146 0.278053125
34.92857142857143 0.2707359375
34.964285714285715 0.28171171875
35.0 0.27439453125
35.035714285714285 0.2561015625
35.07142857142857 0.27439453125
35.107142857142854 0.2707359375
35.142857142857146 0.2707359375
35.214285714285715 0.23415
35.25 0.2414671875
35.285714285714285 0.24512578125
35.32142857142857 0.248784375
35.357142857142854 0.248784375
35.392857142857146 0.248784375
35.42857142857143 0.248784375
35.464285714285715 0.25244296875
35.5 0.248784375
35.535714285714285 0.248784375
35.57142857142857 0.248784375
35.607142857142854 0.248784375
35.642857142857146 0.248784375
35.67857142857143 0.248784375
35.714285714285715 0.248784375
35.75 0.248784375
35.785714285714285 0.248784375
35.82142857142857 0.248784375
35.857142857142854 0.248784375
35.892857142857146 0.248784375
35.92857142857143 0.248784375
35.964285714285715 0.25244296875
36.0 0.25244296875
36.035714285714285 0.2414671875
36.07142857142857 0.2414671875
36.107142857142854 0.23780859375
36.285714285714285 0.248784375
36.32142857142857 0.21585703125
36.357142857142854 0.219515625
36.392857142857146 0.2268328125
36.42857142857143 0.23049140625
36.464285714285715 0.23049140625
36.5 0.23049140625
36.535714285714285 0.23415
36.57142857142857 0.23415
36.607142857142854 0.23415
36.642857142857146 0.23049140625
36.67857142857143 0.23049140625
36.714285714285715 0.23415
36.75 0.23415
36.785714285714285 0.23049140625
36.82142857142857 0.23415
36.857142857142854 0.23049140625
36.892857142857146 0.23049140625
36.92857142857143 0.23049140625
36.964285714285715 0.23049140625
37.0 0.23049140625
37.035714285714285 0.23049140625
37.07142857142857 0.23049140625
37.107142857142854 0.23780859375
37.142857142857146 0.23415
37.17857142857143 0.248784375
37.214285714285715 0.26341875
37.25 0.23415
37.285714285714285 0.278053125
37.32142857142857 0.26341875
37.357142857142854 1.7049046875
37.392857142857146 1.712221875
37.42857142857143 0.23415
37.464285714285715 0.23415
37.5 0.24512578125
37.535714285714285 0.24512578125
37.57142857142857 0.248784375
37.607142857142854 0.248784375
37.642857142857146 0.248784375
37.67857142857143 0.248784375
37.714285714285715 0.25244296875
37.75 0.25244296875
37.785714285714285 0.25244296875
37.82142857142857 0.25244296875
37.857142857142854 0.25244296875
37.892857142857146 0.25244296875
37.92857142857143 0.25244296875
37.964285714285715 0.25244296875
38.0 0.25244296875
38.035714285714285 0.25244296875
38.07142857142857 0.25244296875
38.107142857142854 0.25244296875
38.142857142857146 0.248784375
38.17857142857143 0.2561015625
38.214285714285715 0.25244296875
38.25 0.23780859375
38.285714285714285 0.23780859375
38.32142857142857 0.2561015625
38.357142857142854 0.23415
38.392857142857146 0.22317421875000001
38.42857142857143 0.27439453125
38.464285714285715 0.25976015625
38.5 0.25244296875
38.535714285714285 0.20488125000000001
38.57142857142857 0.2121984375
38.607142857142854 0.21585703125
38.642857142857146 0.21585703125
38.67857142857143 0.21585703125
38.714285714285715 0.21585703125
38.75 0.21585703125
38.785714285714285 0.21585703125
38.82142857142857 0.21585703125
38.857142857142854 0.219515625
38.892857142857146 0.21585703125
38.92857142857143 0.21585703125
38.964285714285715 0.21585703125
39.0 0.219515625
39.035714285714285 0.21585703125
39.07142857142857 0.21585703125
39.107142857142854 0.21585703125
39.142857142857146 0.21585703125
39.17857142857143 0.21585703125
39.214285714285715 0.2121984375
39.25 0.2121984375
39.285714285714285 0.219515625
39.32142857142857 0.219515625
39.357142857142854 0.20853984375
39.464285714285715 0.25244296875
39.5 0.27439453125
39.57142857142857 0.248784375
39.607142857142854 0.3292734375
39.642857142857146 1.67929453125
39.67857142857143 1.24758046875
39.714285714285715 0.2707359375
39.75 1.69392890625
39.785714285714285 1.69392890625
39.82142857142857 1.682953125
39.857142857142854 1.6975875
