0.03571428571428571 1.6975875
0.07142857142857142 1.6975875
0.10714285714285714 1.6975875
0.14285714285714285 1.6975875
0.17857142857142858 1.6975875
0.21428571428571427 1.6975875
0.25 1.6975875
0.2857142857142857 1.6975875
0.32142857142857145 1.6975875
0.35714285714285715 1.6975875
0.39285714285714285 1.6975875
0.42857142857142855 1.6975875
0.4642857142857143 1.6902703125
0.5 1.6902703125
0.5357142857142857 1.68661171875
0.5714285714285714 1.70856328125
0.6428571428571429 1.73783203125
0.6785714285714286 1.73783203125
0.7142857142857143 1.73783203125
0.75 1.73783203125
0.7857142857142857 1.73783203125
0.8214285714285714 1.741490625
0.8571428571428571 1.73783203125
0.8928571428571429 1.73783203125
0.9285714285714286 1.73783203125
0.9642857142857143 1.73783203125
1.0 1.7341734375
1.0357142857142858 1.7341734375
1.0714285714285714 1.7341734375
1.1071428571428572 1.7341734375
1.1428571428571428 1.7341734375
1.1785714285714286 1.7341734375
1.2142857142857142 1.7341734375
1.25 1.7341734375
1.2857142857142858 1.73051484375
1.3214285714285714 1.73051484375
1.3571428571428572 1.73051484375
1.3928571428571428 1.73051484375
1.4285714285714286 1.73051484375
1.4642857142857142 1.73051484375
1.5 1.73051484375
1.5357142857142858 1.73051484375
1.5714285714285714 1.73051484375
1.6071428571428572 1.72319765625
1.6428571428571428 1.72319765625
1.6785714285714286 1.741490625
1.75 1.770759375
1.7857142857142858 1.77441796875
1.8214285714285714 1.77441796875
1.8571428571428572 1.77441796875
1.8928571428571428 1.77441796875
1.9285714285714286 1.770759375
1.9642857142857142 1.770759375
2.0 1.770759375
2.0357142857142856 1.770759375
2.0714285714285716 1.770759375
2.107142857142857 1.770759375
2.142857142857143 1.76710078125
2.1785714285714284 1.76710078125
2.2142857142857144 1.76710078125
2.25 1.76710078125
2.2857142857142856 1.76710078125
2.3214285714285716 1.76710078125
2.357142857142857 1.7634421875
2.392857142857143 1.7634421875
2.4285714285714284 1.7634421875
2.4642857142857144 1.7634421875
2.5 1.7634421875
2.5357142857142856 1.7634421875
2.5714285714285716 1.7634421875
2.607142857142857 1.7634421875
2.642857142857143 1.7634421875
2.6785714285714284 1.756125
2.7142857142857144 1.75978359375
2.75 1.7488078125
2.7857142857142856 1.7488078125
2.8214285714285716 1.77441796875
2.857142857142857 1.79636953125
2.892857142857143 1.8073453125
2.9285714285714284 1.8146625
2.9642857142857144 1.8219796875
3.0 1.829296875
3.0357142857142856 1.829296875
3.0714285714285716 1.829296875
3.107142857142857 1.829296875
3.142857142857143 1.829296875
3.1785714285714284 1.829296875
3.2142857142857144 1.829296875
3.25 1.829296875
3.2857142857142856 1.829296875
3.3214285714285716 1.829296875
3.357142857142857 1.829296875
3.392857142857143 1.829296875
3.4285714285714284 1.829296875
3.4642857142857144 1.829296875
3.5 1.82563828125
3.5357142857142856 1.82563828125
3.5714285714285716 1.82563828125
3.607142857142857 1.82563828125
3.642857142857143 1.83295546875
3.6785714285714284 1.83295546875
3.7142857142857144 1.82563828125
3.75 1.8219796875
3.7857142857142856 1.81832109375
3.8214285714285716 1.81832109375
3.892857142857143 1.81100390625
3.9285714285714284 1.8219796875
3.9642857142857144 1.8512484375
4.0 1.86222421875
4.035714285714286 1.86222421875
4.071428571428571 1.86222421875
4.107142857142857 1.86222421875
4.142857142857143 1.86222421875
4.178571428571429 1.86222421875
4.214285714285714 1.858565625
4.25 1.858565625
4.285714285714286 1.858565625
4.321428571428571 1.858565625
4.357142857142857 1.858565625
4.392857142857143 1.858565625
4.428571428571429 1.858565625
4.464285714285714 1.858565625
4.5 1.858565625
4.535714285714286 1.85490703125
4.571428571428571 1.85490703125
4.607142857142857 1.85490703125
4.642857142857143 1.85490703125
4.678571428571429 1.858565625
4.714285714285714 1.85490703125
4.75 1.85490703125
4.785714285714286 1.85490703125
4.821428571428571 1.85490703125
4.857142857142857 1.8512484375
4.892857142857143 1.8512484375
4.928571428571429 1.8512484375
4.964285714285714 1.8512484375
5.0 1.84758984375
5.035714285714286 1.87685859375
5.071428571428571 1.887834375
5.107142857142857 1.887834375
5.142857142857143 1.89149296875
5.178571428571429 1.887834375
5.214285714285714 1.887834375
5.25 1.887834375
5.285714285714286 1.887834375
5.321428571428571 1.887834375
5.357142857142857 1.88417578125
5.392857142857143 1.88417578125
5.428571428571429 1.88417578125
5.464285714285714 1.88417578125
5.5 1.8805171875
5.535714285714286 1.8805171875
5.571428571428571 1.8805171875
5.607142857142857 1.8805171875
5.642857142857143 1.8805171875
5.678571428571429 1.8805171875
5.714285714285714 1.8805171875
5.75 1.8805171875
5.785714285714286 1.8805171875
5.821428571428571 1.8805171875
5.857142857142857 1.8805171875
5.892857142857143 1.8805171875
5.928571428571429 1.8805171875
5.964285714285714 1.8805171875
6.0 1.8732
6.035714285714286 1.8732
6.071428571428571 1.8658828125
6.107142857142857 1.86954140625
6.142857142857143 1.89881015625
6.178571428571429 1.9097859375
6.214285714285714 1.91344453125
6.25 1.91344453125
6.285714285714286 1.91344453125
6.321428571428571 1.91344453125
6.357142857142857 1.9097859375
6.392857142857143 1.9097859375
6.428571428571429 1.9097859375
6.464285714285714 1.9097859375
6.5 1.9097859375
6.535714285714286 1.9097859375
6.571428571428571 1.9097859375
6.607142857142857 1.90612734375
6.642857142857143 1.9097859375
6.678571428571429 1.9097859375
6.714285714285714 1.90612734375
6.75 1.90612734375
6.785714285714286 1.90612734375
6.821428571428571 1.90612734375
6.857142857142857 1.90612734375
6.892857142857143 1.90612734375
6.928571428571429 1.90612734375
6.964285714285714 1.90612734375
7.0 1.90612734375
7.035714285714286 1.90612734375
7.071428571428571 1.90612734375
7.107142857142857 1.90246875
7.142857142857143 1.89881015625
7.178571428571429 1.89881015625
7.214285714285714 1.917103125
7.25 1.9280789062500001
7.285714285714286 1.9280789062500001
7.321428571428571 1.9317375
7.357142857142857 1.9317375
7.392857142857143 1.9317375
7.428571428571429 1.9317375
7.464285714285714 1.9317375
7.5 1.9317375
7.535714285714286 1.9317375
7.571428571428571 1.9390546875
7.607142857142857 1.9280789062500001
7.642857142857143 1.9280789062500001
7.678571428571429 1.9280789062500001
7.714285714285714 1.9280789062500001
7.75 1.9280789062500001
7.785714285714286 1.9280789062500001
7.821428571428571 1.9280789062500001
7.857142857142857 1.9280789062500001
7.892857142857143 1.9280789062500001
7.928571428571429 1.9244203125000001
7.964285714285714 1.9244203125000001
8.0 1.9280789062500001
8.035714285714286 1.9280789062500001
8.071428571428571 1.9280789062500001
8.107142857142858 1.9244203125000001
8.142857142857142 1.9280789062500001
8.178571428571429 1.9390546875
8.214285714285714 1.9244203125000001
8.25 1.917103125
8.285714285714286 1.917103125
8.321428571428571 1.92076171875
8.357142857142858 1.9317375
8.392857142857142 1.93539609375
8.428571428571429 1.93539609375
8.464285714285714 1.93539609375
8.5 1.93539609375
8.535714285714286 1.93539609375
8.571428571428571 1.93539609375
8.607142857142858 1.9390546875
8.642857142857142 1.93539609375
8.678571428571429 1.9390546875
8.714285714285714 1.93539609375
8.75 1.9390546875
8.785714285714286 1.93539609375
8.821428571428571 1.93539609375
8.857142857142858 1.93539609375
8.892857142857142 1.93539609375
8.928571428571429 1.93539609375
8.964285714285714 1.93539609375
9.0 1.9390546875
9.035714285714286 1.9390546875
9.071428571428571 1.9390546875
9.107142857142858 1.93539609375
9.142857142857142 1.9390546875
9.178571428571429 1.93539609375
9.214285714285714 1.9390546875
9.25 1.93539609375
9.285714285714286 1.93539609375
9.321428571428571 1.9390546875
9.357142857142858 1.9317375
9.392857142857142 1.9280789062500001
9.428571428571429 1.9317375
9.464285714285714 1.95734765625
9.5 1.990275
9.535714285714286 1.99393359375
9.571428571428571 1.99393359375
9.607142857142858 1.99393359375
9.642857142857142 1.99393359375
9.678571428571429 1.99393359375
9.714285714285714 1.990275
9.75 1.990275
9.785714285714286 1.99393359375
9.821428571428571 1.990275
9.857142857142858 1.990275
9.892857142857142 1.990275
9.928571428571429 1.990275
9.964285714285714 1.990275
10.0 1.990275
10.035714285714286 1.990275
10.071428571428571 1.990275
10.107142857142858 1.990275
10.142857142857142 1.990275
10.178571428571429 1.98661640625
10.214285714285714 1.98661640625
10.25 1.990275
10.285714285714286 1.98661640625
10.321428571428571 1.98661640625
10.357142857142858 1.990275
10.392857142857142 1.990275
10.428571428571429 1.98661640625
10.464285714285714 1.97198203125
10.535714285714286 1.99393359375
10.571428571428571 2.00856796875
10.607142857142858 2.0122265625
10.642857142857142 2.01954375
10.678571428571429 2.01954375
10.714285714285714 2.01954375
10.75 2.01588515625
10.785714285714286 2.01588515625
10.821428571428571 2.01954375
10.857142857142858 2.01954375
10.892857142857142 2.01954375
10.928571428571429 2.01588515625
10.964285714285714 2.01954375
11.0 2.0122265625
11.035714285714286 2.01954375
11.071428571428571 2.01588515625
11.107142857142858 2.01954375
11.142857142857142 2.01588515625
11.178571428571429 2.01588515625
11.214285714285714 2.01588515625
11.25 2.01588515625
11.285714285714286 2.0122265625
11.321428571428571 2.01588515625
11.357142857142858 2.01588515625
11.392857142857142 2.00856796875
11.428571428571429 2.00856796875
11.464285714285714 2.00856796875
11.5 2.01588515625
11.535714285714286 2.004909375
11.571428571428571 2.00125078125
11.607142857142858 1.9975921875
11.642857142857142 2.004909375
11.678571428571429 2.034178125
11.714285714285714 2.0488125
11.75 2.05247109375
11.785714285714286 2.0488125
11.821428571428571 2.05247109375
11.857142857142858 2.05247109375
11.892857142857142 2.05247109375
11.928571428571429 2.05247109375
11.964285714285714 2.0488125
12.0 2.0488125
12.035714285714286 2.0488125
12.071428571428571 2.0488125
12.107142857142858 2.0488125
12.142857142857142 2.0488125
12.178571428571429 2.0488125
12.214285714285714 2.0488125
12.25 2.0488125
12.285714285714286 2.0488125
12.321428571428571 2.0488125
12.357142857142858 2.0488125
12.392857142857142 2.0488125
12.428571428571429 2.0488125
12.464285714285714 2.0488125
12.5 2.0488125
12.535714285714286 2.0488125
12.571428571428571 2.0488125
12.607142857142858 2.0488125
12.642857142857142 2.0414953125
12.678571428571429 2.0414953125
12.714285714285714 2.0488125
12.75 2.04515390625
12.785714285714286 2.063446875
12.821428571428571 2.063446875
12.857142857142858 2.07808125
12.892857142857142 2.07808125
12.928571428571429 2.07808125
12.964285714285714 2.07442265625
13.0 2.07442265625
13.035714285714286 2.07442265625
13.071428571428571 2.07442265625
13.107142857142858 2.07442265625
13.142857142857142 2.07442265625
13.178571428571429 2.07442265625
13.214285714285714 2.07442265625
13.25 2.063446875
13.285714285714286 2.063446875
13.321428571428571 2.063446875
13.357142857142858 2.063446875
13.392857142857142 2.063446875
13.428571428571429 2.063446875
13.464285714285714 2.0707640625
13.5 2.0707640625
13.535714285714286 2.063446875
13.571428571428571 2.063446875
13.607142857142858 2.0707640625
13.642857142857142 2.0707640625
13.678571428571429 2.063446875
13.714285714285714 2.063446875
13.75 2.06710546875
13.785714285714286 2.05247109375
13.821428571428571 2.0561296875
13.857142857142858 2.07808125
13.892857142857142 2.09637421875
13.928571428571429 2.11100859375
13.964285714285714 2.11100859375
14.0 2.1146671875
14.035714285714286 2.11100859375
14.071428571428571 2.11100859375
14.107142857142858 2.11100859375
14.142857142857142 2.11100859375
14.178571428571429 2.11100859375
14.214285714285714 2.11100859375
14.25 2.11100859375
14.285714285714286 2.11100859375
14.321428571428571 2.11100859375
14.357142857142858 2.11100859375
14.392857142857142 2.11100859375
14.428571428571429 2.11100859375
14.464285714285714 2.11100859375
14.5 2.11100859375
14.535714285714286 2.11100859375
14.571428571428571 2.11100859375
14.607142857142858 2.11100859375
14.642857142857142 2.11100859375
14.678571428571429 2.11100859375
14.714285714285714 2.11100859375
14.75 2.11100859375
14.785714285714286 2.11100859375
14.821428571428571 2.11100859375
14.857142857142858 2.10735
14.892857142857142 2.092715625
14.928571428571429 2.10735
14.964285714285714 2.10369140625
15.0 2.1293015625
15.035714285714286 2.1293015625
15.071428571428571 2.1402773437500002
15.107142857142858 2.1402773437500002
15.142857142857142 2.1402773437500002
15.178571428571429 2.1293015625
15.214285714285714 2.1293015625
15.25 2.1293015625
15.285714285714286 2.13661875
15.321428571428571 2.13661875
15.357142857142858 2.13661875
15.392857142857142 2.13661875
15.428571428571429 2.13661875
15.464285714285714 2.12564296875
15.5 2.12564296875
15.535714285714286 2.13661875
15.571428571428571 2.12564296875
15.607142857142858 2.12564296875
15.642857142857142 2.12564296875
15.678571428571429 2.12564296875
15.714285714285714 2.12564296875
15.75 2.12564296875
15.785714285714286 2.12564296875
15.821428571428571 2.12564296875
15.857142857142858 2.13661875
15.892857142857142 2.13661875
15.928571428571429 2.13661875
15.964285714285714 2.13296015625
16.0 2.121984375
16.035714285714285 2.12564296875
16.071428571428573 2.151253125
16.107142857142858 2.1585703125
16.142857142857142 2.16222890625
16.178571428571427 2.16222890625
16.214285714285715 2.16222890625
16.25 2.16222890625
16.285714285714285 2.16222890625
16.321428571428573 2.16222890625
16.357142857142858 2.16222890625
16.392857142857142 2.16222890625
16.428571428571427 2.16222890625
16.464285714285715 2.16222890625
16.5 2.16222890625
16.535714285714285 2.16222890625
16.571428571428573 2.16222890625
16.607142857142858 2.16222890625
16.642857142857142 2.16222890625
16.678571428571427 2.16222890625
16.714285714285715 2.16222890625
16.75 2.16222890625
16.785714285714285 2.16222890625
16.821428571428573 2.1585703125
16.857142857142858 2.16222890625
16.892857142857142 2.1585703125
16.928571428571427 2.1585703125
16.964285714285715 2.1585703125
17.0 2.16222890625
17.035714285714285 2.1585703125
17.071428571428573 2.15491171875
17.142857142857142 2.151253125
17.178571428571427 2.1732046875
17.214285714285715 2.19515625
17.25 2.19881484375
17.285714285714285 2.19149765625
17.321428571428573 2.19149765625
17.357142857142858 2.19881484375
17.392857142857142 2.19881484375
17.428571428571427 2.19149765625
17.464285714285715 2.19881484375
17.5 2.19149765625
17.535714285714285 2.19881484375
17.571428571428573 2.19881484375
17.607142857142858 2.19881484375
17.642857142857142 2.19881484375
17.678571428571427 2.19515625
17.714285714285715 2.19515625
17.75 2.19515625
17.785714285714285 2.1878390625
17.821428571428573 2.19515625
17.857142857142858 2.19515625
17.892857142857142 2.1878390625
17.928571428571427 2.1878390625
17.964285714285715 2.1878390625
18.0 2.1878390625
18.035714285714285 2.1878390625
18.071428571428573 2.1878390625
18.107142857142858 2.1878390625
18.142857142857142 2.19515625
18.178571428571427 2.19515625
18.214285714285715 2.19515625
18.25 2.18418046875
18.285714285714285 2.2024734375
18.321428571428573 2.22076640625
18.357142857142858 2.22076640625
18.392857142857142 2.22076640625
18.428571428571427 2.22076640625
18.464285714285715 2.22076640625
18.5 2.22076640625
18.535714285714285 2.22076640625
18.571428571428573 2.22076640625
18.607142857142858 2.22076640625
18.642857142857142 2.22076640625
18.678571428571427 2.22076640625
18.714285714285715 2.22076640625
18.75 2.2171078125
18.785714285714285 2.2171078125
18.821428571428573 2.22076640625
18.857142857142858 2.22076640625
18.892857142857142 2.2171078125
18.928571428571427 2.2171078125
18.964285714285715 2.2171078125
19.0 2.2171078125
19.035714285714285 2.2171078125
19.071428571428573 2.22076640625
19.107142857142858 2.20613203125
19.142857142857142 2.2171078125
19.178571428571427 2.2171078125
19.214285714285715 2.2171078125
19.25 2.2171078125
19.285714285714285 2.2024734375
19.357142857142858 2.19881484375
19.392857142857142 2.22076640625
19.428571428571427 2.22808359375
19.464285714285715 2.23540078125
19.5 2.23540078125
19.535714285714285 2.2317421875
19.571428571428573 2.2317421875
19.607142857142858 2.23540078125
19.642857142857142 2.2317421875
19.678571428571427 2.2317421875
19.714285714285715 2.2317421875
19.75 2.2317421875
19.785714285714285 2.2317421875
19.821428571428573 2.2317421875
19.857142857142858 2.2317421875
19.892857142857142 2.2317421875
19.928571428571427 2.2317421875
19.964285714285715 2.2317421875
20.0 2.2317421875
20.035714285714285 2.2317421875
20.071428571428573 2.2317421875
20.107142857142858 2.2317421875
20.142857142857142 2.2317421875
20.178571428571427 2.2317421875
20.214285714285715 2.2317421875
20.25 2.2317421875
20.285714285714285 2.2317421875
20.321428571428573 2.2317421875
20.357142857142858 2.22808359375
20.392857142857142 2.2317421875
20.428571428571427 2.22076640625
20.464285714285715 2.22076640625
20.5 2.2610109375
20.535714285714285 2.2610109375
20.571428571428573 2.2610109375
20.607142857142858 2.2610109375
20.642857142857142 2.2610109375
20.678571428571427 2.2610109375
20.714285714285715 2.25735234375
20.75 2.25735234375
20.785714285714285 2.25735234375
20.821428571428573 2.25735234375
20.857142857142858 2.25735234375
20.892857142857142 2.25735234375
20.928571428571427 2.25735234375
20.964285714285715 2.25735234375
21.0 2.25735234375
21.035714285714285 2.25735234375
21.071428571428573 2.25735234375
21.107142857142858 2.25735234375
21.142857142857142 2.25735234375
21.178571428571427 2.25735234375
21.214285714285715 2.25735234375
21.25 2.25735234375
21.285714285714285 2.25735234375
21.321428571428573 2.25735234375
21.357142857142858 2.25735234375
21.392857142857142 2.25735234375
21.428571428571427 2.25735234375
21.464285714285715 2.25735234375
21.5 2.239059375
21.535714285714285 2.23540078125
21.571428571428573 2.25003515625
21.607142857142858 2.27198671875
21.642857142857142 2.28662109375
21.678571428571427 2.2902796875
21.714285714285715 2.2902796875
21.75 2.2902796875
21.785714285714285 2.2902796875
21.821428571428573 2.2902796875
21.857142857142858 2.2902796875
21.892857142857142 2.2902796875
21.928571428571427 2.2902796875
21.964285714285715 2.28662109375
22.0 2.28662109375
22.035714285714285 2.28662109375
22.071428571428573 2.28662109375
22.107142857142858 2.28662109375
22.142857142857142 2.28662109375
22.178571428571427 2.28662109375
22.214285714285715 2.28662109375
22.25 2.28662109375
22.285714285714285 2.28662109375
22.321428571428573 2.28662109375
22.357142857142858 2.28662109375
22.392857142857142 2.28662109375
22.428571428571427 2.28662109375
22.464285714285715 2.28662109375
22.5 2.28662109375
22.535714285714285 2.28662109375
22.571428571428573 2.28662109375
22.607142857142858 2.28662109375
22.678571428571427 2.27198671875
22.714285714285715 2.30125546875
22.75 2.31588984375
22.785714285714285 2.3195484375
22.821428571428573 2.31223125
22.857142857142858 2.31223125
22.892857142857142 2.31588984375
22.928571428571427 2.3195484375
22.964285714285715 2.3195484375
23.0 2.31588984375
23.035714285714285 2.31588984375
23.071428571428573 2.31588984375
23.107142857142858 2.31588984375
23.142857142857142 2.31588984375
23.178571428571427 2.31588984375
23.214285714285715 2.31588984375
23.25 2.31588984375
23.285714285714285 2.30857265625
23.321428571428573 2.31588984375
23.357142857142858 2.31588984375
23.392857142857142 2.31588984375
23.428571428571427 2.31588984375
23.464285714285715 2.31588984375
23.5 2.31588984375
23.535714285714285 2.31588984375
23.571428571428573 2.31588984375
23.607142857142858 2.31588984375
23.642857142857142 2.31588984375
23.678571428571427 2.31588984375
23.714285714285715 2.31223125
23.75 2.31588984375
23.821428571428573 2.31588984375
23.857142857142858 2.3341828125
23.892857142857142 2.3341828125
23.928571428571427 2.3341828125
23.964285714285715 2.3341828125
24.0 2.3341828125
24.035714285714285 2.3341828125
24.071428571428573 2.3341828125
24.107142857142858 2.3341828125
24.142857142857142 2.33052421875
24.178571428571427 2.3341828125
24.214285714285715 2.33052421875
24.25 2.3341828125
24.285714285714285 2.3341828125
24.321428571428573 2.33052421875
24.357142857142858 2.33052421875
24.392857142857142 2.33052421875
24.428571428571427 2.33052421875
24.464285714285715 2.33052421875
24.5 2.33052421875
24.535714285714285 2.32320703125
24.571428571428573 2.33052421875
24.607142857142858 2.33052421875
24.642857142857142 2.32320703125
24.678571428571427 2.326865625
24.714285714285715 2.33052421875
24.75 2.33052421875
24.785714285714285 2.326865625
24.821428571428573 2.326865625
24.892857142857142 2.326865625
24.928571428571427 2.3488171875
24.964285714285715 2.35979296875
25.0 2.3634515625
25.035714285714285 2.3634515625
25.071428571428573 2.3634515625
25.107142857142858 2.3634515625
25.142857142857142 2.3634515625
25.178571428571427 2.3634515625
25.214285714285715 2.3634515625
25.25 2.3634515625
25.285714285714285 2.3634515625
25.321428571428573 2.3634515625
25.357142857142858 2.3634515625
25.392857142857142 2.3634515625
25.428571428571427 2.3634515625
25.464285714285715 2.3634515625
25.5 2.3634515625
25.535714285714285 2.3634515625
25.571428571428573 2.3634515625
25.607142857142858 2.35979296875
25.642857142857142 2.35979296875
25.678571428571427 2.35979296875
25.714285714285715 2.35979296875
25.75 2.3634515625
25.785714285714285 2.3634515625
25.821428571428573 2.35979296875
25.857142857142858 2.35979296875
25.892857142857142 2.3488171875
25.928571428571427 2.35979296875
25.964285714285715 2.34515859375
26.035714285714285 2.3780859375
26.071428571428573 2.385403125
26.107142857142858 2.4000375
26.142857142857142 2.4000375
26.178571428571427 2.40369609375
26.214285714285715 2.40369609375
26.25 2.4000375
26.285714285714285 2.4000375
26.321428571428573 2.4000375
26.357142857142858 2.4000375
26.392857142857142 2.4000375
26.428571428571427 2.4000375
26.464285714285715 2.4000375
26.5 2.4000375
26.535714285714285 2.4000375
26.571428571428573 2.4000375
26.607142857142858 2.4000375
26.642857142857142 2.4000375
26.678571428571427 2.39637890625
26.714285714285715 2.4000375
26.75 2.4000375
26.785714285714285 2.4000375
26.821428571428573 2.39637890625
26.857142857142858 2.4000375
26.892857142857142 2.4000375
26.928571428571427 2.39637890625
26.964285714285715 2.39637890625
27.0 2.39637890625
27.035714285714285 2.39637890625
27.071428571428573 2.38174453125
27.107142857142858 2.40369609375
27.142857142857142 2.4219890625000002
27.178571428571427 2.4256476562500002
27.214285714285715 2.4256476562500002
27.25 2.4256476562500002
27.285714285714285 2.4256476562500002
27.321428571428573 2.4256476562500002
27.357142857142858 2.4219890625000002
27.392857142857142 2.4219890625000002
27.428571428571427 2.4219890625000002
27.464285714285715 2.4219890625000002
27.5 2.4219890625000002
27.535714285714285 2.4219890625000002
27.571428571428573 2.4219890625000002
27.607142857142858 2.4219890625000002
27.642857142857142 2.4219890625000002
27.678571428571427 2.4219890625000002
27.714285714285715 2.41833046875
27.75 2.41833046875
27.785714285714285 2.41833046875
27.821428571428573 2.4219890625000002
27.857142857142858 2.41833046875
27.892857142857142 2.41833046875
27.928571428571427 2.41833046875
27.964285714285715 2.41833046875
28.0 2.41833046875
28.035714285714285 2.41833046875
28.071428571428573 2.41833046875
28.107142857142858 2.41833046875
28.142857142857142 2.41833046875
28.178571428571427 2.4219890625000002
28.25 2.443940625
28.285714285714285 2.458575
28.321428571428573 2.4658921875
28.357142857142858 2.473209375
28.392857142857142 2.473209375
28.428571428571427 2.473209375
28.464285714285715 2.473209375
28.5 2.473209375
28.535714285714285 2.473209375
28.571428571428573 2.473209375
28.607142857142858 2.473209375
28.642857142857142 2.473209375
28.678571428571427 2.473209375
28.714285714285715 2.473209375
28.75 2.473209375
28.785714285714285 2.46955078125
28.821428571428573 2.473209375
28.857142857142858 2.46955078125
28.892857142857142 2.473209375
28.928571428571427 2.46955078125
28.964285714285715 2.46955078125
29.0 2.46955078125
29.035714285714285 2.46955078125
29.071428571428573 2.46955078125
29.107142857142858 2.46955078125
29.142857142857142 2.46955078125
29.178571428571427 2.46955078125
29.214285714285715 2.46955078125
29.25 2.45491640625
29.285714285714285 2.45491640625
29.321428571428573 2.46223359375
29.357142857142858 2.49881953125
29.392857142857142 2.502478125
29.428571428571427 2.502478125
29.464285714285715 2.502478125
29.5 2.502478125
29.535714285714285 2.49881953125
29.571428571428573 2.49881953125
29.607142857142858 2.49881953125
29.642857142857142 2.49881953125
29.678571428571427 2.49881953125
29.714285714285715 2.49881953125
29.75 2.49881953125
29.785714285714285 2.49881953125
29.821428571428573 2.49881953125
29.857142857142858 2.49881953125
29.892857142857142 2.4951609375
29.928571428571427 2.4951609375
29.964285714285715 2.4951609375
30.0 2.4951609375
30.035714285714285 2.4951609375
30.071428571428573 2.4951609375
30.107142857142858 2.4951609375
30.142857142857142 2.4951609375
30.178571428571427 2.4951609375
30.214285714285715 2.4951609375
30.25 2.4951609375
30.285714285714285 2.4951609375
30.321428571428573 2.4951609375
30.392857142857142 2.4951609375
30.428571428571427 2.50613671875
30.464285714285715 2.52077109375
30.5 2.5244296875
30.535714285714285 2.52808828125
30.571428571428573 2.5244296875
30.607142857142858 2.5244296875
30.642857142857142 2.52808828125
30.678571428571427 2.5244296875
30.714285714285715 2.5244296875
30.75 2.5244296875
30.785714285714285 2.5244296875
30.821428571428573 2.5244296875
30.857142857142858 2.5244296875
30.892857142857142 2.5244296875
30.928571428571427 2.52077109375
30.964285714285715 2.52077109375
31.0 2.52077109375
31.035714285714285 2.52077109375
31.071428571428573 2.52077109375
31.107142857142858 2.52077109375
31.142857142857142 2.52077109375
31.178571428571427 2.52077109375
31.214285714285715 2.52077109375
31.25 2.52077109375
31.285714285714285 2.52077109375
31.321428571428573 2.52077109375
31.357142857142858 2.52077109375
31.392857142857142 2.52077109375
31.428571428571427 2.5171125
31.464285714285715 2.52077109375
31.5 2.52077109375
31.535714285714285 2.5244296875
31.571428571428573 2.5390640625
31.607142857142858 2.54272265625
31.642857142857142 2.54272265625
31.678571428571427 2.54272265625
31.714285714285715 2.54272265625
31.75 2.5390640625
31.785714285714285 2.5390640625
31.821428571428573 2.5390640625
31.857142857142858 2.5390640625
31.892857142857142 2.5390640625
31.928571428571427 2.5390640625
31.964285714285715 2.5390640625
32.0 2.52808828125
32.035714285714285 2.5244296875
32.07142857142857 2.53540546875
32.107142857142854 2.53540546875
32.142857142857146 2.53540546875
32.17857142857143 2.53540546875
32.214285714285715 2.53540546875
32.25 2.53540546875
32.285714285714285 2.531746875
32.32142857142857 2.531746875
32.357142857142854 2.531746875
32.392857142857146 2.53540546875
32.42857142857143 2.53540546875
32.464285714285715 2.53540546875
32.5 2.53540546875
32.535714285714285 2.53540546875
32.57142857142857 2.53540546875
32.607142857142854 2.5244296875
32.642857142857146 2.561015625
32.67857142857143 2.57199140625
32.714285714285715 2.57930859375
32.75 2.5829671875
32.785714285714285 2.5829671875
32.82142857142857 2.5829671875
32.857142857142854 2.5829671875
32.892857142857146 2.5829671875
32.92857142857143 2.5829671875
32.964285714285715 2.5829671875
33.0 2.5829671875
33.035714285714285 2.5829671875
33.07142857142857 2.57930859375
33.107142857142854 2.57930859375
33.142857142857146 2.57930859375
33.17857142857143 2.57930859375
33.214285714285715 2.57930859375
33.25 2.57930859375
33.285714285714285 2.57930859375
33.32142857142857 2.57930859375
33.357142857142854 2.57930859375
33.392857142857146 2.57930859375
33.42857142857143 2.57930859375
33.464285714285715 2.57930859375
33.5 2.57930859375
33.535714285714285 2.57930859375
33.57142857142857 2.57930859375
33.607142857142854 2.57565
33.642857142857146 2.57565
33.67857142857143 2.561015625
33.714285714285715 2.56467421875
33.75 2.590284375
33.785714285714285 2.6122359375
33.82142857142857 2.619553125
33.857142857142854 2.6268703125
33.892857142857146 2.6268703125
33.92857142857143 2.6268703125
33.964285714285715 2.6268703125
34.0 2.6268703125
34.035714285714285 2.6268703125
34.07142857142857 2.6268703125
34.107142857142854 2.6268703125
34.142857142857146 2.6268703125
34.17857142857143 2.6268703125
34.214285714285715 2.6268703125
34.25 2.6268703125
34.285714285714285 2.62321171875
34.32142857142857 2.6268703125
34.357142857142854 2.62321171875
34.392857142857146 2.62321171875
34.42857142857143 2.62321171875
34.464285714285715 2.62321171875
34.5 2.62321171875
34.535714285714285 2.62321171875
34.57142857142857 2.62321171875
34.607142857142854 2.62321171875
34.642857142857146 2.62321171875
34.67857142857143 2.62321171875
34.714285714285715 2.62321171875
34.75 2.62321171875
34.785714285714285 2.6268703125
34.82142857142857 2.62321171875
34.857142857142854 2.65248046875
34.892857142857146 2.65979765625
34.92857142857143 2.65979765625
34.964285714285715 2.66711484375
35.0 2.6707734375
35.035714285714285 2.6707734375
35.07142857142857 2.66711484375
35.107142857142854 2.66711484375
35.142857142857146 2.66711484375
35.17857142857143 2.66711484375
35.214285714285715 2.66711484375
35.25 2.66711484375
35.285714285714285 2.66711484375
35.32142857142857 2.66345625
35.357142857142854 2.66345625
35.392857142857146 2.66345625
35.42857142857143 2.66345625
35.464285714285715 2.66345625
35.5 2.66345625
35.535714285714285 2.66345625
35.57142857142857 2.66345625
35.607142857142854 2.66345625
35.642857142857146 2.66345625
35.67857142857143 2.66345625
35.714285714285715 2.66345625
35.75 2.66345625
35.785714285714285 2.66345625
35.82142857142857 2.66345625
35.857142857142854 2.66345625
35.892857142857146 2.66345625
35.92857142857143 2.66345625
35.964285714285715 2.692725
36.0 2.70370078125
36.035714285714285 2.7110179687500002
36.07142857142857 2.7146765625000002
36.107142857142854 2.7146765625000002
36.142857142857146 2.7146765625000002
36.17857142857143 2.7146765625000002
36.214285714285715 2.7146765625000002
36.25 2.7146765625000002
36.285714285714285 2.7146765625000002
36.32142857142857 2.7146765625000002
36.357142857142854 2.7146765625000002
36.392857142857146 2.7146765625000002
36.42857142857143 2.7110179687500002
36.464285714285715 2.7110179687500002
36.5 2.7110179687500002
36.535714285714285 2.7110179687500002
36.57142857142857 2.7110179687500002
36.607142857142854 2.7073593750000002
36.642857142857146 2.7073593750000002
36.67857142857143 2.7073593750000002
36.714285714285715 2.7073593750000002
36.75 2.7073593750000002
36.785714285714285 2.7073593750000002
36.82142857142857 2.7073593750000002
36.857142857142854 2.7073593750000002
36.892857142857146 2.7073593750000002
36.92857142857143 2.7073593750000002
36.964285714285715 2.7110179687500002
37.0 2.7110179687500002
37.035714285714285 2.7110179687500002
37.07142857142857 2.74028671875
37.107142857142854 2.7512625
37.142857142857146 2.7585796875
37.17857142857143 2.76223828125
37.214285714285715 2.765896875
37.25 2.765896875
37.285714285714285 2.765896875
37.32142857142857 2.76223828125
37.357142857142854 2.76223828125
37.392857142857146 2.76223828125
37.42857142857143 2.76223828125
37.464285714285715 2.76223828125
37.5 2.76223828125
37.535714285714285 2.76223828125
37.57142857142857 2.76223828125
37.607142857142854 2.7585796875
37.642857142857146 2.76223828125
37.67857142857143 2.7585796875
37.714285714285715 2.7585796875
37.75 2.7585796875
37.785714285714285 2.7585796875
37.82142857142857 2.7585796875
37.857142857142854 2.7585796875
37.892857142857146 2.7585796875
37.92857142857143 2.7585796875
37.964285714285715 2.7585796875
38.0 2.7585796875
38.035714285714285 2.7585796875
38.07142857142857 2.7585796875
38.107142857142854 2.7512625
38.142857142857146 2.7732140625
38.17857142857143 2.7732140625
38.214285714285715 2.7878484375
38.25 2.79882421875
38.285714285714285 2.79882421875
38.32142857142857 2.79882421875
38.357142857142854 2.79882421875
38.392857142857146 2.79882421875
38.42857142857143 2.79882421875
38.464285714285715 2.795165625
38.5 2.795165625
38.535714285714285 2.795165625
38.57142857142857 2.795165625
38.607142857142854 2.795165625
38.642857142857146 2.795165625
38.67857142857143 2.795165625
38.714285714285715 2.795165625
38.75 2.795165625
38.785714285714285 2.795165625
38.82142857142857 2.795165625
38.857142857142854 2.795165625
38.892857142857146 2.795165625
38.92857142857143 2.795165625
38.964285714285715 2.795165625
39.0 2.795165625
39.035714285714285 2.795165625
39.07142857142857 2.795165625
39.107142857142854 2.79150703125
39.142857142857146 2.795165625
39.17857142857143 2.795165625
39.214285714285715 2.79150703125
39.25 2.80614140625
39.285714285714285 2.82809296875
39.32142857142857 2.83541015625
39.357142857142854 2.84272734375
39.392857142857146 2.8463859375
39.42857142857143 2.85004453125
39.464285714285715 2.85004453125
39.5 2.85004453125
39.535714285714285 2.85004453125
39.57142857142857 2.8463859375
39.607142857142854 2.8463859375
39.642857142857146 2.8463859375
39.67857142857143 2.8463859375
39.714285714285715 2.8463859375
39.75 2.8463859375
39.785714285714285 2.8463859375
39.82142857142857 2.8463859375
39.857142857142854 2.8463859375
39.892857142857146 2.8463859375
39.92857142857143 2.8463859375
