0.21428571428571427 3.4317609375
0.25 3.4317609375
0.2857142857142857 3.4317609375
0.32142857142857145 3.4317609375
0.35714285714285715 3.4317609375
0.39285714285714285 3.4317609375
0.42857142857142855 3.4317609375
0.4642857142857143 3.4317609375
0.5 3.4317609375
0.5357142857142857 3.4317609375
0.5714285714285714 3.4317609375
0.8571428571428571 3.4171265625
0.8928571428571429 3.41346796875
0.9285714285714286 3.41346796875
0.9642857142857143 3.41346796875
1.0 3.41346796875
1.0357142857142858 3.41346796875
1.0714285714285714 3.41346796875
1.1071428571428572 3.41346796875
1.1428571428571428 3.41346796875
1.1785714285714286 3.41346796875
1.2142857142857142 3.41346796875
1.5357142857142858 3.39883359375
1.5714285714285714 3.39883359375
1.6071428571428572 3.395175
1.6428571428571428 3.395175
1.6785714285714286 3.395175
1.7142857142857142 3.395175
1.75 3.395175
1.7857142857142858 3.395175
1.8214285714285714 3.395175
1.8571428571428572 3.395175
1.8928571428571428 3.395175
2.2142857142857144 3.380540625
2.25 3.37688203125
2.2857142857142856 3.37688203125
2.3214285714285716 3.37688203125
2.357142857142857 3.37688203125
2.392857142857143 3.37688203125
2.4285714285714284 3.37688203125
2.4642857142857144 3.37688203125
2.5 3.37688203125
2.5357142857142856 3.37688203125
2.5714285714285716 3.37688203125
2.857142857142857 3.3585890625
2.892857142857143 3.36224765625
2.9285714285714284 3.36224765625
2.9642857142857144 3.3585890625
3.0 3.3585890625
3.0357142857142856 3.3585890625
3.0714285714285716 3.3585890625
3.107142857142857 3.3585890625
3.142857142857143 3.3585890625
3.1785714285714284 3.3585890625
3.2142857142857144 3.3585890625
3.25 3.3585890625
3.5714285714285716 3.3439546875
3.607142857142857 3.34029609375
3.642857142857143 3.34029609375
3.6785714285714284 3.3439546875
3.7142857142857144 3.3439546875
3.75 3.3439546875
3.7857142857142856 3.34029609375
3.8214285714285716 3.34029609375
3.857142857142857 3.34029609375
3.892857142857143 3.34029609375
3.9285714285714284 3.34029609375
4.214285714285714 3.3293203125
4.25 3.3293203125
4.285714285714286 3.3293203125
4.321428571428571 3.3293203125
4.357142857142857 3.32566171875
4.392857142857143 3.32566171875
4.428571428571429 3.32566171875
4.464285714285714 3.32566171875
4.5 3.32566171875
4.535714285714286 3.32566171875
4.571428571428571 3.32566171875
4.892857142857143 3.31102734375
4.928571428571429 3.31102734375
4.964285714285714 3.31102734375
5.0 3.31102734375
5.035714285714286 3.31102734375
5.071428571428571 3.31102734375
5.107142857142857 3.31102734375
5.142857142857143 3.31102734375
5.178571428571429 3.31102734375
5.214285714285714 3.31102734375
5.535714285714286 3.29639296875
5.571428571428571 3.29639296875
5.607142857142857 3.29639296875
5.642857142857143 3.29639296875
5.678571428571429 3.29639296875
5.714285714285714 3.29639296875
5.75 3.29639296875
5.785714285714286 3.29639296875
5.821428571428571 3.29639296875
5.857142857142857 3.29639296875
5.892857142857143 3.29639296875
6.214285714285714 3.2781000000000002
6.25 3.2781000000000002
6.285714285714286 3.2781000000000002
6.321428571428571 3.2781000000000002
6.357142857142857 3.2781000000000002
6.392857142857143 3.2781000000000002
6.428571428571429 3.2781000000000002
6.464285714285714 3.2781000000000002
6.5 3.2781000000000002
6.535714285714286 3.2781000000000002
6.571428571428571 3.2781000000000002
6.607142857142857 3.27444140625
6.857142857142857 3.263465625
6.892857142857143 3.263465625
6.928571428571429 3.263465625
6.964285714285714 3.263465625
7.0 3.263465625
7.035714285714286 3.263465625
7.071428571428571 3.263465625
7.107142857142857 3.263465625
7.142857142857143 3.263465625
7.178571428571429 3.263465625
7.214285714285714 3.263465625
7.25 3.263465625
7.571428571428571 3.24517265625
7.607142857142857 3.2415140625
7.642857142857143 3.2415140625
7.678571428571429 3.2415140625
7.714285714285714 3.2415140625
7.75 3.23785546875
7.785714285714286 3.23785546875
7.821428571428571 3.23785546875
7.857142857142857 3.23785546875
7.892857142857143 3.23785546875
7.928571428571429 3.23785546875
8.25 3.22322109375
8.285714285714286 3.22322109375
8.321428571428571 3.22322109375
8.357142857142858 3.22322109375
8.392857142857142 3.2195625
8.428571428571429 3.2195625
8.464285714285714 3.2195625
8.5 3.2195625
8.535714285714286 3.2195625
8.571428571428571 3.2195625
8.892857142857142 3.204928125
8.928571428571429 3.204928125
8.964285714285714 3.204928125
9.0 3.20126953125
9.035714285714286 3.20126953125
9.071428571428571 3.20126953125
9.107142857142858 3.20126953125
9.142857142857142 3.20126953125
9.178571428571429 3.20126953125
9.214285714285714 3.20126953125
9.25 3.20126953125
9.571428571428571 3.18663515625
9.607142857142858 3.18663515625
9.642857142857142 3.18663515625
9.678571428571429 3.1829765625
9.714285714285714 3.1829765625
9.75 3.1829765625
9.785714285714286 3.1829765625
9.821428571428571 3.1829765625
9.857142857142858 3.1829765625
9.892857142857142 3.1829765625
9.928571428571429 3.1829765625
9.964285714285714 3.17931796875
10.214285714285714 3.1683421875
10.25 3.1683421875
10.285714285714286 3.16468359375
10.321428571428571 3.16468359375
10.357142857142858 3.16468359375
10.392857142857142 3.16468359375
10.428571428571429 3.16468359375
10.464285714285714 3.16468359375
10.5 3.16468359375
10.535714285714286 3.16468359375
10.571428571428571 3.16468359375
10.607142857142858 3.16468359375
10.928571428571429 3.146390625
10.964285714285714 3.146390625
11.0 3.146390625
11.035714285714286 3.146390625
11.071428571428571 3.146390625
11.107142857142858 3.146390625
11.142857142857142 3.146390625
11.178571428571429 3.146390625
11.214285714285714 3.146390625
11.25 3.146390625
11.571428571428571 3.13175625
11.607142857142858 3.13175625
11.642857142857142 3.13175625
11.678571428571429 3.13175625
11.714285714285714 3.13175625
11.75 3.13175625
11.785714285714286 3.13175625
11.821428571428571 3.13175625
11.857142857142858 3.12809765625
11.892857142857142 3.12809765625
11.928571428571429 3.12809765625
12.25 3.117121875
12.285714285714286 3.117121875
12.321428571428571 3.117121875
12.357142857142858 3.11346328125
12.392857142857142 3.11346328125
12.428571428571429 3.11346328125
12.464285714285714 3.11346328125
12.5 3.11346328125
12.535714285714286 3.11346328125
12.571428571428571 3.11346328125
12.892857142857142 3.09882890625
12.928571428571429 3.09882890625
12.964285714285714 3.09882890625
13.0 3.09882890625
13.035714285714286 3.09882890625
13.071428571428571 3.09882890625
13.107142857142858 3.0951703125
13.142857142857142 3.0951703125
13.178571428571429 3.0951703125
13.214285714285714 3.0951703125
13.25 3.0951703125
13.571428571428571 3.0805359375
13.607142857142858 3.0805359375
13.642857142857142 3.0805359375
13.678571428571429 3.07687734375
13.714285714285714 3.0805359375
13.75 3.07687734375
13.785714285714286 3.07687734375
13.821428571428571 3.07687734375
13.857142857142858 3.07687734375
13.892857142857142 3.07687734375
13.928571428571429 3.07687734375
13.964285714285714 3.07687734375
14.25 3.06224296875
14.285714285714286 3.06224296875
14.321428571428571 3.06224296875
14.357142857142858 3.06224296875
14.392857142857142 3.06224296875
14.428571428571429 3.06224296875
14.464285714285714 3.058584375
14.5 3.06224296875
14.535714285714286 3.058584375
14.571428571428571 3.058584375
14.607142857142858 3.058584375
14.928571428571429 3.04760859375
14.964285714285714 3.04760859375
15.0 3.04760859375
15.035714285714286 3.04395
15.071428571428571 3.04395
15.107142857142858 3.04760859375
15.142857142857142 3.04760859375
15.178571428571429 3.04395
15.214285714285714 3.04395
15.25 3.04395
15.285714285714286 3.04395
15.607142857142858 3.03297421875
15.642857142857142 3.03297421875
15.678571428571429 3.03297421875
15.714285714285714 3.03297421875
15.75 3.03297421875
15.785714285714286 3.03297421875
15.821428571428571 3.03297421875
15.857142857142858 3.03297421875
15.892857142857142 3.03297421875
15.928571428571429 3.03297421875
15.964285714285714 3.03297421875
16.25 3.0219984375
16.285714285714285 3.02565703125
16.321428571428573 3.0219984375
16.357142857142858 3.0219984375
16.392857142857142 3.0219984375
16.428571428571427 3.0219984375
16.464285714285715 3.0219984375
16.5 3.0219984375
16.535714285714285 3.0219984375
16.571428571428573 3.0219984375
16.607142857142858 3.0219984375
16.928571428571427 3.0073640625
16.964285714285715 3.0073640625
17.0 3.0073640625
17.035714285714285 3.0073640625
17.071428571428573 3.0073640625
17.107142857142858 3.0073640625
17.142857142857142 3.0073640625
17.178571428571427 3.0073640625
17.214285714285715 3.0073640625
17.25 3.0073640625
17.285714285714285 3.00370546875
17.321428571428573 3.00370546875
17.571428571428573 2.9963882812500002
17.607142857142858 3.0000468750000002
17.642857142857142 3.0000468750000002
17.678571428571427 3.0000468750000002
17.714285714285715 3.0000468750000002
17.75 3.0000468750000002
17.785714285714285 2.9963882812500002
17.821428571428573 2.9963882812500002
17.857142857142858 2.9963882812500002
17.892857142857142 2.9963882812500002
17.928571428571427 2.9963882812500002
17.964285714285715 2.9963882812500002
18.25 2.98175390625
18.285714285714285 2.98175390625
18.321428571428573 2.98175390625
18.357142857142858 2.98175390625
18.392857142857142 2.98175390625
18.428571428571427 2.98175390625
18.464285714285715 2.98175390625
18.5 2.98175390625
18.535714285714285 2.98175390625
18.571428571428573 2.98175390625
18.607142857142858 2.98175390625
18.642857142857142 2.98175390625
18.928571428571427 2.96711953125
18.964285714285715 2.96711953125
19.0 2.9634609375
19.035714285714285 2.9634609375
19.071428571428573 2.9634609375
19.107142857142858 2.9634609375
19.142857142857142 2.9634609375
19.178571428571427 2.9634609375
19.214285714285715 2.9634609375
19.25 2.9634609375
19.285714285714285 2.9634609375
19.321428571428573 2.9634609375
19.607142857142858 2.9488265625
19.642857142857142 2.95248515625
19.678571428571427 2.9488265625
19.714285714285715 2.9488265625
19.75 2.9488265625
19.785714285714285 2.9488265625
19.821428571428573 2.9488265625
19.857142857142858 2.9488265625
19.892857142857142 2.9488265625
19.928571428571427 2.9488265625
19.964285714285715 2.9488265625
20.25 2.9341921875
20.285714285714285 2.9341921875
20.321428571428573 2.93053359375
20.357142857142858 2.93053359375
20.392857142857142 2.93053359375
20.428571428571427 2.93053359375
20.464285714285715 2.93053359375
20.5 2.93053359375
20.535714285714285 2.93053359375
20.571428571428573 2.93053359375
20.607142857142858 2.93053359375
20.928571428571427 2.91589921875
20.964285714285715 2.91589921875
21.0 2.91589921875
21.035714285714285 2.91589921875
21.071428571428573 2.91589921875
21.107142857142858 2.912240625
21.142857142857142 2.912240625
21.178571428571427 2.912240625
21.214285714285715 2.912240625
21.25 2.912240625
21.285714285714285 2.912240625
21.321428571428573 2.90858203125
21.607142857142858 2.89760625
21.642857142857142 2.89760625
21.678571428571427 2.89394765625
21.714285714285715 2.89394765625
21.75 2.89394765625
21.785714285714285 2.89394765625
21.821428571428573 2.89394765625
21.857142857142858 2.89394765625
21.892857142857142 2.89394765625
21.928571428571427 2.89394765625
21.964285714285715 2.89394765625
22.285714285714285 2.87931328125
22.321428571428573 2.8756546875
22.357142857142858 2.8756546875
22.392857142857142 2.8756546875
22.428571428571427 2.8756546875
22.464285714285715 2.8756546875
22.5 2.8756546875
22.535714285714285 2.8756546875
22.571428571428573 2.8756546875
22.607142857142858 2.8756546875
22.642857142857142 2.8756546875
22.964285714285715 2.8610203125
23.0 2.8610203125
23.035714285714285 2.8610203125
23.071428571428573 2.8610203125
23.107142857142858 2.8610203125
23.142857142857142 2.85736171875
23.178571428571427 2.85736171875
23.214285714285715 2.85736171875
23.25 2.85736171875
23.285714285714285 2.85736171875
23.321428571428573 2.85736171875
23.607142857142858 2.8463859375
23.642857142857142 2.85004453125
23.678571428571427 2.8463859375
23.714285714285715 2.8463859375
23.75 2.8463859375
23.785714285714285 2.8463859375
23.821428571428573 2.8463859375
23.857142857142858 2.8463859375
23.892857142857142 2.84272734375
23.928571428571427 2.84272734375
23.964285714285715 2.84272734375
24.285714285714285 2.83541015625
24.321428571428573 2.83541015625
24.357142857142858 2.83541015625
24.392857142857142 2.83541015625
24.428571428571427 2.83541015625
24.464285714285715 2.83541015625
24.5 2.83541015625
24.535714285714285 2.83541015625
24.571428571428573 2.8317515625
24.607142857142858 2.8317515625
24.642857142857142 2.8317515625
24.678571428571427 2.82809296875
24.928571428571427 2.82077578125
24.964285714285715 2.82077578125
25.0 2.82077578125
25.035714285714285 2.82077578125
25.071428571428573 2.82077578125
25.107142857142858 2.82077578125
25.142857142857142 2.82077578125
25.178571428571427 2.82077578125
25.214285714285715 2.82077578125
25.25 2.82077578125
25.285714285714285 2.82077578125
25.321428571428573 2.8171171875
25.607142857142858 2.8098
25.642857142857142 2.8098
25.678571428571427 2.8098
25.714285714285715 2.8098
25.75 2.8098
25.785714285714285 2.8098
25.821428571428573 2.8098
25.857142857142858 2.8098
25.892857142857142 2.80614140625
25.928571428571427 2.80614140625
25.964285714285715 2.80614140625
26.0 2.80614140625
26.285714285714285 2.795165625
26.321428571428573 2.795165625
26.357142857142858 2.795165625
26.392857142857142 2.795165625
26.428571428571427 2.795165625
26.464285714285715 2.795165625
26.5 2.795165625
26.535714285714285 2.795165625
26.571428571428573 2.795165625
26.607142857142858 2.795165625
26.642857142857142 2.795165625
26.678571428571427 2.795165625
26.964285714285715 2.78418984375
27.0 2.78418984375
27.035714285714285 2.78053125
27.071428571428573 2.78053125
27.107142857142858 2.78053125
27.142857142857142 2.78053125
27.178571428571427 2.78053125
27.214285714285715 2.78053125
27.25 2.78053125
27.285714285714285 2.78053125
27.321428571428573 2.78053125
27.607142857142858 2.765896875
27.642857142857142 2.765896875
27.678571428571427 2.765896875
27.714285714285715 2.765896875
27.75 2.765896875
27.785714285714285 2.765896875
27.821428571428573 2.765896875
27.857142857142858 2.76223828125
27.892857142857142 2.76223828125
27.928571428571427 2.76223828125
27.964285714285715 2.76223828125
28.285714285714285 2.7512625
28.321428571428573 2.7512625
28.357142857142858 2.7512625
28.392857142857142 2.74760390625
28.428571428571427 2.74760390625
28.464285714285715 2.74760390625
28.5 2.74760390625
28.535714285714285 2.74760390625
28.571428571428573 2.74760390625
28.607142857142858 2.74760390625
28.642857142857142 2.74760390625
28.678571428571427 2.7439453125
28.964285714285715 2.73296953125
29.0 2.73296953125
29.035714285714285 2.73296953125
29.071428571428573 2.73296953125
29.107142857142858 2.7293109375
29.142857142857142 2.7293109375
29.178571428571427 2.7293109375
29.214285714285715 2.7293109375
29.25 2.7293109375
29.285714285714285 2.7293109375
29.321428571428573 2.7293109375
29.607142857142858 2.71833515625
29.642857142857142 2.7146765625000002
29.678571428571427 2.7146765625000002
29.714285714285715 2.7146765625000002
29.75 2.7146765625000002
29.785714285714285 2.7146765625000002
29.821428571428573 2.7146765625000002
29.857142857142858 2.7146765625000002
29.892857142857142 2.7146765625000002
29.928571428571427 2.7146765625000002
29.964285714285715 2.7146765625000002
30.0 2.7110179687500002
30.321428571428573 2.7000421875
30.357142857142858 2.7000421875
30.392857142857142 2.69638359375
30.428571428571427 2.69638359375
30.464285714285715 2.69638359375
30.5 2.69638359375
30.535714285714285 2.69638359375
30.571428571428573 2.69638359375
30.607142857142858 2.69638359375
30.642857142857142 2.69638359375
30.678571428571427 2.69638359375
30.964285714285715 2.6854078125
31.0 2.6854078125
31.035714285714285 2.6854078125
31.071428571428573 2.6854078125
31.107142857142858 2.6854078125
31.142857142857142 2.6854078125
31.178571428571427 2.6854078125
31.214285714285715 2.6854078125
31.25 2.6854078125
31.285714285714285 2.6854078125
31.321428571428573 2.6854078125
31.607142857142858 2.67443203125
31.642857142857142 2.67443203125
31.678571428571427 2.67443203125
31.714285714285715 2.6707734375
31.75 2.6707734375
31.785714285714285 2.6707734375
31.821428571428573 2.6707734375
31.857142857142858 2.6707734375
31.892857142857142 2.6707734375
31.928571428571427 2.6707734375
31.964285714285715 2.6707734375
32.0 2.6707734375
32.285714285714285 2.6561390625
32.32142857142857 2.6561390625
32.357142857142854 2.6561390625
32.392857142857146 2.6561390625
32.42857142857143 2.6561390625
32.464285714285715 2.6561390625
32.5 2.6561390625
32.535714285714285 2.6561390625
32.57142857142857 2.6561390625
32.607142857142854 2.65248046875
32.642857142857146 2.65248046875
32.67857142857143 2.65248046875
32.714285714285715 2.65248046875
32.964285714285715 2.64516328125
33.0 2.64516328125
33.035714285714285 2.6415046875
33.07142857142857 2.64516328125
33.107142857142854 2.6415046875
33.142857142857146 2.6415046875
33.17857142857143 2.6415046875
33.214285714285715 2.6415046875
33.25 2.6415046875
33.285714285714285 2.6415046875
33.32142857142857 2.6415046875
33.357142857142854 2.6415046875
33.607142857142854 2.63052890625
33.642857142857146 2.63052890625
33.67857142857143 2.63052890625
33.714285714285715 2.63052890625
33.75 2.63052890625
33.785714285714285 2.63052890625
33.82142857142857 2.63052890625
33.857142857142854 2.63052890625
33.892857142857146 2.63052890625
33.92857142857143 2.6268703125
33.964285714285715 2.6268703125
34.0 2.63052890625
34.035714285714285 2.63052890625
34.32142857142857 2.61589453125
34.357142857142854 2.61589453125
34.392857142857146 2.61589453125
34.42857142857143 2.61589453125
34.464285714285715 2.61589453125
34.5 2.61589453125
34.535714285714285 2.61589453125
34.57142857142857 2.61589453125
34.607142857142854 2.6122359375
34.642857142857146 2.6122359375
34.67857142857143 2.6122359375
35.0 2.60491875
35.035714285714285 2.60491875
35.07142857142857 2.60126015625
35.107142857142854 2.60126015625
35.142857142857146 2.60126015625
35.17857142857143 2.60126015625
35.214285714285715 2.60126015625
35.25 2.60126015625
35.285714285714285 2.60126015625
35.32142857142857 2.60126015625
35.642857142857146 2.5829671875
35.67857142857143 2.5829671875
35.714285714285715 2.5829671875
35.75 2.57930859375
35.785714285714285 2.57930859375
35.82142857142857 2.57930859375
35.857142857142854 2.57930859375
35.892857142857146 2.57930859375
35.92857142857143 2.57930859375
35.964285714285715 2.57930859375
36.0 2.57930859375
36.32142857142857 2.57199140625
36.357142857142854 2.57199140625
36.392857142857146 2.57199140625
36.42857142857143 2.57199140625
36.464285714285715 2.57199140625
36.5 2.57199140625
36.535714285714285 2.57199140625
36.57142857142857 2.5683328125
36.607142857142854 2.5683328125
36.642857142857146 2.5683328125
36.67857142857143 2.5683328125
36.714285714285715 2.56467421875
36.964285714285715 2.561015625
37.0 2.561015625
37.035714285714285 2.55735703125
37.07142857142857 2.55735703125
37.107142857142854 2.55735703125
37.142857142857146 2.55735703125
37.17857142857143 2.55735703125
37.214285714285715 2.55735703125
37.25 2.55735703125
37.285714285714285 2.55735703125
37.32142857142857 2.55735703125
37.357142857142854 2.55735703125
37.67857142857143 2.54272265625
37.714285714285715 2.54272265625
37.75 2.5390640625
37.785714285714285 2.5390640625
37.82142857142857 2.5390640625
37.857142857142854 2.5390640625
37.892857142857146 2.5390640625
37.92857142857143 2.5390640625
37.964285714285715 2.5390640625
38.0 2.5390640625
38.035714285714285 2.5390640625
38.32142857142857 2.52808828125
38.357142857142854 2.52808828125
38.392857142857146 2.52808828125
38.42857142857143 2.5244296875
38.464285714285715 2.5244296875
38.5 2.5244296875
38.535714285714285 2.5244296875
38.57142857142857 2.5244296875
38.607142857142854 2.5244296875
38.642857142857146 2.5244296875
38.67857142857143 2.5244296875
38.714285714285715 2.5244296875
39.0 2.51345390625
39.035714285714285 2.51345390625
39.07142857142857 2.51345390625
39.107142857142854 2.51345390625
39.142857142857146 2.5097953125
39.17857142857143 2.5097953125
39.214285714285715 2.5097953125
39.25 2.5097953125
39.285714285714285 2.5097953125
39.32142857142857 2.5097953125
39.357142857142854 2.5097953125
39.642857142857146 2.4951609375
39.67857142857143 2.4951609375
39.714285714285715 2.4951609375
39.75 2.4951609375
39.785714285714285 2.4951609375
39.82142857142857 2.4951609375
39.857142857142854 2.4951609375
39.892857142857146 2.4951609375
39.92857142857143 2.4951609375
