0.07142857142857142 0.834159375
0.14285714285714285 0.83050078125
0.17857142857142858 0.82318359375
0.21428571428571427 0.8414765625
0.25 0.84513515625
0.2857142857142857 0.834159375
0.32142857142857145 0.83781796875
0.35714285714285715 0.834159375
0.39285714285714285 0.834159375
0.42857142857142855 0.83781796875
0.4642857142857143 0.83781796875
0.5 0.83781796875
0.5357142857142857 0.83781796875
0.5714285714285714 0.83781796875
0.6071428571428571 0.83781796875
0.6428571428571429 0.83781796875
0.6785714285714286 0.83781796875
0.7857142857142857 0.834159375
0.8214285714285714 0.83050078125
0.8571428571428571 0.83781796875
0.8928571428571429 0.85976953125
0.9285714285714286 0.84879375
0.9642857142857143 0.84879375
1.0 0.84513515625
1.0357142857142858 0.8414765625
1.0714285714285714 0.8414765625
1.1071428571428572 0.84513515625
1.1428571428571428 0.84513515625
1.1785714285714286 0.84879375
1.2142857142857142 0.84879375
1.25 0.84879375
1.2857142857142858 0.84879375
1.3214285714285714 0.84513515625
1.3928571428571428 0.84879375
1.4642857142857142 0.84513515625
1.5357142857142858 0.84879375
1.5714285714285714 0.863428125
1.6071428571428572 0.8561109375
1.6428571428571428 0.8561109375
1.6785714285714286 0.84513515625
1.7142857142857142 0.84513515625
1.75 0.84879375
1.7857142857142858 0.84879375
1.8214285714285714 0.85245234375
1.8571428571428572 0.85245234375
1.8928571428571428 0.85245234375
1.9285714285714286 0.84879375
1.9642857142857142 0.84879375
2.0 0.84879375
2.0714285714285716 0.85245234375
2.107142857142857 0.85245234375
2.2142857142857144 0.85976953125
2.25 0.863428125
2.2857142857142856 0.86708671875
2.3214285714285716 0.85976953125
2.357142857142857 0.85976953125
2.392857142857143 0.85976953125
2.4285714285714284 0.863428125
2.4642857142857144 0.8561109375
2.5 0.85976953125
2.5357142857142856 0.85976953125
2.5714285714285716 0.85976953125
2.607142857142857 0.85976953125
2.642857142857143 0.85976953125
2.7857142857142856 0.86708671875
2.857142857142857 0.8707453125
2.892857142857143 0.8853796875
2.9285714285714284 0.87440390625
2.9642857142857144 0.8707453125
3.0 0.8707453125
3.0357142857142856 0.8707453125
3.0714285714285716 0.87440390625
3.107142857142857 0.8707453125
3.142857142857143 0.87440390625
3.1785714285714284 0.87440390625
3.2142857142857144 0.87440390625
3.25 0.87440390625
3.2857142857142856 0.87440390625
3.3214285714285716 0.87440390625
3.4285714285714284 0.8780625
3.4642857142857144 0.87440390625
3.5 0.87440390625
3.5357142857142856 0.8707453125
3.5714285714285716 0.89635546875
3.607142857142857 0.88172109375
3.642857142857143 0.88172109375
3.6785714285714284 0.88172109375
3.7142857142857144 0.88172109375
3.75 0.88172109375
3.7857142857142856 0.8853796875
3.8214285714285716 0.88172109375
3.857142857142857 0.88172109375
3.892857142857143 0.88172109375
3.9285714285714284 0.8853796875
3.9642857142857144 0.8853796875
4.107142857142857 0.8780625
4.142857142857143 0.87440390625
4.178571428571429 0.8780625
4.214285714285714 0.90367265625
4.25 0.8853796875
4.285714285714286 0.8853796875
4.321428571428571 0.88172109375
4.357142857142857 0.88172109375
4.392857142857143 0.88172109375
4.428571428571429 0.88172109375
4.464285714285714 0.8853796875
4.5 0.8853796875
4.535714285714286 0.8853796875
4.571428571428571 0.8853796875
4.607142857142857 0.8853796875
4.642857142857143 0.8853796875
4.714285714285714 0.88903828125
4.785714285714286 0.8853796875
4.821428571428571 0.88172109375
4.892857142857143 0.9146484375
4.928571428571429 0.89635546875
4.964285714285714 0.8926968750000001
5.0 0.89635546875
5.035714285714286 0.8926968750000001
5.071428571428571 0.89635546875
5.107142857142857 0.9000140625
5.142857142857143 0.9000140625
5.178571428571429 0.9000140625
5.214285714285714 0.9000140625
5.25 0.9000140625
5.285714285714286 0.9000140625
5.321428571428571 0.9000140625
5.464285714285714 0.89635546875
5.5 0.8926968750000001
5.571428571428571 0.9000140625
5.607142857142857 0.9000140625
5.642857142857143 0.89635546875
5.678571428571429 0.8926968750000001
5.714285714285714 0.89635546875
5.75 0.9000140625
5.785714285714286 0.9000140625
5.821428571428571 0.90367265625
5.857142857142857 0.90367265625
5.892857142857143 0.90367265625
5.928571428571429 0.90367265625
5.964285714285714 0.90367265625
6.0 0.9000140625
6.035714285714286 0.90367265625
6.142857142857143 0.9000140625
6.178571428571429 0.89635546875
6.25 0.90367265625
6.285714285714286 0.90367265625
6.321428571428571 0.90733125
6.357142857142857 0.91098984375
6.392857142857143 0.91098984375
6.428571428571429 0.91098984375
6.464285714285714 0.91098984375
6.5 0.91098984375
6.535714285714286 0.91098984375
6.571428571428571 0.91098984375
6.607142857142857 0.91098984375
6.642857142857143 0.91098984375
6.678571428571429 0.91098984375
6.714285714285714 0.91098984375
6.75 0.9146484375
6.785714285714286 0.9146484375
6.821428571428571 0.91098984375
6.892857142857143 0.91830703125
6.928571428571429 0.91830703125
6.964285714285714 0.91830703125
7.0 0.9146484375
7.035714285714286 0.91830703125
7.071428571428571 0.91830703125
7.107142857142857 0.91830703125
7.142857142857143 0.921965625
7.178571428571429 0.91830703125
7.214285714285714 0.91830703125
7.25 0.91830703125
7.285714285714286 0.91830703125
7.321428571428571 0.921965625
7.392857142857143 0.921965625
7.464285714285714 0.92562421875
7.5 0.921965625
7.571428571428571 0.9366
7.607142857142857 0.93294140625
7.642857142857143 0.93294140625
7.678571428571429 0.93294140625
7.714285714285714 0.9366
7.75 0.9366
7.785714285714286 0.94025859375
7.821428571428571 0.94025859375
7.857142857142857 0.94025859375
7.892857142857143 0.9366
7.928571428571429 0.9366
7.964285714285714 0.94025859375
8.107142857142858 0.9366
8.142857142857142 0.93294140625
8.178571428571429 0.9439171875
8.214285714285714 0.95489296875
8.25 0.94025859375
8.285714285714286 0.9439171875
8.321428571428571 0.94025859375
8.357142857142858 0.9439171875
8.392857142857142 0.9439171875
8.428571428571429 0.94757578125
8.464285714285714 0.94757578125
8.5 0.94757578125
8.535714285714286 0.94757578125
8.571428571428571 0.94757578125
8.607142857142858 0.94757578125
8.642857142857142 0.94757578125
8.785714285714286 0.951234375
8.821428571428571 0.951234375
8.857142857142858 0.9622101562500001
8.892857142857142 0.9731859375
8.928571428571429 0.9585515625
8.964285714285714 0.9585515625
9.0 0.9622101562500001
9.035714285714286 0.9622101562500001
9.071428571428571 0.96586875
9.107142857142858 0.9622101562500001
9.142857142857142 0.96586875
9.178571428571429 0.96586875
9.214285714285714 0.96586875
9.25 0.96586875
9.285714285714286 0.96586875
9.321428571428571 0.9622101562500001
9.392857142857142 0.9622101562500001
9.464285714285714 0.9622101562500001
9.5 0.97684453125
9.535714285714286 0.980503125
9.571428571428571 0.980503125
9.607142857142858 0.96952734375
9.642857142857142 0.96952734375
9.678571428571429 0.96952734375
9.714285714285714 0.96952734375
9.75 0.96952734375
9.785714285714286 0.96952734375
9.821428571428571 0.96952734375
9.857142857142858 0.96952734375
9.892857142857142 0.96952734375
9.928571428571429 0.96952734375
9.964285714285714 0.96952734375
10.035714285714286 0.9731859375
10.107142857142858 0.9731859375
10.142857142857142 0.9731859375
10.178571428571429 0.9878203125
10.214285714285714 0.9951375
10.25 0.9878203125
10.285714285714286 0.9878203125
10.321428571428571 0.99147890625
10.357142857142858 0.9878203125
10.392857142857142 0.9878203125
10.428571428571429 0.9878203125
10.464285714285714 0.9878203125
10.5 0.9878203125
10.535714285714286 0.99147890625
10.571428571428571 0.9878203125
10.607142857142858 0.99147890625
10.642857142857142 0.99147890625
10.785714285714286 0.9878203125
10.821428571428571 0.9878203125
10.857142857142858 1.01343046875
10.892857142857142 1.0024546875
10.928571428571429 0.99879609375
10.964285714285714 0.99879609375
11.0 0.99879609375
11.035714285714286 1.0024546875
11.071428571428571 1.0024546875
11.107142857142858 1.0024546875
11.142857142857142 1.0024546875
11.178571428571429 1.0024546875
11.214285714285714 1.0024546875
11.25 1.0024546875
11.285714285714286 1.0024546875
11.321428571428571 1.0024546875
11.357142857142858 1.00611328125
11.392857142857142 1.00611328125
11.428571428571429 1.00611328125
11.464285714285714 1.00611328125
11.5 1.0170890625
11.535714285714286 1.0317234375
11.571428571428571 1.02074765625
11.607142857142858 1.02074765625
11.642857142857142 1.02074765625
11.678571428571429 1.0170890625
11.714285714285714 1.0170890625
11.75 1.02074765625
11.785714285714286 1.02074765625
11.821428571428571 1.02074765625
11.857142857142858 1.02440625
11.892857142857142 1.02440625
11.928571428571429 1.02440625
11.964285714285714 1.02440625
12.035714285714286 1.02806484375
12.107142857142858 1.0317234375
12.142857142857142 1.0317234375
12.178571428571429 1.039040625
12.214285714285714 1.05001640625
12.25 1.039040625
12.285714285714286 1.03538203125
12.321428571428571 1.039040625
12.357142857142858 1.04269921875
12.392857142857142 1.039040625
12.428571428571429 1.04269921875
12.464285714285714 1.04269921875
12.5 1.04269921875
12.535714285714286 1.04269921875
12.571428571428571 1.04269921875
12.607142857142858 1.04269921875
12.642857142857142 1.04269921875
12.714285714285714 1.0463578125
12.785714285714286 1.04269921875
12.857142857142858 1.05733359375
12.892857142857142 1.053675
12.928571428571429 1.05001640625
12.964285714285714 1.053675
13.0 1.053675
13.035714285714286 1.053675
13.071428571428571 1.053675
13.107142857142858 1.05733359375
13.142857142857142 1.05733359375
13.178571428571429 1.05733359375
13.214285714285714 1.05733359375
13.25 1.0609921875
13.285714285714286 1.05733359375
13.357142857142858 1.0609921875
13.392857142857142 1.06465078125
13.428571428571429 1.06465078125
13.464285714285714 1.06465078125
13.5 1.068309375
13.535714285714286 1.0902609375
13.571428571428571 1.068309375
13.607142857142858 1.07196796875
13.642857142857142 1.07196796875
13.678571428571429 1.068309375
13.714285714285714 1.07196796875
13.75 1.07196796875
13.785714285714286 1.07196796875
13.821428571428571 1.07196796875
13.857142857142858 1.0756265625
13.892857142857142 1.0756265625
13.928571428571429 1.0756265625
13.964285714285714 1.07196796875
14.035714285714286 1.07928515625
14.071428571428571 1.07928515625
14.142857142857142 1.08294375
14.178571428571429 1.07928515625
14.214285714285714 1.08294375
14.25 1.08294375
14.285714285714286 1.07928515625
14.321428571428571 1.08294375
14.357142857142858 1.08294375
14.392857142857142 1.08294375
14.428571428571429 1.08294375
14.464285714285714 1.08660234375
14.5 1.08660234375
14.535714285714286 1.08660234375
14.571428571428571 1.08660234375
14.607142857142858 1.08660234375
14.678571428571429 1.09391953125
14.75 1.0902609375
14.785714285714286 1.0902609375
14.821428571428571 1.097578125
14.857142857142858 1.1195296875
14.892857142857142 1.10123671875
14.928571428571429 1.10123671875
14.964285714285714 1.097578125
15.0 1.10123671875
15.035714285714286 1.097578125
15.071428571428571 1.10123671875
15.107142857142858 1.10123671875
15.142857142857142 1.1048953125
15.178571428571429 1.1048953125
15.214285714285714 1.1048953125
15.25 1.1048953125
15.285714285714286 1.1048953125
15.357142857142858 1.10855390625
15.428571428571429 1.10855390625
15.5 1.1341640625
15.535714285714286 1.11587109375
15.571428571428571 1.11587109375
15.607142857142858 1.11587109375
15.642857142857142 1.11587109375
15.678571428571429 1.11587109375
15.714285714285714 1.11587109375
15.75 1.1195296875
15.785714285714286 1.1195296875
15.821428571428571 1.1195296875
15.857142857142858 1.1195296875
15.892857142857142 1.1195296875
15.928571428571429 1.1195296875
15.964285714285714 1.1195296875
16.0 1.12318828125
16.035714285714285 1.12318828125
16.071428571428573 1.12318828125
16.142857142857142 1.126846875
16.178571428571427 1.1487984375
16.214285714285715 1.126846875
16.25 1.13050546875
16.285714285714285 1.13050546875
16.321428571428573 1.1341640625
16.357142857142858 1.1341640625
16.392857142857142 1.1341640625
16.428571428571427 1.1341640625
16.464285714285715 1.1341640625
16.5 1.1341640625
16.535714285714285 1.13782265625
16.571428571428573 1.13782265625
16.607142857142858 1.1341640625
16.75 1.13782265625
16.785714285714285 1.13782265625
16.821428571428573 1.14148125
16.892857142857142 1.14513984375
16.928571428571427 1.14513984375
16.964285714285715 1.14513984375
17.0 1.14513984375
17.035714285714285 1.1487984375
17.071428571428573 1.14513984375
17.107142857142858 1.1487984375
17.142857142857142 1.1487984375
17.178571428571427 1.1487984375
17.214285714285715 1.1487984375
17.25 1.1487984375
17.285714285714285 1.1487984375
17.357142857142858 1.15245703125
17.392857142857142 1.1487984375
17.428571428571427 1.1487984375
17.535714285714285 1.15245703125
17.571428571428573 1.15245703125
17.607142857142858 1.15245703125
17.642857142857142 1.15245703125
17.678571428571427 1.156115625
17.714285714285715 1.156115625
17.75 1.156115625
17.785714285714285 1.156115625
17.821428571428573 1.156115625
17.857142857142858 1.156115625
17.892857142857142 1.15977421875
17.928571428571427 1.15977421875
17.964285714285715 1.15977421875
18.0 1.15977421875
18.035714285714285 1.15977421875
18.071428571428573 1.156115625
18.142857142857142 1.156115625
18.214285714285715 1.1634328125
18.25 1.1634328125
18.285714285714285 1.1634328125
18.321428571428573 1.1634328125
18.357142857142858 1.1634328125
18.392857142857142 1.1634328125
18.428571428571427 1.16709140625
18.464285714285715 1.16709140625
18.5 1.16709140625
18.535714285714285 1.16709140625
18.571428571428573 1.16709140625
18.607142857142858 1.16709140625
18.642857142857142 1.16709140625
18.678571428571427 1.16709140625
18.75 1.15977421875
18.785714285714285 1.15977421875
18.821428571428573 1.15977421875
18.857142857142858 1.16709140625
18.892857142857142 1.16709140625
18.928571428571427 1.16709140625
18.964285714285715 1.16709140625
19.0 1.16709140625
19.035714285714285 1.17075
19.071428571428573 1.17075
19.107142857142858 1.17075
19.142857142857142 1.17075
19.178571428571427 1.17075
19.214285714285715 1.17440859375
19.25 1.17075
19.285714285714285 1.17075
19.357142857142858 1.17440859375
19.464285714285715 1.17440859375
19.535714285714285 1.185384375
19.571428571428573 1.18172578125
19.607142857142858 1.18172578125
19.642857142857142 1.18172578125
19.678571428571427 1.18172578125
19.714285714285715 1.18172578125
19.75 1.185384375
19.785714285714285 1.185384375
19.821428571428573 1.185384375
19.857142857142858 1.185384375
19.892857142857142 1.185384375
19.928571428571427 1.185384375
19.964285714285715 1.185384375
20.035714285714285 1.18904296875
20.071428571428573 1.1927015625
20.107142857142858 1.185384375
20.142857142857142 1.185384375
20.214285714285715 1.20001875
20.25 1.1927015625
20.285714285714285 1.19636015625
20.321428571428573 1.19636015625
20.357142857142858 1.19636015625
20.392857142857142 1.19636015625
20.428571428571427 1.19636015625
20.464285714285715 1.19636015625
20.5 1.19636015625
20.535714285714285 1.19636015625
20.571428571428573 1.19636015625
20.607142857142858 1.19636015625
20.678571428571427 1.20001875
20.714285714285715 1.20001875
20.785714285714285 1.19636015625
20.821428571428573 1.2219703125
20.857142857142858 1.2146531250000001
20.892857142857142 1.20367734375
20.928571428571427 1.20367734375
20.964285714285715 1.20367734375
21.0 1.2073359375
21.035714285714285 1.2073359375
21.071428571428573 1.2073359375
21.107142857142858 1.2073359375
21.142857142857142 1.2073359375
21.178571428571427 1.2073359375
21.214285714285715 1.2073359375
21.25 1.2073359375
21.285714285714285 1.2073359375
21.428571428571427 1.20367734375
21.464285714285715 1.20367734375
21.5 1.2219703125
21.535714285714285 1.2073359375
21.571428571428573 1.2109945312500001
21.607142857142858 1.2109945312500001
21.642857142857142 1.2109945312500001
21.678571428571427 1.2109945312500001
21.714285714285715 1.2109945312500001
21.75 1.2109945312500001
21.785714285714285 1.2109945312500001
21.821428571428573 1.2109945312500001
21.857142857142858 1.2109945312500001
21.892857142857142 1.2109945312500001
21.928571428571427 1.2109945312500001
21.964285714285715 1.2109945312500001
22.0 1.2109945312500001
22.071428571428573 1.2073359375
22.107142857142858 1.2073359375
22.142857142857142 1.2219703125
22.178571428571427 1.22562890625
22.214285714285715 1.21831171875
22.25 1.21831171875
22.285714285714285 1.21831171875
22.321428571428573 1.2146531250000001
22.357142857142858 1.21831171875
22.392857142857142 1.21831171875
22.428571428571427 1.21831171875
22.464285714285715 1.21831171875
22.5 1.21831171875
22.535714285714285 1.21831171875
22.571428571428573 1.21831171875
22.607142857142858 1.21831171875
22.678571428571427 1.2219703125
22.75 1.2219703125
22.821428571428573 1.22562890625
22.857142857142858 1.22562890625
22.892857142857142 1.22562890625
22.928571428571427 1.2292875
22.964285714285715 1.2292875
23.0 1.23294609375
23.035714285714285 1.23294609375
23.071428571428573 1.23294609375
23.107142857142858 1.23294609375
23.142857142857142 1.2292875
23.178571428571427 1.23294609375
23.214285714285715 1.23294609375
23.25 1.23294609375
23.285714285714285 1.23294609375
23.357142857142858 1.2292875
23.392857142857142 1.2292875
23.428571428571427 1.2292875
23.5 1.2512390625
23.535714285714285 1.23294609375
23.571428571428573 1.23294609375
23.607142857142858 1.2366046875
23.642857142857142 1.23294609375
23.678571428571427 1.2366046875
23.714285714285715 1.2366046875
23.75 1.2366046875
23.785714285714285 1.2366046875
23.821428571428573 1.2366046875
23.857142857142858 1.24026328125
23.892857142857142 1.24026328125
23.928571428571427 1.24026328125
23.964285714285715 1.24026328125
24.0 1.24026328125
24.071428571428573 1.2366046875
24.178571428571427 1.2658734375
24.214285714285715 1.243921875
24.25 1.243921875
24.285714285714285 1.243921875
24.321428571428573 1.243921875
24.357142857142858 1.24758046875
24.392857142857142 1.24758046875
24.428571428571427 1.24758046875
24.464285714285715 1.24758046875
24.5 1.24758046875
24.535714285714285 1.24758046875
24.571428571428573 1.24758046875
24.607142857142858 1.24758046875
24.714285714285715 1.2512390625
24.857142857142858 1.25855625
24.892857142857142 1.25489765625
24.928571428571427 1.25489765625
24.964285714285715 1.25489765625
25.0 1.25489765625
25.035714285714285 1.25489765625
25.071428571428573 1.25855625
25.107142857142858 1.25855625
25.142857142857142 1.25855625
25.178571428571427 1.25855625
25.214285714285715 1.25855625
25.25 1.25855625
25.321428571428573 1.26221484375
25.357142857142858 1.26221484375
25.392857142857142 1.26221484375
25.535714285714285 1.2658734375
25.571428571428573 1.26221484375
25.607142857142858 1.26221484375
25.642857142857142 1.26221484375
25.678571428571427 1.2658734375
25.714285714285715 1.2658734375
25.75 1.2658734375
25.785714285714285 1.2658734375
25.821428571428573 1.2658734375
25.857142857142858 1.2658734375
25.892857142857142 1.2658734375
25.928571428571427 1.2658734375
26.035714285714285 1.26953203125
26.071428571428573 1.26953203125
26.214285714285715 1.27684921875
26.25 1.273190625
26.285714285714285 1.27684921875
26.321428571428573 1.2805078125
26.357142857142858 1.2805078125
26.392857142857142 1.2805078125
26.428571428571427 1.2805078125
26.464285714285715 1.2805078125
26.5 1.2805078125
26.535714285714285 1.2805078125
26.571428571428573 1.2805078125
26.857142857142858 1.2805078125
26.892857142857142 1.2805078125
26.928571428571427 1.2805078125
26.964285714285715 1.28416640625
27.0 1.28416640625
27.035714285714285 1.28416640625
27.071428571428573 1.28416640625
27.107142857142858 1.28416640625
27.142857142857142 1.28416640625
27.178571428571427 1.28416640625
27.214285714285715 1.28416640625
27.25 1.28416640625
27.285714285714285 1.28416640625
27.392857142857142 1.287825
27.5 1.29148359375
27.535714285714285 1.29148359375
27.571428571428573 1.29148359375
27.607142857142858 1.29148359375
27.642857142857142 1.29148359375
27.678571428571427 1.29148359375
27.714285714285715 1.2951421875
27.75 1.2951421875
27.785714285714285 1.29880078125
27.821428571428573 1.2951421875
27.857142857142858 1.2951421875
27.892857142857142 1.2951421875
27.928571428571427 1.2951421875
27.964285714285715 1.2951421875
28.0 1.29880078125
28.035714285714285 1.29880078125
28.107142857142858 1.29880078125
28.178571428571427 1.302459375
28.214285714285715 1.302459375
28.25 1.302459375
28.285714285714285 1.30611796875
28.321428571428573 1.30611796875
28.357142857142858 1.30611796875
28.392857142857142 1.3097765625
28.428571428571427 1.3097765625
28.464285714285715 1.3097765625
28.5 1.3097765625
28.535714285714285 1.3097765625
28.571428571428573 1.31343515625
28.607142857142858 1.3097765625
28.678571428571427 1.31343515625
28.714285714285715 1.31709375
28.75 1.31343515625
28.785714285714285 1.31343515625
28.857142857142858 1.31709375
28.892857142857142 1.31709375
28.928571428571427 1.31709375
28.964285714285715 1.32075234375
29.0 1.32075234375
29.035714285714285 1.32075234375
29.071428571428573 1.32075234375
29.107142857142858 1.32075234375
29.142857142857142 1.32075234375
29.178571428571427 1.32075234375
29.214285714285715 1.32075234375
29.25 1.32075234375
29.285714285714285 1.32075234375
29.357142857142858 1.3244109375
29.392857142857142 1.3244109375
29.428571428571427 1.3244109375
29.5 1.3390453125
29.535714285714285 1.32806953125
29.571428571428573 1.32806953125
29.607142857142858 1.331728125
29.642857142857142 1.33538671875
29.678571428571427 1.33538671875
29.714285714285715 1.33538671875
29.75 1.33538671875
29.785714285714285 1.33538671875
29.821428571428573 1.33538671875
29.857142857142858 1.33538671875
29.892857142857142 1.33538671875
29.928571428571427 1.33538671875
30.107142857142858 1.331728125
30.178571428571427 1.3536796875000001
30.214285714285715 1.34270390625
30.25 1.34270390625
30.285714285714285 1.34270390625
30.321428571428573 1.34270390625
30.357142857142858 1.34270390625
30.392857142857142 1.34270390625
30.428571428571427 1.34270390625
30.464285714285715 1.34270390625
30.5 1.34270390625
30.535714285714285 1.34270390625
30.571428571428573 1.34270390625
30.607142857142858 1.34270390625
30.678571428571427 1.3463625
30.75 1.3463625
30.785714285714285 1.3463625
30.857142857142858 1.3573382812500001
30.892857142857142 1.3536796875000001
30.928571428571427 1.3573382812500001
30.964285714285715 1.3573382812500001
31.0 1.3573382812500001
31.035714285714285 1.3573382812500001
31.071428571428573 1.3573382812500001
31.107142857142858 1.3573382812500001
31.142857142857142 1.3573382812500001
31.178571428571427 1.3573382812500001
31.214285714285715 1.3573382812500001
31.25 1.3573382812500001
31.357142857142858 1.36465546875
31.428571428571427 1.3573382812500001
31.464285714285715 1.37197265625
31.5 1.3829484375
31.535714285714285 1.3683140625
31.571428571428573 1.3683140625
31.607142857142858 1.3683140625
31.642857142857142 1.3683140625
31.678571428571427 1.37197265625
31.714285714285715 1.3683140625
31.75 1.3683140625
31.785714285714285 1.3683140625
31.821428571428573 1.37197265625
31.857142857142858 1.37197265625
31.892857142857142 1.37197265625
31.928571428571427 1.37197265625
32.0 1.37197265625
32.035714285714285 1.37563125
32.07142857142857 1.37197265625
32.107142857142854 1.38660703125
32.142857142857146 1.38660703125
32.17857142857143 1.37928984375
32.214285714285715 1.37928984375
32.25 1.37928984375
32.285714285714285 1.37928984375
32.32142857142857 1.3829484375
32.357142857142854 1.3829484375
32.392857142857146 1.3829484375
32.42857142857143 1.3829484375
32.464285714285715 1.3829484375
32.5 1.3829484375
32.535714285714285 1.3829484375
32.57142857142857 1.3829484375
32.67857142857143 1.3829484375
32.714285714285715 1.3829484375
32.857142857142854 1.38660703125
32.892857142857146 1.38660703125
32.92857142857143 1.38660703125
32.964285714285715 1.390265625
33.0 1.390265625
33.035714285714285 1.390265625
33.07142857142857 1.390265625
33.107142857142854 1.390265625
33.142857142857146 1.390265625
33.17857142857143 1.390265625
33.214285714285715 1.39392421875
33.25 1.390265625
33.392857142857146 1.390265625
33.5 1.39392421875
33.535714285714285 1.39392421875
33.57142857142857 1.39392421875
33.607142857142854 1.3975828125
33.642857142857146 1.3975828125
33.67857142857143 1.3975828125
33.714285714285715 1.3975828125
33.75 1.3975828125
33.785714285714285 1.40124140625
33.82142857142857 1.3975828125
33.857142857142854 1.40124140625
33.892857142857146 1.40124140625
33.92857142857143 1.40124140625
34.035714285714285 1.3975828125
34.07142857142857 1.39392421875
34.142857142857146 1.4268515625
34.17857142857143 1.4049
34.214285714285715 1.4049
34.25 1.4049
34.285714285714285 1.4049
34.32142857142857 1.4049
34.357142857142854 1.4049
34.392857142857146 1.4049
34.42857142857143 1.4049
34.464285714285715 1.4049
34.5 1.4049
34.535714285714285 1.4049
34.57142857142857 1.4049
34.714285714285715 1.4122171875
34.82142857142857 1.44514453125
34.857142857142854 1.41587578125
34.892857142857146 1.419534375
34.92857142857143 1.419534375
34.964285714285715 1.419534375
35.0 1.419534375
35.035714285714285 1.419534375
35.07142857142857 1.419534375
35.107142857142854 1.419534375
35.142857142857146 1.419534375
35.17857142857143 1.419534375
35.214285714285715 1.419534375
35.25 1.419534375
35.357142857142854 1.42319296875
35.392857142857146 1.419534375
35.464285714285715 1.4268515625
35.5 1.43051015625
35.535714285714285 1.43051015625
35.57142857142857 1.43051015625
35.607142857142854 1.43051015625
35.642857142857146 1.43416875
35.67857142857143 1.43416875
35.714285714285715 1.43416875
35.75 1.43416875
35.785714285714285 1.43051015625
35.82142857142857 1.43051015625
35.857142857142854 1.43051015625
35.892857142857146 1.43051015625
36.035714285714285 1.43416875
36.107142857142854 1.43782734375
36.17857142857143 1.43782734375
36.214285714285715 1.43782734375
36.25 1.43782734375
36.285714285714285 1.4414859375
36.32142857142857 1.4414859375
36.357142857142854 1.43782734375
36.392857142857146 1.4414859375
36.42857142857143 1.43782734375
36.464285714285715 1.43782734375
36.5 1.43782734375
36.535714285714285 1.43782734375
36.57142857142857 1.4414859375
36.642857142857146 1.4414859375
36.714285714285715 1.4414859375
36.75 1.44514453125
36.82142857142857 1.448803125
36.857142857142854 1.448803125
36.892857142857146 1.448803125
36.92857142857143 1.448803125
36.964285714285715 1.448803125
37.0 1.448803125
37.035714285714285 1.448803125
37.07142857142857 1.448803125
37.107142857142854 1.448803125
37.142857142857146 1.448803125
37.17857142857143 1.448803125
37.214285714285715 1.448803125
37.285714285714285 1.45246171875
37.32142857142857 1.448803125
37.357142857142854 1.448803125
37.42857142857143 1.45246171875
37.5 1.4561203125
37.535714285714285 1.45977890625
37.57142857142857 1.4561203125
37.607142857142854 1.45977890625
37.642857142857146 1.45977890625
37.67857142857143 1.45977890625
37.714285714285715 1.4561203125
37.75 1.45977890625
37.785714285714285 1.45977890625
37.82142857142857 1.45977890625
37.857142857142854 1.45977890625
37.892857142857146 1.45977890625
37.92857142857143 1.45977890625
37.964285714285715 1.45977890625
38.035714285714285 1.45977890625
38.07142857142857 1.45977890625
38.17857142857143 1.4634375
38.214285714285715 1.4634375
38.25 1.46709609375
38.285714285714285 1.46709609375
38.32142857142857 1.46709609375
38.357142857142854 1.46709609375
38.392857142857146 1.46709609375
38.42857142857143 1.46709609375
38.464285714285715 1.46709609375
38.5 1.46709609375
38.535714285714285 1.46709609375
38.57142857142857 1.46709609375
38.607142857142854 1.46709609375
38.642857142857146 1.4707546875
38.67857142857143 1.4707546875
38.714285714285715 1.4707546875
38.75 1.46709609375
38.82142857142857 1.4707546875
38.857142857142854 1.47441328125
38.892857142857146 1.47441328125
38.92857142857143 1.47441328125
38.964285714285715 1.47441328125
39.0 1.47441328125
39.035714285714285 1.47441328125
39.07142857142857 1.47441328125
39.107142857142854 1.47441328125
39.142857142857146 1.47441328125
39.17857142857143 1.47441328125
39.214285714285715 1.47441328125
39.25 1.47441328125
39.32142857142857 1.47441328125
39.42857142857143 1.47441328125
39.5 1.4853890625
39.535714285714285 1.48173046875
39.57142857142857 1.4853890625
39.607142857142854 1.4853890625
39.642857142857146 1.4853890625
39.67857142857143 1.4853890625
39.714285714285715 1.4853890625
39.75 1.4853890625
39.785714285714285 1.4853890625
39.82142857142857 1.4853890625
39.857142857142854 1.4853890625
39.892857142857146 1.4853890625
39.92857142857143 1.4853890625
