0.03571428571428571 2.83906875
0.14285714285714285 2.84272734375
0.17857142857142858 2.85004453125
0.21428571428571427 2.8463859375
0.25 2.84272734375
0.2857142857142857 2.83906875
0.32142857142857145 2.83906875
0.35714285714285715 2.83906875
0.39285714285714285 2.83906875
0.42857142857142855 2.83906875
0.4642857142857143 2.83906875
0.5 2.84272734375
0.5357142857142857 2.84272734375
0.5714285714285714 2.8463859375
0.6071428571428571 2.8463859375
0.75 2.853703125
0.7857142857142857 2.85004453125
0.8571428571428571 2.853703125
0.8928571428571429 2.85004453125
0.9285714285714286 2.85004453125
0.9642857142857143 2.85004453125
1.0 2.85004453125
1.0357142857142858 2.85004453125
1.0714285714285714 2.85004453125
1.1071428571428572 2.853703125
1.1428571428571428 2.853703125
1.1785714285714286 2.853703125
1.2142857142857142 2.853703125
1.25 2.853703125
1.2857142857142858 2.853703125
1.3214285714285714 2.853703125
1.3571428571428572 2.853703125
1.4285714285714286 2.85736171875
1.4642857142857142 2.853703125
1.5 2.853703125
1.5357142857142858 2.853703125
1.5714285714285714 2.85004453125
1.6071428571428572 2.85004453125
1.6428571428571428 2.85004453125
1.6785714285714286 2.85004453125
1.7142857142857142 2.85004453125
1.75 2.85004453125
1.7857142857142858 2.853703125
1.8214285714285714 2.853703125
1.8571428571428572 2.853703125
1.8928571428571428 2.853703125
1.9285714285714286 2.853703125
1.9642857142857142 2.853703125
2.107142857142857 2.85736171875
2.1785714285714284 2.853703125
2.2142857142857144 2.853703125
2.25 2.853703125
2.2857142857142856 2.85004453125
2.3214285714285716 2.853703125
2.357142857142857 2.853703125
2.392857142857143 2.853703125
2.4285714285714284 2.853703125
2.4642857142857144 2.853703125
2.5 2.853703125
2.5357142857142856 2.853703125
2.5714285714285716 2.853703125
2.607142857142857 2.853703125
2.642857142857143 2.853703125
2.6785714285714284 2.85004453125
2.7142857142857144 2.853703125
2.75 2.85736171875
2.7857142857142856 2.853703125
2.8214285714285716 2.853703125
2.857142857142857 2.853703125
2.892857142857143 2.85004453125
2.9285714285714284 2.85004453125
2.9642857142857144 2.85004453125
3.0 2.85004453125
3.0357142857142856 2.85004453125
3.0714285714285716 2.85004453125
3.107142857142857 2.853703125
3.142857142857143 2.853703125
3.1785714285714284 2.853703125
3.2142857142857144 2.853703125
3.25 2.853703125
3.2857142857142856 2.853703125
3.3214285714285716 2.853703125
3.357142857142857 2.853703125
3.392857142857143 2.85736171875
3.4285714285714284 2.85736171875
3.5 2.853703125
3.5357142857142856 2.85004453125
3.5714285714285716 2.85004453125
3.607142857142857 2.8463859375
3.642857142857143 2.8463859375
3.6785714285714284 2.85004453125
3.7142857142857144 2.85004453125
3.75 2.85004453125
3.7857142857142856 2.85004453125
3.8214285714285716 2.853703125
3.857142857142857 2.853703125
3.892857142857143 2.853703125
3.9285714285714284 2.85736171875
3.9642857142857144 2.853703125
4.0 2.853703125
4.035714285714286 2.853703125
4.071428571428571 2.8610203125
4.107142857142857 2.85736171875
4.178571428571429 2.8463859375
4.214285714285714 2.8463859375
4.25 2.8463859375
4.285714285714286 2.8463859375
4.321428571428571 2.8463859375
4.357142857142857 2.8463859375
4.392857142857143 2.8463859375
4.428571428571429 2.8463859375
4.464285714285714 2.8463859375
4.5 2.853703125
4.535714285714286 2.853703125
4.571428571428571 2.853703125
4.607142857142857 2.853703125
4.642857142857143 2.853703125
4.714285714285714 2.853703125
4.75 2.85736171875
4.785714285714286 2.85736171875
4.821428571428571 2.8610203125
4.857142857142857 2.8610203125
4.892857142857143 2.85736171875
4.928571428571429 2.85736171875
4.964285714285714 2.85736171875
5.0 2.85736171875
5.035714285714286 2.85736171875
5.071428571428571 2.85736171875
5.107142857142857 2.85736171875
5.142857142857143 2.85736171875
5.178571428571429 2.8610203125
5.214285714285714 2.8610203125
5.25 2.8610203125
5.285714285714286 2.8610203125
5.357142857142857 2.85736171875
5.392857142857143 2.86467890625
5.428571428571429 2.86467890625
5.464285714285714 2.8610203125
5.5 2.8610203125
5.535714285714286 2.8610203125
5.571428571428571 2.8610203125
5.607142857142857 2.8610203125
5.642857142857143 2.85736171875
5.678571428571429 2.85736171875
5.714285714285714 2.8610203125
5.75 2.8610203125
5.785714285714286 2.8610203125
5.821428571428571 2.8610203125
5.857142857142857 2.8610203125
5.892857142857143 2.8610203125
5.928571428571429 2.8610203125
5.964285714285714 2.8610203125
6.107142857142857 2.86467890625
6.142857142857143 2.86467890625
6.214285714285714 2.8683375
6.25 2.86467890625
6.285714285714286 2.8683375
6.321428571428571 2.8683375
6.357142857142857 2.8683375
6.392857142857143 2.8683375
6.428571428571429 2.8683375
6.464285714285714 2.8683375
6.5 2.8683375
6.535714285714286 2.8683375
6.571428571428571 2.87199609375
6.607142857142857 2.87199609375
6.678571428571429 2.87199609375
6.75 2.882971875
6.785714285714286 2.87199609375
6.857142857142857 2.8683375
6.892857142857143 2.86467890625
6.928571428571429 2.86467890625
6.964285714285714 2.8610203125
7.0 2.8610203125
7.035714285714286 2.8610203125
7.071428571428571 2.8610203125
7.107142857142857 2.8610203125
7.142857142857143 2.86467890625
7.178571428571429 2.86467890625
7.214285714285714 2.86467890625
7.25 2.86467890625
7.285714285714286 2.86467890625
7.321428571428571 2.86467890625
7.464285714285714 2.8683375
7.5 2.85736171875
7.535714285714286 2.85736171875
7.571428571428571 2.853703125
7.607142857142857 2.85004453125
7.642857142857143 2.8463859375
7.678571428571429 2.8463859375
7.714285714285714 2.8463859375
7.75 2.8463859375
7.785714285714286 2.8463859375
7.821428571428571 2.8463859375
7.857142857142857 2.85004453125
7.892857142857143 2.85004453125
7.928571428571429 2.853703125
7.964285714285714 2.85004453125
8.107142857142858 2.8610203125
8.178571428571429 2.8610203125
8.214285714285714 2.8610203125
8.25 2.8610203125
8.285714285714286 2.8610203125
8.321428571428571 2.8610203125
8.357142857142858 2.8610203125
8.392857142857142 2.8610203125
8.428571428571429 2.8610203125
8.464285714285714 2.8610203125
8.5 2.86467890625
8.535714285714286 2.86467890625
8.571428571428571 2.8683375
8.607142857142858 2.8683375
8.642857142857142 2.8683375
8.678571428571429 2.8683375
8.714285714285714 2.87199609375
8.75 2.87931328125
8.785714285714286 2.87199609375
8.821428571428571 2.8683375
8.857142857142858 2.8683375
8.892857142857142 2.86467890625
8.928571428571429 2.86467890625
8.964285714285714 2.86467890625
9.0 2.8610203125
9.035714285714286 2.8610203125
9.071428571428571 2.86467890625
9.107142857142858 2.86467890625
9.142857142857142 2.86467890625
9.178571428571429 2.86467890625
9.214285714285714 2.8683375
9.25 2.8683375
9.285714285714286 2.8683375
9.321428571428571 2.8683375
9.357142857142858 2.8683375
9.392857142857142 2.8683375
9.428571428571429 2.87199609375
9.464285714285714 2.87199609375
9.5 2.87199609375
9.535714285714286 2.8683375
9.571428571428571 2.86467890625
9.607142857142858 2.86467890625
9.642857142857142 2.8610203125
9.678571428571429 2.8610203125
9.714285714285714 2.8610203125
9.75 2.8610203125
9.785714285714286 2.86467890625
9.821428571428571 2.86467890625
9.857142857142858 2.86467890625
9.892857142857142 2.86467890625
9.928571428571429 2.8683375
9.964285714285714 2.8683375
10.0 2.86467890625
10.035714285714286 2.86467890625
10.071428571428571 2.87199609375
10.107142857142858 2.87199609375
10.142857142857142 2.87199609375
10.178571428571429 2.87199609375
10.214285714285714 2.8683375
10.25 2.8683375
10.285714285714286 2.86467890625
10.321428571428571 2.86467890625
10.357142857142858 2.8610203125
10.392857142857142 2.8610203125
10.428571428571429 2.8610203125
10.464285714285714 2.8610203125
10.5 2.8610203125
10.535714285714286 2.8610203125
10.571428571428571 2.8610203125
10.607142857142858 2.8610203125
10.678571428571429 2.8610203125
10.714285714285714 2.8610203125
10.821428571428571 2.86467890625
10.857142857142858 2.8610203125
10.892857142857142 2.8610203125
10.928571428571429 2.8610203125
10.964285714285714 2.85736171875
11.0 2.85736171875
11.035714285714286 2.85736171875
11.071428571428571 2.85736171875
11.107142857142858 2.85736171875
11.142857142857142 2.8610203125
11.178571428571429 2.8610203125
11.214285714285714 2.8610203125
11.25 2.8610203125
11.285714285714286 2.8610203125
11.321428571428571 2.8610203125
11.464285714285714 2.86467890625
11.5 2.86467890625
11.535714285714286 2.85736171875
11.571428571428571 2.85736171875
11.607142857142858 2.853703125
11.642857142857142 2.853703125
11.678571428571429 2.85004453125
11.714285714285714 2.85004453125
11.75 2.85004453125
11.785714285714286 2.85004453125
11.821428571428571 2.85004453125
11.857142857142858 2.85004453125
11.892857142857142 2.85004453125
11.928571428571429 2.85004453125
11.964285714285714 2.85004453125
12.035714285714286 2.85004453125
12.107142857142858 2.853703125
12.142857142857142 2.853703125
12.178571428571429 2.853703125
12.214285714285714 2.853703125
12.25 2.85004453125
12.285714285714286 2.8463859375
12.321428571428571 2.8463859375
12.357142857142858 2.8463859375
12.392857142857142 2.8463859375
12.428571428571429 2.8463859375
12.464285714285714 2.8463859375
12.5 2.8463859375
12.535714285714286 2.8463859375
12.571428571428571 2.8463859375
12.607142857142858 2.85004453125
12.642857142857142 2.85004453125
12.714285714285714 2.8463859375
12.75 2.853703125
12.785714285714286 2.85736171875
12.857142857142858 2.85736171875
12.892857142857142 2.853703125
12.928571428571429 2.85004453125
12.964285714285714 2.85004453125
13.0 2.8463859375
13.035714285714286 2.8463859375
13.071428571428571 2.8463859375
13.107142857142858 2.8463859375
13.142857142857142 2.8463859375
13.178571428571429 2.8463859375
13.214285714285714 2.84272734375
13.25 2.84272734375
13.285714285714286 2.84272734375
13.464285714285714 2.853703125
13.5 2.85004453125
13.535714285714286 2.85004453125
13.571428571428571 2.8463859375
13.607142857142858 2.8463859375
13.642857142857142 2.8463859375
13.678571428571429 2.84272734375
13.714285714285714 2.84272734375
13.75 2.84272734375
13.785714285714286 2.84272734375
13.821428571428571 2.8463859375
13.857142857142858 2.8463859375
13.892857142857142 2.8463859375
13.928571428571429 2.8463859375
13.964285714285714 2.8463859375
14.107142857142858 2.85004453125
14.142857142857142 2.8463859375
14.178571428571429 2.84272734375
14.214285714285714 2.83906875
14.25 2.83906875
14.285714285714286 2.83906875
14.321428571428571 2.83906875
14.357142857142858 2.83906875
14.392857142857142 2.83906875
14.428571428571429 2.83541015625
14.464285714285714 2.83541015625
14.5 2.83906875
14.535714285714286 2.83906875
14.571428571428571 2.83906875
14.607142857142858 2.83906875
14.642857142857142 2.83906875
14.785714285714286 2.8463859375
14.821428571428571 2.8463859375
14.857142857142858 2.84272734375
14.892857142857142 2.83541015625
14.928571428571429 2.8317515625
14.964285714285714 2.82809296875
15.0 2.824434375
15.035714285714286 2.824434375
15.071428571428571 2.824434375
15.107142857142858 2.82077578125
15.142857142857142 2.82077578125
15.178571428571429 2.82077578125
15.214285714285714 2.82077578125
15.25 2.82077578125
15.285714285714286 2.82077578125
15.321428571428571 2.82077578125
15.5 2.82077578125
15.535714285714286 2.82077578125
15.571428571428571 2.8171171875
15.607142857142858 2.8171171875
15.642857142857142 2.81345859375
15.678571428571429 2.81345859375
15.714285714285714 2.81345859375
15.75 2.8098
15.785714285714286 2.8098
15.821428571428571 2.8098
15.857142857142858 2.8098
15.892857142857142 2.8098
15.928571428571429 2.81345859375
15.964285714285714 2.8098
16.0 2.8098
16.107142857142858 2.8171171875
16.142857142857142 2.8024828125
16.178571428571427 2.8024828125
16.214285714285715 2.8024828125
16.25 2.79882421875
16.285714285714285 2.795165625
16.321428571428573 2.795165625
16.357142857142858 2.79150703125
16.392857142857142 2.79150703125
16.428571428571427 2.79150703125
16.464285714285715 2.79150703125
16.5 2.795165625
16.535714285714285 2.795165625
16.571428571428573 2.79882421875
16.607142857142858 2.79882421875
16.642857142857142 2.79882421875
16.678571428571427 2.795165625
16.75 2.8098
16.821428571428573 2.795165625
16.857142857142858 2.79150703125
16.892857142857142 2.7878484375
16.928571428571427 2.78418984375
16.964285714285715 2.78418984375
17.0 2.78053125
17.035714285714285 2.78053125
17.071428571428573 2.78053125
17.107142857142858 2.78053125
17.142857142857142 2.78053125
17.178571428571427 2.78053125
17.214285714285715 2.78418984375
17.25 2.78418984375
17.285714285714285 2.78418984375
17.321428571428573 2.78418984375
17.464285714285715 2.78418984375
17.5 2.78418984375
17.535714285714285 2.78053125
17.571428571428573 2.77687265625
17.607142857142858 2.77687265625
17.642857142857142 2.7732140625
17.678571428571427 2.76955546875
17.714285714285715 2.76955546875
17.75 2.76955546875
17.785714285714285 2.76955546875
17.821428571428573 2.76955546875
17.857142857142858 2.76955546875
17.892857142857142 2.7732140625
17.928571428571427 2.76955546875
17.964285714285715 2.7732140625
18.0 2.76955546875
18.071428571428573 2.78053125
18.107142857142858 2.78053125
18.142857142857142 2.7732140625
18.178571428571427 2.77687265625
18.214285714285715 2.7732140625
18.25 2.76955546875
18.285714285714285 2.76955546875
18.321428571428573 2.76955546875
18.357142857142858 2.76955546875
18.392857142857142 2.76955546875
18.428571428571427 2.76955546875
18.464285714285715 2.7732140625
18.5 2.7732140625
18.535714285714285 2.7732140625
18.571428571428573 2.77687265625
18.607142857142858 2.77687265625
18.642857142857142 2.77687265625
18.678571428571427 2.77687265625
18.714285714285715 2.77687265625
18.75 2.78053125
18.785714285714285 2.78053125
18.821428571428573 2.78418984375
18.857142857142858 2.77687265625
18.892857142857142 2.7732140625
18.928571428571427 2.7732140625
18.964285714285715 2.76955546875
19.0 2.76955546875
19.035714285714285 2.76955546875
19.071428571428573 2.76955546875
19.107142857142858 2.76955546875
19.142857142857142 2.76955546875
19.178571428571427 2.76955546875
19.214285714285715 2.76955546875
19.25 2.76955546875
19.285714285714285 2.7732140625
19.357142857142858 2.76955546875
19.428571428571427 2.7732140625
19.464285714285715 2.7732140625
19.5 2.77687265625
19.535714285714285 2.77687265625
19.571428571428573 2.77687265625
19.607142857142858 2.7732140625
19.642857142857142 2.7732140625
19.678571428571427 2.7732140625
19.714285714285715 2.7732140625
19.75 2.77687265625
19.785714285714285 2.77687265625
19.821428571428573 2.77687265625
19.857142857142858 2.77687265625
19.892857142857142 2.78053125
19.928571428571427 2.78053125
19.964285714285715 2.78053125
20.107142857142858 2.78418984375
20.178571428571427 2.78418984375
20.214285714285715 2.78053125
20.25 2.77687265625
20.285714285714285 2.77687265625
20.321428571428573 2.77687265625
20.357142857142858 2.77687265625
20.392857142857142 2.77687265625
20.428571428571427 2.77687265625
20.464285714285715 2.77687265625
20.5 2.77687265625
20.535714285714285 2.77687265625
20.571428571428573 2.78053125
20.607142857142858 2.78053125
20.642857142857142 2.78053125
20.785714285714285 2.78418984375
20.821428571428573 2.7878484375
20.857142857142858 2.78418984375
20.892857142857142 2.78053125
20.928571428571427 2.77687265625
20.964285714285715 2.77687265625
21.0 2.7732140625
21.035714285714285 2.7732140625
21.071428571428573 2.7732140625
21.107142857142858 2.7732140625
21.142857142857142 2.77687265625
21.178571428571427 2.77687265625
21.214285714285715 2.77687265625
21.25 2.77687265625
21.285714285714285 2.77687265625
21.321428571428573 2.77687265625
21.428571428571427 2.7878484375
21.5 2.78418984375
21.535714285714285 2.78418984375
21.571428571428573 2.78418984375
21.607142857142858 2.78053125
21.642857142857142 2.78053125
21.678571428571427 2.78053125
21.714285714285715 2.78053125
21.75 2.78418984375
21.785714285714285 2.78418984375
21.821428571428573 2.78418984375
21.857142857142858 2.78418984375
21.892857142857142 2.78418984375
21.928571428571427 2.7878484375
21.964285714285715 2.7878484375
22.107142857142858 2.79150703125
22.142857142857142 2.7878484375
22.178571428571427 2.79150703125
22.214285714285715 2.7878484375
22.25 2.78418984375
22.285714285714285 2.78053125
22.321428571428573 2.78053125
22.357142857142858 2.77687265625
22.392857142857142 2.77687265625
22.428571428571427 2.77687265625
22.464285714285715 2.77687265625
22.5 2.77687265625
22.535714285714285 2.78053125
22.571428571428573 2.78053125
22.607142857142858 2.78053125
22.642857142857142 2.78053125
22.678571428571427 2.78053125
22.821428571428573 2.78418984375
22.857142857142858 2.78418984375
22.892857142857142 2.78053125
22.928571428571427 2.78053125
22.964285714285715 2.78053125
23.0 2.78053125
23.035714285714285 2.78053125
23.071428571428573 2.78053125
23.107142857142858 2.78418984375
23.142857142857142 2.78418984375
23.178571428571427 2.78418984375
23.214285714285715 2.78418984375
23.25 2.78418984375
23.285714285714285 2.78418984375
23.321428571428573 2.78418984375
23.357142857142858 2.7878484375
23.5 2.7878484375
23.535714285714285 2.7878484375
23.571428571428573 2.78418984375
23.607142857142858 2.78418984375
23.642857142857142 2.78053125
23.678571428571427 2.78053125
23.714285714285715 2.78053125
23.75 2.77687265625
23.785714285714285 2.77687265625
23.821428571428573 2.77687265625
23.857142857142858 2.78053125
23.892857142857142 2.78053125
23.928571428571427 2.78053125
23.964285714285715 2.78418984375
24.0 2.78418984375
24.035714285714285 2.78418984375
24.142857142857142 2.78418984375
24.178571428571427 2.7878484375
24.214285714285715 2.78418984375
24.25 2.78418984375
24.285714285714285 2.78053125
24.321428571428573 2.78053125
24.357142857142858 2.78053125
24.392857142857142 2.78053125
24.428571428571427 2.78053125
24.464285714285715 2.78053125
24.5 2.78418984375
24.535714285714285 2.78418984375
24.571428571428573 2.78418984375
24.607142857142858 2.78418984375
24.642857142857142 2.78418984375
24.821428571428573 2.79150703125
24.857142857142858 2.78418984375
24.892857142857142 2.78053125
24.928571428571427 2.77687265625
24.964285714285715 2.77687265625
25.0 2.7732140625
25.035714285714285 2.7732140625
25.071428571428573 2.7732140625
25.107142857142858 2.76955546875
25.142857142857142 2.76955546875
25.178571428571427 2.76955546875
25.214285714285715 2.7732140625
25.25 2.7732140625
25.285714285714285 2.7732140625
25.321428571428573 2.7732140625
25.392857142857142 2.77687265625
25.428571428571427 2.78053125
25.464285714285715 2.77687265625
25.5 2.78053125
25.535714285714285 2.78053125
25.571428571428573 2.78053125
25.607142857142858 2.77687265625
25.642857142857142 2.77687265625
25.678571428571427 2.77687265625
25.714285714285715 2.77687265625
25.75 2.77687265625
25.785714285714285 2.77687265625
25.821428571428573 2.77687265625
25.857142857142858 2.77687265625
25.892857142857142 2.77687265625
25.928571428571427 2.78053125
25.964285714285715 2.78053125
26.107142857142858 2.78418984375
26.142857142857142 2.78418984375
26.178571428571427 2.78418984375
26.214285714285715 2.78053125
26.25 2.77687265625
26.285714285714285 2.77687265625
26.321428571428573 2.77687265625
26.357142857142858 2.7732140625
26.392857142857142 2.7732140625
26.428571428571427 2.7732140625
26.464285714285715 2.7732140625
26.5 2.77687265625
26.535714285714285 2.77687265625
26.571428571428573 2.77687265625
26.607142857142858 2.77687265625
26.642857142857142 2.77687265625
26.785714285714285 2.78053125
26.821428571428573 2.78418984375
26.857142857142858 2.78053125
26.892857142857142 2.77687265625
26.928571428571427 2.77687265625
26.964285714285715 2.7732140625
27.0 2.7732140625
27.035714285714285 2.7732140625
27.071428571428573 2.7732140625
27.107142857142858 2.7732140625
27.142857142857142 2.77687265625
27.178571428571427 2.77687265625
27.214285714285715 2.77687265625
27.25 2.77687265625
27.285714285714285 2.77687265625
27.321428571428573 2.77687265625
27.5 2.78418984375
27.535714285714285 2.78418984375
27.571428571428573 2.78418984375
27.607142857142858 2.78418984375
27.642857142857142 2.78418984375
27.678571428571427 2.78418984375
27.714285714285715 2.78418984375
27.75 2.78418984375
27.785714285714285 2.78418984375
27.821428571428573 2.78418984375
27.857142857142858 2.7878484375
27.892857142857142 2.7878484375
27.928571428571427 2.7878484375
27.964285714285715 2.7878484375
28.0 2.7878484375
28.107142857142858 2.79150703125
28.142857142857142 2.79150703125
28.178571428571427 2.79150703125
28.214285714285715 2.79150703125
28.25 2.79150703125
28.285714285714285 2.7878484375
28.321428571428573 2.7878484375
28.357142857142858 2.7878484375
28.392857142857142 2.7878484375
28.428571428571427 2.7878484375
28.464285714285715 2.79150703125
28.5 2.79150703125
28.535714285714285 2.79150703125
28.571428571428573 2.795165625
28.607142857142858 2.795165625
28.642857142857142 2.79150703125
28.678571428571427 2.79150703125
28.785714285714285 2.7878484375
28.821428571428573 2.79150703125
28.857142857142858 2.7878484375
28.892857142857142 2.78418984375
28.928571428571427 2.78418984375
28.964285714285715 2.78418984375
29.0 2.78418984375
29.035714285714285 2.78418984375
29.071428571428573 2.78418984375
29.107142857142858 2.78418984375
29.142857142857142 2.78418984375
29.178571428571427 2.7878484375
29.214285714285715 2.7878484375
29.25 2.7878484375
29.285714285714285 2.7878484375
29.321428571428573 2.79150703125
29.392857142857142 2.795165625
29.5 2.7878484375
29.535714285714285 2.78418984375
29.571428571428573 2.78053125
29.607142857142858 2.78053125
29.642857142857142 2.77687265625
29.678571428571427 2.77687265625
29.714285714285715 2.77687265625
29.75 2.77687265625
29.785714285714285 2.77687265625
29.821428571428573 2.77687265625
29.857142857142858 2.78053125
29.892857142857142 2.78053125
29.928571428571427 2.78053125
29.964285714285715 2.78053125
30.035714285714285 2.78418984375
30.071428571428573 2.79150703125
30.142857142857142 2.7878484375
30.178571428571427 2.7878484375
30.214285714285715 2.7878484375
30.25 2.78418984375
30.285714285714285 2.78418984375
30.321428571428573 2.78418984375
30.357142857142858 2.78418984375
30.392857142857142 2.78418984375
30.428571428571427 2.78418984375
30.464285714285715 2.78418984375
30.5 2.7878484375
30.535714285714285 2.7878484375
30.571428571428573 2.79150703125
30.607142857142858 2.7878484375
30.642857142857142 2.79150703125
30.75 2.795165625
30.785714285714285 2.78418984375
30.821428571428573 2.7878484375
30.857142857142858 2.7878484375
30.892857142857142 2.78418984375
30.928571428571427 2.78418984375
30.964285714285715 2.78418984375
31.0 2.78418984375
31.035714285714285 2.78418984375
31.071428571428573 2.78418984375
31.107142857142858 2.78418984375
31.142857142857142 2.78418984375
31.178571428571427 2.7878484375
31.214285714285715 2.7878484375
31.25 2.7878484375
31.285714285714285 2.7878484375
31.392857142857142 2.795165625
31.428571428571427 2.795165625
31.464285714285715 2.79150703125
31.535714285714285 2.79150703125
31.571428571428573 2.7878484375
31.607142857142858 2.78418984375
31.642857142857142 2.78418984375
31.678571428571427 2.78418984375
31.714285714285715 2.78418984375
31.75 2.78418984375
31.785714285714285 2.78418984375
31.821428571428573 2.78418984375
31.857142857142858 2.78418984375
31.892857142857142 2.78418984375
31.928571428571427 2.78418984375
31.964285714285715 2.7878484375
32.107142857142854 2.7878484375
32.142857142857146 2.7878484375
32.17857142857143 2.78418984375
32.214285714285715 2.78053125
32.25 2.77687265625
32.285714285714285 2.77687265625
32.32142857142857 2.7732140625
32.357142857142854 2.7732140625
32.392857142857146 2.7732140625
32.42857142857143 2.7732140625
32.464285714285715 2.7732140625
32.5 2.77687265625
32.535714285714285 2.77687265625
32.57142857142857 2.77687265625
32.607142857142854 2.77687265625
32.642857142857146 2.77687265625
32.714285714285715 2.78053125
32.75 2.7878484375
32.785714285714285 2.7878484375
32.82142857142857 2.7878484375
32.857142857142854 2.79150703125
32.892857142857146 2.79150703125
32.92857142857143 2.79150703125
32.964285714285715 2.79150703125
33.0 2.79150703125
33.035714285714285 2.79150703125
33.07142857142857 2.79150703125
33.107142857142854 2.795165625
33.142857142857146 2.795165625
33.17857142857143 2.79882421875
33.214285714285715 2.79882421875
33.25 2.79882421875
33.285714285714285 2.79882421875
33.32142857142857 2.79882421875
33.5 2.8024828125
33.535714285714285 2.79882421875
33.57142857142857 2.795165625
33.607142857142854 2.795165625
33.642857142857146 2.79150703125
33.67857142857143 2.79150703125
33.714285714285715 2.79150703125
33.75 2.79150703125
33.785714285714285 2.79150703125
33.82142857142857 2.795165625
33.857142857142854 2.795165625
33.892857142857146 2.795165625
33.92857142857143 2.79882421875
33.964285714285715 2.795165625
34.0 2.795165625
34.142857142857146 2.79882421875
34.17857142857143 2.8024828125
34.214285714285715 2.8024828125
34.25 2.79882421875
34.285714285714285 2.79882421875
34.32142857142857 2.79882421875
34.357142857142854 2.79882421875
34.392857142857146 2.79882421875
34.42857142857143 2.79882421875
34.464285714285715 2.79882421875
34.5 2.79882421875
34.535714285714285 2.8024828125
34.57142857142857 2.8024828125
34.607142857142854 2.8024828125
34.642857142857146 2.80614140625
34.67857142857143 2.8024828125
34.714285714285715 2.80614140625
34.75 2.80614140625
34.785714285714285 2.80614140625
34.857142857142854 2.795165625
34.892857142857146 2.795165625
34.92857142857143 2.79150703125
34.964285714285715 2.79150703125
35.0 2.79150703125
35.035714285714285 2.79150703125
35.07142857142857 2.79150703125
35.107142857142854 2.79150703125
35.142857142857146 2.79150703125
35.17857142857143 2.795165625
35.214285714285715 2.795165625
35.25 2.79882421875
35.285714285714285 2.795165625
35.32142857142857 2.79882421875
35.357142857142854 2.79882421875
35.464285714285715 2.79882421875
35.5 2.79882421875
35.535714285714285 2.795165625
35.57142857142857 2.79150703125
35.607142857142854 2.79150703125
35.642857142857146 2.79150703125
35.67857142857143 2.7878484375
35.714285714285715 2.7878484375
35.75 2.7878484375
35.785714285714285 2.7878484375
35.82142857142857 2.79150703125
35.857142857142854 2.79150703125
35.892857142857146 2.79150703125
35.92857142857143 2.79150703125
35.964285714285715 2.79150703125
36.035714285714285 2.795165625
36.07142857142857 2.8024828125
36.107142857142854 2.795165625
36.142857142857146 2.79882421875
36.17857142857143 2.79150703125
36.214285714285715 2.79150703125
36.25 2.7878484375
36.285714285714285 2.7878484375
36.32142857142857 2.78418984375
36.357142857142854 2.78418984375
36.392857142857146 2.78418984375
36.42857142857143 2.78418984375
36.464285714285715 2.7878484375
36.5 2.7878484375
36.535714285714285 2.79150703125
36.57142857142857 2.79150703125
36.607142857142854 2.79150703125
36.642857142857146 2.79150703125
36.75 2.79882421875
36.785714285714285 2.79882421875
36.82142857142857 2.80614140625
36.857142857142854 2.8024828125
36.892857142857146 2.79882421875
36.92857142857143 2.79882421875
36.964285714285715 2.795165625
37.0 2.795165625
37.035714285714285 2.795165625
37.07142857142857 2.795165625
37.107142857142854 2.795165625
37.142857142857146 2.79882421875
37.17857142857143 2.79882421875
37.214285714285715 2.79882421875
37.25 2.79882421875
37.285714285714285 2.79882421875
37.42857142857143 2.8098
37.464285714285715 2.8098
37.5 2.8098
37.535714285714285 2.8098
37.57142857142857 2.8098
37.607142857142854 2.80614140625
37.642857142857146 2.80614140625
37.67857142857143 2.80614140625
37.714285714285715 2.80614140625
37.75 2.8098
37.785714285714285 2.8098
37.82142857142857 2.8098
37.857142857142854 2.81345859375
37.892857142857146 2.81345859375
37.92857142857143 2.81345859375
37.964285714285715 2.81345859375
38.107142857142854 2.82077578125
38.142857142857146 2.82077578125
38.17857142857143 2.8171171875
38.214285714285715 2.8171171875
38.25 2.81345859375
38.285714285714285 2.8098
38.32142857142857 2.8098
38.357142857142854 2.8098
38.392857142857146 2.8098
38.42857142857143 2.8098
38.464285714285715 2.8098
38.5 2.8098
38.535714285714285 2.8098
38.57142857142857 2.8098
38.642857142857146 2.81345859375
38.75 2.82077578125
38.785714285714285 2.8171171875
38.82142857142857 2.81345859375
38.857142857142854 2.8098
38.892857142857146 2.80614140625
38.92857142857143 2.8024828125
38.964285714285715 2.79882421875
39.0 2.79882421875
39.035714285714285 2.79882421875
39.07142857142857 2.79882421875
39.107142857142854 2.79882421875
39.142857142857146 2.79882421875
39.17857142857143 2.79882421875
39.214285714285715 2.8024828125
39.25 2.8024828125
39.285714285714285 2.8024828125
39.32142857142857 2.8024828125
39.5 2.79882421875
39.535714285714285 2.795165625
39.57142857142857 2.795165625
39.607142857142854 2.79150703125
39.642857142857146 2.79150703125
39.67857142857143 2.79150703125
39.714285714285715 2.79150703125
39.75 2.79150703125
39.785714285714285 2.79150703125
39.82142857142857 2.79150703125
39.857142857142854 2.795165625
39.892857142857146 2.79882421875
