0.03571428571428571 2.91589921875
0.07142857142857142 2.912240625
0.10714285714285714 2.912240625
0.14285714285714285 2.912240625
0.17857142857142858 2.912240625
0.21428571428571427 2.912240625
0.25 2.912240625
0.2857142857142857 2.912240625
0.32142857142857145 2.912240625
0.35714285714285715 2.912240625
0.39285714285714285 2.912240625
0.42857142857142855 2.912240625
0.4642857142857143 2.912240625
0.6785714285714286 2.9049234375
0.7142857142857143 2.90126484375
0.75 2.89760625
0.7857142857142857 2.89760625
0.8214285714285714 2.89760625
0.8571428571428571 2.89760625
0.8928571428571429 2.89760625
0.9285714285714286 2.89760625
0.9642857142857143 2.89760625
1.0 2.89760625
1.0357142857142858 2.89760625
1.0714285714285714 2.89760625
1.1071428571428572 2.89760625
1.1428571428571428 2.89760625
1.3214285714285714 2.882971875
1.3571428571428572 2.87931328125
1.3928571428571428 2.87931328125
1.4285714285714286 2.87931328125
1.4642857142857142 2.87931328125
1.5 2.87931328125
1.5357142857142858 2.87931328125
1.5714285714285714 2.87931328125
1.6071428571428572 2.87931328125
1.6428571428571428 2.8756546875
1.6785714285714286 2.8756546875
1.7142857142857142 2.8756546875
1.75 2.8756546875
1.7857142857142858 2.8756546875
1.8214285714285714 2.87931328125
2.0714285714285716 2.8610203125
2.107142857142857 2.8610203125
2.142857142857143 2.8610203125
2.1785714285714284 2.8610203125
2.2142857142857144 2.85736171875
2.25 2.85736171875
2.2857142857142856 2.85736171875
2.3214285714285716 2.85736171875
2.357142857142857 2.85736171875
2.392857142857143 2.85736171875
2.4285714285714284 2.85736171875
2.4642857142857144 2.85736171875
2.5 2.8610203125
2.642857142857143 2.84272734375
2.6785714285714284 2.83541015625
2.7142857142857144 2.83906875
2.75 2.83906875
2.7857142857142856 2.83541015625
2.8214285714285716 2.83541015625
2.857142857142857 2.83541015625
2.892857142857143 2.83541015625
2.9285714285714284 2.83541015625
2.9642857142857144 2.83541015625
3.0 2.83541015625
3.0357142857142856 2.83541015625
3.0714285714285716 2.83541015625
3.107142857142857 2.83541015625
3.142857142857143 2.85736171875
3.357142857142857 2.81345859375
3.4285714285714284 2.81345859375
3.4642857142857144 2.81345859375
3.5 2.81345859375
3.5357142857142856 2.81345859375
3.5714285714285716 2.81345859375
3.607142857142857 2.81345859375
3.642857142857143 2.81345859375
3.6785714285714284 2.81345859375
3.7142857142857144 2.81345859375
3.75 2.81345859375
3.7857142857142856 2.81345859375
3.8214285714285716 2.81345859375
4.0 2.795165625
4.035714285714286 2.795165625
4.071428571428571 2.795165625
4.107142857142857 2.795165625
4.142857142857143 2.795165625
4.178571428571429 2.795165625
4.214285714285714 2.795165625
4.25 2.795165625
4.285714285714286 2.795165625
4.321428571428571 2.795165625
4.357142857142857 2.795165625
4.392857142857143 2.79150703125
4.428571428571429 2.795165625
4.464285714285714 2.795165625
4.5 2.795165625
4.678571428571429 2.7732140625
4.75 2.76955546875
4.785714285714286 2.76955546875
4.821428571428571 2.76955546875
4.857142857142857 2.76955546875
4.892857142857143 2.76955546875
4.928571428571429 2.76955546875
4.964285714285714 2.76955546875
5.0 2.765896875
5.035714285714286 2.765896875
5.071428571428571 2.765896875
5.107142857142857 2.765896875
5.142857142857143 2.765896875
5.178571428571429 2.765896875
5.392857142857143 2.7439453125
5.428571428571429 2.7439453125
5.464285714285714 2.7439453125
5.5 2.7439453125
5.535714285714286 2.7439453125
5.571428571428571 2.74028671875
5.607142857142857 2.74028671875
5.642857142857143 2.7439453125
5.678571428571429 2.74028671875
6.071428571428571 2.7293109375
6.107142857142857 2.73296953125
6.142857142857143 2.73296953125
6.178571428571429 2.73296953125
6.214285714285714 2.73296953125
6.25 2.73296953125
6.285714285714286 2.73296953125
6.321428571428571 2.73296953125
6.5 2.736628125
6.714285714285714 2.7073593750000002
6.75 2.70370078125
6.785714285714286 2.70370078125
6.821428571428571 2.70370078125
6.857142857142857 2.70370078125
6.892857142857143 2.70370078125
6.928571428571429 2.70370078125
6.964285714285714 2.7000421875
7.0 2.7000421875
7.357142857142857 2.692725
7.428571428571429 2.68906640625
7.464285714285714 2.68906640625
7.5 2.68906640625
7.535714285714286 2.68906640625
7.571428571428571 2.68906640625
7.607142857142857 2.68906640625
7.642857142857143 2.68906640625
7.678571428571429 2.6854078125
7.714285714285714 2.6854078125
7.75 2.6854078125
7.785714285714286 2.6854078125
7.821428571428571 2.6854078125
7.857142857142857 2.6854078125
8.035714285714286 2.68174921875
8.107142857142858 2.68174921875
8.142857142857142 2.68174921875
8.178571428571429 2.68174921875
8.214285714285714 2.68174921875
8.25 2.68174921875
8.285714285714286 2.678090625
8.321428571428571 2.678090625
8.357142857142858 2.678090625
8.392857142857142 2.678090625
8.428571428571429 2.678090625
8.464285714285714 2.678090625
8.5 2.678090625
8.535714285714286 2.678090625
8.75 2.65979765625
8.785714285714286 2.65979765625
8.821428571428571 2.65979765625
8.857142857142858 2.65979765625
8.892857142857142 2.65979765625
8.928571428571429 2.65979765625
8.964285714285714 2.65979765625
9.0 2.65979765625
9.035714285714286 2.65979765625
9.071428571428571 2.65979765625
9.107142857142858 2.65979765625
9.142857142857142 2.65979765625
9.178571428571429 2.65979765625
9.357142857142858 2.64516328125
9.392857142857142 2.63784609375
9.464285714285714 2.6341875
9.5 2.6341875
9.535714285714286 2.6341875
9.571428571428571 2.6341875
9.607142857142858 2.6341875
9.821428571428571 2.6341875
9.857142857142858 2.6341875
10.107142857142858 2.619553125
10.142857142857142 2.619553125
10.178571428571429 2.619553125
10.214285714285714 2.619553125
10.25 2.619553125
10.285714285714286 2.619553125
10.321428571428571 2.619553125
10.357142857142858 2.619553125
10.392857142857142 2.619553125
10.428571428571429 2.619553125
10.5 2.62321171875
10.714285714285714 2.60126015625
10.75 2.60126015625
10.785714285714286 2.5976015625
10.821428571428571 2.5976015625
10.857142857142858 2.5976015625
10.892857142857142 2.5976015625
10.928571428571429 2.5976015625
10.964285714285714 2.5976015625
11.0 2.5976015625
11.035714285714286 2.5976015625
11.071428571428571 2.5976015625
11.107142857142858 2.5976015625
11.142857142857142 2.5976015625
11.178571428571429 2.5976015625
11.357142857142858 2.5829671875
11.392857142857142 2.57930859375
11.428571428571429 2.57930859375
11.464285714285714 2.57930859375
11.607142857142858 2.57930859375
11.642857142857142 2.57930859375
11.678571428571429 2.57930859375
11.75 2.57930859375
12.035714285714286 2.57199140625
12.071428571428571 2.57199140625
12.107142857142858 2.57199140625
12.142857142857142 2.5683328125
12.178571428571429 2.57199140625
12.214285714285714 2.57199140625
12.25 2.57199140625
12.285714285714286 2.57199140625
12.321428571428571 2.57199140625
12.357142857142858 2.57199140625
12.392857142857142 2.57199140625
12.428571428571429 2.57199140625
12.464285714285714 2.57199140625
12.5 2.57199140625
12.535714285714286 2.57199140625
12.75 2.54272265625
12.785714285714286 2.54272265625
12.821428571428571 2.54272265625
12.857142857142858 2.54272265625
12.892857142857142 2.54272265625
12.928571428571429 2.54272265625
12.964285714285714 2.54272265625
13.0 2.5390640625
13.035714285714286 2.5390640625
13.071428571428571 2.5390640625
13.107142857142858 2.5390640625
13.142857142857142 2.5390640625
13.178571428571429 2.5390640625
13.214285714285714 2.54272265625
13.357142857142858 2.531746875
13.392857142857142 2.5244296875
13.428571428571429 2.5244296875
13.464285714285714 2.5244296875
13.5 2.5244296875
13.535714285714286 2.5244296875
13.571428571428571 2.5244296875
13.607142857142858 2.5244296875
13.642857142857142 2.5244296875
13.678571428571429 2.5244296875
13.714285714285714 2.5244296875
13.75 2.5244296875
13.785714285714286 2.5244296875
13.821428571428571 2.5244296875
13.857142857142858 2.5244296875
14.071428571428571 2.51345390625
14.107142857142858 2.51345390625
14.142857142857142 2.51345390625
14.178571428571429 2.51345390625
14.214285714285714 2.5171125
14.25 2.5171125
14.285714285714286 2.51345390625
14.321428571428571 2.51345390625
14.357142857142858 2.51345390625
14.392857142857142 2.51345390625
14.428571428571429 2.51345390625
14.464285714285714 2.51345390625
14.5 2.51345390625
14.535714285714286 2.51345390625
14.714285714285714 2.49881953125
14.75 2.4951609375
14.785714285714286 2.4951609375
14.821428571428571 2.4951609375
14.857142857142858 2.4951609375
14.892857142857142 2.49150234375
14.928571428571429 2.49150234375
14.964285714285714 2.49150234375
15.0 2.49150234375
15.035714285714286 2.49150234375
15.071428571428571 2.48784375
15.107142857142858 2.48784375
15.142857142857142 2.49150234375
15.178571428571429 2.49150234375
15.214285714285714 2.49150234375
15.392857142857142 2.4805265625
15.428571428571429 2.4805265625
15.464285714285714 2.4805265625
15.5 2.4805265625
15.535714285714286 2.4805265625
15.571428571428571 2.4805265625
15.607142857142858 2.4805265625
15.642857142857142 2.4805265625
15.678571428571429 2.4805265625
15.714285714285714 2.4805265625
15.75 2.4805265625
15.785714285714286 2.4805265625
15.821428571428571 2.4805265625
15.857142857142858 2.4805265625
16.035714285714285 2.46955078125
16.071428571428573 2.46955078125
16.107142857142858 2.4658921875
16.142857142857142 2.4658921875
16.178571428571427 2.4658921875
16.214285714285715 2.4658921875
16.25 2.4658921875
16.285714285714285 2.4658921875
16.321428571428573 2.46223359375
16.357142857142858 2.46223359375
16.392857142857142 2.46223359375
16.428571428571427 2.46223359375
16.464285714285715 2.46223359375
16.5 2.4658921875
16.535714285714285 2.4658921875
16.714285714285715 2.4512578125
16.785714285714285 2.44759921875
16.928571428571427 2.44759921875
16.964285714285715 2.443940625
17.0 2.443940625
17.035714285714285 2.443940625
17.142857142857142 2.443940625
17.392857142857142 2.43296484375
17.428571428571427 2.43296484375
17.464285714285715 2.43296484375
17.5 2.43296484375
17.535714285714285 2.43296484375
17.571428571428573 2.43296484375
17.607142857142858 2.43296484375
17.642857142857142 2.4293062500000002
17.857142857142858 2.43296484375
18.071428571428573 2.41833046875
18.107142857142858 2.41833046875
18.142857142857142 2.414671875
18.178571428571427 2.414671875
18.214285714285715 2.414671875
18.25 2.414671875
18.285714285714285 2.414671875
18.321428571428573 2.414671875
18.357142857142858 2.414671875
18.392857142857142 2.414671875
18.428571428571427 2.414671875
18.464285714285715 2.414671875
18.5 2.414671875
18.535714285714285 2.414671875
18.75 2.4000375
18.785714285714285 2.4000375
18.821428571428573 2.4000375
18.857142857142858 2.40369609375
18.892857142857142 2.40369609375
18.928571428571427 2.40369609375
18.964285714285715 2.4000375
19.0 2.4000375
19.035714285714285 2.4000375
19.071428571428573 2.4000375
19.107142857142858 2.4000375
19.142857142857142 2.4000375
19.178571428571427 2.4000375
19.214285714285715 2.4000375
19.392857142857142 2.385403125
19.428571428571427 2.38174453125
19.464285714285715 2.38174453125
19.5 2.38174453125
19.535714285714285 2.38174453125
19.571428571428573 2.38174453125
19.607142857142858 2.38174453125
19.642857142857142 2.38174453125
19.678571428571427 2.38174453125
19.714285714285715 2.38174453125
19.75 2.38174453125
19.785714285714285 2.38174453125
19.821428571428573 2.38174453125
19.857142857142858 2.38174453125
19.892857142857142 2.38174453125
20.035714285714285 2.3634515625
20.071428571428573 2.36711015625
20.107142857142858 2.35979296875
20.142857142857142 2.35979296875
20.178571428571427 2.356134375
20.214285714285715 2.356134375
20.25 2.356134375
20.285714285714285 2.356134375
20.321428571428573 2.356134375
20.357142857142858 2.356134375
20.392857142857142 2.356134375
20.428571428571427 2.35247578125
20.464285714285715 2.35247578125
20.5 2.356134375
20.535714285714285 2.356134375
20.571428571428573 2.356134375
20.714285714285715 2.34515859375
20.75 2.33784140625
20.785714285714285 2.33784140625
20.821428571428573 2.3341828125
20.857142857142858 2.3341828125
20.892857142857142 2.33784140625
20.928571428571427 2.33784140625
20.964285714285715 2.33784140625
21.0 2.33784140625
21.035714285714285 2.3341828125
21.071428571428573 2.3341828125
21.107142857142858 2.3341828125
21.142857142857142 2.3341828125
21.178571428571427 2.3341828125
21.214285714285715 2.3341828125
21.392857142857142 2.326865625
21.428571428571427 2.326865625
21.464285714285715 2.32320703125
21.5 2.32320703125
21.535714285714285 2.32320703125
21.571428571428573 2.326865625
21.607142857142858 2.326865625
21.642857142857142 2.326865625
21.678571428571427 2.326865625
21.714285714285715 2.32320703125
21.75 2.32320703125
21.785714285714285 2.32320703125
21.821428571428573 2.326865625
21.857142857142858 2.326865625
21.892857142857142 2.326865625
22.0 2.31588984375
22.035714285714285 2.31588984375
22.107142857142858 2.30857265625
22.142857142857142 2.3049140625
22.178571428571427 2.3049140625
22.214285714285715 2.30857265625
22.25 2.30857265625
22.285714285714285 2.3049140625
22.321428571428573 2.3049140625
22.357142857142858 2.3049140625
22.392857142857142 2.3049140625
22.428571428571427 2.3049140625
22.464285714285715 2.3049140625
22.5 2.3049140625
22.535714285714285 2.3049140625
22.571428571428573 2.3049140625
22.75 2.29393828125
22.785714285714285 2.28662109375
22.821428571428573 2.28662109375
22.857142857142858 2.28662109375
22.892857142857142 2.28662109375
22.928571428571427 2.28662109375
22.964285714285715 2.28662109375
23.0 2.28662109375
23.035714285714285 2.28662109375
23.071428571428573 2.28662109375
23.107142857142858 2.28662109375
23.142857142857142 2.28662109375
23.178571428571427 2.28662109375
23.214285714285715 2.28662109375
23.25 2.2902796875
23.428571428571427 2.2829625
23.464285714285715 2.2829625
23.5 2.2829625
23.535714285714285 2.2829625
23.571428571428573 2.2829625
23.607142857142858 2.2829625
23.642857142857142 2.2829625
23.678571428571427 2.2829625
23.714285714285715 2.2829625
23.75 2.2829625
23.785714285714285 2.2829625
23.821428571428573 2.2829625
23.857142857142858 2.2829625
23.892857142857142 2.28662109375
24.035714285714285 2.2610109375
24.107142857142858 2.26466953125
24.142857142857142 2.26466953125
24.178571428571427 2.2610109375
24.214285714285715 2.2610109375
24.25 2.2610109375
24.285714285714285 2.2610109375
24.321428571428573 2.2610109375
24.357142857142858 2.25735234375
24.392857142857142 2.25735234375
24.428571428571427 2.25735234375
24.464285714285715 2.25735234375
24.5 2.25735234375
24.535714285714285 2.25735234375
24.571428571428573 2.2610109375
24.75 2.2463765625
24.785714285714285 2.2463765625
24.821428571428573 2.2463765625
24.857142857142858 2.2463765625
24.892857142857142 2.2463765625
24.928571428571427 2.2463765625
24.964285714285715 2.2463765625
25.0 2.24271796875
25.035714285714285 2.24271796875
25.071428571428573 2.24271796875
25.107142857142858 2.24271796875
25.142857142857142 2.24271796875
25.178571428571427 2.24271796875
25.214285714285715 2.24271796875
25.357142857142858 2.2317421875
25.428571428571427 2.2317421875
25.5 2.224425
25.535714285714285 2.224425
25.571428571428573 2.22808359375
25.607142857142858 2.224425
25.642857142857142 2.224425
25.678571428571427 2.224425
25.714285714285715 2.224425
25.75 2.224425
25.785714285714285 2.224425
25.821428571428573 2.224425
25.857142857142858 2.224425
25.892857142857142 2.224425
25.928571428571427 2.224425
26.107142857142858 2.2171078125
26.142857142857142 2.22076640625
26.178571428571427 2.22076640625
26.214285714285715 2.2171078125
26.25 2.2171078125
26.285714285714285 2.22076640625
26.321428571428573 2.22076640625
26.357142857142858 2.2171078125
26.392857142857142 2.2171078125
26.428571428571427 2.2171078125
26.464285714285715 2.2171078125
26.5 2.2171078125
26.535714285714285 2.2171078125
26.571428571428573 2.2171078125
26.75 2.2024734375
26.785714285714285 2.19881484375
26.821428571428573 2.19881484375
26.857142857142858 2.19881484375
26.892857142857142 2.19881484375
26.928571428571427 2.19881484375
26.964285714285715 2.19881484375
27.0 2.19515625
27.035714285714285 2.19515625
27.071428571428573 2.19515625
27.107142857142858 2.19515625
27.142857142857142 2.19515625
27.178571428571427 2.19515625
27.214285714285715 2.19515625
27.25 2.19515625
27.428571428571427 2.1878390625
27.5 2.18418046875
27.535714285714285 2.18418046875
27.571428571428573 2.18418046875
27.607142857142858 2.18418046875
27.642857142857142 2.180521875
27.678571428571427 2.180521875
27.714285714285715 2.180521875
27.75 2.180521875
27.785714285714285 2.180521875
27.821428571428573 2.180521875
27.857142857142858 2.180521875
27.892857142857142 2.180521875
27.928571428571427 2.180521875
28.035714285714285 2.16954609375
28.071428571428573 2.16954609375
28.107142857142858 2.16954609375
28.142857142857142 2.16954609375
28.178571428571427 2.1658875
28.214285714285715 2.1658875
28.25 2.1658875
28.285714285714285 2.1658875
28.321428571428573 2.1658875
28.357142857142858 2.16222890625
28.392857142857142 2.16222890625
28.428571428571427 2.16222890625
28.464285714285715 2.16222890625
28.5 2.16222890625
28.535714285714285 2.16222890625
28.571428571428573 2.16222890625
28.75 2.15491171875
28.785714285714285 2.1585703125
28.821428571428573 2.1585703125
28.857142857142858 2.15491171875
28.892857142857142 2.15491171875
28.928571428571427 2.15491171875
28.964285714285715 2.15491171875
29.0 2.15491171875
29.035714285714285 2.15491171875
29.071428571428573 2.151253125
29.107142857142858 2.151253125
29.142857142857142 2.151253125
29.178571428571427 2.151253125
29.214285714285715 2.151253125
29.25 2.15491171875
29.285714285714285 2.15491171875
29.357142857142858 2.13661875
29.392857142857142 2.13296015625
29.428571428571427 2.13661875
29.464285714285715 2.13661875
29.5 2.13296015625
29.535714285714285 2.13296015625
29.571428571428573 2.13296015625
29.607142857142858 2.13296015625
29.642857142857142 2.13296015625
29.678571428571427 2.1293015625
29.714285714285715 2.1293015625
29.75 2.1293015625
29.785714285714285 2.1293015625
29.821428571428573 2.1293015625
29.857142857142858 2.1293015625
29.892857142857142 2.1293015625
29.928571428571427 2.13296015625
29.964285714285715 2.13296015625
30.071428571428573 2.1146671875
30.107142857142858 2.11832578125
30.142857142857142 2.11832578125
30.178571428571427 2.1146671875
30.214285714285715 2.1146671875
30.25 2.1146671875
30.285714285714285 2.1146671875
30.321428571428573 2.1146671875
30.357142857142858 2.1146671875
30.392857142857142 2.1146671875
30.428571428571427 2.1146671875
30.464285714285715 2.1146671875
30.5 2.1146671875
30.535714285714285 2.11100859375
30.571428571428573 2.11100859375
30.607142857142858 2.1146671875
30.75 2.10735
30.785714285714285 2.10735
30.821428571428573 2.10735
30.857142857142858 2.10369140625
30.892857142857142 2.10369140625
30.928571428571427 2.10369140625
30.964285714285715 2.10369140625
31.0 2.10369140625
31.035714285714285 2.10369140625
31.071428571428573 2.10369140625
31.107142857142858 2.10369140625
31.142857142857142 2.10369140625
31.178571428571427 2.1000328125
31.214285714285715 2.1000328125
31.25 2.10369140625
31.392857142857142 2.08173984375
31.428571428571427 2.0853984375
31.464285714285715 2.08173984375
31.5 2.08173984375
31.535714285714285 2.08173984375
31.571428571428573 2.08173984375
31.607142857142858 2.08173984375
31.642857142857142 2.07808125
31.678571428571427 2.08173984375
31.714285714285715 2.07808125
31.75 2.07808125
31.785714285714285 2.07808125
31.821428571428573 2.07808125
31.857142857142858 2.08173984375
31.892857142857142 2.07808125
31.928571428571427 2.08173984375
32.07142857142857 2.06710546875
32.107142857142854 2.06710546875
32.142857142857146 2.06710546875
32.17857142857143 2.063446875
32.214285714285715 2.063446875
32.25 2.063446875
32.285714285714285 2.063446875
32.32142857142857 2.063446875
32.357142857142854 2.063446875
32.392857142857146 2.05978828125
32.42857142857143 2.05978828125
32.464285714285715 2.05978828125
32.5 2.05978828125
32.535714285714285 2.063446875
32.57142857142857 2.063446875
32.714285714285715 2.05247109375
32.75 2.0488125
32.785714285714285 2.05247109375
32.82142857142857 2.05247109375
32.857142857142854 2.05247109375
32.892857142857146 2.05247109375
32.92857142857143 2.0488125
32.964285714285715 2.0488125
33.0 2.0488125
33.035714285714285 2.0488125
33.07142857142857 2.0488125
33.107142857142854 2.0488125
33.142857142857146 2.0488125
33.17857142857143 2.0488125
33.214285714285715 2.0488125
33.25 2.0488125
33.285714285714285 2.05247109375
33.392857142857146 2.034178125
33.42857142857143 2.0268609375
33.464285714285715 2.03051953125
33.5 2.0268609375
33.535714285714285 2.0268609375
33.57142857142857 2.0268609375
33.607142857142854 2.0268609375
33.642857142857146 2.0268609375
33.67857142857143 2.0268609375
33.714285714285715 2.0268609375
33.75 2.0268609375
33.785714285714285 2.0268609375
33.82142857142857 2.02320234375
33.857142857142854 2.0268609375
33.892857142857146 2.0268609375
33.92857142857143 2.0268609375
33.964285714285715 2.0268609375
34.0 2.00125078125
34.035714285714285 2.01954375
34.07142857142857 2.0122265625
34.107142857142854 2.01588515625
34.142857142857146 2.01588515625
34.17857142857143 2.0122265625
34.214285714285715 2.0122265625
34.25 2.01588515625
34.285714285714285 2.0122265625
34.32142857142857 2.0122265625
34.357142857142854 2.0122265625
34.392857142857146 2.0122265625
34.42857142857143 2.0122265625
34.464285714285715 2.0122265625
34.5 2.01588515625
34.535714285714285 2.01588515625
34.57142857142857 2.01588515625
34.607142857142854 2.01588515625
34.75 1.99393359375
34.785714285714285 1.9975921875
34.82142857142857 1.990275
34.857142857142854 1.990275
34.892857142857146 1.990275
34.92857142857143 1.990275
34.964285714285715 1.990275
35.0 1.990275
35.035714285714285 1.990275
35.07142857142857 1.990275
35.107142857142854 1.990275
35.142857142857146 1.990275
35.17857142857143 1.990275
35.214285714285715 1.990275
35.25 1.990275
35.285714285714285 1.99393359375
35.42857142857143 1.9829578125
35.464285714285715 1.9829578125
35.5 1.9829578125
35.535714285714285 1.9829578125
35.57142857142857 1.9829578125
35.607142857142854 1.9829578125
35.642857142857146 1.9829578125
35.67857142857143 1.9829578125
35.714285714285715 1.9829578125
35.75 1.9829578125
35.785714285714285 1.9829578125
35.82142857142857 1.9829578125
35.857142857142854 1.9829578125
35.892857142857146 1.9829578125
35.92857142857143 1.9829578125
35.964285714285715 1.9829578125
36.07142857142857 1.96466484375
36.107142857142854 1.96100625
36.142857142857146 1.96466484375
36.17857142857143 1.96100625
36.214285714285715 1.96100625
36.25 1.96100625
36.285714285714285 1.96100625
36.32142857142857 1.96100625
36.357142857142854 1.96100625
36.392857142857146 1.96100625
36.42857142857143 1.96100625
36.464285714285715 1.96100625
36.5 1.96100625
36.535714285714285 1.96100625
36.57142857142857 1.96100625
36.607142857142854 1.96100625
36.642857142857146 1.96466484375
36.714285714285715 1.946371875
36.75 1.946371875
36.785714285714285 1.9536890625
36.82142857142857 1.9536890625
36.857142857142854 1.946371875
36.892857142857146 1.95003046875
36.92857142857143 1.95003046875
36.964285714285715 1.95003046875
37.0 1.95003046875
37.035714285714285 1.95003046875
37.07142857142857 1.95003046875
37.107142857142854 1.95003046875
37.142857142857146 1.95003046875
37.17857142857143 1.95003046875
37.214285714285715 1.95003046875
37.25 1.946371875
37.285714285714285 1.95003046875
37.392857142857146 1.9390546875
37.42857142857143 1.9280789062500001
37.464285714285715 1.93539609375
37.5 1.9317375
37.535714285714285 1.9317375
37.57142857142857 1.9317375
37.607142857142854 1.9280789062500001
37.642857142857146 1.9280789062500001
37.67857142857143 1.9280789062500001
37.714285714285715 1.9280789062500001
37.75 1.9280789062500001
37.785714285714285 1.9280789062500001
37.82142857142857 1.9280789062500001
37.857142857142854 1.9280789062500001
37.892857142857146 1.9280789062500001
37.92857142857143 1.9280789062500001
37.964285714285715 1.9280789062500001
38.107142857142854 1.91344453125
38.142857142857146 1.91344453125
38.214285714285715 1.9097859375
38.25 1.9097859375
38.285714285714285 1.9097859375
38.32142857142857 1.9097859375
38.357142857142854 1.90612734375
38.392857142857146 1.90612734375
38.42857142857143 1.90612734375
38.464285714285715 1.90612734375
38.5 1.90612734375
38.535714285714285 1.90612734375
38.57142857142857 1.90612734375
38.607142857142854 1.9097859375
38.75 1.90246875
38.785714285714285 1.90612734375
38.857142857142854 1.90246875
38.892857142857146 1.90246875
38.92857142857143 1.90246875
38.964285714285715 1.90246875
39.0 1.90246875
39.035714285714285 1.90246875
39.07142857142857 1.90246875
39.107142857142854 1.89881015625
39.142857142857146 1.89881015625
39.17857142857143 1.89881015625
39.214285714285715 1.89881015625
39.25 1.89881015625
39.285714285714285 1.89881015625
39.357142857142854 1.8658828125
39.42857142857143 1.89881015625
39.464285714285715 1.90246875
39.5 1.89881015625
39.535714285714285 1.89881015625
39.57142857142857 1.8951515625
39.607142857142854 1.8951515625
39.642857142857146 1.8951515625
39.67857142857143 1.8951515625
39.714285714285715 1.8951515625
39.75 1.8951515625
39.785714285714285 1.8951515625
39.82142857142857 1.8951515625
39.857142857142854 1.8951515625
39.892857142857146 1.8951515625
39.92857142857143 1.8951515625
