0.03571428571428571 1.5292921875
0.07142857142857142 1.53295078125
0.10714285714285714 1.5292921875
0.14285714285714285 1.5292921875
0.17857142857142858 1.5292921875
0.21428571428571427 1.5292921875
0.25 1.5292921875
0.2857142857142857 1.5292921875
0.32142857142857145 1.5292921875
0.35714285714285715 1.5292921875
0.39285714285714285 1.5292921875
0.42857142857142855 1.5292921875
0.4642857142857143 1.5292921875
0.5 1.5292921875
0.5357142857142857 1.5292921875
0.5714285714285714 1.5292921875
0.6071428571428571 1.5292921875
0.6428571428571429 1.5292921875
0.6785714285714286 1.5292921875
0.7142857142857143 1.5292921875
0.75 1.5292921875
0.7857142857142857 1.5292921875
0.8214285714285714 1.5292921875
0.8571428571428571 1.5292921875
0.8928571428571429 1.5292921875
0.9285714285714286 1.5292921875
0.9642857142857143 1.5292921875
1.0 1.5292921875
1.0357142857142858 1.5292921875
1.0714285714285714 1.5292921875
1.1071428571428572 1.5292921875
1.1428571428571428 1.5292921875
1.1785714285714286 1.5292921875
1.2142857142857142 1.5292921875
1.25 1.5292921875
1.2857142857142858 1.5292921875
1.3571428571428572 1.54758515625
1.3928571428571428 1.54758515625
1.4285714285714286 1.5439265625
1.4642857142857142 1.54758515625
1.5 1.54758515625
1.5357142857142858 1.54758515625
1.5714285714285714 1.54758515625
1.6071428571428572 1.54758515625
1.6428571428571428 1.54758515625
1.6785714285714286 1.54758515625
1.7142857142857142 1.54758515625
1.75 1.54758515625
1.7857142857142858 1.5439265625
1.8214285714285714 1.5439265625
1.8571428571428572 1.5439265625
1.8928571428571428 1.54026796875
1.9285714285714286 1.54026796875
1.9642857142857142 1.54026796875
2.0 1.536609375
2.0357142857142856 1.536609375
2.0714285714285716 1.536609375
2.107142857142857 1.53295078125
2.142857142857143 1.53295078125
2.1785714285714284 1.53295078125
2.2142857142857144 1.53295078125
2.25 1.53295078125
2.2857142857142856 1.53295078125
2.3214285714285716 1.53295078125
2.357142857142857 1.5292921875
2.392857142857143 1.53295078125
2.4285714285714284 1.53295078125
2.4642857142857144 1.53295078125
2.5 1.5292921875
2.5357142857142856 1.5292921875
2.5714285714285716 1.5292921875
2.607142857142857 1.5292921875
2.6785714285714284 1.53295078125
2.7142857142857144 1.53295078125
2.7857142857142856 1.55124375
2.8214285714285716 1.55124375
2.892857142857143 1.54758515625
2.9285714285714284 1.55124375
2.9642857142857144 1.55124375
3.0 1.55124375
3.0357142857142856 1.55124375
3.0714285714285716 1.55124375
3.107142857142857 1.55124375
3.142857142857143 1.55124375
3.1785714285714284 1.54758515625
3.2142857142857144 1.54758515625
3.25 1.5439265625
3.2857142857142856 1.5439265625
3.3214285714285716 1.54026796875
3.357142857142857 1.54026796875
3.392857142857143 1.54026796875
3.4285714285714284 1.54026796875
3.4642857142857144 1.536609375
3.5 1.536609375
3.5357142857142856 1.536609375
3.5714285714285716 1.536609375
3.607142857142857 1.53295078125
3.642857142857143 1.53295078125
3.6785714285714284 1.53295078125
3.7142857142857144 1.53295078125
3.75 1.5292921875
3.7857142857142856 1.5292921875
3.8214285714285716 1.5292921875
3.857142857142857 1.5292921875
3.892857142857143 1.5292921875
3.9285714285714284 1.5292921875
3.9642857142857144 1.5292921875
4.0 1.5292921875
4.035714285714286 1.52563359375
4.107142857142857 1.5292921875
4.142857142857143 1.53295078125
4.214285714285714 1.55124375
4.25 1.54758515625
4.285714285714286 1.5439265625
4.321428571428571 1.5439265625
4.357142857142857 1.55124375
4.392857142857143 1.55124375
4.428571428571429 1.55124375
4.464285714285714 1.55124375
4.5 1.55124375
4.535714285714286 1.55124375
4.571428571428571 1.55124375
4.607142857142857 1.55124375
4.642857142857143 1.55124375
4.678571428571429 1.55124375
4.714285714285714 1.54758515625
4.75 1.54758515625
4.785714285714286 1.54758515625
4.821428571428571 1.54758515625
4.857142857142857 1.5439265625
4.892857142857143 1.5439265625
4.928571428571429 1.5439265625
4.964285714285714 1.5439265625
5.0 1.5439265625
5.035714285714286 1.5439265625
5.071428571428571 1.5439265625
5.107142857142857 1.5439265625
5.142857142857143 1.5439265625
5.178571428571429 1.5439265625
5.214285714285714 1.5439265625
5.25 1.54026796875
5.285714285714286 1.54026796875
5.321428571428571 1.54026796875
5.357142857142857 1.54026796875
5.392857142857143 1.54026796875
5.428571428571429 1.54026796875
5.464285714285714 1.54026796875
5.535714285714286 1.5439265625
5.571428571428571 1.54758515625
5.642857142857143 1.56221953125
5.678571428571429 1.56221953125
5.714285714285714 1.5585609375
5.75 1.56221953125
5.785714285714286 1.56221953125
5.821428571428571 1.56221953125
5.857142857142857 1.56221953125
5.892857142857143 1.56221953125
5.928571428571429 1.56221953125
5.964285714285714 1.56221953125
6.0 1.56221953125
6.035714285714286 1.56221953125
6.071428571428571 1.56221953125
6.107142857142857 1.565878125
6.142857142857143 1.56221953125
6.178571428571429 1.56221953125
6.214285714285714 1.56221953125
6.25 1.56221953125
6.285714285714286 1.5585609375
6.321428571428571 1.5585609375
6.357142857142857 1.5585609375
6.392857142857143 1.5585609375
6.428571428571429 1.5585609375
6.464285714285714 1.5585609375
6.5 1.5585609375
6.535714285714286 1.5585609375
6.571428571428571 1.5585609375
6.607142857142857 1.5585609375
6.642857142857143 1.5585609375
6.678571428571429 1.5585609375
6.714285714285714 1.5585609375
6.75 1.5585609375
6.785714285714286 1.56221953125
6.821428571428571 1.5585609375
6.857142857142857 1.55490234375
6.892857142857143 1.5585609375
7.0 1.56221953125
7.178571428571429 1.58417109375
7.214285714285714 1.5878296875
7.25 1.58417109375
7.285714285714286 1.58417109375
7.321428571428571 1.58417109375
7.357142857142857 1.58417109375
7.392857142857143 1.58417109375
7.428571428571429 1.58417109375
7.464285714285714 1.58417109375
7.5 1.58417109375
7.535714285714286 1.58417109375
7.571428571428571 1.5805125
7.607142857142857 1.5805125
7.642857142857143 1.5805125
7.678571428571429 1.5805125
7.714285714285714 1.5805125
7.75 1.5805125
7.785714285714286 1.5805125
7.821428571428571 1.5805125
7.857142857142857 1.5805125
7.892857142857143 1.5805125
7.928571428571429 1.5805125
7.964285714285714 1.5805125
8.0 1.5805125
8.035714285714286 1.5805125
8.071428571428571 1.5805125
8.107142857142858 1.5805125
8.142857142857142 1.5805125
8.178571428571429 1.5805125
8.214285714285714 1.5805125
8.25 1.5805125
8.285714285714286 1.5805125
8.321428571428571 1.5805125
8.428571428571429 1.58417109375
8.5 1.60612265625
8.535714285714286 1.60612265625
8.571428571428571 1.60612265625
8.607142857142858 1.60978125
8.642857142857142 1.60978125
8.678571428571429 1.60612265625
8.714285714285714 1.60612265625
8.75 1.6024640625
8.785714285714286 1.6024640625
8.821428571428571 1.6024640625
8.857142857142858 1.6024640625
8.892857142857142 1.6024640625
8.928571428571429 1.6024640625
8.964285714285714 1.6024640625
9.0 1.6024640625
9.035714285714286 1.6024640625
9.071428571428571 1.59880546875
9.107142857142858 1.59880546875
9.142857142857142 1.59880546875
9.178571428571429 1.595146875
9.214285714285714 1.595146875
9.25 1.595146875
9.285714285714286 1.595146875
9.321428571428571 1.595146875
9.357142857142858 1.595146875
9.392857142857142 1.595146875
9.428571428571429 1.595146875
9.464285714285714 1.595146875
9.5 1.59148828125
9.535714285714286 1.59148828125
9.571428571428571 1.59148828125
9.607142857142858 1.59148828125
9.642857142857142 1.59148828125
9.678571428571429 1.59148828125
9.714285714285714 1.59148828125
9.75 1.59148828125
9.821428571428571 1.595146875
9.964285714285714 1.6170984375
10.0 1.62075703125
10.035714285714286 1.624415625
10.071428571428571 1.624415625
10.107142857142858 1.62075703125
10.142857142857142 1.62075703125
10.178571428571429 1.62075703125
10.214285714285714 1.62075703125
10.25 1.62075703125
10.285714285714286 1.62075703125
10.321428571428571 1.62075703125
10.357142857142858 1.62075703125
10.392857142857142 1.62075703125
10.428571428571429 1.62075703125
10.464285714285714 1.62075703125
10.5 1.62075703125
10.535714285714286 1.6170984375
10.571428571428571 1.6170984375
10.607142857142858 1.6170984375
10.642857142857142 1.6170984375
10.678571428571429 1.6170984375
10.714285714285714 1.6170984375
10.75 1.6170984375
10.785714285714286 1.61343984375
10.821428571428571 1.61343984375
10.857142857142858 1.61343984375
10.892857142857142 1.61343984375
10.928571428571429 1.61343984375
10.964285714285714 1.61343984375
11.0 1.60978125
11.035714285714286 1.60978125
11.071428571428571 1.60978125
11.107142857142858 1.60978125
11.142857142857142 1.60978125
11.178571428571429 1.60978125
11.25 1.6170984375
11.285714285714286 1.6170984375
11.392857142857142 1.6317328125
11.428571428571429 1.63539140625
11.464285714285714 1.6390500000000001
11.5 1.6390500000000001
11.535714285714286 1.63539140625
11.571428571428571 1.63539140625
11.607142857142858 1.6317328125
11.642857142857142 1.6317328125
11.678571428571429 1.62807421875
11.714285714285714 1.62807421875
11.75 1.62807421875
11.785714285714286 1.62807421875
11.821428571428571 1.62807421875
11.857142857142858 1.62807421875
11.892857142857142 1.62807421875
11.928571428571429 1.624415625
11.964285714285714 1.624415625
12.0 1.624415625
12.035714285714286 1.624415625
12.071428571428571 1.624415625
12.107142857142858 1.62075703125
12.142857142857142 1.62075703125
12.178571428571429 1.62075703125
12.214285714285714 1.62075703125
12.25 1.62075703125
12.285714285714286 1.6170984375
12.321428571428571 1.6170984375
12.357142857142858 1.6170984375
12.392857142857142 1.6170984375
12.428571428571429 1.6170984375
12.464285714285714 1.6170984375
12.5 1.6170984375
12.535714285714286 1.6170984375
12.571428571428571 1.61343984375
12.642857142857142 1.6170984375
12.678571428571429 1.62075703125
12.714285714285714 1.62075703125
12.785714285714286 1.6390500000000001
12.857142857142858 1.6427085937500001
12.892857142857142 1.6463671875
12.928571428571429 1.6427085937500001
12.964285714285714 1.6427085937500001
13.0 1.6427085937500001
13.035714285714286 1.6427085937500001
13.071428571428571 1.6390500000000001
13.107142857142858 1.6390500000000001
13.142857142857142 1.6390500000000001
13.178571428571429 1.6390500000000001
13.214285714285714 1.6390500000000001
13.25 1.6390500000000001
13.285714285714286 1.6390500000000001
13.321428571428571 1.6390500000000001
13.357142857142858 1.6390500000000001
13.392857142857142 1.6390500000000001
13.428571428571429 1.6390500000000001
13.464285714285714 1.6390500000000001
13.5 1.63539140625
13.535714285714286 1.63539140625
13.571428571428571 1.63539140625
13.607142857142858 1.63539140625
13.642857142857142 1.63539140625
13.678571428571429 1.63539140625
13.714285714285714 1.63539140625
13.75 1.63539140625
13.785714285714286 1.63539140625
13.821428571428571 1.63539140625
13.857142857142858 1.6317328125
13.892857142857142 1.6317328125
13.928571428571429 1.6317328125
13.964285714285714 1.6317328125
14.0 1.6317328125
14.035714285714286 1.6317328125
14.107142857142858 1.6390500000000001
14.178571428571429 1.653684375
14.214285714285714 1.653684375
14.25 1.65002578125
14.285714285714286 1.65734296875
14.321428571428571 1.66466015625
14.357142857142858 1.66466015625
14.392857142857142 1.66466015625
14.428571428571429 1.66466015625
14.464285714285714 1.66466015625
14.5 1.66466015625
14.535714285714286 1.66466015625
14.571428571428571 1.66466015625
14.607142857142858 1.66466015625
14.642857142857142 1.66466015625
14.678571428571429 1.6610015625
14.714285714285714 1.6610015625
14.75 1.6610015625
14.785714285714286 1.6610015625
14.821428571428571 1.6610015625
14.857142857142858 1.6610015625
14.892857142857142 1.6610015625
14.928571428571429 1.6610015625
14.964285714285714 1.6610015625
15.0 1.6610015625
15.035714285714286 1.6610015625
15.071428571428571 1.65734296875
15.107142857142858 1.65734296875
15.142857142857142 1.65734296875
15.178571428571429 1.65734296875
15.214285714285714 1.65734296875
15.25 1.65734296875
15.285714285714286 1.65734296875
15.321428571428571 1.65734296875
15.357142857142858 1.65734296875
15.392857142857142 1.653684375
15.428571428571429 1.653684375
15.464285714285714 1.653684375
15.5 1.65734296875
15.535714285714286 1.6610015625
15.607142857142858 1.67929453125
15.642857142857142 1.6756359375
15.678571428571429 1.6756359375
15.714285714285714 1.682953125
15.75 1.6902703125
15.785714285714286 1.6902703125
15.821428571428571 1.6902703125
15.857142857142858 1.6902703125
15.892857142857142 1.68661171875
15.928571428571429 1.68661171875
15.964285714285714 1.68661171875
16.0 1.68661171875
16.035714285714285 1.682953125
16.071428571428573 1.682953125
16.107142857142858 1.67929453125
16.142857142857142 1.67929453125
16.178571428571427 1.67929453125
16.214285714285715 1.6756359375
16.25 1.6756359375
16.285714285714285 1.6756359375
16.321428571428573 1.6756359375
16.357142857142858 1.67197734375
16.392857142857142 1.67197734375
16.428571428571427 1.67197734375
16.464285714285715 1.67197734375
16.5 1.67197734375
16.535714285714285 1.67197734375
16.571428571428573 1.67197734375
16.607142857142858 1.67197734375
16.642857142857142 1.67197734375
16.678571428571427 1.67197734375
16.714285714285715 1.66831875
16.75 1.66831875
16.785714285714285 1.66831875
16.821428571428573 1.66831875
16.857142857142858 1.66831875
16.928571428571427 1.67197734375
16.964285714285715 1.67197734375
17.0 1.68661171875
17.035714285714285 1.6902703125
17.071428571428573 1.6902703125
17.107142857142858 1.6902703125
17.142857142857142 1.6975875
17.178571428571427 1.70124609375
17.214285714285715 1.70124609375
17.25 1.70124609375
17.285714285714285 1.70124609375
17.321428571428573 1.70124609375
17.357142857142858 1.70124609375
17.392857142857142 1.70124609375
17.428571428571427 1.70124609375
17.464285714285715 1.70124609375
17.5 1.70124609375
17.535714285714285 1.6975875
17.571428571428573 1.6975875
17.607142857142858 1.6975875
17.642857142857142 1.6975875
17.678571428571427 1.6975875
17.714285714285715 1.69392890625
17.75 1.69392890625
17.785714285714285 1.69392890625
17.821428571428573 1.69392890625
17.857142857142858 1.6902703125
17.892857142857142 1.6902703125
17.928571428571427 1.6902703125
17.964285714285715 1.6902703125
18.0 1.6902703125
18.035714285714285 1.6902703125
18.071428571428573 1.6902703125
18.107142857142858 1.6902703125
18.142857142857142 1.6902703125
18.178571428571427 1.6902703125
18.214285714285715 1.6902703125
18.25 1.6902703125
18.285714285714285 1.6902703125
18.464285714285715 1.712221875
18.5 1.712221875
18.535714285714285 1.712221875
18.571428571428573 1.7195390625
18.607142857142858 1.72685625
18.642857142857142 1.72685625
18.678571428571427 1.72685625
18.714285714285715 1.72685625
18.75 1.72685625
18.785714285714285 1.72319765625
18.821428571428573 1.72319765625
18.857142857142858 1.7195390625
18.892857142857142 1.7195390625
18.928571428571427 1.7195390625
18.964285714285715 1.71588046875
19.0 1.71588046875
19.035714285714285 1.71588046875
19.071428571428573 1.712221875
19.107142857142858 1.712221875
19.142857142857142 1.712221875
19.178571428571427 1.712221875
19.214285714285715 1.70856328125
19.25 1.70856328125
19.285714285714285 1.70856328125
19.321428571428573 1.70856328125
19.357142857142858 1.70856328125
19.392857142857142 1.70856328125
19.428571428571427 1.70856328125
19.464285714285715 1.70856328125
19.5 1.70856328125
19.535714285714285 1.70856328125
19.571428571428573 1.70856328125
19.607142857142858 1.70856328125
19.642857142857142 1.70856328125
19.678571428571427 1.70856328125
19.714285714285715 1.7049046875
19.785714285714285 1.712221875
19.892857142857142 1.73051484375
19.928571428571427 1.73051484375
19.964285714285715 1.72685625
20.0 1.73783203125
20.035714285714285 1.741490625
20.071428571428573 1.741490625
20.107142857142858 1.741490625
20.142857142857142 1.741490625
20.178571428571427 1.741490625
20.214285714285715 1.741490625
20.25 1.741490625
20.285714285714285 1.73783203125
20.321428571428573 1.73783203125
20.357142857142858 1.7341734375
20.392857142857142 1.7341734375
20.428571428571427 1.7341734375
20.464285714285715 1.73051484375
20.5 1.73051484375
20.535714285714285 1.73051484375
20.571428571428573 1.73051484375
20.607142857142858 1.72685625
20.642857142857142 1.72685625
20.678571428571427 1.72685625
20.714285714285715 1.72685625
20.75 1.72685625
20.785714285714285 1.72319765625
20.821428571428573 1.72319765625
20.857142857142858 1.72319765625
20.892857142857142 1.72319765625
20.928571428571427 1.72319765625
20.964285714285715 1.72319765625
21.0 1.72319765625
21.035714285714285 1.72319765625
21.071428571428573 1.72319765625
21.107142857142858 1.7195390625
21.142857142857142 1.7195390625
21.214285714285715 1.72319765625
21.321428571428573 1.741490625
21.357142857142858 1.741490625
21.392857142857142 1.73783203125
21.428571428571427 1.74514921875
21.464285714285715 1.74514921875
21.5 1.741490625
21.535714285714285 1.741490625
21.571428571428573 1.741490625
21.607142857142858 1.73783203125
21.642857142857142 1.73783203125
21.678571428571427 1.73783203125
21.714285714285715 1.7341734375
21.75 1.7341734375
21.785714285714285 1.741490625
21.821428571428573 1.7341734375
21.857142857142858 1.7341734375
21.892857142857142 1.7341734375
21.928571428571427 1.7341734375
21.964285714285715 1.73051484375
22.0 1.73051484375
22.035714285714285 1.73051484375
22.071428571428573 1.73051484375
22.107142857142858 1.73051484375
22.142857142857142 1.73051484375
22.178571428571427 1.73051484375
22.214285714285715 1.73051484375
22.25 1.72685625
22.285714285714285 1.72685625
22.321428571428573 1.72685625
22.357142857142858 1.72685625
22.392857142857142 1.72685625
22.428571428571427 1.72685625
22.464285714285715 1.72685625
22.5 1.72685625
22.535714285714285 1.72685625
22.571428571428573 1.72319765625
22.642857142857142 1.73051484375
22.75 1.7488078125
22.785714285714285 1.7488078125
22.821428571428573 1.7488078125
22.857142857142858 1.7634421875
22.892857142857142 1.75978359375
22.928571428571427 1.7634421875
22.964285714285715 1.7634421875
23.0 1.7634421875
23.035714285714285 1.7634421875
23.071428571428573 1.75978359375
23.107142857142858 1.75978359375
23.142857142857142 1.75978359375
23.178571428571427 1.75978359375
23.214285714285715 1.75978359375
23.25 1.75978359375
23.285714285714285 1.75978359375
23.321428571428573 1.75978359375
23.357142857142858 1.75978359375
23.392857142857142 1.75978359375
23.428571428571427 1.75978359375
23.464285714285715 1.75978359375
23.5 1.75978359375
23.535714285714285 1.75978359375
23.571428571428573 1.75978359375
23.607142857142858 1.756125
23.642857142857142 1.756125
23.678571428571427 1.756125
23.714285714285715 1.756125
23.75 1.756125
23.785714285714285 1.756125
23.821428571428573 1.756125
23.857142857142858 1.756125
23.892857142857142 1.75246640625
23.928571428571427 1.75246640625
23.964285714285715 1.75246640625
24.0 1.75246640625
24.071428571428573 1.756125
24.178571428571427 1.770759375
24.214285714285715 1.770759375
24.25 1.7853937500000001
24.285714285714285 1.7853937500000001
24.321428571428573 1.7853937500000001
24.357142857142858 1.7817351562500001
24.392857142857142 1.7853937500000001
24.428571428571427 1.7817351562500001
24.464285714285715 1.7817351562500001
24.5 1.7817351562500001
24.535714285714285 1.7817351562500001
24.571428571428573 1.7780765625
24.607142857142858 1.7780765625
24.642857142857142 1.7780765625
24.678571428571427 1.7780765625
24.714285714285715 1.7780765625
24.75 1.7780765625
24.785714285714285 1.77441796875
24.821428571428573 1.77441796875
24.857142857142858 1.77441796875
24.892857142857142 1.770759375
24.928571428571427 1.770759375
24.964285714285715 1.770759375
25.0 1.770759375
25.035714285714285 1.770759375
25.071428571428573 1.770759375
25.107142857142858 1.76710078125
25.142857142857142 1.76710078125
25.178571428571427 1.76710078125
25.214285714285715 1.76710078125
25.25 1.76710078125
25.285714285714285 1.76710078125
25.321428571428573 1.76710078125
25.357142857142858 1.7634421875
25.392857142857142 1.7634421875
25.428571428571427 1.7634421875
25.5 1.770759375
25.571428571428573 1.7853937500000001
25.607142857142858 1.7853937500000001
25.642857142857142 1.78905234375
25.678571428571427 1.800028125
25.714285714285715 1.79636953125
25.75 1.79636953125
25.785714285714285 1.79636953125
25.821428571428573 1.79636953125
25.857142857142858 1.7927109375
25.892857142857142 1.7927109375
25.928571428571427 1.7927109375
25.964285714285715 1.7927109375
26.0 1.7927109375
26.035714285714285 1.7927109375
26.071428571428573 1.7927109375
26.107142857142858 1.78905234375
26.142857142857142 1.78905234375
26.178571428571427 1.78905234375
26.214285714285715 1.78905234375
26.25 1.78905234375
26.285714285714285 1.78905234375
26.321428571428573 1.78905234375
26.357142857142858 1.7853937500000001
26.392857142857142 1.7853937500000001
26.428571428571427 1.7853937500000001
26.464285714285715 1.7853937500000001
26.5 1.7853937500000001
26.535714285714285 1.7853937500000001
26.571428571428573 1.7817351562500001
26.607142857142858 1.7817351562500001
26.642857142857142 1.7817351562500001
26.678571428571427 1.7817351562500001
26.714285714285715 1.7817351562500001
26.75 1.7817351562500001
26.785714285714285 1.7780765625
26.821428571428573 1.7780765625
27.0 1.800028125
27.035714285714285 1.800028125
27.071428571428573 1.800028125
27.107142857142858 1.81100390625
27.142857142857142 1.81100390625
27.178571428571427 1.81100390625
27.214285714285715 1.8073453125
27.25 1.8073453125
27.285714285714285 1.8073453125
27.321428571428573 1.8073453125
27.357142857142858 1.80368671875
27.392857142857142 1.80368671875
27.428571428571427 1.80368671875
27.464285714285715 1.80368671875
27.5 1.800028125
27.535714285714285 1.800028125
27.571428571428573 1.79636953125
27.607142857142858 1.79636953125
27.642857142857142 1.79636953125
27.678571428571427 1.79636953125
27.714285714285715 1.79636953125
27.75 1.7927109375
27.785714285714285 1.7927109375
27.821428571428573 1.7927109375
27.857142857142858 1.7927109375
27.892857142857142 1.78905234375
27.928571428571427 1.78905234375
27.964285714285715 1.78905234375
28.0 1.78905234375
28.035714285714285 1.78905234375
28.071428571428573 1.78905234375
28.107142857142858 1.7853937500000001
28.142857142857142 1.7853937500000001
28.178571428571427 1.7853937500000001
28.214285714285715 1.7853937500000001
28.25 1.7853937500000001
28.285714285714285 1.7853937500000001
28.392857142857142 1.8073453125
28.428571428571427 1.80368671875
28.464285714285715 1.80368671875
28.5 1.8073453125
28.535714285714285 1.81832109375
28.571428571428573 1.81832109375
28.607142857142858 1.81832109375
28.642857142857142 1.81832109375
28.678571428571427 1.8146625
28.714285714285715 1.8146625
28.75 1.81100390625
28.785714285714285 1.81100390625
28.821428571428573 1.81100390625
28.857142857142858 1.81100390625
28.892857142857142 1.8073453125
28.928571428571427 1.8073453125
28.964285714285715 1.8073453125
29.0 1.8073453125
29.035714285714285 1.80368671875
29.071428571428573 1.80368671875
29.107142857142858 1.80368671875
29.142857142857142 1.80368671875
29.178571428571427 1.80368671875
29.214285714285715 1.80368671875
29.25 1.800028125
29.285714285714285 1.800028125
29.321428571428573 1.800028125
29.357142857142858 1.800028125
29.392857142857142 1.800028125
29.428571428571427 1.800028125
29.464285714285715 1.79636953125
29.5 1.79636953125
29.535714285714285 1.79636953125
29.571428571428573 1.79636953125
29.607142857142858 1.79636953125
29.642857142857142 1.79636953125
29.678571428571427 1.79636953125
29.714285714285715 1.79636953125
29.75 1.800028125
29.821428571428573 1.8146625
29.857142857142858 1.8146625
29.892857142857142 1.81832109375
29.928571428571427 1.81832109375
29.964285714285715 1.829296875
30.0 1.82563828125
30.035714285714285 1.82563828125
30.071428571428573 1.82563828125
30.107142857142858 1.8219796875
30.142857142857142 1.8219796875
30.178571428571427 1.8219796875
30.214285714285715 1.8219796875
30.25 1.8219796875
30.285714285714285 1.8219796875
30.321428571428573 1.81832109375
30.357142857142858 1.81832109375
30.392857142857142 1.81832109375
30.428571428571427 1.81832109375
30.464285714285715 1.81832109375
30.5 1.81832109375
30.535714285714285 1.8146625
30.571428571428573 1.8146625
30.607142857142858 1.8146625
30.642857142857142 1.8146625
30.678571428571427 1.8146625
30.714285714285715 1.8146625
30.75 1.81100390625
30.785714285714285 1.81100390625
30.821428571428573 1.81100390625
30.857142857142858 1.81100390625
30.892857142857142 1.81100390625
30.928571428571427 1.8073453125
30.964285714285715 1.8073453125
31.0 1.8073453125
31.035714285714285 1.8073453125
31.071428571428573 1.8073453125
31.107142857142858 1.8073453125
31.178571428571427 1.81100390625
31.214285714285715 1.81100390625
31.25 1.82563828125
31.285714285714285 1.82563828125
31.321428571428573 1.829296875
31.357142857142858 1.829296875
31.392857142857142 1.84027265625
31.428571428571427 1.8366140625
31.464285714285715 1.8366140625
31.5 1.8366140625
31.535714285714285 1.8366140625
31.571428571428573 1.83295546875
31.607142857142858 1.83295546875
31.642857142857142 1.83295546875
31.678571428571427 1.83295546875
31.714285714285715 1.829296875
31.75 1.83295546875
31.785714285714285 1.829296875
31.821428571428573 1.829296875
31.857142857142858 1.829296875
31.892857142857142 1.829296875
31.928571428571427 1.829296875
31.964285714285715 1.829296875
32.0 1.829296875
32.035714285714285 1.82563828125
32.07142857142857 1.82563828125
32.107142857142854 1.82563828125
32.142857142857146 1.82563828125
32.17857142857143 1.82563828125
32.214285714285715 1.82563828125
32.25 1.82563828125
32.285714285714285 1.82563828125
32.32142857142857 1.8219796875
32.357142857142854 1.8219796875
32.392857142857146 1.8219796875
32.42857142857143 1.8219796875
32.464285714285715 1.8219796875
32.5 1.8219796875
32.535714285714285 1.8219796875
32.57142857142857 1.8219796875
32.607142857142854 1.82563828125
32.67857142857143 1.84393125
32.714285714285715 1.84393125
32.75 1.84393125
32.785714285714285 1.84393125
32.82142857142857 1.8512484375
32.857142857142854 1.8512484375
32.892857142857146 1.8512484375
32.92857142857143 1.84758984375
32.964285714285715 1.84758984375
33.0 1.84758984375
33.035714285714285 1.84758984375
33.07142857142857 1.84393125
33.107142857142854 1.84393125
33.142857142857146 1.84393125
33.17857142857143 1.84393125
33.214285714285715 1.84393125
33.25 1.84393125
33.285714285714285 1.84393125
33.32142857142857 1.84393125
33.357142857142854 1.84027265625
33.392857142857146 1.84027265625
33.42857142857143 1.84027265625
33.464285714285715 1.84027265625
33.5 1.84027265625
33.535714285714285 1.84027265625
33.57142857142857 1.84027265625
33.607142857142854 1.84027265625
33.642857142857146 1.84027265625
33.67857142857143 1.84027265625
33.714285714285715 1.84027265625
33.75 1.84027265625
33.785714285714285 1.84027265625
33.82142857142857 1.84027265625
33.857142857142854 1.8366140625
33.892857142857146 1.8366140625
33.92857142857143 1.8366140625
33.964285714285715 1.8366140625
34.107142857142854 1.858565625
34.142857142857146 1.858565625
34.17857142857143 1.858565625
34.214285714285715 1.8658828125
34.25 1.8658828125
34.285714285714285 1.8658828125
34.32142857142857 1.8658828125
34.357142857142854 1.8658828125
34.392857142857146 1.86222421875
34.42857142857143 1.86222421875
34.464285714285715 1.86222421875
34.5 1.86222421875
34.535714285714285 1.86222421875
34.57142857142857 1.86222421875
34.607142857142854 1.86222421875
34.642857142857146 1.86222421875
34.67857142857143 1.86222421875
34.714285714285715 1.86222421875
34.75 1.86222421875
34.785714285714285 1.86222421875
34.82142857142857 1.86222421875
34.857142857142854 1.86222421875
34.892857142857146 1.858565625
34.92857142857143 1.858565625
34.964285714285715 1.858565625
35.0 1.858565625
35.035714285714285 1.858565625
35.07142857142857 1.858565625
35.107142857142854 1.85490703125
35.142857142857146 1.85490703125
35.17857142857143 1.85490703125
35.214285714285715 1.85490703125
35.25 1.85490703125
35.285714285714285 1.85490703125
35.32142857142857 1.85490703125
35.357142857142854 1.85490703125
35.535714285714285 1.87685859375
35.57142857142857 1.87685859375
35.607142857142854 1.87685859375
35.642857142857146 1.8805171875
35.67857142857143 1.887834375
35.714285714285715 1.887834375
35.75 1.887834375
35.785714285714285 1.887834375
35.82142857142857 1.88417578125
35.857142857142854 1.88417578125
35.892857142857146 1.88417578125
35.92857142857143 1.8805171875
35.964285714285715 1.8805171875
36.0 1.8805171875
36.035714285714285 1.8805171875
36.07142857142857 1.8805171875
36.107142857142854 1.8805171875
36.142857142857146 1.8805171875
36.17857142857143 1.8805171875
36.214285714285715 1.8805171875
36.25 1.8805171875
36.285714285714285 1.87685859375
36.32142857142857 1.87685859375
36.357142857142854 1.87685859375
36.392857142857146 1.87685859375
36.42857142857143 1.87685859375
36.464285714285715 1.8732
36.5 1.8732
36.535714285714285 1.8732
36.57142857142857 1.8732
36.607142857142854 1.8732
36.642857142857146 1.8732
36.67857142857143 1.8732
36.714285714285715 1.8732
36.75 1.86954140625
36.785714285714285 1.86954140625
36.892857142857146 1.87685859375
36.964285714285715 1.8951515625
37.0 1.8951515625
37.035714285714285 1.8951515625
37.07142857142857 1.90246875
37.107142857142854 1.9097859375
37.142857142857146 1.9097859375
37.17857142857143 1.9097859375
37.214285714285715 1.9097859375
37.25 1.90612734375
37.285714285714285 1.90612734375
37.32142857142857 1.90612734375
37.357142857142854 1.9097859375
37.392857142857146 1.9097859375
37.42857142857143 1.90612734375
37.464285714285715 1.9097859375
37.5 1.9097859375
37.535714285714285 1.9097859375
37.57142857142857 1.9097859375
37.607142857142854 1.9097859375
37.642857142857146 1.9097859375
37.67857142857143 1.9097859375
37.714285714285715 1.90612734375
37.75 1.9097859375
37.785714285714285 1.9097859375
37.82142857142857 1.90246875
37.857142857142854 1.90246875
37.892857142857146 1.90246875
37.92857142857143 1.90246875
37.964285714285715 1.90246875
38.0 1.89881015625
38.035714285714285 1.89881015625
38.07142857142857 1.89881015625
38.107142857142854 1.89881015625
38.142857142857146 1.89881015625
38.17857142857143 1.89881015625
38.214285714285715 1.89881015625
38.285714285714285 1.90246875
38.32142857142857 1.90246875
38.392857142857146 1.9244203125000001
38.42857142857143 1.92076171875
38.464285714285715 1.92076171875
38.5 1.93539609375
38.535714285714285 1.9317375
38.57142857142857 1.9317375
38.607142857142854 1.93539609375
38.642857142857146 1.93539609375
38.67857142857143 1.9317375
38.714285714285715 1.9317375
38.75 1.9317375
38.785714285714285 1.9317375
38.82142857142857 1.9317375
38.857142857142854 1.9317375
38.892857142857146 1.9280789062500001
38.92857142857143 1.9280789062500001
38.964285714285715 1.9280789062500001
39.0 1.9280789062500001
39.035714285714285 1.9244203125000001
39.07142857142857 1.92076171875
39.107142857142854 1.92076171875
39.142857142857146 1.9244203125000001
39.17857142857143 1.9244203125000001
39.214285714285715 1.9244203125000001
39.25 1.9244203125000001
39.285714285714285 1.92076171875
39.32142857142857 1.9244203125000001
39.357142857142854 1.92076171875
39.392857142857146 1.92076171875
39.42857142857143 1.92076171875
39.464285714285715 1.92076171875
39.5 1.92076171875
39.535714285714285 1.92076171875
39.57142857142857 1.92076171875
39.607142857142854 1.92076171875
39.642857142857146 1.92076171875
39.714285714285715 1.92076171875
39.75 1.9244203125000001
39.82142857142857 1.93539609375
39.857142857142854 1.93539609375
