0.03571428571428571 2.56467421875
0.07142857142857142 2.56467421875
0.10714285714285714 2.56467421875
0.14285714285714285 2.5683328125
0.17857142857142858 2.57199140625
0.21428571428571427 2.5683328125
0.25 2.56467421875
0.2857142857142857 2.56467421875
0.32142857142857145 2.56467421875
0.35714285714285715 2.561015625
0.39285714285714285 2.55735703125
0.42857142857142855 2.55735703125
0.4642857142857143 2.55735703125
0.5 2.55735703125
0.5357142857142857 2.55735703125
0.5714285714285714 2.55735703125
0.6071428571428571 2.55735703125
0.6428571428571429 2.55735703125
0.6785714285714286 2.55735703125
0.7142857142857143 2.55735703125
0.75 2.561015625
0.7857142857142857 2.561015625
0.8214285714285714 2.5683328125
0.8571428571428571 2.55735703125
0.8928571428571429 2.55735703125
0.9285714285714286 2.55735703125
0.9642857142857143 2.55735703125
1.0 2.5536984375
1.0357142857142858 2.5536984375
1.0714285714285714 2.5536984375
1.1071428571428572 2.5536984375
1.1428571428571428 2.55003984375
1.1785714285714286 2.5536984375
1.2142857142857142 2.5536984375
1.25 2.5536984375
1.2857142857142858 2.55003984375
1.3214285714285714 2.5536984375
1.3571428571428572 2.54638125
1.3928571428571428 2.55735703125
1.4285714285714286 2.561015625
1.4642857142857142 2.55735703125
1.5 2.55735703125
1.5357142857142858 2.55735703125
1.5714285714285714 2.5536984375
1.6071428571428572 2.55003984375
1.6428571428571428 2.55003984375
1.6785714285714286 2.55003984375
1.7142857142857142 2.55003984375
1.75 2.54638125
1.7857142857142858 2.54638125
1.8214285714285714 2.54638125
1.8571428571428572 2.54638125
1.8928571428571428 2.55003984375
1.9285714285714286 2.55003984375
1.9642857142857142 2.54638125
2.0 2.5536984375
2.0357142857142856 2.5536984375
2.0714285714285716 2.5536984375
2.107142857142857 2.55003984375
2.142857142857143 2.55003984375
2.1785714285714284 2.55003984375
2.2142857142857144 2.54638125
2.25 2.54638125
2.2857142857142856 2.54638125
2.3214285714285716 2.54638125
2.357142857142857 2.54272265625
2.392857142857143 2.54272265625
2.4285714285714284 2.54638125
2.4642857142857144 2.54272265625
2.5 2.54638125
2.5357142857142856 2.54638125
2.5714285714285716 2.54638125
2.607142857142857 2.53540546875
2.642857142857143 2.54638125
2.6785714285714284 2.55003984375
2.7142857142857144 2.55003984375
2.75 2.54272265625
2.7857142857142856 2.54272265625
2.8214285714285716 2.54272265625
2.857142857142857 2.5390640625
2.892857142857143 2.5390640625
2.9285714285714284 2.5390640625
2.9642857142857144 2.53540546875
3.0 2.53540546875
3.0357142857142856 2.53540546875
3.0714285714285716 2.5390640625
3.107142857142857 2.5390640625
3.142857142857143 2.5390640625
3.1785714285714284 2.5390640625
3.2142857142857144 2.53540546875
3.25 2.531746875
3.2857142857142856 2.54638125
3.3214285714285716 2.54272265625
3.357142857142857 2.54272265625
3.392857142857143 2.5390640625
3.4285714285714284 2.5390640625
3.4642857142857144 2.531746875
3.5 2.52808828125
3.5357142857142856 2.52808828125
3.5714285714285716 2.52808828125
3.607142857142857 2.52808828125
3.642857142857143 2.52808828125
3.6785714285714284 2.52808828125
3.7142857142857144 2.52808828125
3.75 2.531746875
3.7857142857142856 2.531746875
3.8214285714285716 2.52808828125
3.857142857142857 2.5244296875
3.9285714285714284 2.5390640625
3.9642857142857144 2.53540546875
4.0 2.53540546875
4.035714285714286 2.53540546875
4.071428571428571 2.531746875
4.107142857142857 2.52077109375
4.142857142857143 2.52077109375
4.178571428571429 2.52077109375
4.214285714285714 2.52077109375
4.25 2.52077109375
4.285714285714286 2.52077109375
4.321428571428571 2.52077109375
4.357142857142857 2.52077109375
4.392857142857143 2.52077109375
4.428571428571429 2.52077109375
4.464285714285714 2.52077109375
4.5 2.52808828125
4.535714285714286 2.53540546875
4.571428571428571 2.5244296875
4.607142857142857 2.52808828125
4.642857142857143 2.5244296875
4.678571428571429 2.5244296875
4.714285714285714 2.51345390625
4.75 2.51345390625
4.785714285714286 2.51345390625
4.821428571428571 2.51345390625
4.857142857142857 2.51345390625
4.892857142857143 2.51345390625
4.928571428571429 2.51345390625
4.964285714285714 2.51345390625
5.0 2.51345390625
5.035714285714286 2.51345390625
5.071428571428571 2.51345390625
5.107142857142857 2.5097953125
5.178571428571429 2.52077109375
5.214285714285714 2.5171125
5.25 2.5171125
5.285714285714286 2.5171125
5.321428571428571 2.5097953125
5.357142857142857 2.50613671875
5.392857142857143 2.50613671875
5.428571428571429 2.50613671875
5.464285714285714 2.50613671875
5.5 2.50613671875
5.535714285714286 2.50613671875
5.571428571428571 2.50613671875
5.607142857142857 2.50613671875
5.642857142857143 2.50613671875
5.678571428571429 2.50613671875
5.714285714285714 2.50613671875
5.821428571428571 2.51345390625
5.857142857142857 2.50613671875
5.892857142857143 2.5097953125
5.964285714285714 2.49881953125
6.0 2.49881953125
6.035714285714286 2.49881953125
6.071428571428571 2.49881953125
6.107142857142857 2.49881953125
6.142857142857143 2.49881953125
6.178571428571429 2.49881953125
6.214285714285714 2.49881953125
6.25 2.49881953125
6.285714285714286 2.49881953125
6.321428571428571 2.49881953125
6.428571428571429 2.50613671875
6.464285714285714 2.502478125
6.5 2.502478125
6.571428571428571 2.4951609375
6.607142857142857 2.49150234375
6.642857142857143 2.49150234375
6.678571428571429 2.4951609375
6.714285714285714 2.4951609375
6.75 2.49150234375
6.785714285714286 2.49150234375
6.821428571428571 2.49150234375
6.857142857142857 2.49150234375
6.892857142857143 2.49150234375
6.928571428571429 2.49150234375
6.964285714285714 2.49150234375
7.035714285714286 2.502478125
7.071428571428571 2.49881953125
7.107142857142857 2.4951609375
7.142857142857143 2.4951609375
7.178571428571429 2.4951609375
7.214285714285714 2.48784375
7.25 2.48784375
7.285714285714286 2.48784375
7.321428571428571 2.48784375
7.357142857142857 2.48784375
7.392857142857143 2.48784375
7.428571428571429 2.48784375
7.464285714285714 2.48784375
7.5 2.48784375
7.535714285714286 2.48784375
7.571428571428571 2.48784375
7.607142857142857 2.48784375
7.678571428571429 2.4951609375
7.714285714285714 2.4951609375
7.75 2.49150234375
7.785714285714286 2.48784375
7.821428571428571 2.4805265625
7.857142857142857 2.4805265625
7.892857142857143 2.4805265625
7.928571428571429 2.4805265625
7.964285714285714 2.4805265625
8.0 2.4805265625
8.035714285714286 2.4805265625
8.071428571428571 2.4805265625
8.107142857142858 2.4805265625
8.142857142857142 2.4805265625
8.178571428571429 2.4805265625
8.214285714285714 2.4805265625
8.285714285714286 2.49150234375
8.321428571428571 2.48784375
8.357142857142858 2.48418515625
8.392857142857142 2.48418515625
8.428571428571429 2.47686796875
8.464285714285714 2.47686796875
8.5 2.473209375
8.535714285714286 2.47686796875
8.571428571428571 2.47686796875
8.607142857142858 2.47686796875
8.642857142857142 2.47686796875
8.678571428571429 2.47686796875
8.714285714285714 2.47686796875
8.75 2.47686796875
8.785714285714286 2.47686796875
8.821428571428571 2.473209375
8.857142857142858 2.473209375
8.928571428571429 2.48418515625
8.964285714285714 2.48418515625
9.0 2.4805265625
9.035714285714286 2.46955078125
9.071428571428571 2.46955078125
9.107142857142858 2.46955078125
9.142857142857142 2.46955078125
9.178571428571429 2.46955078125
9.214285714285714 2.46955078125
9.25 2.46955078125
9.285714285714286 2.46955078125
9.321428571428571 2.46955078125
9.357142857142858 2.46955078125
9.392857142857142 2.46955078125
9.428571428571429 2.46955078125
9.464285714285714 2.46955078125
9.5 2.4658921875
9.535714285714286 2.47686796875
9.571428571428571 2.47686796875
9.607142857142858 2.473209375
9.642857142857142 2.46955078125
9.678571428571429 2.46223359375
9.714285714285714 2.46223359375
9.75 2.46223359375
9.785714285714286 2.46223359375
9.821428571428571 2.46223359375
9.857142857142858 2.46223359375
9.892857142857142 2.46223359375
9.928571428571429 2.46223359375
9.964285714285714 2.46223359375
10.0 2.46223359375
10.035714285714286 2.46223359375
10.071428571428571 2.46223359375
10.142857142857142 2.473209375
10.178571428571429 2.473209375
10.214285714285714 2.4658921875
10.25 2.4658921875
10.285714285714286 2.4658921875
10.321428571428571 2.45491640625
10.357142857142858 2.45491640625
10.392857142857142 2.45491640625
10.428571428571429 2.45491640625
10.464285714285714 2.45491640625
10.5 2.45491640625
10.535714285714286 2.45491640625
10.571428571428571 2.45491640625
10.607142857142858 2.45491640625
10.642857142857142 2.45491640625
10.678571428571429 2.45491640625
10.714285714285714 2.45491640625
10.75 2.45491640625
10.785714285714286 2.4658921875
10.821428571428571 2.4658921875
10.857142857142858 2.46223359375
10.892857142857142 2.46223359375
10.928571428571429 2.458575
10.964285714285714 2.4512578125
11.0 2.4512578125
11.035714285714286 2.4512578125
11.071428571428571 2.4512578125
11.107142857142858 2.4512578125
11.142857142857142 2.4512578125
11.178571428571429 2.4512578125
11.214285714285714 2.4512578125
11.25 2.4512578125
11.285714285714286 2.4512578125
11.321428571428571 2.4512578125
11.357142857142858 2.44759921875
11.392857142857142 2.46223359375
11.428571428571429 2.46223359375
11.464285714285714 2.458575
11.5 2.45491640625
11.535714285714286 2.443940625
11.571428571428571 2.443940625
11.607142857142858 2.443940625
11.642857142857142 2.443940625
11.678571428571429 2.443940625
11.714285714285714 2.443940625
11.75 2.443940625
11.785714285714286 2.443940625
11.821428571428571 2.443940625
11.857142857142858 2.443940625
11.892857142857142 2.443940625
11.928571428571429 2.443940625
11.964285714285714 2.443940625
12.035714285714286 2.45491640625
12.071428571428571 2.4512578125
12.107142857142858 2.44759921875
12.142857142857142 2.44759921875
12.178571428571429 2.4366234375
12.214285714285714 2.4366234375
12.25 2.4366234375
12.285714285714286 2.4366234375
12.321428571428571 2.4366234375
12.357142857142858 2.4366234375
12.392857142857142 2.4366234375
12.428571428571429 2.4366234375
12.464285714285714 2.4366234375
12.5 2.4366234375
12.535714285714286 2.4366234375
12.571428571428571 2.4366234375
12.607142857142858 2.4366234375
12.642857142857142 2.44759921875
12.678571428571429 2.44759921875
12.714285714285714 2.443940625
12.75 2.44028203125
12.785714285714286 2.4293062500000002
12.821428571428571 2.4293062500000002
12.857142857142858 2.4293062500000002
12.892857142857142 2.4293062500000002
12.928571428571429 2.4293062500000002
12.964285714285714 2.4293062500000002
13.0 2.4293062500000002
13.035714285714286 2.4293062500000002
13.071428571428571 2.4293062500000002
13.107142857142858 2.4293062500000002
13.142857142857142 2.4293062500000002
13.178571428571429 2.4293062500000002
13.214285714285714 2.4293062500000002
13.25 2.4366234375
13.285714285714286 2.44028203125
13.321428571428571 2.44028203125
13.357142857142858 2.43296484375
13.392857142857142 2.43296484375
13.428571428571429 2.4219890625000002
13.464285714285714 2.4219890625000002
13.5 2.4219890625000002
13.535714285714286 2.4219890625000002
13.571428571428571 2.4219890625000002
13.607142857142858 2.4219890625000002
13.642857142857142 2.4219890625000002
13.678571428571429 2.4219890625000002
13.714285714285714 2.4219890625000002
13.75 2.4219890625000002
13.785714285714286 2.4219890625000002
13.821428571428571 2.4219890625000002
13.892857142857142 2.4293062500000002
13.928571428571429 2.4293062500000002
13.964285714285714 2.4256476562500002
14.0 2.4219890625000002
14.035714285714286 2.414671875
14.071428571428571 2.414671875
14.107142857142858 2.414671875
14.142857142857142 2.414671875
14.178571428571429 2.414671875
14.214285714285714 2.414671875
14.25 2.414671875
14.285714285714286 2.414671875
14.321428571428571 2.414671875
14.357142857142858 2.414671875
14.392857142857142 2.414671875
14.428571428571429 2.414671875
14.464285714285714 2.414671875
14.535714285714286 2.4256476562500002
14.571428571428571 2.4219890625000002
14.607142857142858 2.41833046875
14.642857142857142 2.4073546875
14.678571428571429 2.4073546875
14.714285714285714 2.4073546875
14.75 2.4073546875
14.785714285714286 2.4073546875
14.821428571428571 2.4073546875
14.857142857142858 2.4073546875
14.892857142857142 2.4073546875
14.928571428571429 2.4073546875
14.964285714285714 2.4073546875
15.0 2.4073546875
15.035714285714286 2.4073546875
15.071428571428571 2.4073546875
15.142857142857142 2.41833046875
15.178571428571429 2.414671875
15.214285714285714 2.414671875
15.25 2.41101328125
15.285714285714286 2.4000375
15.321428571428571 2.4000375
15.357142857142858 2.4000375
15.392857142857142 2.4000375
15.428571428571429 2.4000375
15.464285714285714 2.4000375
15.5 2.4000375
15.535714285714286 2.4000375
15.571428571428571 2.4000375
15.607142857142858 2.4000375
15.642857142857142 2.4000375
15.678571428571429 2.4000375
15.714285714285714 2.4000375
15.785714285714286 2.41101328125
15.821428571428571 2.4073546875
15.857142857142858 2.40369609375
15.892857142857142 2.3927203125
15.928571428571429 2.3927203125
15.964285714285714 2.3927203125
16.0 2.3927203125
16.035714285714285 2.3927203125
16.071428571428573 2.3927203125
16.107142857142858 2.3927203125
16.142857142857142 2.3927203125
16.178571428571427 2.3927203125
16.214285714285715 2.3927203125
16.25 2.3927203125
16.285714285714285 2.3927203125
16.321428571428573 2.3927203125
16.357142857142858 2.38906171875
16.428571428571427 2.4000375
16.464285714285715 2.4000375
16.5 2.385403125
16.535714285714285 2.385403125
16.571428571428573 2.385403125
16.607142857142858 2.385403125
16.642857142857142 2.385403125
16.678571428571427 2.385403125
16.714285714285715 2.385403125
16.75 2.385403125
16.785714285714285 2.385403125
16.821428571428573 2.385403125
16.857142857142858 2.385403125
16.892857142857142 2.385403125
16.928571428571427 2.385403125
16.964285714285715 2.385403125
17.0 2.39637890625
17.035714285714285 2.39637890625
17.071428571428573 2.39637890625
17.107142857142858 2.3927203125
17.142857142857142 2.3927203125
17.178571428571427 2.3780859375
17.214285714285715 2.3780859375
17.25 2.3780859375
17.285714285714285 2.38174453125
17.321428571428573 2.38174453125
17.357142857142858 2.38174453125
17.392857142857142 2.38174453125
17.428571428571427 2.38174453125
17.464285714285715 2.38174453125
17.5 2.38174453125
17.535714285714285 2.3780859375
17.571428571428573 2.3780859375
17.607142857142858 2.3780859375
17.642857142857142 2.3927203125
17.678571428571427 2.38906171875
17.714285714285715 2.385403125
17.75 2.38906171875
17.785714285714285 2.3780859375
17.821428571428573 2.37442734375
17.857142857142858 2.37442734375
17.892857142857142 2.37442734375
17.928571428571427 2.37442734375
17.964285714285715 2.37442734375
18.0 2.37442734375
18.035714285714285 2.37442734375
18.071428571428573 2.37442734375
18.107142857142858 2.37442734375
18.142857142857142 2.37442734375
18.178571428571427 2.37442734375
18.214285714285715 2.37442734375
18.285714285714285 2.38906171875
18.321428571428573 2.385403125
18.357142857142858 2.385403125
18.428571428571427 2.37076875
18.464285714285715 2.37076875
18.5 2.37076875
18.535714285714285 2.37442734375
18.571428571428573 2.37076875
18.607142857142858 2.37076875
18.642857142857142 2.37076875
18.678571428571427 2.37076875
18.714285714285715 2.37076875
18.75 2.37076875
18.785714285714285 2.37076875
18.821428571428573 2.37076875
18.892857142857142 2.38906171875
18.928571428571427 2.38174453125
18.964285714285715 2.38174453125
19.0 2.38174453125
19.035714285714285 2.36711015625
19.071428571428573 2.36711015625
19.107142857142858 2.37076875
19.142857142857142 2.36711015625
19.178571428571427 2.37076875
19.214285714285715 2.37076875
19.25 2.37076875
19.285714285714285 2.37076875
19.321428571428573 2.37076875
19.357142857142858 2.37076875
19.392857142857142 2.37076875
19.428571428571427 2.37076875
19.464285714285715 2.37076875
19.535714285714285 2.385403125
19.571428571428573 2.38174453125
19.607142857142858 2.38174453125
19.642857142857142 2.3780859375
19.678571428571427 2.36711015625
19.714285714285715 2.36711015625
19.75 2.36711015625
19.785714285714285 2.36711015625
19.821428571428573 2.36711015625
19.857142857142858 2.36711015625
19.892857142857142 2.36711015625
19.928571428571427 2.36711015625
19.964285714285715 2.36711015625
20.0 2.36711015625
20.035714285714285 2.36711015625
20.071428571428573 2.36711015625
20.107142857142858 2.3780859375
20.142857142857142 2.38174453125
20.178571428571427 2.38174453125
20.214285714285715 2.38174453125
20.25 2.37442734375
20.285714285714285 2.3634515625
20.321428571428573 2.36711015625
20.357142857142858 2.36711015625
20.392857142857142 2.36711015625
20.428571428571427 2.36711015625
20.464285714285715 2.3634515625
20.5 2.3634515625
20.535714285714285 2.3634515625
20.571428571428573 2.3634515625
20.607142857142858 2.36711015625
20.642857142857142 2.3634515625
20.678571428571427 2.3634515625
20.714285714285715 2.3634515625
20.75 2.37442734375
20.785714285714285 2.3780859375
20.821428571428573 2.37442734375
20.857142857142858 2.37442734375
20.892857142857142 2.37442734375
20.928571428571427 2.35979296875
20.964285714285715 2.35979296875
21.0 2.35979296875
21.035714285714285 2.3634515625
21.071428571428573 2.35979296875
21.107142857142858 2.35979296875
21.142857142857142 2.35979296875
21.178571428571427 2.35979296875
21.214285714285715 2.35979296875
21.25 2.35979296875
21.285714285714285 2.35979296875
21.321428571428573 2.35979296875
21.392857142857142 2.37076875
21.428571428571427 2.37076875
21.464285714285715 2.36711015625
21.5 2.36711015625
21.535714285714285 2.35247578125
21.571428571428573 2.35247578125
21.607142857142858 2.35247578125
21.642857142857142 2.356134375
21.678571428571427 2.35247578125
21.714285714285715 2.356134375
21.75 2.356134375
21.785714285714285 2.35247578125
21.821428571428573 2.35247578125
21.857142857142858 2.35247578125
21.892857142857142 2.35247578125
21.928571428571427 2.35247578125
21.964285714285715 2.35247578125
22.0 2.3634515625
22.035714285714285 2.3634515625
22.071428571428573 2.35979296875
22.107142857142858 2.356134375
22.142857142857142 2.34515859375
22.178571428571427 2.34515859375
22.214285714285715 2.34515859375
22.25 2.34515859375
22.285714285714285 2.34515859375
22.321428571428573 2.34515859375
22.357142857142858 2.34515859375
22.392857142857142 2.34515859375
22.428571428571427 2.34515859375
22.464285714285715 2.34515859375
22.5 2.34515859375
22.535714285714285 2.34515859375
22.571428571428573 2.34515859375
22.642857142857142 2.356134375
22.678571428571427 2.35247578125
22.714285714285715 2.3488171875
22.75 2.35247578125
22.785714285714285 2.3488171875
22.821428571428573 2.33784140625
22.857142857142858 2.33784140625
22.892857142857142 2.33784140625
22.928571428571427 2.33784140625
22.964285714285715 2.33784140625
23.0 2.33784140625
23.035714285714285 2.33784140625
23.071428571428573 2.33784140625
23.107142857142858 2.33784140625
23.142857142857142 2.33784140625
23.178571428571427 2.33784140625
23.214285714285715 2.33784140625
23.25 2.3415
23.285714285714285 2.35247578125
23.321428571428573 2.34515859375
23.357142857142858 2.3415
23.392857142857142 2.33052421875
23.428571428571427 2.3341828125
23.464285714285715 2.33052421875
23.5 2.33052421875
23.535714285714285 2.33052421875
23.571428571428573 2.33052421875
23.607142857142858 2.33052421875
23.642857142857142 2.33052421875
23.678571428571427 2.33052421875
23.714285714285715 2.3341828125
23.75 2.3341828125
23.785714285714285 2.3341828125
23.821428571428573 2.33052421875
23.892857142857142 2.34515859375
23.928571428571427 2.3415
23.964285714285715 2.3415
24.0 2.326865625
24.035714285714285 2.326865625
24.071428571428573 2.326865625
24.107142857142858 2.326865625
24.142857142857142 2.326865625
24.178571428571427 2.326865625
24.214285714285715 2.326865625
24.25 2.326865625
24.285714285714285 2.326865625
24.321428571428573 2.33052421875
24.357142857142858 2.326865625
24.392857142857142 2.326865625
24.428571428571427 2.326865625
24.5 2.33784140625
24.535714285714285 2.33784140625
24.571428571428573 2.3341828125
24.607142857142858 2.3341828125
24.642857142857142 2.32320703125
24.678571428571427 2.32320703125
24.714285714285715 2.32320703125
24.75 2.32320703125
24.785714285714285 2.32320703125
24.821428571428573 2.32320703125
24.857142857142858 2.32320703125
24.892857142857142 2.32320703125
24.928571428571427 2.32320703125
24.964285714285715 2.32320703125
25.0 2.32320703125
25.035714285714285 2.32320703125
25.071428571428573 2.32320703125
25.107142857142858 2.33052421875
25.142857142857142 2.33052421875
25.178571428571427 2.33052421875
25.214285714285715 2.33052421875
25.25 2.326865625
25.285714285714285 2.31223125
25.321428571428573 2.31588984375
25.357142857142858 2.31588984375
25.392857142857142 2.31588984375
25.428571428571427 2.31588984375
25.464285714285715 2.31588984375
25.5 2.31588984375
25.535714285714285 2.31588984375
25.571428571428573 2.31588984375
25.607142857142858 2.31588984375
25.642857142857142 2.31223125
25.678571428571427 2.31588984375
25.714285714285715 2.31223125
25.75 2.326865625
25.785714285714285 2.32320703125
25.821428571428573 2.32320703125
25.857142857142858 2.3195484375
25.928571428571427 2.3049140625
25.964285714285715 2.3049140625
26.0 2.3049140625
26.035714285714285 2.3049140625
26.071428571428573 2.3049140625
26.107142857142858 2.3049140625
26.142857142857142 2.3049140625
26.178571428571427 2.30857265625
26.214285714285715 2.3049140625
26.25 2.30857265625
26.285714285714285 2.3049140625
26.321428571428573 2.3049140625
26.392857142857142 2.3195484375
26.428571428571427 2.31223125
26.464285714285715 2.31223125
26.5 2.30125546875
26.571428571428573 2.297596875
26.607142857142858 2.30125546875
26.642857142857142 2.30125546875
26.678571428571427 2.30125546875
26.714285714285715 2.30125546875
26.75 2.30125546875
26.785714285714285 2.30125546875
26.821428571428573 2.30125546875
26.857142857142858 2.30125546875
26.892857142857142 2.30125546875
26.928571428571427 2.297596875
26.964285714285715 2.297596875
27.035714285714285 2.31223125
27.071428571428573 2.30857265625
27.107142857142858 2.30857265625
27.142857142857142 2.29393828125
27.178571428571427 2.29393828125
27.214285714285715 2.29393828125
27.25 2.29393828125
27.285714285714285 2.29393828125
27.321428571428573 2.29393828125
27.357142857142858 2.29393828125
27.392857142857142 2.29393828125
27.428571428571427 2.29393828125
27.464285714285715 2.29393828125
27.5 2.29393828125
27.535714285714285 2.29393828125
27.607142857142858 2.30125546875
27.642857142857142 2.3049140625
27.678571428571427 2.297596875
27.714285714285715 2.297596875
27.75 2.2902796875
27.785714285714285 2.28662109375
27.821428571428573 2.28662109375
27.857142857142858 2.28662109375
27.892857142857142 2.28662109375
27.928571428571427 2.28662109375
27.964285714285715 2.28662109375
28.0 2.28662109375
28.035714285714285 2.28662109375
28.071428571428573 2.28662109375
28.107142857142858 2.2902796875
28.142857142857142 2.2902796875
28.178571428571427 2.2902796875
28.285714285714285 2.297596875
28.321428571428573 2.297596875
28.357142857142858 2.297596875
28.428571428571427 2.2829625
28.464285714285715 2.2829625
28.5 2.2829625
28.535714285714285 2.2829625
28.571428571428573 2.2829625
28.607142857142858 2.2829625
28.642857142857142 2.2829625
28.678571428571427 2.2829625
28.714285714285715 2.2829625
28.75 2.2829625
28.785714285714285 2.2829625
28.821428571428573 2.2829625
28.857142857142858 2.29393828125
28.892857142857142 2.29393828125
28.928571428571427 2.29393828125
28.964285714285715 2.2902796875
29.035714285714285 2.27930390625
29.071428571428573 2.27930390625
29.107142857142858 2.27930390625
29.142857142857142 2.27930390625
29.178571428571427 2.27930390625
29.214285714285715 2.27930390625
29.25 2.27930390625
29.285714285714285 2.27930390625
29.321428571428573 2.27930390625
29.357142857142858 2.27930390625
29.392857142857142 2.27930390625
29.428571428571427 2.27930390625
29.464285714285715 2.27930390625
29.5 2.2902796875
29.535714285714285 2.2902796875
29.571428571428573 2.28662109375
29.607142857142858 2.28662109375
29.678571428571427 2.2756453125
29.714285714285715 2.2756453125
29.75 2.2756453125
29.785714285714285 2.2756453125
29.821428571428573 2.2756453125
29.857142857142858 2.2756453125
29.892857142857142 2.2756453125
29.928571428571427 2.2756453125
29.964285714285715 2.2756453125
30.0 2.2756453125
30.035714285714285 2.2756453125
30.071428571428573 2.2756453125
30.142857142857142 2.2902796875
30.178571428571427 2.28662109375
30.214285714285715 2.2829625
30.25 2.2829625
30.321428571428573 2.27198671875
30.357142857142858 2.27198671875
30.392857142857142 2.27198671875
30.428571428571427 2.27198671875
30.464285714285715 2.27198671875
30.5 2.27198671875
30.535714285714285 2.27198671875
30.571428571428573 2.27198671875
30.607142857142858 2.27198671875
30.642857142857142 2.27198671875
30.678571428571427 2.27198671875
30.714285714285715 2.27198671875
30.75 2.28662109375
30.785714285714285 2.28662109375
30.821428571428573 2.27930390625
30.892857142857142 2.268328125
31.0 2.27198671875
31.035714285714285 2.268328125
31.071428571428573 2.27198671875
31.107142857142858 2.268328125
31.142857142857142 2.268328125
31.178571428571427 2.27198671875
31.214285714285715 2.268328125
31.25 2.268328125
31.285714285714285 2.27198671875
31.321428571428573 2.27198671875
31.392857142857142 2.28662109375
31.428571428571427 2.2829625
31.464285714285715 2.27930390625
31.571428571428573 2.268328125
31.607142857142858 2.268328125
31.642857142857142 2.268328125
31.678571428571427 2.268328125
31.714285714285715 2.27198671875
31.75 2.27198671875
31.785714285714285 2.268328125
31.821428571428573 2.268328125
31.857142857142858 2.27198671875
31.892857142857142 2.268328125
31.928571428571427 2.268328125
31.964285714285715 2.268328125
32.0 2.27930390625
32.035714285714285 2.28662109375
32.07142857142857 2.2829625
32.107142857142854 2.27198671875
32.142857142857146 2.268328125
32.17857142857143 2.268328125
32.214285714285715 2.268328125
32.25 2.268328125
32.285714285714285 2.268328125
32.32142857142857 2.268328125
32.357142857142854 2.268328125
32.392857142857146 2.268328125
32.42857142857143 2.268328125
32.464285714285715 2.268328125
32.5 2.268328125
32.535714285714285 2.268328125
32.57142857142857 2.268328125
32.607142857142854 2.2829625
32.642857142857146 2.2829625
32.67857142857143 2.2829625
32.714285714285715 2.2829625
32.785714285714285 2.268328125
32.82142857142857 2.268328125
32.857142857142854 2.268328125
32.892857142857146 2.268328125
32.92857142857143 2.268328125
32.964285714285715 2.268328125
33.0 2.268328125
33.035714285714285 2.268328125
33.07142857142857 2.268328125
33.107142857142854 2.268328125
33.142857142857146 2.268328125
33.17857142857143 2.268328125
33.214285714285715 2.268328125
33.25 2.2829625
33.285714285714285 2.27930390625
33.32142857142857 2.2756453125
33.357142857142854 2.2756453125
33.42857142857143 2.26466953125
33.464285714285715 2.26466953125
33.5 2.26466953125
33.535714285714285 2.26466953125
33.57142857142857 2.26466953125
33.607142857142854 2.26466953125
33.642857142857146 2.268328125
33.67857142857143 2.26466953125
33.714285714285715 2.26466953125
33.75 2.26466953125
33.785714285714285 2.26466953125
33.82142857142857 2.26466953125
33.892857142857146 2.27930390625
33.92857142857143 2.2756453125
33.964285714285715 2.27198671875
34.0 2.2610109375
34.07142857142857 2.2610109375
34.107142857142854 2.2610109375
34.142857142857146 2.2610109375
34.17857142857143 2.2610109375
34.214285714285715 2.2610109375
34.25 2.2610109375
34.285714285714285 2.2610109375
34.32142857142857 2.2610109375
34.357142857142854 2.2610109375
34.392857142857146 2.2610109375
34.42857142857143 2.2610109375
34.464285714285715 2.2610109375
34.5 2.2756453125
34.535714285714285 2.27198671875
34.57142857142857 2.268328125
34.607142857142854 2.268328125
34.642857142857146 2.2610109375
34.67857142857143 2.25735234375
34.714285714285715 2.25735234375
34.75 2.25735234375
34.785714285714285 2.2610109375
34.82142857142857 2.25735234375
34.857142857142854 2.25735234375
34.892857142857146 2.2610109375
34.92857142857143 2.2610109375
34.964285714285715 2.25735234375
35.0 2.25735234375
35.035714285714285 2.25735234375
35.07142857142857 2.25735234375
35.107142857142854 2.26466953125
35.142857142857146 2.27198671875
35.17857142857143 2.26466953125
35.214285714285715 2.26466953125
35.25 2.25369375
35.32142857142857 2.25369375
35.357142857142854 2.25369375
35.392857142857146 2.25369375
35.42857142857143 2.25369375
35.464285714285715 2.25369375
35.5 2.25369375
35.535714285714285 2.25369375
35.57142857142857 2.25369375
35.607142857142854 2.25369375
35.642857142857146 2.25369375
35.67857142857143 2.25003515625
35.75 2.25735234375
35.785714285714285 2.2610109375
35.82142857142857 2.25735234375
35.857142857142854 2.25003515625
35.892857142857146 2.2463765625
35.92857142857143 2.2463765625
35.964285714285715 2.2463765625
36.0 2.24271796875
36.035714285714285 2.24271796875
36.07142857142857 2.24271796875
36.107142857142854 2.24271796875
36.142857142857146 2.24271796875
36.17857142857143 2.24271796875
36.214285714285715 2.24271796875
36.25 2.24271796875
36.285714285714285 2.24271796875
36.32142857142857 2.24271796875
36.357142857142854 2.25369375
36.392857142857146 2.25369375
36.42857142857143 2.25003515625
36.464285714285715 2.25003515625
36.5 2.24271796875
36.535714285714285 2.239059375
36.57142857142857 2.239059375
36.607142857142854 2.239059375
36.642857142857146 2.239059375
36.67857142857143 2.239059375
36.714285714285715 2.239059375
36.75 2.239059375
36.785714285714285 2.239059375
36.82142857142857 2.239059375
36.857142857142854 2.239059375
36.892857142857146 2.239059375
36.92857142857143 2.239059375
37.0 2.2463765625
37.035714285714285 2.2463765625
37.07142857142857 2.24271796875
37.107142857142854 2.24271796875
37.142857142857146 2.24271796875
37.17857142857143 2.2317421875
37.214285714285715 2.2317421875
37.25 2.2317421875
37.285714285714285 2.2317421875
37.32142857142857 2.2317421875
37.357142857142854 2.2317421875
37.392857142857146 2.2317421875
37.42857142857143 2.23540078125
37.464285714285715 2.2317421875
37.5 2.2317421875
37.535714285714285 2.2317421875
37.57142857142857 2.2317421875
37.642857142857146 2.24271796875
37.67857142857143 2.24271796875
37.714285714285715 2.239059375
37.75 2.2317421875
37.785714285714285 2.22808359375
37.82142857142857 2.22808359375
37.857142857142854 2.22808359375
37.892857142857146 2.22808359375
37.92857142857143 2.22808359375
37.964285714285715 2.22808359375
38.0 2.22808359375
38.035714285714285 2.22808359375
38.07142857142857 2.22808359375
38.107142857142854 2.22808359375
38.142857142857146 2.22808359375
38.17857142857143 2.22808359375
38.214285714285715 2.22808359375
38.25 2.239059375
38.285714285714285 2.23540078125
38.32142857142857 2.2317421875
38.357142857142854 2.2317421875
38.392857142857146 2.224425
38.464285714285715 2.224425
38.5 2.224425
38.535714285714285 2.224425
38.57142857142857 2.224425
38.607142857142854 2.224425
38.642857142857146 2.224425
38.67857142857143 2.22076640625
38.714285714285715 2.224425
38.75 2.224425
38.785714285714285 2.224425
38.82142857142857 2.224425
38.892857142857146 2.23540078125
38.92857142857143 2.22808359375
38.964285714285715 2.224425
39.0 2.224425
39.035714285714285 2.2171078125
39.107142857142854 2.2171078125
39.142857142857146 2.2171078125
39.17857142857143 2.2171078125
39.214285714285715 2.2171078125
39.25 2.2171078125
39.285714285714285 2.2171078125
39.32142857142857 2.2171078125
39.357142857142854 2.2171078125
39.392857142857146 2.2171078125
39.42857142857143 2.2171078125
39.535714285714285 2.22076640625
39.57142857142857 2.22076640625
39.607142857142854 2.2171078125
39.642857142857146 2.21344921875
39.67857142857143 2.21344921875
39.714285714285715 2.209790625
39.75 2.209790625
39.785714285714285 2.209790625
39.82142857142857 2.209790625
39.857142857142854 2.209790625
39.892857142857146 2.209790625
39.92857142857143 2.21344921875
