0.03571428571428571 3.0366328125
0.07142857142857142 3.0366328125
0.10714285714285714 3.0366328125
0.14285714285714285 3.0366328125
0.17857142857142858 3.0366328125
0.21428571428571427 3.0366328125
0.25 3.04029140625
0.2857142857142857 3.04029140625
0.32142857142857145 3.0366328125
0.9642857142857143 3.04760859375
1.0 3.04760859375
1.0357142857142858 3.04760859375
1.0714285714285714 3.04760859375
1.1071428571428572 3.04760859375
1.1428571428571428 3.04760859375
1.1785714285714286 3.04760859375
1.2142857142857142 3.04760859375
1.25 3.04760859375
1.2857142857142858 3.04760859375
1.3214285714285714 3.04760859375
1.3571428571428572 3.04760859375
1.3928571428571428 3.04760859375
1.4285714285714286 3.04760859375
1.4642857142857142 3.04760859375
1.5 3.04760859375
1.5357142857142858 3.04760859375
1.5714285714285714 3.04760859375
1.6071428571428572 3.04760859375
1.6428571428571428 3.04760859375
1.6785714285714286 3.04395
1.7142857142857142 3.04760859375
1.75 3.04760859375
1.7857142857142858 3.04760859375
1.8214285714285714 3.04760859375
1.8571428571428572 3.04395
1.8928571428571428 3.04760859375
1.9285714285714286 3.04760859375
1.9642857142857142 3.04760859375
2.607142857142857 3.05492578125
2.642857142857143 3.05492578125
2.6785714285714284 3.05492578125
2.7142857142857144 3.05492578125
2.75 3.05492578125
2.7857142857142856 3.05492578125
2.8214285714285716 3.05492578125
2.857142857142857 3.05492578125
2.892857142857143 3.05492578125
2.9285714285714284 3.05492578125
2.9642857142857144 3.05492578125
3.0 3.05492578125
3.0357142857142856 3.05492578125
3.0714285714285716 3.05492578125
3.107142857142857 3.05492578125
3.142857142857143 3.05492578125
3.1785714285714284 3.05492578125
3.2142857142857144 3.05492578125
3.25 3.05492578125
3.2857142857142856 3.05492578125
3.3214285714285716 3.05492578125
3.357142857142857 3.05492578125
3.392857142857143 3.05492578125
3.4285714285714284 3.05492578125
3.4642857142857144 3.05492578125
3.5 3.05492578125
3.5357142857142856 3.05492578125
3.5714285714285716 3.05492578125
3.607142857142857 3.05492578125
3.642857142857143 3.05492578125
4.25 3.06224296875
4.285714285714286 3.06224296875
4.321428571428571 3.06224296875
4.357142857142857 3.06224296875
4.392857142857143 3.06224296875
4.428571428571429 3.06224296875
4.464285714285714 3.06224296875
4.5 3.06224296875
4.535714285714286 3.06224296875
4.571428571428571 3.06224296875
4.607142857142857 3.06224296875
4.642857142857143 3.06224296875
4.678571428571429 3.06224296875
4.714285714285714 3.06224296875
4.75 3.06224296875
4.785714285714286 3.06224296875
4.821428571428571 3.058584375
4.857142857142857 3.06224296875
4.892857142857143 3.06224296875
4.928571428571429 3.06224296875
4.964285714285714 3.06224296875
5.0 3.06224296875
5.035714285714286 3.058584375
5.071428571428571 3.06224296875
5.107142857142857 3.06224296875
5.142857142857143 3.06224296875
5.178571428571429 3.06224296875
5.214285714285714 3.06224296875
5.25 3.06224296875
5.285714285714286 3.06224296875
5.928571428571429 3.06956015625
5.964285714285714 3.0659015625
6.0 3.06956015625
6.035714285714286 3.06956015625
6.071428571428571 3.06956015625
6.107142857142857 3.06956015625
6.142857142857143 3.06956015625
6.178571428571429 3.06956015625
6.214285714285714 3.06956015625
6.25 3.06956015625
6.285714285714286 3.06956015625
6.321428571428571 3.06956015625
6.357142857142857 3.06956015625
6.392857142857143 3.0659015625
6.428571428571429 3.0659015625
6.464285714285714 3.06956015625
6.5 3.0659015625
6.535714285714286 3.0659015625
6.571428571428571 3.0659015625
6.607142857142857 3.0659015625
6.642857142857143 3.0659015625
6.678571428571429 3.0659015625
6.714285714285714 3.0659015625
6.75 3.0659015625
6.785714285714286 3.0659015625
6.821428571428571 3.0659015625
6.857142857142857 3.0659015625
6.892857142857143 3.0659015625
6.928571428571429 3.0659015625
6.964285714285714 3.0659015625
7.0 3.0659015625
7.607142857142857 3.07687734375
7.642857142857143 3.07687734375
7.678571428571429 3.07687734375
7.714285714285714 3.07687734375
7.75 3.07687734375
7.785714285714286 3.07687734375
7.821428571428571 3.07687734375
7.857142857142857 3.07687734375
7.892857142857143 3.07687734375
7.928571428571429 3.07687734375
7.964285714285714 3.07687734375
8.0 3.07687734375
8.035714285714286 3.07687734375
8.071428571428571 3.07687734375
8.107142857142858 3.07687734375
8.142857142857142 3.07687734375
8.178571428571429 3.07687734375
8.214285714285714 3.07687734375
8.25 3.07687734375
8.285714285714286 3.07687734375
8.321428571428571 3.07687734375
8.357142857142858 3.07687734375
8.392857142857142 3.07687734375
8.428571428571429 3.07687734375
8.464285714285714 3.07687734375
8.5 3.07687734375
8.535714285714286 3.07687734375
8.571428571428571 3.07687734375
8.607142857142858 3.07687734375
8.642857142857142 3.07687734375
9.285714285714286 3.087853125
9.321428571428571 3.08419453125
9.357142857142858 3.08419453125
9.392857142857142 3.08419453125
9.428571428571429 3.08419453125
9.464285714285714 3.08419453125
9.5 3.08419453125
9.535714285714286 3.08419453125
9.571428571428571 3.08419453125
9.607142857142858 3.08419453125
9.642857142857142 3.08419453125
9.678571428571429 3.08419453125
9.714285714285714 3.08419453125
9.75 3.08419453125
9.785714285714286 3.08419453125
9.821428571428571 3.08419453125
9.857142857142858 3.08419453125
9.892857142857142 3.08419453125
9.928571428571429 3.08419453125
9.964285714285714 3.08419453125
10.0 3.08419453125
10.035714285714286 3.08419453125
10.071428571428571 3.08419453125
10.107142857142858 3.08419453125
10.142857142857142 3.08419453125
10.178571428571429 3.08419453125
10.214285714285714 3.08419453125
10.25 3.08419453125
10.285714285714286 3.08419453125
10.321428571428571 3.08419453125
10.928571428571429 3.09151171875
10.964285714285714 3.09151171875
11.0 3.087853125
11.035714285714286 3.087853125
11.071428571428571 3.087853125
11.107142857142858 3.087853125
11.142857142857142 3.087853125
11.178571428571429 3.087853125
11.214285714285714 3.087853125
11.25 3.087853125
11.285714285714286 3.087853125
11.321428571428571 3.087853125
11.357142857142858 3.087853125
11.392857142857142 3.087853125
11.428571428571429 3.087853125
11.464285714285714 3.087853125
11.5 3.087853125
11.535714285714286 3.087853125
11.571428571428571 3.087853125
11.607142857142858 3.08419453125
11.642857142857142 3.08419453125
11.678571428571429 3.08419453125
11.714285714285714 3.08419453125
11.75 3.08419453125
11.785714285714286 3.08419453125
11.821428571428571 3.08419453125
11.857142857142858 3.08419453125
11.892857142857142 3.08419453125
11.928571428571429 3.08419453125
11.964285714285714 3.08419453125
12.607142857142858 3.0951703125
12.642857142857142 3.09151171875
12.678571428571429 3.09151171875
12.714285714285714 3.09151171875
12.75 3.09151171875
12.785714285714286 3.09151171875
12.821428571428571 3.09151171875
12.857142857142858 3.09151171875
12.892857142857142 3.09151171875
12.928571428571429 3.09151171875
12.964285714285714 3.09151171875
13.0 3.09151171875
13.035714285714286 3.09151171875
13.071428571428571 3.09151171875
13.107142857142858 3.09151171875
13.142857142857142 3.09151171875
13.178571428571429 3.09151171875
13.214285714285714 3.09151171875
13.25 3.09151171875
13.285714285714286 3.09151171875
13.321428571428571 3.09151171875
13.357142857142858 3.09151171875
13.392857142857142 3.09151171875
13.428571428571429 3.09151171875
13.464285714285714 3.09151171875
13.5 3.09151171875
13.535714285714286 3.09151171875
13.571428571428571 3.09151171875
13.607142857142858 3.09151171875
14.25 3.1024875
14.285714285714286 3.1024875
14.321428571428571 3.1024875
14.357142857142858 3.1024875
14.392857142857142 3.1024875
14.428571428571429 3.1024875
14.464285714285714 3.1024875
14.5 3.1024875
14.535714285714286 3.1024875
14.571428571428571 3.1024875
14.607142857142858 3.1024875
14.642857142857142 3.1024875
14.678571428571429 3.1024875
14.714285714285714 3.1024875
14.75 3.1024875
14.785714285714286 3.1024875
14.821428571428571 3.1024875
14.857142857142858 3.1024875
14.892857142857142 3.1024875
14.928571428571429 3.1024875
14.964285714285714 3.1024875
15.0 3.1024875
15.035714285714286 3.1024875
15.071428571428571 3.1024875
15.107142857142858 3.1024875
15.142857142857142 3.1024875
15.178571428571429 3.1024875
15.214285714285714 3.1024875
15.25 3.1024875
15.285714285714286 3.1024875
15.928571428571429 3.1098046875
15.964285714285714 3.1098046875
16.0 3.1098046875
16.035714285714285 3.1098046875
16.071428571428573 3.1098046875
16.107142857142858 3.1098046875
16.142857142857142 3.1098046875
16.178571428571427 3.1098046875
16.214285714285715 3.1098046875
16.25 3.1098046875
16.285714285714285 3.1098046875
16.321428571428573 3.1098046875
16.357142857142858 3.10614609375
16.392857142857142 3.10614609375
16.428571428571427 3.10614609375
16.464285714285715 3.10614609375
16.5 3.10614609375
16.535714285714285 3.10614609375
16.571428571428573 3.10614609375
16.607142857142858 3.10614609375
16.642857142857142 3.10614609375
16.678571428571427 3.1098046875
16.714285714285715 3.1098046875
16.75 3.10614609375
16.785714285714285 3.10614609375
16.821428571428573 3.10614609375
16.857142857142858 3.10614609375
16.892857142857142 3.10614609375
16.928571428571427 3.10614609375
16.964285714285715 3.10614609375
17.607142857142858 3.11346328125
17.642857142857142 3.11346328125
17.678571428571427 3.11346328125
17.714285714285715 3.11346328125
17.75 3.11346328125
17.785714285714285 3.11346328125
17.821428571428573 3.11346328125
17.857142857142858 3.11346328125
17.892857142857142 3.11346328125
17.928571428571427 3.11346328125
17.964285714285715 3.11346328125
18.0 3.11346328125
18.035714285714285 3.11346328125
18.071428571428573 3.11346328125
18.107142857142858 3.11346328125
18.142857142857142 3.11346328125
18.178571428571427 3.11346328125
18.214285714285715 3.11346328125
18.25 3.1098046875
18.285714285714285 3.11346328125
18.321428571428573 3.11346328125
18.357142857142858 3.11346328125
18.392857142857142 3.11346328125
18.428571428571427 3.11346328125
18.464285714285715 3.11346328125
18.5 3.1098046875
18.535714285714285 3.11346328125
18.571428571428573 3.11346328125
18.607142857142858 3.11346328125
19.25 3.117121875
19.285714285714285 3.117121875
19.321428571428573 3.117121875
19.357142857142858 3.117121875
19.392857142857142 3.117121875
19.428571428571427 3.117121875
19.464285714285715 3.117121875
19.5 3.117121875
19.535714285714285 3.117121875
19.571428571428573 3.117121875
19.607142857142858 3.117121875
19.642857142857142 3.117121875
19.678571428571427 3.117121875
19.714285714285715 3.117121875
19.75 3.117121875
19.785714285714285 3.117121875
19.821428571428573 3.117121875
19.857142857142858 3.117121875
19.892857142857142 3.117121875
19.928571428571427 3.117121875
19.964285714285715 3.117121875
20.0 3.117121875
20.035714285714285 3.117121875
20.071428571428573 3.117121875
20.107142857142858 3.117121875
20.142857142857142 3.117121875
20.178571428571427 3.117121875
20.214285714285715 3.117121875
20.25 3.117121875
20.285714285714285 3.117121875
20.892857142857142 3.12078046875
20.928571428571427 3.12078046875
20.964285714285715 3.12078046875
21.0 3.12078046875
21.035714285714285 3.12078046875
21.071428571428573 3.12078046875
21.107142857142858 3.12078046875
21.142857142857142 3.12078046875
21.178571428571427 3.12078046875
21.214285714285715 3.12078046875
21.25 3.12078046875
21.285714285714285 3.12078046875
21.321428571428573 3.12078046875
21.357142857142858 3.12078046875
21.392857142857142 3.12078046875
21.428571428571427 3.12078046875
21.464285714285715 3.12078046875
21.5 3.12078046875
21.535714285714285 3.12078046875
21.571428571428573 3.12078046875
21.607142857142858 3.12078046875
21.642857142857142 3.12078046875
21.678571428571427 3.12078046875
21.714285714285715 3.12078046875
21.75 3.12078046875
21.785714285714285 3.12078046875
21.821428571428573 3.12078046875
21.857142857142858 3.12078046875
21.892857142857142 3.12078046875
21.928571428571427 3.12078046875
21.964285714285715 3.12078046875
22.607142857142858 3.12809765625
22.642857142857142 3.12809765625
22.678571428571427 3.12809765625
22.714285714285715 3.12809765625
22.75 3.12809765625
22.785714285714285 3.12809765625
22.821428571428573 3.12809765625
22.857142857142858 3.12809765625
22.892857142857142 3.12809765625
22.928571428571427 3.1244390625
22.964285714285715 3.12809765625
23.0 3.1244390625
23.035714285714285 3.1244390625
23.071428571428573 3.1244390625
23.107142857142858 3.1244390625
23.142857142857142 3.1244390625
23.178571428571427 3.1244390625
23.214285714285715 3.1244390625
23.25 3.1244390625
23.285714285714285 3.1244390625
23.321428571428573 3.1244390625
23.357142857142858 3.1244390625
23.392857142857142 3.1244390625
23.428571428571427 3.1244390625
23.464285714285715 3.1244390625
23.5 3.1244390625
23.535714285714285 3.1244390625
23.571428571428573 3.1244390625
23.607142857142858 3.1244390625
24.25 3.13175625
24.285714285714285 3.13175625
24.321428571428573 3.13175625
24.357142857142858 3.13175625
24.392857142857142 3.12809765625
24.428571428571427 3.12809765625
24.464285714285715 3.12809765625
24.5 3.13175625
24.535714285714285 3.12809765625
24.571428571428573 3.12809765625
24.607142857142858 3.12809765625
24.642857142857142 3.12809765625
24.678571428571427 3.12809765625
24.714285714285715 3.12809765625
24.75 3.12809765625
24.785714285714285 3.12809765625
24.821428571428573 3.12809765625
24.857142857142858 3.12809765625
24.892857142857142 3.12809765625
24.928571428571427 3.12809765625
24.964285714285715 3.12809765625
25.0 3.12809765625
25.035714285714285 3.12809765625
25.071428571428573 3.12809765625
25.107142857142858 3.12809765625
25.142857142857142 3.12809765625
25.178571428571427 3.12809765625
25.214285714285715 3.12809765625
25.25 3.12809765625
25.285714285714285 3.12809765625
25.928571428571427 3.13541484375
25.964285714285715 3.13175625
26.0 3.13175625
26.035714285714285 3.13175625
26.071428571428573 3.13175625
26.107142857142858 3.13175625
26.142857142857142 3.13175625
26.178571428571427 3.13175625
26.214285714285715 3.13175625
26.25 3.13175625
26.285714285714285 3.13175625
26.321428571428573 3.13175625
26.357142857142858 3.13175625
26.392857142857142 3.13175625
26.428571428571427 3.13175625
26.464285714285715 3.13175625
26.5 3.13175625
26.535714285714285 3.13175625
26.571428571428573 3.13175625
26.607142857142858 3.13175625
26.642857142857142 3.13175625
26.678571428571427 3.13175625
26.714285714285715 3.13175625
26.75 3.13175625
26.785714285714285 3.13175625
26.821428571428573 3.13175625
26.857142857142858 3.12809765625
26.892857142857142 3.12809765625
26.928571428571427 3.12809765625
26.964285714285715 3.12809765625
27.571428571428573 3.13541484375
27.607142857142858 3.13541484375
27.642857142857142 3.13541484375
27.678571428571427 3.1390734375
27.714285714285715 3.13541484375
27.75 3.13541484375
27.785714285714285 3.13541484375
27.821428571428573 3.13541484375
27.857142857142858 3.13541484375
27.892857142857142 3.13541484375
27.928571428571427 3.13541484375
27.964285714285715 3.13541484375
28.0 3.13541484375
28.035714285714285 3.13541484375
28.071428571428573 3.13541484375
28.107142857142858 3.13541484375
28.142857142857142 3.13541484375
28.178571428571427 3.13175625
28.214285714285715 3.13175625
28.25 3.13175625
28.285714285714285 3.13175625
28.321428571428573 3.13175625
28.357142857142858 3.13175625
28.392857142857142 3.13175625
28.428571428571427 3.13175625
28.464285714285715 3.13175625
28.5 3.13175625
28.535714285714285 3.13175625
28.571428571428573 3.13175625
28.607142857142858 3.13175625
28.642857142857142 3.13175625
29.25 3.13541484375
29.285714285714285 3.13541484375
29.321428571428573 3.13541484375
29.357142857142858 3.13541484375
29.392857142857142 3.13175625
29.428571428571427 3.13175625
29.464285714285715 3.13175625
29.5 3.13175625
29.535714285714285 3.13175625
29.571428571428573 3.13175625
29.607142857142858 3.13175625
29.642857142857142 3.13175625
29.678571428571427 3.13175625
29.714285714285715 3.13175625
29.75 3.13175625
29.785714285714285 3.13175625
29.821428571428573 3.13175625
29.857142857142858 3.13175625
29.892857142857142 3.13175625
29.928571428571427 3.13175625
29.964285714285715 3.13175625
30.0 3.13175625
30.035714285714285 3.13175625
30.071428571428573 3.13175625
30.107142857142858 3.13175625
30.142857142857142 3.13175625
30.178571428571427 3.13175625
30.214285714285715 3.13175625
30.25 3.13175625
30.285714285714285 3.13175625
30.928571428571427 3.13541484375
30.964285714285715 3.13541484375
31.0 3.13541484375
31.035714285714285 3.13541484375
31.071428571428573 3.13541484375
31.107142857142858 3.13541484375
31.142857142857142 3.13541484375
31.178571428571427 3.13541484375
31.214285714285715 3.13541484375
31.25 3.13541484375
31.285714285714285 3.13541484375
31.321428571428573 3.13541484375
31.357142857142858 3.13541484375
31.392857142857142 3.13541484375
31.428571428571427 3.13541484375
31.464285714285715 3.13175625
31.5 3.13175625
31.535714285714285 3.13541484375
31.571428571428573 3.13175625
31.607142857142858 3.13175625
31.642857142857142 3.13175625
31.678571428571427 3.13175625
31.714285714285715 3.13175625
31.75 3.13175625
31.785714285714285 3.13175625
31.821428571428573 3.13175625
31.857142857142858 3.13175625
31.892857142857142 3.13175625
31.928571428571427 3.13175625
31.964285714285715 3.13541484375
32.607142857142854 3.14273203125
32.642857142857146 3.14273203125
32.67857142857143 3.14273203125
32.714285714285715 3.14273203125
32.75 3.14273203125
32.785714285714285 3.14273203125
32.82142857142857 3.14273203125
32.857142857142854 3.14273203125
32.892857142857146 3.14273203125
32.92857142857143 3.14273203125
32.964285714285715 3.14273203125
33.0 3.14273203125
33.035714285714285 3.14273203125
33.07142857142857 3.14273203125
33.107142857142854 3.14273203125
33.142857142857146 3.1390734375
33.17857142857143 3.14273203125
33.214285714285715 3.1390734375
33.25 3.14273203125
33.285714285714285 3.14273203125
33.32142857142857 3.14273203125
33.357142857142854 3.1390734375
33.392857142857146 3.1390734375
33.42857142857143 3.1390734375
33.464285714285715 3.1390734375
33.5 3.1390734375
33.535714285714285 3.1390734375
33.57142857142857 3.1390734375
33.607142857142854 3.14273203125
34.25 3.15004921875
34.285714285714285 3.15004921875
34.32142857142857 3.15004921875
34.357142857142854 3.15004921875
34.392857142857146 3.15004921875
34.42857142857143 3.15004921875
34.464285714285715 3.15004921875
34.5 3.15004921875
34.535714285714285 3.15004921875
34.57142857142857 3.15004921875
34.607142857142854 3.15004921875
34.642857142857146 3.15004921875
34.67857142857143 3.15004921875
34.714285714285715 3.146390625
34.75 3.15004921875
34.785714285714285 3.15004921875
34.82142857142857 3.146390625
34.857142857142854 3.146390625
34.892857142857146 3.15004921875
34.92857142857143 3.15004921875
34.964285714285715 3.146390625
35.0 3.15004921875
35.035714285714285 3.146390625
35.07142857142857 3.146390625
35.107142857142854 3.146390625
35.142857142857146 3.146390625
35.17857142857143 3.146390625
35.214285714285715 3.146390625
35.25 3.146390625
35.285714285714285 3.146390625
35.92857142857143 3.1537078125
35.964285714285715 3.1537078125
36.0 3.1537078125
36.035714285714285 3.1537078125
36.07142857142857 3.1537078125
36.107142857142854 3.15004921875
36.142857142857146 3.15004921875
36.17857142857143 3.15004921875
36.214285714285715 3.15004921875
36.25 3.15004921875
36.285714285714285 3.1537078125
36.32142857142857 3.1537078125
36.357142857142854 3.15004921875
36.392857142857146 3.1537078125
36.42857142857143 3.15004921875
36.464285714285715 3.15004921875
36.5 3.15004921875
36.535714285714285 3.15004921875
36.57142857142857 3.15004921875
36.607142857142854 3.15004921875
36.642857142857146 3.15004921875
36.67857142857143 3.15004921875
36.714285714285715 3.15004921875
36.75 3.15004921875
36.785714285714285 3.15004921875
36.82142857142857 3.15004921875
36.857142857142854 3.15004921875
36.892857142857146 3.15004921875
36.92857142857143 3.15004921875
36.964285714285715 3.15004921875
37.607142857142854 3.161025
37.642857142857146 3.161025
37.67857142857143 3.161025
37.714285714285715 3.161025
37.75 3.161025
37.785714285714285 3.161025
37.82142857142857 3.161025
37.857142857142854 3.161025
37.892857142857146 3.161025
37.92857142857143 3.161025
37.964285714285715 3.161025
38.0 3.161025
38.035714285714285 3.161025
38.07142857142857 3.161025
38.107142857142854 3.161025
38.142857142857146 3.161025
38.17857142857143 3.161025
38.214285714285715 3.161025
38.25 3.161025
38.285714285714285 3.15736640625
38.32142857142857 3.15736640625
38.357142857142854 3.15736640625
38.392857142857146 3.15736640625
38.42857142857143 3.15736640625
38.464285714285715 3.161025
38.5 3.15736640625
38.535714285714285 3.15736640625
38.57142857142857 3.15736640625
38.607142857142854 3.15736640625
39.25 3.1683421875
39.285714285714285 3.1683421875
39.32142857142857 3.1683421875
39.357142857142854 3.1683421875
39.392857142857146 3.1683421875
39.42857142857143 3.16468359375
39.464285714285715 3.16468359375
39.5 3.16468359375
39.535714285714285 3.16468359375
39.57142857142857 3.16468359375
39.607142857142854 3.16468359375
39.642857142857146 3.16468359375
39.67857142857143 3.16468359375
39.714285714285715 3.16468359375
39.75 3.16468359375
39.785714285714285 3.16468359375
39.82142857142857 3.16468359375
39.857142857142854 3.16468359375
39.892857142857146 3.16468359375
