0.32142857142857145 1.73783203125
0.35714285714285715 1.87685859375
0.39285714285714285 1.87685859375
0.42857142857142855 1.8732
0.4642857142857143 1.87685859375
0.5 1.8805171875
0.5357142857142857 1.8805171875
0.5714285714285714 1.8805171875
0.6071428571428571 1.8805171875
0.6428571428571429 1.8805171875
0.6785714285714286 1.8805171875
0.7142857142857143 1.8805171875
0.75 1.8805171875
0.7857142857142857 1.8805171875
0.8214285714285714 1.8805171875
0.8571428571428571 1.8805171875
0.8928571428571429 1.8805171875
0.9285714285714286 1.8805171875
0.9642857142857143 1.8805171875
1.0 1.8805171875
1.0357142857142858 1.87685859375
1.0714285714285714 1.87685859375
1.1071428571428572 1.87685859375
1.1428571428571428 1.87685859375
1.1785714285714286 1.87685859375
1.2142857142857142 1.87685859375
1.25 1.87685859375
1.2857142857142858 1.8805171875
1.7857142857142858 1.8366140625
1.8214285714285714 1.9536890625
1.8571428571428572 1.96466484375
1.8928571428571428 1.9683234375
1.9285714285714286 1.9683234375
1.9642857142857142 1.9683234375
2.0 1.9683234375
2.0357142857142856 1.9683234375
2.0714285714285716 1.9683234375
2.107142857142857 1.9683234375
2.142857142857143 1.9683234375
2.1785714285714284 1.9683234375
2.2142857142857144 1.9683234375
2.25 1.9683234375
2.2857142857142856 1.9683234375
2.3214285714285716 1.9683234375
2.357142857142857 1.9683234375
2.392857142857143 1.9683234375
2.4285714285714284 1.9683234375
2.4642857142857144 1.9683234375
2.5 1.9683234375
2.5357142857142856 1.9683234375
2.5714285714285716 1.9683234375
2.607142857142857 1.96466484375
2.642857142857143 1.96466484375
2.6785714285714284 1.96466484375
2.7142857142857144 1.9683234375
2.75 1.97198203125
3.25 1.93539609375
3.2857142857142856 2.04515390625
3.3214285714285716 2.0488125
3.357142857142857 2.0488125
3.392857142857143 2.05247109375
3.4285714285714284 2.0488125
3.4642857142857144 2.0488125
3.5 2.0488125
3.5357142857142856 2.0488125
3.5714285714285716 2.0488125
3.607142857142857 2.0488125
3.642857142857143 2.0488125
3.6785714285714284 2.0488125
3.7142857142857144 2.0488125
3.75 2.0488125
3.7857142857142856 2.0488125
3.8214285714285716 2.0488125
3.857142857142857 2.0488125
3.892857142857143 2.0488125
3.9285714285714284 2.0488125
3.9642857142857144 2.0488125
4.0 2.0488125
4.035714285714286 2.0488125
4.071428571428571 2.0488125
4.107142857142857 2.0488125
4.142857142857143 2.0488125
4.178571428571429 2.0488125
4.678571428571429 1.95734765625
4.714285714285714 2.03783671875
4.75 2.13296015625
4.785714285714286 2.1402773437500002
4.821428571428571 2.1402773437500002
4.857142857142857 2.1402773437500002
4.892857142857143 2.1402773437500002
4.928571428571429 2.1439359375
4.964285714285714 2.1439359375
5.0 2.1402773437500002
5.035714285714286 2.1402773437500002
5.071428571428571 2.1439359375
5.107142857142857 2.1439359375
5.142857142857143 2.1439359375
5.178571428571429 2.1439359375
5.214285714285714 2.1439359375
5.25 2.1439359375
5.285714285714286 2.1439359375
5.321428571428571 2.1439359375
5.357142857142857 2.1439359375
5.392857142857143 2.1439359375
5.428571428571429 2.1439359375
5.464285714285714 2.1439359375
5.5 2.1439359375
5.535714285714286 2.1439359375
5.571428571428571 2.1439359375
5.607142857142857 2.1439359375
5.642857142857143 2.1439359375
6.178571428571429 2.13661875
6.214285714285714 2.2317421875
6.25 2.23540078125
6.285714285714286 2.23540078125
6.321428571428571 2.23540078125
6.357142857142857 2.23540078125
6.392857142857143 2.239059375
6.428571428571429 2.239059375
6.464285714285714 2.239059375
6.5 2.239059375
6.535714285714286 2.239059375
6.571428571428571 2.239059375
6.607142857142857 2.239059375
6.642857142857143 2.239059375
6.678571428571429 2.239059375
6.714285714285714 2.239059375
6.75 2.239059375
6.785714285714286 2.239059375
6.821428571428571 2.239059375
6.857142857142857 2.239059375
6.892857142857143 2.239059375
6.928571428571429 2.239059375
6.964285714285714 2.239059375
7.0 2.239059375
7.035714285714286 2.239059375
7.071428571428571 2.239059375
7.607142857142857 2.239059375
7.642857142857143 2.33052421875
7.678571428571429 2.33052421875
7.714285714285714 2.33052421875
7.75 2.3341828125
7.785714285714286 2.3341828125
7.821428571428571 2.3341828125
7.857142857142857 2.3341828125
7.892857142857143 2.3341828125
7.928571428571429 2.3341828125
7.964285714285714 2.3341828125
8.0 2.3341828125
8.035714285714286 2.3341828125
8.071428571428571 2.3341828125
8.107142857142858 2.33784140625
8.142857142857142 2.3341828125
8.178571428571429 2.3341828125
8.214285714285714 2.3341828125
8.25 2.3341828125
8.285714285714286 2.3341828125
8.321428571428571 2.3341828125
8.357142857142858 2.3341828125
8.392857142857142 2.3341828125
8.428571428571429 2.3341828125
8.464285714285714 2.3341828125
8.5 2.3341828125
8.535714285714286 2.3341828125
8.571428571428571 2.3341828125
9.035714285714286 2.26466953125
9.071428571428571 2.3415
9.107142857142858 2.4293062500000002
9.142857142857142 2.4293062500000002
9.178571428571429 2.4293062500000002
9.214285714285714 2.4293062500000002
9.25 2.4293062500000002
9.285714285714286 2.4293062500000002
9.321428571428571 2.4293062500000002
9.357142857142858 2.4293062500000002
9.392857142857142 2.4293062500000002
9.428571428571429 2.4293062500000002
9.464285714285714 2.4293062500000002
9.5 2.4293062500000002
9.535714285714286 2.4293062500000002
9.571428571428571 2.4293062500000002
9.607142857142858 2.4293062500000002
9.642857142857142 2.4293062500000002
9.678571428571429 2.4293062500000002
9.714285714285714 2.4293062500000002
9.75 2.43296484375
9.785714285714286 2.4293062500000002
9.821428571428571 2.4293062500000002
9.857142857142858 2.4293062500000002
9.892857142857142 2.43296484375
9.928571428571429 2.4293062500000002
9.964285714285714 2.4293062500000002
10.0 2.4293062500000002
10.5 2.3488171875
10.535714285714286 2.44028203125
10.571428571428571 2.52077109375
10.607142857142858 2.5171125
10.642857142857142 2.52077109375
10.678571428571429 2.52077109375
10.714285714285714 2.52077109375
10.75 2.5244296875
10.785714285714286 2.5244296875
10.821428571428571 2.5244296875
10.857142857142858 2.5244296875
10.892857142857142 2.5244296875
10.928571428571429 2.5244296875
10.964285714285714 2.5244296875
11.0 2.5244296875
11.035714285714286 2.5244296875
11.071428571428571 2.5244296875
11.107142857142858 2.5244296875
11.142857142857142 2.5244296875
11.178571428571429 2.5244296875
11.214285714285714 2.5244296875
11.25 2.5244296875
11.285714285714286 2.5244296875
11.321428571428571 2.5244296875
11.357142857142858 2.5244296875
11.392857142857142 2.5244296875
11.428571428571429 2.5244296875
11.464285714285714 2.5244296875
11.964285714285714 2.4293062500000002
12.0 2.531746875
12.035714285714286 2.5976015625
12.071428571428571 2.5976015625
12.107142857142858 2.5976015625
12.142857142857142 2.5976015625
12.178571428571429 2.5976015625
12.214285714285714 2.60126015625
12.25 2.60126015625
12.285714285714286 2.5976015625
12.321428571428571 2.60126015625
12.357142857142858 2.60126015625
12.392857142857142 2.60126015625
12.428571428571429 2.60126015625
12.464285714285714 2.60126015625
12.5 2.60126015625
12.535714285714286 2.60126015625
12.571428571428571 2.60126015625
12.607142857142858 2.60126015625
12.642857142857142 2.60126015625
12.678571428571429 2.60126015625
12.714285714285714 2.60126015625
12.75 2.60126015625
12.785714285714286 2.5976015625
12.821428571428571 2.5976015625
12.857142857142858 2.60126015625
12.892857142857142 2.60126015625
12.928571428571429 2.60126015625
13.428571428571429 2.5244296875
13.464285714285714 2.648821875
13.5 2.65979765625
13.535714285714286 2.65979765625
13.571428571428571 2.65979765625
13.607142857142858 2.66345625
13.642857142857142 2.66345625
13.678571428571429 2.66345625
13.714285714285714 2.66345625
13.75 2.66345625
13.785714285714286 2.66345625
13.821428571428571 2.66345625
13.857142857142858 2.66345625
13.892857142857142 2.66345625
13.928571428571429 2.66345625
13.964285714285714 2.66345625
14.0 2.66345625
14.035714285714286 2.66345625
14.071428571428571 2.66345625
14.107142857142858 2.66345625
14.142857142857142 2.66345625
14.178571428571429 2.66345625
14.214285714285714 2.66345625
14.25 2.66345625
14.285714285714286 2.66345625
14.321428571428571 2.66345625
14.357142857142858 2.66345625
14.392857142857142 2.6707734375
14.892857142857142 2.6268703125
14.928571428571429 2.72565234375
14.964285714285714 2.73296953125
15.0 2.73296953125
15.035714285714286 2.73296953125
15.071428571428571 2.73296953125
15.107142857142858 2.73296953125
15.142857142857142 2.73296953125
15.178571428571429 2.73296953125
15.214285714285714 2.73296953125
15.25 2.73296953125
15.285714285714286 2.73296953125
15.321428571428571 2.73296953125
15.357142857142858 2.73296953125
15.392857142857142 2.73296953125
15.428571428571429 2.73296953125
15.464285714285714 2.73296953125
15.5 2.73296953125
15.535714285714286 2.73296953125
15.571428571428571 2.73296953125
15.607142857142858 2.73296953125
15.642857142857142 2.73296953125
15.678571428571429 2.73296953125
15.714285714285714 2.73296953125
15.75 2.73296953125
15.785714285714286 2.73296953125
15.821428571428571 2.73296953125
16.321428571428573 2.6341875
16.357142857142858 2.79882421875
16.392857142857142 2.79882421875
16.428571428571427 2.795165625
16.464285714285715 2.795165625
16.5 2.795165625
16.535714285714285 2.795165625
16.571428571428573 2.795165625
16.607142857142858 2.795165625
16.642857142857142 2.795165625
16.678571428571427 2.795165625
16.714285714285715 2.795165625
16.75 2.795165625
16.785714285714285 2.795165625
16.821428571428573 2.79882421875
16.857142857142858 2.79882421875
16.892857142857142 2.79882421875
16.928571428571427 2.795165625
16.964285714285715 2.795165625
17.0 2.795165625
17.035714285714285 2.795165625
17.071428571428573 2.795165625
17.107142857142858 2.795165625
17.142857142857142 2.795165625
17.178571428571427 2.795165625
17.214285714285715 2.795165625
17.25 2.795165625
17.285714285714285 2.79882421875
17.75 2.72199375
17.785714285714285 2.72199375
17.821428571428573 2.824434375
17.857142857142858 2.8756546875
17.892857142857142 2.8756546875
17.928571428571427 2.87931328125
17.964285714285715 2.87931328125
18.0 2.87931328125
18.035714285714285 2.87931328125
18.071428571428573 2.87931328125
18.107142857142858 2.87931328125
18.142857142857142 2.882971875
18.178571428571427 2.87931328125
18.214285714285715 2.87931328125
18.25 2.87931328125
18.285714285714285 2.87931328125
18.321428571428573 2.87931328125
18.357142857142858 2.882971875
18.392857142857142 2.87931328125
18.428571428571427 2.882971875
18.464285714285715 2.882971875
18.5 2.87931328125
18.535714285714285 2.87931328125
18.571428571428573 2.87931328125
18.607142857142858 2.87931328125
18.642857142857142 2.87931328125
18.678571428571427 2.87931328125
18.714285714285715 2.87931328125
19.25 2.941509375
19.285714285714285 2.95248515625
19.321428571428573 2.95248515625
19.357142857142858 2.95248515625
19.392857142857142 2.95248515625
19.428571428571427 2.95248515625
19.464285714285715 2.95614375
19.5 2.95614375
19.535714285714285 2.95614375
19.571428571428573 2.95614375
19.607142857142858 2.95614375
19.642857142857142 2.95614375
19.678571428571427 2.95614375
19.714285714285715 2.95614375
19.75 2.95614375
19.785714285714285 2.95614375
19.821428571428573 2.95614375
19.857142857142858 2.95614375
19.892857142857142 2.95614375
19.928571428571427 2.95614375
19.964285714285715 2.95614375
20.0 2.95614375
20.035714285714285 2.95614375
20.071428571428573 2.95614375
20.107142857142858 2.95614375
20.142857142857142 2.95614375
20.678571428571427 2.912240625
20.714285714285715 3.00370546875
20.75 3.0073640625
20.785714285714285 3.0073640625
20.821428571428573 3.01102265625
20.857142857142858 3.01102265625
20.892857142857142 3.01102265625
20.928571428571427 3.01102265625
20.964285714285715 3.01102265625
21.0 3.01102265625
21.035714285714285 3.01102265625
21.071428571428573 3.01102265625
21.107142857142858 3.01102265625
21.142857142857142 3.01102265625
21.178571428571427 3.01102265625
21.214285714285715 3.01102265625
21.25 3.01102265625
21.285714285714285 3.01102265625
21.321428571428573 3.01102265625
21.357142857142858 3.01102265625
21.392857142857142 3.01102265625
21.428571428571427 3.01102265625
21.464285714285715 3.01102265625
21.5 3.01102265625
21.535714285714285 3.01102265625
21.571428571428573 3.01102265625
21.607142857142858 3.01102265625
22.107142857142858 2.926875
22.142857142857142 3.0073640625
22.178571428571427 3.08419453125
22.214285714285715 3.0805359375
22.25 3.08419453125
22.285714285714285 3.08419453125
22.321428571428573 3.08419453125
22.357142857142858 3.08419453125
22.392857142857142 3.08419453125
22.428571428571427 3.08419453125
22.464285714285715 3.08419453125
22.5 3.08419453125
22.535714285714285 3.08419453125
22.571428571428573 3.08419453125
22.607142857142858 3.08419453125
22.642857142857142 3.08419453125
22.678571428571427 3.08419453125
22.714285714285715 3.08419453125
22.75 3.08419453125
22.785714285714285 3.08419453125
22.821428571428573 3.08419453125
22.857142857142858 3.08419453125
22.892857142857142 3.08419453125
22.928571428571427 3.08419453125
22.964285714285715 3.08419453125
23.0 3.08419453125
23.035714285714285 3.08419453125
23.071428571428573 3.08419453125
23.571428571428573 3.0000468750000002
23.607142857142858 3.12809765625
23.642857142857142 3.1390734375
23.678571428571427 3.14273203125
23.714285714285715 3.14273203125
23.75 3.14273203125
23.785714285714285 3.14273203125
23.821428571428573 3.14273203125
23.857142857142858 3.146390625
23.892857142857142 3.14273203125
23.928571428571427 3.146390625
23.964285714285715 3.146390625
24.0 3.146390625
24.035714285714285 3.146390625
24.071428571428573 3.146390625
24.107142857142858 3.146390625
24.142857142857142 3.146390625
24.178571428571427 3.146390625
24.214285714285715 3.146390625
24.25 3.146390625
24.285714285714285 3.146390625
24.321428571428573 3.146390625
24.357142857142858 3.146390625
24.392857142857142 3.146390625
24.428571428571427 3.146390625
24.464285714285715 3.14273203125
24.5 3.146390625
25.035714285714285 3.0951703125
25.071428571428573 3.2122453125
25.107142857142858 3.23053828125
25.142857142857142 3.23053828125
25.178571428571427 3.23053828125
25.214285714285715 3.23053828125
25.25 3.23053828125
25.285714285714285 3.23053828125
25.321428571428573 3.234196875
25.357142857142858 3.23053828125
25.392857142857142 3.23053828125
25.428571428571427 3.23053828125
25.464285714285715 3.234196875
25.5 3.234196875
25.535714285714285 3.23053828125
25.571428571428573 3.23053828125
25.607142857142858 3.23053828125
25.642857142857142 3.234196875
25.678571428571427 3.234196875
25.714285714285715 3.234196875
25.75 3.23053828125
25.785714285714285 3.23053828125
25.821428571428573 3.23053828125
25.857142857142858 3.23053828125
25.892857142857142 3.23053828125
25.928571428571427 3.23053828125
25.964285714285715 3.23053828125
26.5 3.1976109375
26.535714285714285 3.29639296875
26.571428571428573 3.29639296875
26.607142857142858 3.3000515625
26.642857142857142 3.3000515625
26.678571428571427 3.3000515625
26.714285714285715 3.3000515625
26.75 3.3000515625
26.785714285714285 3.3000515625
26.821428571428573 3.30371015625
26.857142857142858 3.3000515625
26.892857142857142 3.3000515625
26.928571428571427 3.3000515625
26.964285714285715 3.3000515625
27.0 3.3000515625
27.035714285714285 3.3000515625
27.071428571428573 3.3000515625
27.107142857142858 3.3000515625
27.142857142857142 3.3000515625
27.178571428571427 3.3000515625
27.214285714285715 3.3000515625
27.25 3.3000515625
27.285714285714285 3.3000515625
27.321428571428573 3.3000515625
27.357142857142858 3.3000515625
27.392857142857142 3.3000515625
27.428571428571427 3.3000515625
27.964285714285715 3.30371015625
28.0 3.3585890625
28.035714285714285 3.3585890625
28.071428571428573 3.36224765625
28.107142857142858 3.36224765625
28.142857142857142 3.36224765625
28.178571428571427 3.36224765625
28.214285714285715 3.36224765625
28.25 3.36224765625
28.285714285714285 3.36224765625
28.321428571428573 3.36224765625
28.357142857142858 3.36224765625
28.392857142857142 3.36224765625
28.428571428571427 3.36224765625
28.464285714285715 3.36224765625
28.5 3.36224765625
28.535714285714285 3.36224765625
28.571428571428573 3.36224765625
28.607142857142858 3.36224765625
28.642857142857142 3.36224765625
28.678571428571427 3.36224765625
28.714285714285715 3.36224765625
28.75 3.36224765625
28.785714285714285 3.36224765625
28.821428571428573 3.36224765625
28.857142857142858 3.36590625
29.357142857142858 3.2854171875000002
29.392857142857142 3.4024921875
29.428571428571427 3.4171265625
29.464285714285715 3.4171265625
29.5 3.4171265625
29.535714285714285 3.42078515625
29.571428571428573 3.42078515625
29.607142857142858 3.42078515625
29.642857142857142 3.42078515625
29.678571428571427 3.42078515625
29.714285714285715 3.42078515625
29.75 3.42078515625
29.785714285714285 3.42078515625
29.821428571428573 3.42078515625
29.857142857142858 3.42078515625
29.892857142857142 3.42078515625
29.928571428571427 3.42078515625
