0.03571428571428571 2.44759921875
0.07142857142857142 2.44759921875
0.10714285714285714 2.44759921875
0.14285714285714285 2.44759921875
0.17857142857142858 2.44759921875
0.21428571428571427 2.44759921875
0.25 2.44759921875
0.2857142857142857 2.44759921875
0.32142857142857145 2.44759921875
0.35714285714285715 2.44759921875
0.39285714285714285 2.44759921875
0.42857142857142855 2.44759921875
0.4642857142857143 2.44759921875
0.5 2.44759921875
0.5357142857142857 2.4512578125
0.5714285714285714 2.4512578125
0.6071428571428571 2.4512578125
0.6428571428571429 2.4512578125
0.6785714285714286 2.4512578125
0.7142857142857143 2.4512578125
0.75 2.4512578125
0.7857142857142857 2.4512578125
0.8214285714285714 2.4512578125
0.8571428571428571 2.44759921875
0.8928571428571429 2.44759921875
0.9285714285714286 2.44759921875
0.9642857142857143 2.44759921875
1.0 2.44759921875
1.0357142857142858 2.44759921875
1.0714285714285714 2.44759921875
1.1071428571428572 2.44759921875
1.1428571428571428 2.44759921875
1.1785714285714286 2.44759921875
1.2142857142857142 2.44759921875
1.25 2.44759921875
1.2857142857142858 2.44759921875
1.3214285714285714 2.44759921875
1.3571428571428572 2.44759921875
1.3928571428571428 2.44759921875
1.4285714285714286 2.44759921875
1.4642857142857142 2.44759921875
1.5 2.44759921875
1.5357142857142858 2.44759921875
1.5714285714285714 2.44759921875
1.6071428571428572 2.44759921875
1.6428571428571428 2.44759921875
1.6785714285714286 2.44759921875
1.7142857142857142 2.44759921875
1.75 2.44759921875
1.7857142857142858 2.44759921875
1.8214285714285714 2.44759921875
1.8571428571428572 2.44759921875
1.8928571428571428 2.44759921875
1.9285714285714286 2.44759921875
1.9642857142857142 2.4512578125
2.0 2.45491640625
2.0357142857142856 2.4512578125
2.0714285714285716 2.4512578125
2.107142857142857 2.45491640625
2.142857142857143 2.45491640625
2.1785714285714284 2.4512578125
2.2142857142857144 2.4512578125
2.25 2.4512578125
2.2857142857142856 2.4512578125
2.3214285714285716 2.4512578125
2.357142857142857 2.4512578125
2.392857142857143 2.4512578125
2.4285714285714284 2.44759921875
2.4642857142857144 2.44759921875
2.5 2.44759921875
2.5357142857142856 2.44759921875
2.5714285714285716 2.44759921875
2.607142857142857 2.44759921875
2.642857142857143 2.44759921875
2.6785714285714284 2.44759921875
2.7142857142857144 2.44759921875
2.75 2.44759921875
2.7857142857142856 2.44759921875
2.8214285714285716 2.44759921875
2.857142857142857 2.44759921875
2.892857142857143 2.44759921875
2.9285714285714284 2.44759921875
2.9642857142857144 2.44759921875
3.0 2.44759921875
3.0357142857142856 2.44759921875
3.0714285714285716 2.44759921875
3.107142857142857 2.44759921875
3.142857142857143 2.44759921875
3.1785714285714284 2.44759921875
3.2142857142857144 2.44759921875
3.25 2.44759921875
3.2857142857142856 2.44759921875
3.3214285714285716 2.44759921875
3.357142857142857 2.4512578125
3.392857142857143 2.4512578125
3.4285714285714284 2.45491640625
3.4642857142857144 2.4512578125
3.5 2.45491640625
3.5357142857142856 2.45491640625
3.5714285714285716 2.45491640625
3.607142857142857 2.45491640625
3.642857142857143 2.45491640625
3.6785714285714284 2.4512578125
3.7142857142857144 2.4512578125
3.75 2.4512578125
3.7857142857142856 2.4512578125
3.8214285714285716 2.4512578125
3.857142857142857 2.4512578125
3.892857142857143 2.4512578125
3.9285714285714284 2.4512578125
3.9642857142857144 2.4512578125
4.0 2.4512578125
4.035714285714286 2.4512578125
4.071428571428571 2.4512578125
4.107142857142857 2.44759921875
4.142857142857143 2.4512578125
4.178571428571429 2.4512578125
4.214285714285714 2.4512578125
4.25 2.44759921875
4.285714285714286 2.44759921875
4.321428571428571 2.44759921875
4.357142857142857 2.44759921875
4.392857142857143 2.44759921875
4.428571428571429 2.44759921875
4.464285714285714 2.44759921875
4.5 2.44759921875
4.535714285714286 2.44759921875
4.571428571428571 2.44759921875
4.607142857142857 2.44759921875
4.642857142857143 2.44759921875
4.678571428571429 2.44759921875
4.714285714285714 2.4512578125
4.75 2.4512578125
4.785714285714286 2.4512578125
4.821428571428571 2.4512578125
4.857142857142857 2.45491640625
4.892857142857143 2.45491640625
4.928571428571429 2.45491640625
4.964285714285714 2.45491640625
5.0 2.45491640625
5.035714285714286 2.45491640625
5.071428571428571 2.45491640625
5.107142857142857 2.45491640625
5.142857142857143 2.45491640625
5.178571428571429 2.4512578125
5.214285714285714 2.4512578125
5.25 2.4512578125
5.285714285714286 2.4512578125
5.321428571428571 2.4512578125
5.357142857142857 2.4512578125
5.392857142857143 2.4512578125
5.428571428571429 2.4512578125
5.464285714285714 2.4512578125
5.5 2.4512578125
5.535714285714286 2.4512578125
5.571428571428571 2.4512578125
5.607142857142857 2.4512578125
5.642857142857143 2.4512578125
5.678571428571429 2.4512578125
5.714285714285714 2.4512578125
5.75 2.4512578125
5.785714285714286 2.4512578125
5.821428571428571 2.4512578125
5.857142857142857 2.4512578125
5.892857142857143 2.4512578125
5.928571428571429 2.4512578125
5.964285714285714 2.4512578125
6.0 2.4512578125
6.035714285714286 2.4512578125
6.071428571428571 2.4512578125
6.107142857142857 2.4512578125
6.142857142857143 2.4512578125
6.178571428571429 2.4512578125
6.214285714285714 2.4512578125
6.25 2.45491640625
6.285714285714286 2.45491640625
6.321428571428571 2.45491640625
6.357142857142857 2.45491640625
6.392857142857143 2.45491640625
6.428571428571429 2.45491640625
6.464285714285714 2.45491640625
6.5 2.45491640625
6.535714285714286 2.45491640625
6.571428571428571 2.45491640625
6.607142857142857 2.45491640625
6.642857142857143 2.45491640625
6.678571428571429 2.45491640625
6.714285714285714 2.45491640625
6.75 2.4512578125
6.785714285714286 2.4512578125
6.821428571428571 2.4512578125
6.857142857142857 2.4512578125
6.892857142857143 2.4512578125
6.928571428571429 2.4512578125
6.964285714285714 2.4512578125
7.0 2.4512578125
7.035714285714286 2.4512578125
7.071428571428571 2.4512578125
7.107142857142857 2.4512578125
7.142857142857143 2.4512578125
7.178571428571429 2.4512578125
7.214285714285714 2.4512578125
7.25 2.4512578125
7.285714285714286 2.4512578125
7.321428571428571 2.4512578125
7.357142857142857 2.4512578125
7.392857142857143 2.4512578125
7.428571428571429 2.4512578125
7.464285714285714 2.4512578125
7.5 2.4512578125
7.535714285714286 2.4512578125
7.571428571428571 2.4512578125
7.607142857142857 2.4512578125
7.642857142857143 2.45491640625
7.678571428571429 2.45491640625
7.714285714285714 2.45491640625
7.75 2.45491640625
7.785714285714286 2.45491640625
7.821428571428571 2.45491640625
7.857142857142857 2.45491640625
7.892857142857143 2.45491640625
7.928571428571429 2.45491640625
7.964285714285714 2.45491640625
8.0 2.45491640625
8.035714285714286 2.45491640625
8.071428571428571 2.45491640625
8.107142857142858 2.45491640625
8.142857142857142 2.45491640625
8.178571428571429 2.45491640625
8.214285714285714 2.45491640625
8.25 2.45491640625
8.285714285714286 2.45491640625
8.321428571428571 2.45491640625
8.357142857142858 2.45491640625
8.392857142857142 2.45491640625
8.428571428571429 2.45491640625
8.464285714285714 2.45491640625
8.5 2.4512578125
8.535714285714286 2.45491640625
8.571428571428571 2.45491640625
8.607142857142858 2.45491640625
8.642857142857142 2.4512578125
8.678571428571429 2.4512578125
8.714285714285714 2.4512578125
8.75 2.4512578125
8.785714285714286 2.4512578125
8.821428571428571 2.4512578125
8.857142857142858 2.4512578125
8.892857142857142 2.4512578125
8.928571428571429 2.4512578125
8.964285714285714 2.4512578125
9.0 2.4512578125
9.035714285714286 2.45491640625
9.071428571428571 2.45491640625
9.107142857142858 2.45491640625
9.142857142857142 2.45491640625
9.178571428571429 2.45491640625
9.214285714285714 2.45491640625
9.25 2.45491640625
9.285714285714286 2.45491640625
9.321428571428571 2.45491640625
9.357142857142858 2.45491640625
9.392857142857142 2.45491640625
9.428571428571429 2.45491640625
9.464285714285714 2.45491640625
9.5 2.45491640625
9.535714285714286 2.45491640625
9.571428571428571 2.45491640625
9.607142857142858 2.45491640625
9.642857142857142 2.45491640625
9.678571428571429 2.45491640625
9.714285714285714 2.45491640625
9.75 2.45491640625
9.785714285714286 2.45491640625
9.821428571428571 2.45491640625
9.857142857142858 2.45491640625
9.892857142857142 2.45491640625
9.928571428571429 2.45491640625
9.964285714285714 2.45491640625
10.0 2.45491640625
10.035714285714286 2.45491640625
10.071428571428571 2.45491640625
10.107142857142858 2.45491640625
10.142857142857142 2.45491640625
10.178571428571429 2.45491640625
10.214285714285714 2.45491640625
10.25 2.45491640625
10.285714285714286 2.45491640625
10.321428571428571 2.45491640625
10.357142857142858 2.45491640625
10.392857142857142 2.45491640625
10.428571428571429 2.45491640625
10.464285714285714 2.45491640625
10.5 2.45491640625
10.535714285714286 2.45491640625
10.571428571428571 2.45491640625
10.607142857142858 2.45491640625
10.642857142857142 2.45491640625
10.678571428571429 2.458575
10.714285714285714 2.458575
10.75 2.458575
10.785714285714286 2.458575
10.821428571428571 2.458575
10.857142857142858 2.45491640625
10.892857142857142 2.45491640625
10.928571428571429 2.45491640625
10.964285714285714 2.45491640625
11.0 2.45491640625
11.035714285714286 2.45491640625
11.071428571428571 2.45491640625
11.107142857142858 2.45491640625
11.142857142857142 2.45491640625
11.178571428571429 2.45491640625
11.214285714285714 2.45491640625
11.25 2.45491640625
11.285714285714286 2.45491640625
11.321428571428571 2.45491640625
11.357142857142858 2.45491640625
11.392857142857142 2.45491640625
11.428571428571429 2.45491640625
11.464285714285714 2.45491640625
11.5 2.45491640625
11.535714285714286 2.45491640625
11.571428571428571 2.45491640625
11.607142857142858 2.45491640625
11.642857142857142 2.45491640625
11.678571428571429 2.45491640625
11.714285714285714 2.45491640625
11.75 2.45491640625
11.785714285714286 2.45491640625
11.821428571428571 2.45491640625
11.857142857142858 2.45491640625
11.892857142857142 2.45491640625
11.928571428571429 2.45491640625
11.964285714285714 2.458575
12.0 2.45491640625
12.035714285714286 2.458575
12.071428571428571 2.458575
12.107142857142858 2.458575
12.142857142857142 2.458575
12.178571428571429 2.458575
12.214285714285714 2.458575
12.25 2.45491640625
12.285714285714286 2.458575
12.321428571428571 2.45491640625
12.357142857142858 2.45491640625
12.392857142857142 2.45491640625
12.428571428571429 2.45491640625
12.464285714285714 2.45491640625
12.5 2.45491640625
12.535714285714286 2.45491640625
12.571428571428571 2.45491640625
12.607142857142858 2.45491640625
12.642857142857142 2.45491640625
12.678571428571429 2.45491640625
12.714285714285714 2.45491640625
12.75 2.45491640625
12.785714285714286 2.45491640625
12.821428571428571 2.45491640625
12.857142857142858 2.45491640625
12.892857142857142 2.45491640625
12.928571428571429 2.45491640625
12.964285714285714 2.45491640625
13.0 2.45491640625
13.035714285714286 2.45491640625
13.071428571428571 2.45491640625
13.107142857142858 2.45491640625
13.142857142857142 2.45491640625
13.178571428571429 2.45491640625
13.214285714285714 2.45491640625
13.25 2.45491640625
13.285714285714286 2.45491640625
13.321428571428571 2.45491640625
13.357142857142858 2.458575
13.392857142857142 2.458575
13.428571428571429 2.458575
13.464285714285714 2.458575
13.5 2.458575
13.535714285714286 2.458575
13.571428571428571 2.458575
13.607142857142858 2.458575
13.642857142857142 2.458575
13.678571428571429 2.458575
13.714285714285714 2.458575
13.75 2.458575
13.785714285714286 2.45491640625
13.821428571428571 2.45491640625
13.857142857142858 2.45491640625
13.892857142857142 2.45491640625
13.928571428571429 2.45491640625
13.964285714285714 2.45491640625
14.0 2.45491640625
14.035714285714286 2.45491640625
14.071428571428571 2.45491640625
14.107142857142858 2.45491640625
14.142857142857142 2.45491640625
14.178571428571429 2.45491640625
14.214285714285714 2.45491640625
14.25 2.45491640625
14.285714285714286 2.45491640625
14.321428571428571 2.45491640625
14.357142857142858 2.45491640625
14.392857142857142 2.45491640625
14.428571428571429 2.45491640625
14.464285714285714 2.45491640625
14.5 2.45491640625
14.535714285714286 2.45491640625
14.571428571428571 2.45491640625
14.607142857142858 2.45491640625
14.642857142857142 2.45491640625
14.678571428571429 2.45491640625
14.714285714285714 2.45491640625
14.75 2.45491640625
14.785714285714286 2.45491640625
14.821428571428571 2.458575
14.857142857142858 2.458575
14.892857142857142 2.458575
14.928571428571429 2.458575
14.964285714285714 2.458575
15.0 2.458575
15.035714285714286 2.458575
15.071428571428571 2.458575
15.107142857142858 2.458575
15.142857142857142 2.45491640625
15.178571428571429 2.45491640625
15.214285714285714 2.45491640625
15.25 2.45491640625
15.285714285714286 2.45491640625
15.321428571428571 2.45491640625
15.357142857142858 2.45491640625
15.392857142857142 2.45491640625
15.428571428571429 2.45491640625
15.464285714285714 2.45491640625
15.5 2.45491640625
15.535714285714286 2.45491640625
15.571428571428571 2.45491640625
15.607142857142858 2.45491640625
15.642857142857142 2.45491640625
15.678571428571429 2.45491640625
15.714285714285714 2.45491640625
15.75 2.45491640625
15.785714285714286 2.45491640625
15.821428571428571 2.45491640625
15.857142857142858 2.45491640625
15.892857142857142 2.45491640625
15.928571428571429 2.45491640625
15.964285714285714 2.45491640625
16.0 2.45491640625
16.035714285714285 2.45491640625
16.071428571428573 2.45491640625
16.107142857142858 2.45491640625
16.142857142857142 2.45491640625
16.178571428571427 2.45491640625
16.214285714285715 2.45491640625
16.25 2.45491640625
16.285714285714285 2.45491640625
16.321428571428573 2.458575
16.357142857142858 2.458575
16.392857142857142 2.458575
16.428571428571427 2.458575
16.464285714285715 2.458575
16.5 2.458575
16.535714285714285 2.458575
16.571428571428573 2.458575
16.607142857142858 2.458575
16.642857142857142 2.458575
16.678571428571427 2.45491640625
16.714285714285715 2.458575
16.75 2.45491640625
16.785714285714285 2.45491640625
16.821428571428573 2.45491640625
16.857142857142858 2.45491640625
16.892857142857142 2.45491640625
16.928571428571427 2.45491640625
16.964285714285715 2.45491640625
17.0 2.45491640625
17.035714285714285 2.45491640625
17.071428571428573 2.45491640625
17.107142857142858 2.45491640625
17.142857142857142 2.45491640625
17.178571428571427 2.45491640625
17.214285714285715 2.45491640625
17.25 2.45491640625
17.285714285714285 2.45491640625
17.321428571428573 2.45491640625
17.357142857142858 2.45491640625
17.392857142857142 2.45491640625
17.428571428571427 2.45491640625
17.464285714285715 2.45491640625
17.5 2.45491640625
17.535714285714285 2.45491640625
17.571428571428573 2.45491640625
17.607142857142858 2.45491640625
17.642857142857142 2.458575
17.678571428571427 2.458575
17.714285714285715 2.45491640625
17.75 2.458575
17.785714285714285 2.458575
17.821428571428573 2.458575
17.857142857142858 2.46223359375
17.892857142857142 2.458575
17.928571428571427 2.458575
17.964285714285715 2.458575
18.0 2.458575
18.035714285714285 2.458575
18.071428571428573 2.458575
18.107142857142858 2.458575
18.142857142857142 2.45491640625
18.178571428571427 2.45491640625
18.214285714285715 2.45491640625
18.25 2.45491640625
18.285714285714285 2.45491640625
18.321428571428573 2.45491640625
18.357142857142858 2.45491640625
18.392857142857142 2.45491640625
18.428571428571427 2.45491640625
18.464285714285715 2.45491640625
18.5 2.45491640625
18.535714285714285 2.45491640625
18.571428571428573 2.45491640625
18.607142857142858 2.45491640625
18.642857142857142 2.45491640625
18.678571428571427 2.45491640625
18.714285714285715 2.45491640625
18.75 2.45491640625
18.785714285714285 2.45491640625
18.821428571428573 2.45491640625
18.857142857142858 2.45491640625
18.892857142857142 2.45491640625
18.928571428571427 2.45491640625
18.964285714285715 2.45491640625
19.0 2.45491640625
19.035714285714285 2.45491640625
19.071428571428573 2.45491640625
19.107142857142858 2.458575
19.142857142857142 2.46223359375
19.178571428571427 2.458575
19.214285714285715 2.46223359375
19.25 2.46223359375
19.285714285714285 2.46223359375
19.321428571428573 2.458575
19.357142857142858 2.458575
19.392857142857142 2.458575
19.428571428571427 2.458575
19.464285714285715 2.458575
19.5 2.458575
19.535714285714285 2.458575
19.571428571428573 2.458575
19.607142857142858 2.458575
19.642857142857142 2.458575
19.678571428571427 2.45491640625
19.714285714285715 2.45491640625
19.75 2.45491640625
19.785714285714285 2.45491640625
19.821428571428573 2.45491640625
19.857142857142858 2.45491640625
19.892857142857142 2.45491640625
19.928571428571427 2.45491640625
19.964285714285715 2.45491640625
20.0 2.45491640625
20.035714285714285 2.45491640625
20.071428571428573 2.45491640625
20.107142857142858 2.45491640625
20.142857142857142 2.45491640625
20.178571428571427 2.45491640625
20.214285714285715 2.45491640625
20.25 2.45491640625
20.285714285714285 2.45491640625
20.321428571428573 2.45491640625
20.357142857142858 2.45491640625
20.392857142857142 2.45491640625
20.428571428571427 2.45491640625
20.464285714285715 2.45491640625
20.5 2.458575
20.535714285714285 2.458575
20.571428571428573 2.458575
20.607142857142858 2.458575
20.642857142857142 2.458575
20.678571428571427 2.458575
20.714285714285715 2.458575
20.75 2.458575
20.785714285714285 2.458575
20.821428571428573 2.458575
20.857142857142858 2.45491640625
20.892857142857142 2.45491640625
20.928571428571427 2.45491640625
20.964285714285715 2.45491640625
21.0 2.45491640625
21.035714285714285 2.45491640625
21.071428571428573 2.45491640625
21.107142857142858 2.45491640625
21.142857142857142 2.45491640625
21.178571428571427 2.45491640625
21.214285714285715 2.45491640625
21.25 2.45491640625
21.285714285714285 2.45491640625
21.321428571428573 2.45491640625
21.357142857142858 2.45491640625
21.392857142857142 2.45491640625
21.428571428571427 2.45491640625
21.464285714285715 2.45491640625
21.5 2.45491640625
21.535714285714285 2.45491640625
21.571428571428573 2.45491640625
21.607142857142858 2.45491640625
21.642857142857142 2.45491640625
21.678571428571427 2.45491640625
21.714285714285715 2.45491640625
21.75 2.45491640625
21.785714285714285 2.45491640625
21.821428571428573 2.45491640625
21.857142857142858 2.45491640625
21.892857142857142 2.45491640625
21.928571428571427 2.458575
21.964285714285715 2.458575
22.0 2.458575
22.035714285714285 2.458575
22.071428571428573 2.458575
22.107142857142858 2.458575
22.142857142857142 2.458575
22.178571428571427 2.458575
22.214285714285715 2.458575
22.25 2.45491640625
22.285714285714285 2.45491640625
22.321428571428573 2.45491640625
22.357142857142858 2.45491640625
22.392857142857142 2.45491640625
22.428571428571427 2.45491640625
22.464285714285715 2.45491640625
22.5 2.45491640625
22.535714285714285 2.45491640625
22.571428571428573 2.45491640625
22.607142857142858 2.45491640625
22.642857142857142 2.45491640625
22.678571428571427 2.45491640625
22.714285714285715 2.45491640625
22.75 2.45491640625
22.785714285714285 2.45491640625
22.821428571428573 2.45491640625
22.857142857142858 2.45491640625
22.892857142857142 2.45491640625
22.928571428571427 2.45491640625
22.964285714285715 2.45491640625
23.0 2.45491640625
23.035714285714285 2.45491640625
23.071428571428573 2.45491640625
23.107142857142858 2.45491640625
23.142857142857142 2.45491640625
23.178571428571427 2.45491640625
23.214285714285715 2.45491640625
23.25 2.45491640625
23.285714285714285 2.45491640625
23.321428571428573 2.45491640625
23.357142857142858 2.45491640625
23.392857142857142 2.458575
23.428571428571427 2.458575
23.464285714285715 2.458575
23.5 2.458575
23.535714285714285 2.458575
23.571428571428573 2.458575
23.607142857142858 2.458575
23.642857142857142 2.458575
23.678571428571427 2.458575
23.714285714285715 2.458575
23.75 2.45491640625
23.785714285714285 2.45491640625
23.821428571428573 2.45491640625
23.857142857142858 2.45491640625
23.892857142857142 2.45491640625
23.928571428571427 2.45491640625
23.964285714285715 2.45491640625
24.0 2.45491640625
24.035714285714285 2.45491640625
24.071428571428573 2.45491640625
24.107142857142858 2.45491640625
24.142857142857142 2.45491640625
24.178571428571427 2.45491640625
24.214285714285715 2.45491640625
24.25 2.45491640625
24.285714285714285 2.45491640625
24.321428571428573 2.45491640625
24.357142857142858 2.45491640625
24.392857142857142 2.45491640625
24.428571428571427 2.45491640625
24.464285714285715 2.45491640625
24.5 2.45491640625
24.535714285714285 2.45491640625
24.571428571428573 2.45491640625
24.607142857142858 2.45491640625
24.642857142857142 2.45491640625
24.678571428571427 2.45491640625
24.714285714285715 2.45491640625
24.75 2.45491640625
24.785714285714285 2.458575
24.821428571428573 2.458575
24.857142857142858 2.458575
24.892857142857142 2.458575
24.928571428571427 2.458575
24.964285714285715 2.458575
25.0 2.458575
25.035714285714285 2.458575
25.071428571428573 2.458575
25.107142857142858 2.458575
25.142857142857142 2.458575
25.178571428571427 2.458575
25.214285714285715 2.458575
25.25 2.458575
25.285714285714285 2.45491640625
25.321428571428573 2.45491640625
25.357142857142858 2.45491640625
25.392857142857142 2.45491640625
25.428571428571427 2.45491640625
25.464285714285715 2.45491640625
25.5 2.45491640625
25.535714285714285 2.45491640625
25.571428571428573 2.45491640625
25.607142857142858 2.45491640625
25.642857142857142 2.45491640625
25.678571428571427 2.45491640625
25.714285714285715 2.45491640625
25.75 2.45491640625
25.785714285714285 2.45491640625
25.821428571428573 2.45491640625
25.857142857142858 2.45491640625
25.892857142857142 2.45491640625
25.928571428571427 2.45491640625
25.964285714285715 2.45491640625
26.0 2.45491640625
26.035714285714285 2.45491640625
26.071428571428573 2.45491640625
26.107142857142858 2.45491640625
26.142857142857142 2.45491640625
26.178571428571427 2.45491640625
26.214285714285715 2.458575
26.25 2.458575
26.285714285714285 2.458575
26.321428571428573 2.46223359375
26.357142857142858 2.458575
26.392857142857142 2.46223359375
26.428571428571427 2.46223359375
26.464285714285715 2.46223359375
26.5 2.458575
26.535714285714285 2.458575
26.571428571428573 2.458575
26.607142857142858 2.458575
26.642857142857142 2.458575
26.678571428571427 2.458575
26.714285714285715 2.458575
26.75 2.458575
26.785714285714285 2.458575
26.821428571428573 2.458575
26.857142857142858 2.458575
26.892857142857142 2.458575
26.928571428571427 2.458575
26.964285714285715 2.458575
27.0 2.458575
27.035714285714285 2.45491640625
27.071428571428573 2.45491640625
27.107142857142858 2.45491640625
27.142857142857142 2.45491640625
27.178571428571427 2.45491640625
27.214285714285715 2.45491640625
27.25 2.45491640625
27.285714285714285 2.45491640625
27.321428571428573 2.45491640625
27.357142857142858 2.45491640625
27.392857142857142 2.45491640625
27.428571428571427 2.45491640625
27.464285714285715 2.45491640625
27.5 2.45491640625
27.535714285714285 2.45491640625
27.571428571428573 2.45491640625
27.607142857142858 2.45491640625
27.642857142857142 2.458575
27.678571428571427 2.458575
27.714285714285715 2.458575
27.75 2.46223359375
27.785714285714285 2.458575
27.821428571428573 2.46223359375
27.857142857142858 2.46223359375
27.892857142857142 2.46223359375
27.928571428571427 2.458575
27.964285714285715 2.458575
28.0 2.458575
28.035714285714285 2.458575
28.071428571428573 2.458575
28.107142857142858 2.458575
28.142857142857142 2.458575
28.178571428571427 2.458575
28.214285714285715 2.458575
28.25 2.458575
28.285714285714285 2.458575
28.321428571428573 2.458575
28.357142857142858 2.458575
28.392857142857142 2.458575
28.428571428571427 2.458575
28.464285714285715 2.458575
28.5 2.458575
28.535714285714285 2.458575
28.571428571428573 2.45491640625
28.607142857142858 2.45491640625
28.642857142857142 2.45491640625
28.678571428571427 2.458575
28.714285714285715 2.45491640625
28.75 2.458575
28.785714285714285 2.458575
28.821428571428573 2.458575
28.857142857142858 2.45491640625
28.892857142857142 2.458575
28.928571428571427 2.45491640625
28.964285714285715 2.45491640625
29.0 2.458575
29.035714285714285 2.458575
29.071428571428573 2.458575
29.107142857142858 2.458575
29.142857142857142 2.458575
29.178571428571427 2.46223359375
29.214285714285715 2.46223359375
29.25 2.46223359375
29.285714285714285 2.46223359375
29.321428571428573 2.46223359375
29.357142857142858 2.46223359375
29.392857142857142 2.458575
29.428571428571427 2.458575
29.464285714285715 2.458575
29.5 2.458575
29.535714285714285 2.458575
29.571428571428573 2.458575
29.607142857142858 2.458575
29.642857142857142 2.458575
29.678571428571427 2.458575
29.714285714285715 2.458575
29.75 2.458575
29.785714285714285 2.458575
29.821428571428573 2.458575
29.857142857142858 2.458575
29.892857142857142 2.458575
29.928571428571427 2.458575
29.964285714285715 2.458575
30.0 2.458575
30.035714285714285 2.458575
30.071428571428573 2.458575
30.107142857142858 2.458575
30.142857142857142 2.458575
30.178571428571427 2.458575
30.214285714285715 2.458575
30.25 2.458575
30.285714285714285 2.458575
30.321428571428573 2.458575
30.357142857142858 2.458575
30.392857142857142 2.458575
30.428571428571427 2.458575
30.464285714285715 2.458575
30.5 2.458575
30.535714285714285 2.46223359375
30.571428571428573 2.458575
30.607142857142858 2.46223359375
30.642857142857142 2.46223359375
30.678571428571427 2.46223359375
30.714285714285715 2.46223359375
30.75 2.46223359375
30.785714285714285 2.46223359375
30.821428571428573 2.46223359375
30.857142857142858 2.458575
30.892857142857142 2.458575
30.928571428571427 2.458575
30.964285714285715 2.458575
31.0 2.458575
31.035714285714285 2.458575
31.071428571428573 2.458575
31.107142857142858 2.458575
31.142857142857142 2.458575
31.178571428571427 2.458575
31.214285714285715 2.458575
31.25 2.458575
31.285714285714285 2.458575
31.321428571428573 2.458575
31.357142857142858 2.458575
31.392857142857142 2.458575
31.428571428571427 2.458575
31.464285714285715 2.458575
31.5 2.458575
31.535714285714285 2.458575
31.571428571428573 2.458575
31.607142857142858 2.458575
31.642857142857142 2.458575
31.678571428571427 2.458575
31.714285714285715 2.458575
31.75 2.458575
31.785714285714285 2.458575
31.821428571428573 2.458575
31.857142857142858 2.458575
31.892857142857142 2.458575
31.928571428571427 2.46223359375
31.964285714285715 2.46223359375
32.0 2.46223359375
32.035714285714285 2.46223359375
32.07142857142857 2.46223359375
32.107142857142854 2.46223359375
32.142857142857146 2.46223359375
32.17857142857143 2.46223359375
32.214285714285715 2.46223359375
32.25 2.46223359375
32.285714285714285 2.46223359375
32.32142857142857 2.458575
32.357142857142854 2.458575
32.392857142857146 2.458575
32.42857142857143 2.458575
32.464285714285715 2.458575
32.5 2.458575
32.535714285714285 2.458575
32.57142857142857 2.458575
32.607142857142854 2.458575
32.642857142857146 2.458575
32.67857142857143 2.458575
32.714285714285715 2.458575
32.75 2.458575
32.785714285714285 2.458575
32.82142857142857 2.458575
32.857142857142854 2.458575
32.892857142857146 2.458575
32.92857142857143 2.458575
32.964285714285715 2.458575
33.0 2.458575
33.035714285714285 2.458575
33.07142857142857 2.458575
33.107142857142854 2.458575
33.142857142857146 2.458575
33.17857142857143 2.458575
33.214285714285715 2.458575
33.25 2.458575
33.285714285714285 2.458575
33.32142857142857 2.458575
33.357142857142854 2.46223359375
33.392857142857146 2.458575
33.42857142857143 2.46223359375
33.464285714285715 2.46223359375
33.5 2.46223359375
33.535714285714285 2.46223359375
33.57142857142857 2.46223359375
33.607142857142854 2.46223359375
33.642857142857146 2.46223359375
33.67857142857143 2.46223359375
33.714285714285715 2.46223359375
33.75 2.46223359375
33.785714285714285 2.46223359375
33.82142857142857 2.46223359375
33.857142857142854 2.458575
33.892857142857146 2.458575
33.92857142857143 2.458575
33.964285714285715 2.458575
34.0 2.458575
34.035714285714285 2.458575
34.07142857142857 2.458575
34.107142857142854 2.458575
34.142857142857146 2.458575
34.17857142857143 2.458575
34.214285714285715 2.458575
34.25 2.458575
34.285714285714285 2.458575
34.32142857142857 2.458575
34.357142857142854 2.458575
34.392857142857146 2.458575
34.42857142857143 2.458575
34.464285714285715 2.458575
34.5 2.458575
34.535714285714285 2.458575
34.57142857142857 2.458575
34.607142857142854 2.458575
34.642857142857146 2.458575
34.67857142857143 2.458575
34.714285714285715 2.458575
34.75 2.458575
34.785714285714285 2.46223359375
34.82142857142857 2.46223359375
34.857142857142854 2.46223359375
34.892857142857146 2.46223359375
34.92857142857143 2.46223359375
34.964285714285715 2.46223359375
35.0 2.46223359375
35.035714285714285 2.46223359375
35.07142857142857 2.46223359375
35.107142857142854 2.46223359375
35.142857142857146 2.46223359375
35.17857142857143 2.46223359375
35.214285714285715 2.46223359375
35.25 2.46223359375
35.285714285714285 2.46223359375
35.32142857142857 2.46223359375
35.357142857142854 2.458575
35.392857142857146 2.458575
35.42857142857143 2.458575
35.464285714285715 2.458575
35.5 2.458575
35.535714285714285 2.458575
35.57142857142857 2.458575
35.607142857142854 2.458575
35.642857142857146 2.458575
35.67857142857143 2.458575
35.714285714285715 2.458575
35.75 2.458575
35.785714285714285 2.458575
35.82142857142857 2.458575
35.857142857142854 2.458575
35.892857142857146 2.458575
35.92857142857143 2.458575
35.964285714285715 2.458575
36.0 2.458575
36.035714285714285 2.458575
36.07142857142857 2.458575
36.107142857142854 2.458575
36.142857142857146 2.458575
36.17857142857143 2.458575
36.214285714285715 2.46223359375
36.25 2.46223359375
36.285714285714285 2.46223359375
36.32142857142857 2.46223359375
36.357142857142854 2.46223359375
36.392857142857146 2.4658921875
36.42857142857143 2.4658921875
36.464285714285715 2.4658921875
36.5 2.4658921875
36.535714285714285 2.4658921875
36.57142857142857 2.46223359375
36.607142857142854 2.46223359375
36.642857142857146 2.46223359375
36.67857142857143 2.46223359375
36.714285714285715 2.46223359375
36.75 2.46223359375
36.785714285714285 2.46223359375
36.82142857142857 2.46223359375
36.857142857142854 2.46223359375
36.892857142857146 2.46223359375
36.92857142857143 2.46223359375
36.964285714285715 2.46223359375
37.0 2.46223359375
37.035714285714285 2.46223359375
37.07142857142857 2.46223359375
37.107142857142854 2.46223359375
37.142857142857146 2.46223359375
37.17857142857143 2.46223359375
37.214285714285715 2.46223359375
37.25 2.46223359375
37.285714285714285 2.46223359375
37.32142857142857 2.46223359375
37.357142857142854 2.46223359375
37.392857142857146 2.46223359375
37.42857142857143 2.46223359375
37.464285714285715 2.46223359375
37.5 2.46223359375
37.535714285714285 2.46223359375
37.57142857142857 2.46223359375
37.607142857142854 2.46223359375
37.642857142857146 2.46223359375
37.67857142857143 2.46223359375
37.714285714285715 2.4658921875
37.75 2.4658921875
37.785714285714285 2.4658921875
37.82142857142857 2.4658921875
37.857142857142854 2.4658921875
37.892857142857146 2.4658921875
37.92857142857143 2.4658921875
37.964285714285715 2.4658921875
38.0 2.4658921875
38.035714285714285 2.46223359375
38.07142857142857 2.46223359375
38.107142857142854 2.46223359375
38.142857142857146 2.46223359375
38.17857142857143 2.46223359375
38.214285714285715 2.46223359375
38.25 2.46223359375
38.285714285714285 2.46223359375
38.32142857142857 2.46223359375
38.357142857142854 2.46223359375
38.392857142857146 2.46223359375
38.42857142857143 2.46223359375
38.464285714285715 2.46223359375
38.5 2.46223359375
38.535714285714285 2.46223359375
38.57142857142857 2.46223359375
38.607142857142854 2.46223359375
38.642857142857146 2.46223359375
38.67857142857143 2.46223359375
38.714285714285715 2.46223359375
38.75 2.46223359375
38.785714285714285 2.46223359375
38.82142857142857 2.46223359375
38.857142857142854 2.46223359375
38.892857142857146 2.46223359375
38.92857142857143 2.46223359375
38.964285714285715 2.46223359375
39.0 2.46223359375
39.035714285714285 2.46223359375
39.07142857142857 2.4658921875
39.107142857142854 2.4658921875
39.142857142857146 2.4658921875
39.17857142857143 2.4658921875
39.214285714285715 2.4658921875
39.25 2.46955078125
39.285714285714285 2.4658921875
39.32142857142857 2.4658921875
39.357142857142854 2.4658921875
39.392857142857146 2.4658921875
39.42857142857143 2.4658921875
39.464285714285715 2.4658921875
39.5 2.4658921875
39.535714285714285 2.4658921875
39.57142857142857 2.46223359375
39.607142857142854 2.46223359375
39.642857142857146 2.4658921875
39.67857142857143 2.46223359375
39.714285714285715 2.46223359375
39.75 2.46223359375
39.785714285714285 2.46223359375
39.82142857142857 2.46223359375
39.857142857142854 2.46223359375
39.892857142857146 2.46223359375
