0.03571428571428571 3.54517734375
0.07142857142857142 3.54517734375
0.10714285714285714 3.54517734375
0.14285714285714285 3.54517734375
0.17857142857142858 3.54517734375
0.21428571428571427 3.54151875
0.25 3.5488359375
0.2857142857142857 3.5488359375
0.32142857142857145 3.5488359375
0.35714285714285715 3.5488359375
0.39285714285714285 3.5488359375
0.42857142857142855 3.5488359375
0.4642857142857143 3.5488359375
0.5 3.5488359375
0.5357142857142857 3.54517734375
0.5714285714285714 3.5488359375
0.6071428571428571 3.5488359375
0.6428571428571429 3.5488359375
0.6785714285714286 3.5488359375
0.7142857142857143 3.5488359375
0.75 3.5488359375
0.7857142857142857 3.5488359375
0.8214285714285714 3.54517734375
0.8571428571428571 3.5488359375
0.8928571428571429 3.5488359375
0.9285714285714286 3.5488359375
0.9642857142857143 3.5488359375
1.0 3.5488359375
1.0357142857142858 3.5488359375
1.0714285714285714 3.5488359375
1.1071428571428572 3.5488359375
1.1428571428571428 3.54517734375
1.1785714285714286 3.54517734375
1.2142857142857142 3.5488359375
1.25 3.5488359375
1.2857142857142858 3.5488359375
1.3214285714285714 3.5488359375
1.3571428571428572 3.5488359375
1.3928571428571428 3.5488359375
1.4285714285714286 3.5488359375
1.4642857142857142 3.5488359375
1.5 3.54517734375
1.5357142857142858 3.5488359375
1.5714285714285714 3.5488359375
1.6071428571428572 3.5488359375
1.6428571428571428 3.5488359375
1.6785714285714286 3.5488359375
1.7142857142857142 3.5488359375
1.75 3.5488359375
1.7857142857142858 3.54151875
1.8214285714285714 3.55249453125
1.8571428571428572 3.5488359375
1.8928571428571428 3.5488359375
1.9285714285714286 3.5488359375
1.9642857142857142 3.5488359375
2.0 3.5488359375
2.0357142857142856 3.5488359375
2.0714285714285716 3.5488359375
2.107142857142857 3.54517734375
2.142857142857143 3.5488359375
2.1785714285714284 3.5488359375
2.2142857142857144 3.5488359375
2.25 3.5488359375
2.2857142857142856 3.5488359375
2.3214285714285716 3.5488359375
2.357142857142857 3.5488359375
2.392857142857143 3.5488359375
2.4285714285714284 3.5488359375
2.4642857142857144 3.5488359375
2.5 3.5488359375
2.5357142857142856 3.5488359375
2.5714285714285716 3.5488359375
2.607142857142857 3.5488359375
2.642857142857143 3.5488359375
2.6785714285714284 3.5488359375
2.7142857142857144 3.5488359375
2.75 3.5488359375
2.7857142857142856 3.5488359375
2.8214285714285716 3.5488359375
2.857142857142857 3.5488359375
2.892857142857143 3.5488359375
2.9285714285714284 3.5488359375
2.9642857142857144 3.5488359375
3.0 3.5488359375
3.0357142857142856 3.5488359375
3.0714285714285716 3.5488359375
3.107142857142857 3.55249453125
3.142857142857143 3.5488359375
3.1785714285714284 3.5488359375
3.2142857142857144 3.5488359375
3.25 3.5488359375
3.2857142857142856 3.5488359375
3.3214285714285716 3.5488359375
3.357142857142857 3.5488359375
3.392857142857143 3.5488359375
3.4285714285714284 3.54517734375
3.4642857142857144 3.5488359375
3.5 3.5488359375
3.5357142857142856 3.5488359375
3.5714285714285716 3.5488359375
3.607142857142857 3.5488359375
3.642857142857143 3.5488359375
3.6785714285714284 3.5488359375
3.7142857142857144 3.5488359375
3.75 3.5488359375
3.7857142857142856 3.5488359375
3.8214285714285716 3.5488359375
3.857142857142857 3.5488359375
3.892857142857143 3.5488359375
3.9285714285714284 3.5488359375
3.9642857142857144 3.5488359375
4.0 3.5488359375
4.035714285714286 3.5488359375
4.071428571428571 3.5488359375
4.107142857142857 3.5488359375
4.142857142857143 3.5488359375
4.178571428571429 3.5488359375
4.214285714285714 3.5488359375
4.25 3.5488359375
4.285714285714286 3.5488359375
4.321428571428571 3.5488359375
4.357142857142857 3.54517734375
4.392857142857143 3.54517734375
4.428571428571429 3.5488359375
4.464285714285714 3.5488359375
4.5 3.5488359375
4.535714285714286 3.5488359375
4.571428571428571 3.5488359375
4.607142857142857 3.5488359375
4.642857142857143 3.5488359375
4.678571428571429 3.5488359375
4.714285714285714 3.5342015625
4.75 3.5488359375
4.785714285714286 3.5488359375
4.821428571428571 3.5488359375
4.857142857142857 3.5488359375
4.892857142857143 3.5488359375
4.928571428571429 3.5488359375
4.964285714285714 3.5488359375
5.0 3.5488359375
5.035714285714286 3.5342015625
5.071428571428571 3.55249453125
5.107142857142857 3.5488359375
5.142857142857143 3.55249453125
5.178571428571429 3.5488359375
5.214285714285714 3.55249453125
5.25 3.5488359375
5.285714285714286 3.55249453125
5.321428571428571 3.55249453125
5.357142857142857 3.55249453125
5.392857142857143 3.55249453125
5.428571428571429 3.55249453125
5.464285714285714 3.55249453125
5.5 3.55249453125
5.535714285714286 3.55249453125
5.571428571428571 3.55249453125
5.607142857142857 3.55249453125
5.642857142857143 3.55249453125
5.678571428571429 3.53786015625
5.714285714285714 3.556153125
5.75 3.556153125
5.785714285714286 3.55249453125
5.821428571428571 3.55249453125
5.857142857142857 3.55249453125
5.892857142857143 3.55249453125
5.928571428571429 3.55249453125
5.964285714285714 3.55249453125
6.0 3.5488359375
6.035714285714286 3.556153125
6.071428571428571 3.556153125
6.107142857142857 3.556153125
6.142857142857143 3.556153125
6.178571428571429 3.556153125
6.214285714285714 3.556153125
6.25 3.556153125
6.285714285714286 3.556153125
6.321428571428571 3.556153125
6.357142857142857 3.556153125
6.392857142857143 3.556153125
6.428571428571429 3.556153125
6.464285714285714 3.556153125
6.5 3.556153125
6.535714285714286 3.556153125
6.571428571428571 3.556153125
6.607142857142857 3.556153125
6.642857142857143 3.55249453125
6.678571428571429 3.55981171875
6.714285714285714 3.556153125
6.75 3.556153125
6.785714285714286 3.556153125
6.821428571428571 3.556153125
6.857142857142857 3.556153125
6.892857142857143 3.556153125
6.928571428571429 3.556153125
6.964285714285714 3.54517734375
7.0 3.556153125
7.035714285714286 3.556153125
7.071428571428571 3.556153125
7.107142857142857 3.556153125
7.142857142857143 3.556153125
7.178571428571429 3.556153125
7.214285714285714 3.556153125
7.25 3.556153125
7.285714285714286 3.556153125
7.321428571428571 3.556153125
7.357142857142857 3.556153125
7.392857142857143 3.556153125
7.428571428571429 3.556153125
7.464285714285714 3.556153125
7.5 3.556153125
7.535714285714286 3.556153125
7.571428571428571 3.556153125
7.607142857142857 3.556153125
7.642857142857143 3.55249453125
7.678571428571429 3.55981171875
7.714285714285714 3.55981171875
7.75 3.55981171875
7.785714285714286 3.556153125
7.821428571428571 3.55981171875
7.857142857142857 3.55981171875
7.892857142857143 3.55981171875
7.928571428571429 3.556153125
7.964285714285714 3.55981171875
8.0 3.55981171875
8.035714285714286 3.55981171875
8.071428571428571 3.55981171875
8.107142857142858 3.55981171875
8.142857142857142 3.55981171875
8.178571428571429 3.55981171875
8.214285714285714 3.55981171875
8.25 3.556153125
8.285714285714286 3.55981171875
8.321428571428571 3.55981171875
8.357142857142858 3.55981171875
8.392857142857142 3.55981171875
8.428571428571429 3.55981171875
8.464285714285714 3.55981171875
8.5 3.55981171875
8.535714285714286 3.55981171875
8.571428571428571 3.55981171875
8.607142857142858 3.55981171875
8.642857142857142 3.55981171875
8.678571428571429 3.55981171875
8.714285714285714 3.55981171875
8.75 3.55981171875
8.785714285714286 3.55981171875
8.821428571428571 3.55981171875
8.857142857142858 3.55981171875
8.892857142857142 3.556153125
8.928571428571429 3.55981171875
8.964285714285714 3.55981171875
9.0 3.55981171875
9.035714285714286 3.55981171875
9.071428571428571 3.55981171875
9.107142857142858 3.55981171875
9.142857142857142 3.556153125
9.178571428571429 3.55981171875
9.214285714285714 3.54517734375
9.25 3.55981171875
9.285714285714286 3.55981171875
9.321428571428571 3.55981171875
9.357142857142858 3.55981171875
9.392857142857142 3.55981171875
9.428571428571429 3.55981171875
9.464285714285714 3.55981171875
9.5 3.556153125
9.535714285714286 3.556153125
9.571428571428571 3.556153125
9.607142857142858 3.556153125
9.642857142857142 3.556153125
9.678571428571429 3.556153125
9.714285714285714 3.556153125
9.75 3.556153125
9.785714285714286 3.556153125
9.821428571428571 3.556153125
9.857142857142858 3.556153125
9.892857142857142 3.556153125
9.928571428571429 3.55981171875
9.964285714285714 3.55981171875
10.0 3.55981171875
10.035714285714286 3.55981171875
10.071428571428571 3.55981171875
10.107142857142858 3.556153125
10.142857142857142 3.556153125
10.178571428571429 3.54517734375
10.214285714285714 3.55981171875
10.25 3.55981171875
10.285714285714286 3.556153125
10.321428571428571 3.55981171875
10.357142857142858 3.556153125
10.392857142857142 3.556153125
10.428571428571429 3.556153125
10.464285714285714 3.55981171875
10.5 3.556153125
10.535714285714286 3.55981171875
10.571428571428571 3.55981171875
10.607142857142858 3.55981171875
10.642857142857142 3.55981171875
10.678571428571429 3.55981171875
10.714285714285714 3.55981171875
10.75 3.55981171875
10.785714285714286 3.55981171875
10.821428571428571 3.556153125
10.857142857142858 3.55981171875
10.892857142857142 3.55981171875
10.928571428571429 3.55981171875
10.964285714285714 3.55981171875
11.0 3.55981171875
11.035714285714286 3.55981171875
11.071428571428571 3.55981171875
11.107142857142858 3.55981171875
11.142857142857142 3.55981171875
11.178571428571429 3.556153125
11.214285714285714 3.55981171875
11.25 3.55981171875
11.285714285714286 3.55981171875
11.321428571428571 3.55981171875
11.357142857142858 3.55981171875
11.392857142857142 3.55981171875
11.428571428571429 3.55981171875
11.464285714285714 3.54517734375
11.5 3.5634703125000002
11.535714285714286 3.55981171875
11.571428571428571 3.55981171875
11.607142857142858 3.55981171875
11.642857142857142 3.55981171875
11.678571428571429 3.55981171875
11.714285714285714 3.55981171875
11.75 3.55981171875
11.785714285714286 3.5634703125000002
11.821428571428571 3.556153125
11.857142857142858 3.5634703125000002
11.892857142857142 3.5634703125000002
11.928571428571429 3.5634703125000002
11.964285714285714 3.5634703125000002
12.0 3.5634703125000002
12.035714285714286 3.5634703125000002
12.071428571428571 3.5634703125000002
12.107142857142858 3.5634703125000002
12.142857142857142 3.55981171875
12.178571428571429 3.5634703125000002
12.214285714285714 3.5634703125000002
12.25 3.5634703125000002
12.285714285714286 3.5634703125000002
12.321428571428571 3.5634703125000002
12.357142857142858 3.5634703125000002
12.392857142857142 3.5634703125000002
12.428571428571429 3.5634703125000002
12.464285714285714 3.5634703125000002
12.5 3.5634703125000002
12.535714285714286 3.5634703125000002
12.571428571428571 3.5634703125000002
12.607142857142858 3.5634703125000002
12.642857142857142 3.5634703125000002
12.678571428571429 3.5634703125000002
12.714285714285714 3.5634703125000002
12.75 3.55981171875
12.785714285714286 3.5671289062500002
12.821428571428571 3.5634703125000002
12.857142857142858 3.5634703125000002
12.892857142857142 3.5671289062500002
12.928571428571429 3.5671289062500002
12.964285714285714 3.5671289062500002
13.0 3.5634703125000002
13.035714285714286 3.5634703125000002
13.071428571428571 3.5634703125000002
13.107142857142858 3.5634703125000002
13.142857142857142 3.5671289062500002
13.178571428571429 3.5671289062500002
13.214285714285714 3.5634703125000002
13.25 3.5671289062500002
13.285714285714286 3.5671289062500002
13.321428571428571 3.5671289062500002
13.357142857142858 3.5671289062500002
13.392857142857142 3.5671289062500002
13.428571428571429 3.55249453125
13.464285714285714 3.5671289062500002
13.5 3.5671289062500002
13.535714285714286 3.5671289062500002
13.571428571428571 3.5671289062500002
13.607142857142858 3.5671289062500002
13.642857142857142 3.5671289062500002
13.678571428571429 3.5671289062500002
13.714285714285714 3.5671289062500002
13.75 3.5707875000000002
13.785714285714286 3.5671289062500002
13.821428571428571 3.5671289062500002
13.857142857142858 3.5671289062500002
13.892857142857142 3.5671289062500002
13.928571428571429 3.5671289062500002
13.964285714285714 3.5671289062500002
14.0 3.5671289062500002
14.035714285714286 3.5634703125000002
14.071428571428571 3.5634703125000002
14.107142857142858 3.5671289062500002
14.142857142857142 3.5671289062500002
14.178571428571429 3.5671289062500002
14.214285714285714 3.5671289062500002
14.25 3.5671289062500002
14.285714285714286 3.5671289062500002
14.321428571428571 3.5671289062500002
14.357142857142858 3.5671289062500002
14.392857142857142 3.55249453125
14.428571428571429 3.5671289062500002
14.464285714285714 3.5671289062500002
14.5 3.5671289062500002
14.535714285714286 3.5671289062500002
14.571428571428571 3.5671289062500002
14.607142857142858 3.5671289062500002
14.642857142857142 3.5671289062500002
14.678571428571429 3.5671289062500002
14.714285714285714 3.5671289062500002
14.75 3.5707875000000002
14.785714285714286 3.5707875000000002
14.821428571428571 3.5707875000000002
14.857142857142858 3.5707875000000002
14.892857142857142 3.5707875000000002
14.928571428571429 3.5671289062500002
14.964285714285714 3.5671289062500002
15.0 3.55249453125
15.035714285714286 3.5707875000000002
15.071428571428571 3.5707875000000002
15.107142857142858 3.5707875000000002
15.142857142857142 3.5671289062500002
15.178571428571429 3.5707875000000002
15.214285714285714 3.5707875000000002
15.25 3.5707875000000002
15.285714285714286 3.5707875000000002
15.321428571428571 3.5707875000000002
15.357142857142858 3.5707875000000002
15.392857142857142 3.5707875000000002
15.428571428571429 3.5707875000000002
15.464285714285714 3.5707875000000002
15.5 3.5707875000000002
15.535714285714286 3.5707875000000002
15.571428571428571 3.5707875000000002
15.607142857142858 3.5707875000000002
15.642857142857142 3.5707875000000002
15.678571428571429 3.556153125
15.714285714285714 3.5707875000000002
15.75 3.5707875000000002
15.785714285714286 3.5707875000000002
15.821428571428571 3.5707875000000002
15.857142857142858 3.5707875000000002
15.892857142857142 3.5671289062500002
15.928571428571429 3.5671289062500002
15.964285714285714 3.5707875000000002
16.0 3.5671289062500002
16.035714285714285 3.5707875000000002
16.071428571428573 3.5707875000000002
16.107142857142858 3.5707875000000002
16.142857142857142 3.5707875000000002
16.178571428571427 3.5707875000000002
16.214285714285715 3.5707875000000002
16.25 3.5707875000000002
16.285714285714285 3.5707875000000002
16.321428571428573 3.55249453125
16.357142857142858 3.5707875000000002
16.392857142857142 3.5707875000000002
16.428571428571427 3.5707875000000002
16.464285714285715 3.5707875000000002
16.5 3.5707875000000002
16.535714285714285 3.5707875000000002
16.571428571428573 3.5707875000000002
16.607142857142858 3.5707875000000002
16.642857142857142 3.55981171875
16.678571428571427 3.5707875000000002
16.714285714285715 3.5707875000000002
16.75 3.5707875000000002
16.785714285714285 3.5707875000000002
16.821428571428573 3.5707875000000002
16.857142857142858 3.5707875000000002
16.892857142857142 3.5707875000000002
16.928571428571427 3.5707875000000002
16.964285714285715 3.5707875000000002
17.0 3.5707875000000002
17.035714285714285 3.5707875000000002
17.071428571428573 3.5707875000000002
17.107142857142858 3.5707875000000002
17.142857142857142 3.5707875000000002
17.178571428571427 3.5707875000000002
17.214285714285715 3.5707875000000002
17.25 3.5707875000000002
17.285714285714285 3.5707875000000002
17.321428571428573 3.5707875000000002
17.357142857142858 3.5707875000000002
17.392857142857142 3.5707875000000002
17.428571428571427 3.5707875000000002
17.464285714285715 3.5707875000000002
17.5 3.5707875000000002
17.535714285714285 3.5707875000000002
17.571428571428573 3.5707875000000002
17.607142857142858 3.55249453125
17.642857142857142 3.5707875000000002
17.678571428571427 3.5707875000000002
17.714285714285715 3.5707875000000002
17.75 3.5707875000000002
17.785714285714285 3.5707875000000002
17.821428571428573 3.5707875000000002
17.857142857142858 3.5707875000000002
17.892857142857142 3.5707875000000002
17.928571428571427 3.5671289062500002
17.964285714285715 3.5707875000000002
18.0 3.5707875000000002
18.035714285714285 3.5707875000000002
18.071428571428573 3.5707875000000002
18.107142857142858 3.5707875000000002
18.142857142857142 3.5707875000000002
18.178571428571427 3.5707875000000002
18.214285714285715 3.5707875000000002
18.25 3.5707875000000002
18.285714285714285 3.5707875000000002
18.321428571428573 3.5707875000000002
18.357142857142858 3.5707875000000002
18.392857142857142 3.5707875000000002
18.428571428571427 3.5707875000000002
18.464285714285715 3.5707875000000002
18.5 3.5707875000000002
18.535714285714285 3.5707875000000002
18.571428571428573 3.55249453125
18.607142857142858 3.57444609375
18.642857142857142 3.5707875000000002
18.678571428571427 3.5707875000000002
18.714285714285715 3.5707875000000002
18.75 3.5707875000000002
18.785714285714285 3.5707875000000002
18.821428571428573 3.5707875000000002
18.857142857142858 3.5707875000000002
18.892857142857142 3.5671289062500002
18.928571428571427 3.5707875000000002
18.964285714285715 3.5707875000000002
19.0 3.5707875000000002
19.035714285714285 3.5707875000000002
19.071428571428573 3.5707875000000002
19.107142857142858 3.5707875000000002
19.142857142857142 3.5707875000000002
19.178571428571427 3.5707875000000002
19.214285714285715 3.5707875000000002
19.25 3.5707875000000002
19.285714285714285 3.5707875000000002
19.321428571428573 3.5707875000000002
19.357142857142858 3.5707875000000002
19.392857142857142 3.5707875000000002
19.428571428571427 3.5707875000000002
19.464285714285715 3.5707875000000002
19.5 3.5707875000000002
19.535714285714285 3.5707875000000002
19.571428571428573 3.5707875000000002
19.607142857142858 3.5707875000000002
19.642857142857142 3.5707875000000002
19.678571428571427 3.5707875000000002
19.714285714285715 3.5707875000000002
19.75 3.5707875000000002
19.785714285714285 3.5707875000000002
19.821428571428573 3.5707875000000002
19.857142857142858 3.556153125
19.892857142857142 3.5707875000000002
19.928571428571427 3.5707875000000002
19.964285714285715 3.5707875000000002
20.0 3.5707875000000002
20.035714285714285 3.5707875000000002
20.071428571428573 3.5707875000000002
20.107142857142858 3.5707875000000002
20.142857142857142 3.5707875000000002
20.178571428571427 3.5707875000000002
20.214285714285715 3.5707875000000002
20.25 3.5707875000000002
20.285714285714285 3.5707875000000002
20.321428571428573 3.5707875000000002
20.357142857142858 3.5707875000000002
20.392857142857142 3.5707875000000002
20.428571428571427 3.5707875000000002
20.464285714285715 3.5707875000000002
20.5 3.5707875000000002
20.535714285714285 3.5671289062500002
20.571428571428573 3.5707875000000002
20.607142857142858 3.5707875000000002
20.642857142857142 3.5707875000000002
20.678571428571427 3.5707875000000002
20.714285714285715 3.5707875000000002
20.75 3.5707875000000002
20.785714285714285 3.5707875000000002
20.821428571428573 3.5707875000000002
20.857142857142858 3.5671289062500002
20.892857142857142 3.5707875000000002
20.928571428571427 3.5707875000000002
20.964285714285715 3.5707875000000002
21.0 3.5707875000000002
21.035714285714285 3.5707875000000002
21.071428571428573 3.5707875000000002
21.107142857142858 3.5707875000000002
21.142857142857142 3.55249453125
21.178571428571427 3.5707875000000002
21.214285714285715 3.5707875000000002
21.25 3.5707875000000002
21.285714285714285 3.5707875000000002
21.321428571428573 3.5671289062500002
21.357142857142858 3.5707875000000002
21.392857142857142 3.5707875000000002
21.428571428571427 3.5707875000000002
21.464285714285715 3.5707875000000002
21.5 3.5671289062500002
21.535714285714285 3.5707875000000002
21.571428571428573 3.5671289062500002
21.607142857142858 3.5671289062500002
21.642857142857142 3.5671289062500002
21.678571428571427 3.5671289062500002
21.714285714285715 3.5671289062500002
21.75 3.5671289062500002
21.785714285714285 3.5671289062500002
21.821428571428573 3.5671289062500002
21.857142857142858 3.5707875000000002
21.892857142857142 3.5707875000000002
21.928571428571427 3.5707875000000002
21.964285714285715 3.5707875000000002
22.0 3.5707875000000002
22.035714285714285 3.5707875000000002
22.071428571428573 3.5707875000000002
22.107142857142858 3.5634703125000002
22.142857142857142 3.5707875000000002
22.178571428571427 3.5707875000000002
22.214285714285715 3.5707875000000002
22.25 3.5707875000000002
22.285714285714285 3.5671289062500002
22.321428571428573 3.5671289062500002
22.357142857142858 3.5671289062500002
22.392857142857142 3.5671289062500002
22.428571428571427 3.556153125
22.464285714285715 3.556153125
22.5 3.5707875000000002
22.535714285714285 3.5707875000000002
22.571428571428573 3.5707875000000002
22.607142857142858 3.5707875000000002
22.642857142857142 3.5707875000000002
22.678571428571427 3.5707875000000002
22.714285714285715 3.5707875000000002
22.75 3.5707875000000002
22.785714285714285 3.556153125
22.821428571428573 3.5707875000000002
22.857142857142858 3.5671289062500002
22.892857142857142 3.5671289062500002
22.928571428571427 3.5671289062500002
22.964285714285715 3.5707875000000002
23.0 3.5707875000000002
23.035714285714285 3.5707875000000002
23.071428571428573 3.5707875000000002
23.107142857142858 3.5671289062500002
23.142857142857142 3.5707875000000002
23.178571428571427 3.5707875000000002
23.214285714285715 3.5707875000000002
23.25 3.5707875000000002
23.285714285714285 3.5707875000000002
23.321428571428573 3.5707875000000002
23.357142857142858 3.5707875000000002
23.428571428571427 3.55249453125
23.464285714285715 3.5707875000000002
23.5 3.5707875000000002
23.535714285714285 3.5707875000000002
23.571428571428573 3.5707875000000002
23.607142857142858 3.5707875000000002
23.642857142857142 3.5707875000000002
23.678571428571427 3.5707875000000002
23.714285714285715 3.5707875000000002
23.75 3.5671289062500002
23.785714285714285 3.57444609375
23.821428571428573 3.5707875000000002
23.857142857142858 3.5707875000000002
23.892857142857142 3.5707875000000002
23.928571428571427 3.5707875000000002
23.964285714285715 3.5707875000000002
24.0 3.5707875000000002
24.035714285714285 3.5707875000000002
24.071428571428573 3.55981171875
24.107142857142858 3.57444609375
24.142857142857142 3.57444609375
24.178571428571427 3.5707875000000002
24.214285714285715 3.5707875000000002
24.25 3.5707875000000002
24.285714285714285 3.5707875000000002
24.321428571428573 3.5707875000000002
24.357142857142858 3.5707875000000002
24.392857142857142 3.5707875000000002
24.428571428571427 3.57444609375
24.464285714285715 3.57444609375
24.5 3.57444609375
24.535714285714285 3.57444609375
24.571428571428573 3.57444609375
24.607142857142858 3.57444609375
24.642857142857142 3.57444609375
24.678571428571427 3.57444609375
24.714285714285715 3.5634703125000002
24.75 3.57444609375
24.785714285714285 3.57444609375
24.821428571428573 3.57444609375
24.857142857142858 3.57444609375
24.892857142857142 3.57444609375
24.928571428571427 3.57444609375
24.964285714285715 3.57444609375
25.0 3.57444609375
25.035714285714285 3.5707875000000002
25.071428571428573 3.5781046875
25.107142857142858 3.5781046875
25.142857142857142 3.5781046875
25.178571428571427 3.5781046875
25.214285714285715 3.5781046875
25.25 3.5781046875
25.285714285714285 3.57444609375
25.321428571428573 3.5781046875
25.357142857142858 3.57444609375
25.392857142857142 3.5781046875
25.428571428571427 3.5781046875
25.464285714285715 3.5781046875
25.5 3.5781046875
25.535714285714285 3.5781046875
25.571428571428573 3.57444609375
25.607142857142858 3.57444609375
25.642857142857142 3.5781046875
25.678571428571427 3.57444609375
25.714285714285715 3.5781046875
25.75 3.57444609375
25.785714285714285 3.5781046875
25.821428571428573 3.5781046875
25.857142857142858 3.57444609375
25.892857142857142 3.5781046875
25.928571428571427 3.5781046875
25.964285714285715 3.5781046875
26.0 3.5707875000000002
26.035714285714285 3.5781046875
26.071428571428573 3.5781046875
26.107142857142858 3.5781046875
26.142857142857142 3.5781046875
26.178571428571427 3.5781046875
26.214285714285715 3.5781046875
26.25 3.5781046875
26.285714285714285 3.5781046875
26.321428571428573 3.5707875000000002
26.357142857142858 3.5781046875
26.392857142857142 3.5781046875
26.428571428571427 3.5781046875
26.464285714285715 3.5781046875
26.5 3.5781046875
26.535714285714285 3.5781046875
26.571428571428573 3.5781046875
26.607142857142858 3.5781046875
26.642857142857142 3.57444609375
26.678571428571427 3.5781046875
26.714285714285715 3.5781046875
26.75 3.5781046875
26.785714285714285 3.5781046875
26.821428571428573 3.5781046875
26.857142857142858 3.5781046875
26.892857142857142 3.5781046875
26.928571428571427 3.5781046875
26.964285714285715 3.5634703125000002
27.0 3.58176328125
27.035714285714285 3.58176328125
27.071428571428573 3.58176328125
27.107142857142858 3.58176328125
27.142857142857142 3.58176328125
27.178571428571427 3.58176328125
27.214285714285715 3.58176328125
27.25 3.58176328125
27.285714285714285 3.5781046875
27.321428571428573 3.58176328125
27.357142857142858 3.585421875
27.392857142857142 3.585421875
27.428571428571427 3.58176328125
27.464285714285715 3.58176328125
27.5 3.585421875
27.535714285714285 3.58176328125
27.571428571428573 3.58176328125
27.607142857142858 3.5781046875
27.642857142857142 3.585421875
27.678571428571427 3.585421875
27.714285714285715 3.585421875
27.75 3.585421875
27.785714285714285 3.585421875
27.821428571428573 3.585421875
27.857142857142858 3.585421875
27.892857142857142 3.585421875
27.928571428571427 3.585421875
27.964285714285715 3.585421875
28.0 3.585421875
28.035714285714285 3.585421875
28.071428571428573 3.585421875
28.107142857142858 3.585421875
28.142857142857142 3.585421875
28.178571428571427 3.58908046875
28.214285714285715 3.585421875
28.25 3.585421875
28.285714285714285 3.58908046875
28.321428571428573 3.58908046875
28.357142857142858 3.58908046875
28.392857142857142 3.58908046875
28.428571428571427 3.58908046875
28.464285714285715 3.58908046875
28.5 3.58908046875
28.535714285714285 3.58908046875
28.571428571428573 3.57444609375
28.607142857142858 3.5927390625
28.642857142857142 3.58908046875
28.678571428571427 3.5927390625
28.714285714285715 3.5927390625
28.75 3.5927390625
28.785714285714285 3.5927390625
28.821428571428573 3.5927390625
28.857142857142858 3.5927390625
28.892857142857142 3.5927390625
28.928571428571427 3.58176328125
28.964285714285715 3.5927390625
29.0 3.5927390625
29.035714285714285 3.5927390625
29.071428571428573 3.5927390625
29.107142857142858 3.5927390625
29.142857142857142 3.5927390625
29.178571428571427 3.5927390625
29.214285714285715 3.5927390625
29.25 3.5927390625
29.285714285714285 3.5927390625
29.321428571428573 3.5927390625
29.357142857142858 3.5927390625
29.392857142857142 3.5927390625
29.428571428571427 3.5927390625
29.464285714285715 3.5927390625
29.5 3.5927390625
29.535714285714285 3.58908046875
29.571428571428573 3.5927390625
29.607142857142858 3.59639765625
29.642857142857142 3.5927390625
29.678571428571427 3.5927390625
29.714285714285715 3.5927390625
29.75 3.59639765625
29.785714285714285 3.5927390625
29.821428571428573 3.5927390625
29.857142857142858 3.5927390625
29.892857142857142 3.59639765625
29.928571428571427 3.59639765625
29.964285714285715 3.59639765625
30.0 3.59639765625
30.035714285714285 3.59639765625
30.071428571428573 3.5927390625
30.107142857142858 3.59639765625
30.142857142857142 3.59639765625
30.178571428571427 3.59639765625
30.214285714285715 3.5927390625
30.25 3.59639765625
30.285714285714285 3.59639765625
30.321428571428573 3.59639765625
30.357142857142858 3.59639765625
30.392857142857142 3.59639765625
30.428571428571427 3.59639765625
30.464285714285715 3.59639765625
30.5 3.58176328125
30.535714285714285 3.60005625
30.571428571428573 3.60005625
30.607142857142858 3.60005625
30.642857142857142 3.59639765625
30.678571428571427 3.59639765625
30.714285714285715 3.60005625
30.75 3.60005625
30.785714285714285 3.59639765625
30.821428571428573 3.5927390625
30.857142857142858 3.60005625
30.892857142857142 3.60005625
30.928571428571427 3.60005625
30.964285714285715 3.60005625
31.0 3.60005625
31.035714285714285 3.60005625
31.071428571428573 3.60005625
31.107142857142858 3.60005625
31.142857142857142 3.60005625
31.178571428571427 3.59639765625
31.214285714285715 3.60005625
31.25 3.60005625
31.285714285714285 3.60371484375
31.321428571428573 3.60005625
31.357142857142858 3.60005625
31.392857142857142 3.60005625
31.428571428571427 3.60371484375
31.464285714285715 3.60005625
31.5 3.60005625
31.535714285714285 3.60371484375
31.571428571428573 3.60371484375
31.607142857142858 3.60371484375
31.642857142857142 3.60371484375
31.678571428571427 3.60371484375
31.714285714285715 3.60371484375
31.75 3.60371484375
31.785714285714285 3.60005625
31.821428571428573 3.60371484375
31.857142857142858 3.6073734375
31.892857142857142 3.60371484375
31.928571428571427 3.60371484375
31.964285714285715 3.60371484375
32.0 3.60371484375
32.035714285714285 3.60371484375
32.07142857142857 3.60371484375
32.107142857142854 3.58908046875
32.142857142857146 3.58908046875
32.17857142857143 3.6073734375
32.214285714285715 3.6073734375
32.25 3.6073734375
32.285714285714285 3.60371484375
32.32142857142857 3.6073734375
32.357142857142854 3.6073734375
32.392857142857146 3.6073734375
32.42857142857143 3.6073734375
32.464285714285715 3.60371484375
32.5 3.6073734375
32.535714285714285 3.6073734375
32.57142857142857 3.6073734375
32.607142857142854 3.6073734375
32.642857142857146 3.6073734375
32.67857142857143 3.6073734375
32.714285714285715 3.6073734375
32.75 3.6073734375
32.785714285714285 3.6073734375
32.82142857142857 3.6073734375
32.857142857142854 3.6073734375
32.892857142857146 3.6073734375
32.92857142857143 3.6073734375
32.964285714285715 3.61103203125
33.0 3.61103203125
33.035714285714285 3.6073734375
33.07142857142857 3.6073734375
33.107142857142854 3.61103203125
33.142857142857146 3.61103203125
33.17857142857143 3.61103203125
33.214285714285715 3.61103203125
33.25 3.61103203125
33.285714285714285 3.61103203125
33.32142857142857 3.61103203125
33.357142857142854 3.61103203125
33.392857142857146 3.61103203125
33.42857142857143 3.60371484375
33.464285714285715 3.61103203125
33.5 3.61103203125
33.535714285714285 3.61103203125
33.57142857142857 3.61103203125
33.607142857142854 3.61103203125
33.642857142857146 3.61103203125
33.67857142857143 3.61103203125
33.714285714285715 3.61103203125
33.75 3.60005625
33.785714285714285 3.61103203125
33.82142857142857 3.61103203125
33.857142857142854 3.614690625
33.892857142857146 3.61103203125
33.92857142857143 3.61103203125
33.964285714285715 3.61103203125
34.0 3.61103203125
34.035714285714285 3.60005625
34.07142857142857 3.60005625
34.107142857142854 3.614690625
34.142857142857146 3.614690625
34.17857142857143 3.614690625
34.214285714285715 3.614690625
34.25 3.614690625
34.285714285714285 3.614690625
34.32142857142857 3.614690625
34.357142857142854 3.614690625
34.392857142857146 3.61834921875
34.42857142857143 3.61834921875
34.464285714285715 3.61834921875
34.5 3.61834921875
34.535714285714285 3.61834921875
34.57142857142857 3.614690625
34.607142857142854 3.614690625
34.642857142857146 3.614690625
34.67857142857143 3.614690625
34.714285714285715 3.61103203125
34.75 3.61834921875
34.785714285714285 3.61834921875
34.82142857142857 3.61834921875
34.857142857142854 3.61834921875
34.892857142857146 3.61834921875
34.92857142857143 3.61834921875
34.964285714285715 3.61834921875
35.0 3.61834921875
35.035714285714285 3.61834921875
35.07142857142857 3.6220078125
35.107142857142854 3.61834921875
35.142857142857146 3.61834921875
35.17857142857143 3.61834921875
35.214285714285715 3.6220078125
35.25 3.61834921875
35.285714285714285 3.61834921875
35.32142857142857 3.61834921875
35.357142857142854 3.6220078125
35.392857142857146 3.6220078125
35.42857142857143 3.6220078125
35.464285714285715 3.6220078125
35.5 3.6220078125
35.535714285714285 3.6220078125
35.57142857142857 3.6220078125
35.607142857142854 3.6220078125
35.642857142857146 3.6220078125
35.67857142857143 3.61834921875
35.714285714285715 3.6220078125
35.75 3.6220078125
35.785714285714285 3.6220078125
35.82142857142857 3.6220078125
35.857142857142854 3.6220078125
35.892857142857146 3.6220078125
35.92857142857143 3.6220078125
35.964285714285715 3.6220078125
36.0 3.61834921875
36.035714285714285 3.62566640625
36.07142857142857 3.62566640625
36.107142857142854 3.62566640625
36.142857142857146 3.6220078125
36.17857142857143 3.6220078125
36.214285714285715 3.6220078125
36.25 3.6220078125
36.285714285714285 3.6220078125
36.32142857142857 3.6220078125
36.357142857142854 3.62566640625
36.392857142857146 3.62566640625
36.42857142857143 3.62566640625
36.464285714285715 3.62566640625
36.5 3.62566640625
36.535714285714285 3.62566640625
36.57142857142857 3.6220078125
36.607142857142854 3.6220078125
36.642857142857146 3.6220078125
36.67857142857143 3.62566640625
36.714285714285715 3.62566640625
36.75 3.62566640625
36.785714285714285 3.62566640625
36.82142857142857 3.62566640625
36.857142857142854 3.62566640625
36.892857142857146 3.62566640625
36.92857142857143 3.62566640625
36.964285714285715 3.6220078125
37.0 3.629325
37.035714285714285 3.629325
37.07142857142857 3.629325
37.107142857142854 3.629325
37.142857142857146 3.62566640625
37.17857142857143 3.629325
37.214285714285715 3.629325
37.25 3.629325
37.285714285714285 3.61103203125
37.32142857142857 3.629325
37.357142857142854 3.629325
37.392857142857146 3.629325
37.42857142857143 3.629325
37.464285714285715 3.629325
37.5 3.629325
37.535714285714285 3.629325
37.57142857142857 3.629325
37.607142857142854 3.6220078125
37.642857142857146 3.629325
37.67857142857143 3.629325
37.714285714285715 3.629325
37.75 3.629325
37.785714285714285 3.629325
37.82142857142857 3.629325
37.857142857142854 3.629325
37.892857142857146 3.629325
37.92857142857143 3.62566640625
37.964285714285715 3.63298359375
38.0 3.63298359375
38.035714285714285 3.63298359375
38.07142857142857 3.629325
38.107142857142854 3.629325
38.142857142857146 3.63298359375
38.17857142857143 3.63298359375
38.214285714285715 3.629325
38.25 3.629325
38.285714285714285 3.63298359375
38.32142857142857 3.63298359375
38.357142857142854 3.63298359375
38.392857142857146 3.63298359375
38.42857142857143 3.63298359375
38.464285714285715 3.63298359375
38.5 3.63298359375
38.535714285714285 3.63298359375
38.57142857142857 3.63298359375
38.607142857142854 3.63298359375
38.642857142857146 3.63298359375
38.67857142857143 3.63298359375
38.714285714285715 3.63298359375
38.75 3.63298359375
38.785714285714285 3.63298359375
38.82142857142857 3.63298359375
38.857142857142854 3.63298359375
38.892857142857146 3.61834921875
38.92857142857143 3.6366421875
38.964285714285715 3.6366421875
39.0 3.6366421875
39.035714285714285 3.6366421875
39.07142857142857 3.6366421875
39.107142857142854 3.6366421875
39.142857142857146 3.6366421875
39.17857142857143 3.63298359375
39.214285714285715 3.63298359375
39.25 3.6366421875
39.285714285714285 3.6366421875
39.32142857142857 3.6366421875
39.357142857142854 3.6366421875
39.392857142857146 3.6366421875
39.42857142857143 3.6366421875
39.464285714285715 3.6366421875
39.5 3.6366421875
39.535714285714285 3.6366421875
39.57142857142857 3.63298359375
39.607142857142854 3.6366421875
39.642857142857146 3.6366421875
39.67857142857143 3.6366421875
39.714285714285715 3.6366421875
39.75 3.6366421875
39.785714285714285 3.6366421875
39.82142857142857 3.6366421875
39.857142857142854 3.6366421875
39.892857142857146 3.64030078125
39.92857142857143 3.64030078125
