0.03571428571428571 2.33784140625
0.07142857142857142 2.33784140625
0.10714285714285714 2.33784140625
0.14285714285714285 2.3415
0.17857142857142858 2.3415
0.21428571428571427 2.33784140625
0.25 2.33784140625
0.2857142857142857 2.3415
0.32142857142857145 2.3415
0.35714285714285715 2.33784140625
0.39285714285714285 2.33784140625
0.42857142857142855 2.33784140625
0.4642857142857143 2.33784140625
0.5 2.33784140625
0.5357142857142857 2.33784140625
0.5714285714285714 2.33784140625
0.6071428571428571 2.33784140625
0.6428571428571429 2.33784140625
0.6785714285714286 2.33784140625
0.7142857142857143 2.33784140625
0.75 2.33784140625
0.7857142857142857 2.33784140625
0.8214285714285714 2.33784140625
0.8571428571428571 2.3415
0.8928571428571429 2.3415
0.9285714285714286 2.3415
0.9642857142857143 2.28662109375
1.5357142857142858 2.35247578125
1.5714285714285714 2.35247578125
1.6071428571428572 2.356134375
1.7857142857142858 2.35247578125
1.8214285714285714 2.35247578125
1.8571428571428572 2.35247578125
1.8928571428571428 2.35247578125
1.9285714285714286 2.35247578125
1.9642857142857142 2.35247578125
2.0 2.35247578125
2.0357142857142856 2.35247578125
2.0714285714285716 2.35247578125
2.107142857142857 2.3488171875
2.142857142857143 2.3488171875
2.1785714285714284 2.35247578125
2.2142857142857144 2.35247578125
2.25 2.35247578125
2.2857142857142856 2.35247578125
2.3214285714285716 2.35247578125
2.357142857142857 2.3488171875
2.392857142857143 2.3488171875
2.4285714285714284 2.3488171875
2.4642857142857144 2.35247578125
2.5 2.35247578125
2.5357142857142856 2.3488171875
2.5714285714285716 2.3488171875
2.607142857142857 2.3488171875
2.642857142857143 2.3488171875
2.6785714285714284 2.3488171875
2.7142857142857144 2.3488171875
2.75 2.3488171875
2.7857142857142856 2.3488171875
2.8214285714285716 2.3488171875
2.857142857142857 2.3488171875
2.892857142857143 2.3488171875
2.9285714285714284 2.3488171875
2.9642857142857144 2.3488171875
3.0 2.3488171875
3.0357142857142856 2.3488171875
3.0714285714285716 2.3488171875
3.107142857142857 2.3488171875
3.142857142857143 2.3488171875
3.1785714285714284 2.3488171875
3.2142857142857144 2.3488171875
3.25 2.3488171875
3.2857142857142856 2.3488171875
3.3214285714285716 2.3488171875
3.357142857142857 2.3488171875
3.392857142857143 2.3488171875
3.4285714285714284 2.33784140625
3.4642857142857144 2.33784140625
4.035714285714286 2.35979296875
4.071428571428571 2.35979296875
4.107142857142857 2.35979296875
4.571428571428571 2.35979296875
4.678571428571429 2.35979296875
4.714285714285714 2.35979296875
4.75 2.35979296875
4.785714285714286 2.35979296875
4.821428571428571 2.35979296875
4.857142857142857 2.35979296875
4.892857142857143 2.35979296875
4.928571428571429 2.35979296875
4.964285714285714 2.35979296875
5.0 2.35979296875
5.035714285714286 2.356134375
5.071428571428571 2.356134375
5.107142857142857 2.356134375
5.142857142857143 2.356134375
5.178571428571429 2.356134375
5.214285714285714 2.356134375
5.25 2.356134375
5.285714285714286 2.356134375
5.321428571428571 2.356134375
5.357142857142857 2.356134375
5.392857142857143 2.356134375
5.428571428571429 2.356134375
5.464285714285714 2.356134375
5.5 2.356134375
5.535714285714286 2.356134375
5.571428571428571 2.356134375
5.607142857142857 2.356134375
5.642857142857143 2.356134375
5.678571428571429 2.356134375
5.714285714285714 2.356134375
5.75 2.356134375
5.785714285714286 2.356134375
5.821428571428571 2.356134375
5.857142857142857 2.356134375
5.892857142857143 2.356134375
5.928571428571429 2.3488171875
6.571428571428571 2.3488171875
6.607142857142857 2.3488171875
6.642857142857143 2.35247578125
7.071428571428571 2.3488171875
7.107142857142857 2.3488171875
7.142857142857143 2.3488171875
7.178571428571429 2.3488171875
7.214285714285714 2.3488171875
7.25 2.3488171875
7.285714285714286 2.3488171875
7.321428571428571 2.3488171875
7.357142857142857 2.3488171875
7.392857142857143 2.3488171875
7.428571428571429 2.3488171875
7.464285714285714 2.3488171875
7.5 2.3488171875
7.535714285714286 2.3488171875
7.571428571428571 2.3488171875
7.607142857142857 2.3488171875
7.642857142857143 2.3488171875
7.678571428571429 2.3488171875
7.714285714285714 2.34515859375
7.75 2.34515859375
7.785714285714286 2.34515859375
7.821428571428571 2.34515859375
7.857142857142857 2.34515859375
7.892857142857143 2.34515859375
7.928571428571429 2.34515859375
7.964285714285714 2.34515859375
8.0 2.34515859375
8.035714285714286 2.34515859375
8.071428571428571 2.34515859375
8.107142857142858 2.34515859375
8.142857142857142 2.34515859375
8.178571428571429 2.34515859375
8.214285714285714 2.3488171875
8.25 2.34515859375
8.285714285714286 2.34515859375
8.321428571428571 2.34515859375
8.357142857142858 2.34515859375
8.392857142857142 2.34515859375
8.428571428571429 2.3488171875
8.464285714285714 2.326865625
9.035714285714286 2.37076875
9.071428571428571 2.37076875
9.107142857142858 2.37442734375
9.142857142857142 2.37076875
9.178571428571429 2.37076875
9.214285714285714 2.37076875
9.25 2.37076875
9.285714285714286 2.37076875
9.321428571428571 2.37076875
9.357142857142858 2.37076875
9.392857142857142 2.37076875
9.428571428571429 2.37076875
9.464285714285714 2.37076875
9.5 2.37442734375
9.535714285714286 2.37076875
9.571428571428571 2.37442734375
9.607142857142858 2.37442734375
9.642857142857142 2.37442734375
9.678571428571429 2.37076875
9.714285714285714 2.37076875
9.75 2.37076875
9.857142857142858 2.37076875
9.892857142857142 2.37076875
9.928571428571429 2.37076875
9.964285714285714 2.37076875
10.0 2.37076875
10.035714285714286 2.37442734375
10.071428571428571 2.37442734375
10.107142857142858 2.37442734375
10.142857142857142 2.37442734375
10.178571428571429 2.37076875
10.214285714285714 2.37076875
10.25 2.37076875
10.285714285714286 2.37076875
10.321428571428571 2.37076875
10.357142857142858 2.37442734375
10.392857142857142 2.37076875
10.428571428571429 2.37076875
10.464285714285714 2.37442734375
10.5 2.37442734375
10.785714285714286 2.37442734375
10.857142857142858 2.37442734375
11.535714285714286 2.37076875
11.571428571428571 2.36711015625
11.607142857142858 2.37076875
11.642857142857142 2.37442734375
11.678571428571429 2.37076875
11.714285714285714 2.37076875
11.75 2.36711015625
11.785714285714286 2.36711015625
11.821428571428571 2.36711015625
11.857142857142858 2.36711015625
11.892857142857142 2.36711015625
11.928571428571429 2.36711015625
11.964285714285714 2.36711015625
12.0 2.36711015625
12.035714285714286 2.36711015625
12.071428571428571 2.36711015625
12.107142857142858 2.37076875
12.142857142857142 2.37076875
12.178571428571429 2.37076875
12.214285714285714 2.37076875
12.285714285714286 2.37076875
12.321428571428571 2.37076875
12.357142857142858 2.37076875
12.392857142857142 2.37076875
12.428571428571429 2.37076875
12.464285714285714 2.37076875
12.5 2.37076875
12.535714285714286 2.37076875
12.571428571428571 2.37076875
12.607142857142858 2.37076875
12.642857142857142 2.37076875
12.714285714285714 2.37076875
12.75 2.37076875
12.785714285714286 2.37076875
12.821428571428571 2.37076875
12.857142857142858 2.36711015625
12.892857142857142 2.36711015625
12.928571428571429 2.37076875
13.321428571428571 2.37076875
14.035714285714286 2.37076875
14.071428571428571 2.37442734375
14.107142857142858 2.37442734375
14.142857142857142 2.37442734375
14.178571428571429 2.37442734375
14.214285714285714 2.37442734375
14.25 2.37076875
14.285714285714286 2.36711015625
14.321428571428571 2.36711015625
14.357142857142858 2.36711015625
14.392857142857142 2.36711015625
14.428571428571429 2.36711015625
14.464285714285714 2.36711015625
14.5 2.36711015625
14.535714285714286 2.36711015625
14.607142857142858 2.36711015625
14.642857142857142 2.36711015625
14.678571428571429 2.36711015625
14.714285714285714 2.37076875
14.75 2.36711015625
14.785714285714286 2.36711015625
14.821428571428571 2.37076875
14.857142857142858 2.36711015625
14.892857142857142 2.36711015625
14.928571428571429 2.37076875
14.964285714285714 2.37076875
15.0 2.37076875
15.035714285714286 2.37076875
15.071428571428571 2.37076875
15.107142857142858 2.37076875
15.142857142857142 2.37076875
15.178571428571429 2.37076875
15.214285714285714 2.37076875
15.25 2.37076875
15.285714285714286 2.37076875
15.321428571428571 2.37076875
15.357142857142858 2.37076875
15.392857142857142 2.37076875
15.428571428571429 2.37076875
15.464285714285714 2.37076875
15.5 2.37076875
15.535714285714286 2.37076875
15.571428571428571 2.37076875
15.607142857142858 2.37076875
15.642857142857142 2.37076875
15.678571428571429 2.37076875
15.714285714285714 2.37076875
15.75 2.37076875
15.785714285714286 2.37076875
15.821428571428571 2.37076875
15.857142857142858 2.36711015625
15.892857142857142 2.37076875
15.928571428571429 2.3488171875
16.535714285714285 2.38174453125
16.571428571428573 2.38174453125
16.607142857142858 2.38174453125
16.642857142857142 2.38174453125
16.678571428571427 2.38174453125
16.714285714285715 2.38174453125
16.75 2.3780859375
16.785714285714285 2.3780859375
16.821428571428573 2.3780859375
16.857142857142858 2.3780859375
16.892857142857142 2.3780859375
16.928571428571427 2.3780859375
16.964285714285715 2.3780859375
17.0 2.3780859375
17.035714285714285 2.3780859375
17.071428571428573 2.3780859375
17.107142857142858 2.37442734375
17.142857142857142 2.37442734375
17.178571428571427 2.37442734375
17.214285714285715 2.37442734375
17.25 2.37442734375
17.285714285714285 2.37442734375
17.321428571428573 2.37442734375
17.357142857142858 2.37442734375
17.392857142857142 2.37442734375
17.428571428571427 2.37442734375
17.464285714285715 2.37442734375
17.5 2.37442734375
17.535714285714285 2.37442734375
17.571428571428573 2.37442734375
17.607142857142858 2.37442734375
17.642857142857142 2.3780859375
17.678571428571427 2.37442734375
17.714285714285715 2.37442734375
17.75 2.3780859375
17.785714285714285 2.37442734375
17.821428571428573 2.3780859375
17.857142857142858 2.3780859375
17.892857142857142 2.3780859375
17.928571428571427 2.3780859375
17.964285714285715 2.37442734375
18.0 2.37442734375
18.035714285714285 2.37442734375
18.071428571428573 2.37442734375
18.107142857142858 2.37442734375
18.178571428571427 2.37442734375
18.214285714285715 2.37442734375
18.25 2.37442734375
18.285714285714285 2.3780859375
18.321428571428573 2.37442734375
18.357142857142858 2.3780859375
18.392857142857142 2.3780859375
18.428571428571427 2.35247578125
19.0 2.385403125
19.035714285714285 2.385403125
19.071428571428573 2.385403125
19.107142857142858 2.38906171875
19.142857142857142 2.38906171875
19.178571428571427 2.38906171875
19.214285714285715 2.385403125
19.25 2.385403125
19.285714285714285 2.38174453125
19.321428571428573 2.3780859375
19.357142857142858 2.38174453125
19.392857142857142 2.38174453125
19.428571428571427 2.38174453125
19.464285714285715 2.38174453125
19.5 2.38174453125
19.535714285714285 2.38174453125
19.571428571428573 2.38174453125
19.607142857142858 2.38174453125
19.642857142857142 2.38174453125
19.678571428571427 2.38174453125
19.714285714285715 2.38174453125
19.75 2.38174453125
19.785714285714285 2.38174453125
19.821428571428573 2.38174453125
19.857142857142858 2.38174453125
19.892857142857142 2.38174453125
19.928571428571427 2.38174453125
19.964285714285715 2.3780859375
20.0 2.38174453125
20.035714285714285 2.38174453125
20.071428571428573 2.38174453125
20.107142857142858 2.38174453125
20.142857142857142 2.38174453125
20.178571428571427 2.38174453125
20.214285714285715 2.38174453125
20.25 2.38174453125
20.285714285714285 2.3780859375
20.321428571428573 2.38174453125
20.357142857142858 2.38174453125
20.392857142857142 2.38174453125
20.464285714285715 2.38174453125
20.5 2.38174453125
20.535714285714285 2.38174453125
20.571428571428573 2.38174453125
20.607142857142858 2.38174453125
20.642857142857142 2.38174453125
20.678571428571427 2.38174453125
20.714285714285715 2.38174453125
20.75 2.38174453125
20.785714285714285 2.38174453125
20.821428571428573 2.38174453125
20.857142857142858 2.38174453125
20.892857142857142 2.3780859375
21.535714285714285 2.39637890625
21.571428571428573 2.4000375
21.607142857142858 2.4000375
21.642857142857142 2.4000375
21.678571428571427 2.39637890625
21.714285714285715 2.39637890625
21.75 2.38906171875
21.785714285714285 2.38906171875
21.821428571428573 2.38906171875
21.857142857142858 2.38906171875
21.892857142857142 2.38906171875
21.928571428571427 2.38906171875
21.964285714285715 2.38906171875
22.0 2.38906171875
22.035714285714285 2.38906171875
22.071428571428573 2.38906171875
22.107142857142858 2.38906171875
22.142857142857142 2.38906171875
22.178571428571427 2.38906171875
22.214285714285715 2.38906171875
22.25 2.38906171875
22.285714285714285 2.38906171875
22.321428571428573 2.38906171875
22.357142857142858 2.38906171875
22.392857142857142 2.38906171875
22.428571428571427 2.38906171875
22.464285714285715 2.38906171875
22.5 2.38906171875
22.535714285714285 2.38906171875
22.571428571428573 2.38906171875
22.607142857142858 2.38906171875
22.642857142857142 2.38906171875
22.678571428571427 2.38906171875
22.714285714285715 2.38906171875
22.75 2.38906171875
22.785714285714285 2.38906171875
22.821428571428573 2.38906171875
22.857142857142858 2.38906171875
22.892857142857142 2.38906171875
22.928571428571427 2.38906171875
22.964285714285715 2.38906171875
23.0 2.38906171875
23.035714285714285 2.38906171875
23.071428571428573 2.38906171875
23.107142857142858 2.38906171875
23.142857142857142 2.38906171875
23.178571428571427 2.38906171875
23.214285714285715 2.38906171875
23.25 2.38906171875
23.285714285714285 2.38906171875
23.321428571428573 2.38906171875
23.357142857142858 2.38906171875
23.392857142857142 2.38906171875
23.428571428571427 2.37076875
24.035714285714285 2.40369609375
24.071428571428573 2.4073546875
24.107142857142858 2.4073546875
24.142857142857142 2.4073546875
24.178571428571427 2.4073546875
24.214285714285715 2.4073546875
24.25 2.40369609375
24.285714285714285 2.4000375
24.321428571428573 2.4000375
24.357142857142858 2.4000375
24.392857142857142 2.4000375
24.428571428571427 2.4000375
24.464285714285715 2.4000375
24.5 2.4000375
24.535714285714285 2.4000375
24.571428571428573 2.39637890625
24.607142857142858 2.4000375
24.642857142857142 2.4000375
24.678571428571427 2.4000375
24.714285714285715 2.39637890625
24.75 2.39637890625
24.785714285714285 2.4000375
24.821428571428573 2.4000375
24.857142857142858 2.39637890625
24.892857142857142 2.4000375
24.928571428571427 2.4000375
24.964285714285715 2.4000375
25.0 2.4000375
25.035714285714285 2.39637890625
25.071428571428573 2.39637890625
25.107142857142858 2.39637890625
25.142857142857142 2.39637890625
25.178571428571427 2.39637890625
25.214285714285715 2.39637890625
25.25 2.39637890625
25.285714285714285 2.39637890625
25.321428571428573 2.39637890625
25.357142857142858 2.39637890625
25.392857142857142 2.39637890625
25.428571428571427 2.39637890625
25.464285714285715 2.39637890625
25.5 2.4000375
25.535714285714285 2.39637890625
25.571428571428573 2.39637890625
25.607142857142858 2.39637890625
25.642857142857142 2.39637890625
25.678571428571427 2.39637890625
25.714285714285715 2.39637890625
25.75 2.39637890625
25.785714285714285 2.39637890625
25.821428571428573 2.39637890625
25.857142857142858 2.39637890625
25.892857142857142 2.4000375
25.928571428571427 2.3780859375
26.5 2.4256476562500002
26.535714285714285 2.4219890625000002
26.571428571428573 2.4256476562500002
26.607142857142858 2.4293062500000002
26.642857142857142 2.4293062500000002
26.678571428571427 2.4293062500000002
26.714285714285715 2.4256476562500002
26.75 2.4256476562500002
26.785714285714285 2.4219890625000002
26.821428571428573 2.4219890625000002
26.857142857142858 2.4219890625000002
26.892857142857142 2.4219890625000002
26.928571428571427 2.4219890625000002
26.964285714285715 2.4219890625000002
27.0 2.4219890625000002
27.035714285714285 2.4219890625000002
27.071428571428573 2.4219890625000002
27.107142857142858 2.4219890625000002
27.142857142857142 2.4219890625000002
27.178571428571427 2.41833046875
27.214285714285715 2.41833046875
27.25 2.41833046875
27.285714285714285 2.41833046875
27.321428571428573 2.41833046875
27.357142857142858 2.41833046875
27.392857142857142 2.41833046875
27.428571428571427 2.41833046875
27.464285714285715 2.41833046875
27.5 2.41833046875
27.535714285714285 2.41833046875
27.571428571428573 2.41833046875
27.607142857142858 2.41833046875
27.642857142857142 2.41833046875
27.678571428571427 2.41833046875
27.714285714285715 2.41833046875
27.75 2.41833046875
27.785714285714285 2.41833046875
27.821428571428573 2.41833046875
27.857142857142858 2.41833046875
27.892857142857142 2.41833046875
27.928571428571427 2.41833046875
27.964285714285715 2.41833046875
28.0 2.41833046875
28.035714285714285 2.41833046875
28.071428571428573 2.41833046875
28.107142857142858 2.41833046875
28.142857142857142 2.41833046875
28.178571428571427 2.41833046875
28.214285714285715 2.41833046875
28.25 2.41833046875
28.285714285714285 2.41833046875
28.321428571428573 2.41833046875
28.357142857142858 2.4219890625000002
28.392857142857142 2.4000375
29.0 2.43296484375
29.035714285714285 2.43296484375
29.071428571428573 2.43296484375
29.107142857142858 2.4366234375
29.142857142857142 2.4366234375
29.178571428571427 2.43296484375
29.214285714285715 2.43296484375
29.25 2.4293062500000002
29.285714285714285 2.4293062500000002
29.321428571428573 2.4256476562500002
29.357142857142858 2.4256476562500002
29.392857142857142 2.4256476562500002
29.428571428571427 2.4256476562500002
29.464285714285715 2.4256476562500002
29.5 2.4256476562500002
29.535714285714285 2.4256476562500002
29.571428571428573 2.4219890625000002
29.607142857142858 2.4256476562500002
29.642857142857142 2.4256476562500002
29.678571428571427 2.4256476562500002
29.714285714285715 2.4256476562500002
29.75 2.4256476562500002
29.785714285714285 2.4256476562500002
29.821428571428573 2.4256476562500002
29.857142857142858 2.4256476562500002
29.892857142857142 2.4256476562500002
29.928571428571427 2.4256476562500002
29.964285714285715 2.4256476562500002
30.0 2.4256476562500002
30.035714285714285 2.4256476562500002
30.071428571428573 2.4256476562500002
30.107142857142858 2.4256476562500002
30.142857142857142 2.4256476562500002
30.178571428571427 2.4256476562500002
30.214285714285715 2.4256476562500002
30.25 2.4256476562500002
30.285714285714285 2.4256476562500002
30.321428571428573 2.4256476562500002
30.357142857142858 2.4256476562500002
30.392857142857142 2.4256476562500002
30.428571428571427 2.4256476562500002
30.464285714285715 2.4256476562500002
30.5 2.4256476562500002
30.535714285714285 2.4256476562500002
30.571428571428573 2.4256476562500002
30.607142857142858 2.4256476562500002
30.642857142857142 2.4256476562500002
30.678571428571427 2.4256476562500002
30.714285714285715 2.4256476562500002
30.75 2.4256476562500002
30.785714285714285 2.4256476562500002
30.821428571428573 2.4256476562500002
30.857142857142858 2.4256476562500002
30.892857142857142 2.4256476562500002
31.5 2.443940625
31.535714285714285 2.443940625
31.571428571428573 2.443940625
31.607142857142858 2.443940625
31.642857142857142 2.443940625
31.678571428571427 2.44028203125
31.714285714285715 2.443940625
31.75 2.44028203125
31.785714285714285 2.44028203125
31.821428571428573 2.44028203125
31.857142857142858 2.4366234375
31.892857142857142 2.4366234375
31.928571428571427 2.4366234375
31.964285714285715 2.4366234375
32.0 2.43296484375
32.035714285714285 2.43296484375
32.07142857142857 2.43296484375
32.107142857142854 2.4366234375
32.142857142857146 2.4366234375
32.17857142857143 2.4366234375
32.214285714285715 2.4366234375
32.25 2.4366234375
32.285714285714285 2.4366234375
32.32142857142857 2.4366234375
32.357142857142854 2.4366234375
32.392857142857146 2.4366234375
32.42857142857143 2.4366234375
32.464285714285715 2.4366234375
32.5 2.4366234375
32.535714285714285 2.4366234375
32.57142857142857 2.4366234375
32.607142857142854 2.4366234375
32.642857142857146 2.4366234375
32.67857142857143 2.4366234375
32.714285714285715 2.4366234375
32.75 2.4366234375
32.785714285714285 2.4366234375
32.82142857142857 2.4366234375
32.857142857142854 2.4366234375
32.892857142857146 2.4366234375
32.92857142857143 2.43296484375
32.964285714285715 2.43296484375
33.0 2.43296484375
33.035714285714285 2.43296484375
33.07142857142857 2.43296484375
33.107142857142854 2.43296484375
33.142857142857146 2.43296484375
33.17857142857143 2.43296484375
33.214285714285715 2.43296484375
33.25 2.43296484375
33.285714285714285 2.43296484375
33.32142857142857 2.43296484375
33.357142857142854 2.4366234375
34.0 2.443940625
34.035714285714285 2.44759921875
34.07142857142857 2.44759921875
34.107142857142854 2.44759921875
34.142857142857146 2.4512578125
34.17857142857143 2.4512578125
34.214285714285715 2.44759921875
34.25 2.44759921875
34.285714285714285 2.44759921875
34.32142857142857 2.44028203125
34.357142857142854 2.44028203125
34.392857142857146 2.44028203125
34.42857142857143 2.443940625
34.464285714285715 2.443940625
34.5 2.443940625
34.535714285714285 2.443940625
34.57142857142857 2.44028203125
34.607142857142854 2.44028203125
34.642857142857146 2.44028203125
34.67857142857143 2.443940625
34.714285714285715 2.44028203125
34.75 2.44028203125
34.785714285714285 2.44028203125
34.82142857142857 2.44028203125
34.857142857142854 2.44028203125
34.892857142857146 2.44028203125
34.92857142857143 2.44028203125
34.964285714285715 2.44028203125
35.0 2.44028203125
35.035714285714285 2.44028203125
35.07142857142857 2.44028203125
35.107142857142854 2.44028203125
35.142857142857146 2.44028203125
35.17857142857143 2.44028203125
35.214285714285715 2.44028203125
35.25 2.44028203125
35.285714285714285 2.44028203125
35.32142857142857 2.44028203125
35.357142857142854 2.44028203125
35.392857142857146 2.44028203125
35.42857142857143 2.44028203125
35.464285714285715 2.44028203125
35.5 2.44028203125
35.535714285714285 2.44028203125
35.57142857142857 2.44028203125
35.607142857142854 2.44028203125
35.642857142857146 2.44028203125
35.67857142857143 2.44028203125
35.714285714285715 2.44028203125
35.75 2.44028203125
35.785714285714285 2.44028203125
35.82142857142857 2.44028203125
35.857142857142854 2.443940625
35.892857142857146 2.41833046875
36.5 2.44759921875
36.535714285714285 2.44759921875
36.57142857142857 2.4512578125
36.607142857142854 2.4512578125
36.642857142857146 2.44759921875
36.67857142857143 2.443940625
36.714285714285715 2.44759921875
36.75 2.443940625
36.785714285714285 2.443940625
36.82142857142857 2.44028203125
36.857142857142854 2.44028203125
36.892857142857146 2.44028203125
36.92857142857143 2.44028203125
36.964285714285715 2.44028203125
37.0 2.44028203125
37.035714285714285 2.44028203125
37.07142857142857 2.44028203125
37.107142857142854 2.44028203125
37.142857142857146 2.44028203125
37.17857142857143 2.44028203125
37.214285714285715 2.44028203125
37.25 2.44028203125
37.285714285714285 2.44028203125
37.32142857142857 2.44028203125
37.357142857142854 2.44028203125
37.392857142857146 2.44028203125
37.42857142857143 2.44028203125
37.464285714285715 2.44028203125
37.5 2.44028203125
37.535714285714285 2.44028203125
37.57142857142857 2.44028203125
37.607142857142854 2.44028203125
37.642857142857146 2.44028203125
37.67857142857143 2.44028203125
37.714285714285715 2.44028203125
37.75 2.44028203125
37.785714285714285 2.44028203125
37.82142857142857 2.44028203125
37.857142857142854 2.44028203125
37.892857142857146 2.44028203125
37.92857142857143 2.44028203125
37.964285714285715 2.44028203125
38.0 2.44028203125
38.035714285714285 2.44028203125
38.07142857142857 2.44028203125
38.107142857142854 2.44028203125
38.142857142857146 2.44028203125
38.17857142857143 2.44028203125
38.214285714285715 2.4366234375
38.25 2.44028203125
38.285714285714285 2.44028203125
38.32142857142857 2.44028203125
38.357142857142854 2.43296484375
39.0 2.44759921875
39.035714285714285 2.44759921875
39.07142857142857 2.44759921875
39.107142857142854 2.4512578125
39.142857142857146 2.4512578125
39.17857142857143 2.44759921875
39.214285714285715 2.44759921875
39.32142857142857 2.443940625
39.357142857142854 2.44028203125
39.392857142857146 2.44028203125
39.42857142857143 2.44028203125
39.464285714285715 2.44028203125
39.5 2.44028203125
39.535714285714285 2.44028203125
39.57142857142857 2.44028203125
39.607142857142854 2.44028203125
39.642857142857146 2.44028203125
39.67857142857143 2.44028203125
39.714285714285715 2.44028203125
39.75 2.44028203125
39.785714285714285 2.44028203125
39.82142857142857 2.44028203125
39.857142857142854 2.443940625
39.892857142857146 2.443940625
