0.03571428571428571 2.03783671875
0.07142857142857142 2.03783671875
0.10714285714285714 2.03783671875
0.75 1.85490703125
0.8928571428571429 1.8658828125
0.9285714285714286 1.86954140625
0.9642857142857143 1.8658828125
1.0 1.8658828125
1.0357142857142858 1.8658828125
1.0714285714285714 1.8658828125
1.1071428571428572 1.8658828125
1.1428571428571428 1.8658828125
1.1785714285714286 1.86954140625
1.2142857142857142 1.86954140625
1.25 1.86954140625
1.2857142857142858 1.8732
1.3214285714285714 1.8732
1.3571428571428572 1.8732
1.3928571428571428 1.8732
1.4285714285714286 1.8732
1.4642857142857142 1.87685859375
1.5 1.87685859375
1.5357142857142858 1.87685859375
1.5714285714285714 1.87685859375
2.107142857142857 1.81832109375
2.142857142857143 1.75246640625
2.1785714285714284 1.76710078125
2.2142857142857144 1.76710078125
2.25 1.76710078125
2.2857142857142856 1.76710078125
2.3214285714285716 1.76710078125
2.357142857142857 1.76710078125
2.392857142857143 1.76710078125
2.4285714285714284 1.7634421875
2.4642857142857144 1.7634421875
2.5 1.7634421875
2.5357142857142856 1.76710078125
2.5714285714285716 1.7634421875
2.607142857142857 1.7634421875
2.642857142857143 1.76710078125
2.6785714285714284 1.76710078125
2.7142857142857144 1.76710078125
2.75 1.76710078125
2.7857142857142856 1.76710078125
2.8214285714285716 1.76710078125
2.857142857142857 1.76710078125
2.892857142857143 1.76710078125
2.9285714285714284 1.76710078125
2.9642857142857144 1.76710078125
3.0 1.76710078125
3.0357142857142856 1.76710078125
3.0714285714285716 1.76710078125
3.5357142857142856 1.65734296875
3.607142857142857 1.67197734375
3.642857142857143 1.67929453125
3.6785714285714284 1.68661171875
3.7142857142857144 1.6902703125
3.75 1.6902703125
3.7857142857142856 1.6902703125
3.8214285714285716 1.6902703125
3.857142857142857 1.68661171875
3.892857142857143 1.68661171875
3.9285714285714284 1.68661171875
3.9642857142857144 1.68661171875
4.0 1.68661171875
4.035714285714286 1.68661171875
4.071428571428571 1.68661171875
4.107142857142857 1.68661171875
4.142857142857143 1.68661171875
4.178571428571429 1.6902703125
4.214285714285714 1.6902703125
4.25 1.6902703125
4.285714285714286 1.6902703125
4.321428571428571 1.6902703125
4.357142857142857 1.6902703125
4.392857142857143 1.6902703125
4.428571428571429 1.6902703125
4.464285714285714 1.69392890625
5.035714285714286 1.5439265625
5.071428571428571 1.55124375
5.107142857142857 1.55490234375
5.142857142857143 1.5585609375
5.178571428571429 1.5585609375
5.214285714285714 1.56221953125
5.25 1.56221953125
5.285714285714286 1.56221953125
5.321428571428571 1.56221953125
5.357142857142857 1.56221953125
5.392857142857143 1.5585609375
5.428571428571429 1.5585609375
5.464285714285714 1.5585609375
5.5 1.56221953125
5.535714285714286 1.56221953125
5.571428571428571 1.56221953125
5.607142857142857 1.56221953125
5.642857142857143 1.56221953125
5.678571428571429 1.56221953125
5.714285714285714 1.565878125
5.75 1.565878125
5.785714285714286 1.565878125
5.821428571428571 1.565878125
5.857142857142857 1.565878125
5.892857142857143 1.565878125
5.928571428571429 1.565878125
5.964285714285714 1.565878125
6.5 1.48904765625
6.535714285714286 1.4414859375
6.571428571428571 1.448803125
6.607142857142857 1.45246171875
6.642857142857143 1.45246171875
6.678571428571429 1.45246171875
6.714285714285714 1.45246171875
6.75 1.45246171875
6.785714285714286 1.448803125
6.821428571428571 1.448803125
6.857142857142857 1.448803125
6.892857142857143 1.448803125
6.928571428571429 1.448803125
6.964285714285714 1.448803125
7.0 1.448803125
7.035714285714286 1.448803125
7.071428571428571 1.45246171875
7.107142857142857 1.45246171875
7.142857142857143 1.45246171875
7.178571428571429 1.45246171875
7.214285714285714 1.45246171875
7.25 1.45246171875
7.285714285714286 1.45246171875
7.321428571428571 1.4561203125
7.357142857142857 1.4561203125
7.392857142857143 1.4561203125
7.428571428571429 1.4561203125
7.964285714285714 1.32075234375
8.0 1.331728125
8.035714285714286 1.331728125
8.071428571428571 1.33538671875
8.107142857142858 1.3390453125
8.142857142857142 1.34270390625
8.178571428571429 1.34270390625
8.214285714285714 1.34270390625
8.25 1.34270390625
8.285714285714286 1.34270390625
8.321428571428571 1.34270390625
8.357142857142858 1.34270390625
8.392857142857142 1.34270390625
8.428571428571429 1.34270390625
8.464285714285714 1.34270390625
8.5 1.34270390625
8.535714285714286 1.34270390625
8.571428571428571 1.34270390625
8.607142857142858 1.3463625
8.642857142857142 1.3463625
8.678571428571429 1.3463625
8.714285714285714 1.3463625
8.75 1.3463625
8.785714285714286 1.3463625
8.821428571428571 1.3463625
8.857142857142858 1.3463625
8.892857142857142 1.3463625
9.428571428571429 1.3463625
9.464285714285714 1.2658734375
9.5 1.28416640625
9.535714285714286 1.28416640625
9.571428571428571 1.28416640625
9.607142857142858 1.2805078125
9.642857142857142 1.2805078125
9.678571428571429 1.2805078125
9.714285714285714 1.2805078125
9.75 1.2805078125
9.785714285714286 1.27684921875
9.821428571428571 1.27684921875
9.857142857142858 1.273190625
9.892857142857142 1.273190625
9.928571428571429 1.27684921875
9.964285714285714 1.273190625
10.0 1.273190625
10.035714285714286 1.27684921875
10.071428571428571 1.27684921875
10.107142857142858 1.27684921875
10.142857142857142 1.27684921875
10.178571428571429 1.27684921875
10.214285714285714 1.27684921875
10.25 1.27684921875
10.285714285714286 1.27684921875
10.321428571428571 1.27684921875
10.857142857142858 1.17440859375
10.892857142857142 1.17075
10.928571428571429 1.17440859375
10.964285714285714 1.18172578125
11.0 1.185384375
11.035714285714286 1.185384375
11.071428571428571 1.18904296875
11.107142857142858 1.18904296875
11.142857142857142 1.18904296875
11.178571428571429 1.18904296875
11.214285714285714 1.18904296875
11.25 1.1927015625
11.285714285714286 1.1927015625
11.321428571428571 1.19636015625
11.357142857142858 1.19636015625
11.392857142857142 1.19636015625
11.428571428571429 1.19636015625
11.464285714285714 1.19636015625
11.5 1.19636015625
11.535714285714286 1.20001875
11.571428571428571 1.20001875
11.607142857142858 1.20001875
11.642857142857142 1.20001875
11.678571428571429 1.20001875
11.714285714285714 1.20001875
11.75 1.20367734375
11.785714285714286 1.20367734375
12.357142857142858 1.10855390625
12.392857142857142 1.1048953125
12.428571428571429 1.09391953125
12.464285714285714 1.10123671875
12.5 1.1048953125
12.535714285714286 1.097578125
12.571428571428571 1.09391953125
12.607142857142858 1.0902609375
12.642857142857142 1.0902609375
12.678571428571429 1.0902609375
12.714285714285714 1.0902609375
12.75 1.0902609375
12.785714285714286 1.0902609375
12.821428571428571 1.0902609375
12.857142857142858 1.0902609375
12.892857142857142 1.0902609375
12.928571428571429 1.0902609375
12.964285714285714 1.0902609375
13.0 1.0902609375
13.035714285714286 1.0902609375
13.071428571428571 1.0902609375
13.107142857142858 1.0902609375
13.142857142857142 1.0902609375
13.178571428571429 1.0902609375
13.214285714285714 1.0902609375
13.25 1.0902609375
13.785714285714286 1.0170890625
13.821428571428571 1.0024546875
13.857142857142858 1.009771875
13.892857142857142 1.01343046875
13.928571428571429 1.01343046875
13.964285714285714 1.0170890625
14.0 1.02074765625
14.035714285714286 1.02074765625
14.071428571428571 1.0170890625
14.107142857142858 1.0170890625
14.142857142857142 1.0170890625
14.178571428571429 1.0170890625
14.214285714285714 1.01343046875
14.25 1.01343046875
14.285714285714286 1.01343046875
14.321428571428571 1.0170890625
14.357142857142858 1.0170890625
14.392857142857142 1.0170890625
14.428571428571429 1.02074765625
14.464285714285714 1.02074765625
14.5 1.02074765625
14.535714285714286 1.02074765625
14.571428571428571 1.02074765625
14.607142857142858 1.02074765625
14.642857142857142 1.02074765625
14.678571428571429 1.02440625
14.714285714285714 1.02440625
15.25 0.921965625
15.285714285714286 0.9146484375
15.321428571428571 0.921965625
15.357142857142858 0.92562421875
15.392857142857142 0.92562421875
15.428571428571429 0.9292828125
15.464285714285714 0.9292828125
15.5 0.93294140625
15.535714285714286 0.93294140625
15.571428571428571 0.93294140625
15.607142857142858 0.9292828125
15.642857142857142 0.921965625
15.678571428571429 0.91830703125
15.714285714285714 0.91830703125
15.75 0.91830703125
15.785714285714286 0.921965625
15.821428571428571 0.921965625
15.857142857142858 0.921965625
15.892857142857142 0.921965625
15.928571428571429 0.921965625
15.964285714285714 0.92562421875
16.0 0.92562421875
16.035714285714285 0.92562421875
16.071428571428573 0.92562421875
16.107142857142858 0.92562421875
16.142857142857142 0.9292828125
16.678571428571427 0.80123203125
16.714285714285715 0.8195250000000001
16.75 0.81586640625
16.785714285714285 0.8195250000000001
16.821428571428573 0.80854921875
16.857142857142858 0.81586640625
16.892857142857142 0.8195250000000001
16.928571428571427 0.8268421875
16.964285714285715 0.8268421875
17.0 0.8268421875
17.035714285714285 0.8268421875
17.071428571428573 0.8268421875
17.107142857142858 0.82318359375
17.142857142857142 0.8195250000000001
17.178571428571427 0.8195250000000001
17.214285714285715 0.8195250000000001
17.25 0.8195250000000001
17.285714285714285 0.82318359375
17.321428571428573 0.82318359375
17.357142857142858 0.8268421875
17.392857142857142 0.8268421875
17.428571428571427 0.8268421875
17.464285714285715 0.8268421875
17.5 0.83050078125
17.535714285714285 0.83050078125
17.571428571428573 0.83050078125
17.607142857142858 0.83050078125
18.142857142857142 0.69879140625
18.178571428571427 0.71342578125
18.214285714285715 0.70610859375
18.25 0.71342578125
18.285714285714285 0.717084375
18.321428571428573 0.7244015625
18.357142857142858 0.72806015625
18.392857142857142 0.72806015625
18.428571428571427 0.7244015625
18.464285714285715 0.72806015625
18.5 0.7244015625
18.535714285714285 0.7244015625
18.571428571428573 0.72074296875
18.607142857142858 0.72074296875
18.642857142857142 0.72074296875
18.678571428571427 0.72074296875
18.714285714285715 0.717084375
18.75 0.72074296875
18.785714285714285 0.72074296875
18.821428571428573 0.72074296875
18.857142857142858 0.7244015625
18.892857142857142 0.7244015625
18.928571428571427 0.7244015625
18.964285714285715 0.7244015625
19.0 0.72806015625
19.035714285714285 0.72806015625
19.071428571428573 0.72806015625
19.607142857142858 0.6365953125
19.642857142857142 0.64025390625
19.678571428571427 0.64025390625
19.714285714285715 0.6439125
19.75 0.6439125
19.785714285714285 0.6439125
19.821428571428573 0.6439125
19.857142857142858 0.6439125
19.892857142857142 0.64757109375
19.928571428571427 0.6439125
19.964285714285715 0.6439125
20.0 0.6439125
20.035714285714285 0.64757109375
20.071428571428573 0.6439125
20.107142857142858 0.6439125
20.142857142857142 0.6439125
20.178571428571427 0.64757109375
20.214285714285715 0.64757109375
20.25 0.64757109375
20.285714285714285 0.64757109375
20.321428571428573 0.64757109375
20.357142857142858 0.64757109375
20.392857142857142 0.64757109375
20.428571428571427 0.64757109375
20.464285714285715 0.64757109375
20.5 0.64757109375
20.535714285714285 0.64757109375
21.035714285714285 0.54513046875
21.071428571428573 0.53781328125
21.107142857142858 0.54513046875
21.142857142857142 0.5487890625
21.178571428571427 0.55610625
21.214285714285715 0.55610625
21.25 0.5634234375
21.285714285714285 0.5634234375
21.321428571428573 0.5634234375
21.357142857142858 0.56708203125
21.392857142857142 0.5634234375
21.428571428571427 0.5634234375
21.464285714285715 0.5634234375
21.5 0.55976484375
21.535714285714285 0.55976484375
21.571428571428573 0.55976484375
21.607142857142858 0.55976484375
21.642857142857142 0.55976484375
21.678571428571427 0.5634234375
21.714285714285715 0.5634234375
21.75 0.5634234375
21.785714285714285 0.5634234375
21.821428571428573 0.56708203125
21.857142857142858 0.56708203125
21.892857142857142 0.56708203125
21.928571428571427 0.570740625
21.964285714285715 0.570740625
22.5 0.453665625
22.535714285714285 0.4609828125
22.571428571428573 0.46464140625
22.607142857142858 0.46464140625
22.642857142857142 0.46464140625
22.678571428571427 0.4683
22.714285714285715 0.47195859375
22.75 0.47195859375
22.785714285714285 0.4756171875
22.821428571428573 0.4756171875
22.857142857142858 0.4756171875
22.892857142857142 0.47195859375
22.928571428571427 0.47195859375
22.964285714285715 0.47195859375
23.0 0.4683
23.035714285714285 0.4683
23.071428571428573 0.4683
23.107142857142858 0.4683
23.142857142857142 0.47195859375
23.178571428571427 0.47195859375
23.214285714285715 0.4756171875
23.25 0.4756171875
23.285714285714285 0.4756171875
23.321428571428573 0.4756171875
23.357142857142858 0.4756171875
23.392857142857142 0.4756171875
23.428571428571427 0.4756171875
23.928571428571427 0.3585421875
23.964285714285715 0.36220078125
24.0 0.35488359375
24.035714285714285 0.35488359375
24.071428571428573 0.3585421875
24.107142857142858 0.36220078125
24.142857142857142 0.365859375
24.178571428571427 0.365859375
24.214285714285715 0.365859375
24.25 0.365859375
24.285714285714285 0.365859375
24.321428571428573 0.365859375
24.357142857142858 0.365859375
24.392857142857142 0.365859375
24.428571428571427 0.365859375
24.464285714285715 0.365859375
24.5 0.365859375
24.535714285714285 0.365859375
24.571428571428573 0.365859375
24.607142857142858 0.36951796875
24.642857142857142 0.36951796875
24.678571428571427 0.36951796875
24.714285714285715 0.36951796875
24.75 0.36951796875
24.785714285714285 0.36951796875
24.821428571428573 0.36951796875
24.857142857142858 0.36951796875
24.892857142857142 0.36951796875
25.392857142857142 0.23780859375
25.428571428571427 0.23049140625
25.464285714285715 0.23415
25.5 0.23780859375
25.571428571428573 0.23415
25.607142857142858 0.23415
25.642857142857142 0.24512578125
25.678571428571427 0.248784375
25.714285714285715 0.24512578125
25.75 0.248784375
25.785714285714285 0.25244296875
25.821428571428573 0.25244296875
25.857142857142858 0.25244296875
25.892857142857142 0.25244296875
25.928571428571427 0.25244296875
25.964285714285715 0.25244296875
26.0 0.25244296875
26.035714285714285 0.25244296875
26.071428571428573 0.2561015625
26.107142857142858 0.2561015625
26.142857142857142 0.2561015625
26.178571428571427 0.2561015625
26.214285714285715 0.2561015625
26.25 0.2561015625
26.285714285714285 0.2561015625
26.321428571428573 0.2561015625
26.357142857142858 0.2561015625
26.857142857142858 0.12073359375
26.892857142857142 0.13536796875
26.928571428571427 0.13536796875
26.964285714285715 0.14268515625
27.0 0.160978125
27.035714285714285 0.16463671875
27.071428571428573 0.1756125
27.107142857142858 0.1756125
27.142857142857142 0.17927109375
27.178571428571427 0.17927109375
27.214285714285715 0.17927109375
27.25 0.17927109375
27.285714285714285 0.1756125
27.321428571428573 0.1756125
27.357142857142858 0.17195390625
27.392857142857142 0.1682953125
27.428571428571427 0.17195390625
27.464285714285715 0.17195390625
27.5 0.1756125
27.535714285714285 0.1756125
27.571428571428573 0.1756125
27.607142857142858 0.17927109375
27.642857142857142 0.17927109375
27.678571428571427 0.17927109375
27.714285714285715 0.17927109375
27.75 0.17927109375
27.785714285714285 0.1829296875
27.821428571428573 0.17927109375
28.321428571428573 0.10609921875
28.357142857142858 0.13536796875
28.392857142857142 0.13536796875
28.428571428571427 0.13536796875
28.464285714285715 0.13536796875
28.5 0.131709375
28.535714285714285 0.131709375
28.571428571428573 0.12805078125
28.607142857142858 0.12805078125
28.642857142857142 0.1243921875
28.678571428571427 0.12805078125
28.714285714285715 0.131709375
28.75 0.12805078125
28.785714285714285 0.12805078125
28.821428571428573 0.12805078125
28.857142857142858 0.12805078125
28.892857142857142 0.12805078125
28.928571428571427 0.12805078125
28.964285714285715 0.12805078125
29.0 0.12805078125
29.035714285714285 0.12805078125
29.071428571428573 0.12805078125
29.107142857142858 0.12805078125
29.142857142857142 0.12805078125
29.178571428571427 0.12805078125
29.214285714285715 0.12805078125
29.25 0.12805078125
29.821428571428573 0.01097578125
29.857142857142858 0.0
29.892857142857142 0.0
29.928571428571427 0.0
29.964285714285715 0.0
30.0 0.0
30.035714285714285 0.0
30.071428571428573 0.0
30.107142857142858 0.0
30.142857142857142 0.0
30.178571428571427 0.0
30.214285714285715 0.0
30.25 0.0
30.285714285714285 0.0
30.321428571428573 0.0
30.357142857142858 0.0
