0.03571428571428571 3.1098046875
0.07142857142857142 3.1098046875
0.10714285714285714 3.1098046875
0.6785714285714286 3.07687734375
0.7142857142857143 3.09882890625
0.75 3.11346328125
0.7857142857142857 3.10614609375
0.8214285714285714 3.10614609375
0.8571428571428571 3.08419453125
0.8928571428571429 3.07321875
0.9285714285714286 3.0659015625
0.9642857142857143 3.0659015625
1.0 3.0659015625
1.0357142857142858 3.0659015625
1.0714285714285714 3.06956015625
1.1071428571428572 3.06956015625
1.1428571428571428 3.06956015625
1.1785714285714286 3.06956015625
1.2142857142857142 3.06956015625
1.25 3.0659015625
1.2857142857142858 3.0659015625
1.3214285714285714 3.0659015625
1.3571428571428572 3.0659015625
1.3928571428571428 3.06956015625
1.4285714285714286 3.0659015625
1.4642857142857142 3.0659015625
1.5 3.0659015625
1.5357142857142858 3.0659015625
2.107142857142857 3.05492578125
2.142857142857143 3.0805359375
2.1785714285714284 3.0805359375
2.2142857142857144 3.07321875
2.25 3.0512671875
2.2857142857142856 3.04029140625
2.3214285714285716 3.03297421875
2.357142857142857 3.02565703125
2.392857142857143 3.02565703125
2.4285714285714284 3.02565703125
2.4642857142857144 3.029315625
2.5 3.029315625
2.5357142857142856 3.029315625
2.5714285714285716 3.029315625
2.607142857142857 3.029315625
2.642857142857143 3.029315625
2.6785714285714284 3.029315625
2.7142857142857144 3.029315625
2.75 3.029315625
2.7857142857142856 3.029315625
2.8214285714285716 3.029315625
2.857142857142857 3.02565703125
2.892857142857143 3.029315625
2.9285714285714284 3.02565703125
2.9642857142857144 3.029315625
3.5 3.01102265625
3.5357142857142856 3.01102265625
3.5714285714285716 3.04029140625
3.607142857142857 3.0366328125
3.642857142857143 3.02565703125
3.6785714285714284 3.01102265625
3.7142857142857144 2.9963882812500002
3.75 2.98907109375
3.7857142857142856 2.9780953125
3.8214285714285716 2.970778125
3.857142857142857 2.970778125
3.892857142857143 2.970778125
3.9285714285714284 2.96711953125
3.9642857142857144 2.96711953125
4.0 2.96711953125
4.035714285714286 2.96711953125
4.071428571428571 2.96711953125
4.107142857142857 2.96711953125
4.142857142857143 2.96711953125
4.178571428571429 2.96711953125
4.214285714285714 2.96711953125
4.25 2.96711953125
4.285714285714286 2.96711953125
4.321428571428571 2.96711953125
4.357142857142857 2.96711953125
4.892857142857143 2.9195578125
4.928571428571429 2.9195578125
4.964285714285714 2.9488265625
5.0 2.970778125
5.035714285714286 2.95614375
5.071428571428571 2.94516796875
5.107142857142857 2.9341921875
5.142857142857143 2.92321640625
5.178571428571429 2.91589921875
5.214285714285714 2.90858203125
5.25 2.90126484375
5.285714285714286 2.89760625
5.321428571428571 2.89760625
5.357142857142857 2.89394765625
5.392857142857143 2.89394765625
5.428571428571429 2.89394765625
5.464285714285714 2.89394765625
5.5 2.89394765625
5.535714285714286 2.89394765625
5.571428571428571 2.89394765625
5.607142857142857 2.89394765625
5.642857142857143 2.89394765625
5.678571428571429 2.89394765625
5.714285714285714 2.89394765625
5.75 2.89394765625
5.785714285714286 2.8902890625
6.357142857142857 2.9195578125
6.392857142857143 2.9488265625
6.428571428571429 2.93785078125
6.464285714285714 2.926875
6.5 2.91589921875
6.535714285714286 2.90858203125
6.571428571428571 2.89760625
6.607142857142857 2.88663046875
6.642857142857143 2.8756546875
6.678571428571429 2.87199609375
6.714285714285714 2.87199609375
6.75 2.8756546875
6.785714285714286 2.8756546875
6.821428571428571 2.87199609375
6.857142857142857 2.87199609375
6.892857142857143 2.87199609375
6.928571428571429 2.87199609375
6.964285714285714 2.87199609375
7.0 2.87199609375
7.035714285714286 2.87199609375
7.071428571428571 2.87199609375
7.107142857142857 2.87199609375
7.142857142857143 2.87199609375
7.178571428571429 2.87199609375
7.214285714285714 2.87199609375
7.785714285714286 2.941509375
7.821428571428571 2.9854125
7.857142857142857 2.98175390625
7.892857142857143 2.970778125
7.928571428571429 2.95980234375
7.964285714285714 2.9488265625
8.0 2.93785078125
8.035714285714286 2.93053359375
8.071428571428571 2.92321640625
8.107142857142858 2.90858203125
8.142857142857142 2.90858203125
8.178571428571429 2.90858203125
8.214285714285714 2.90858203125
8.25 2.9049234375
8.285714285714286 2.9049234375
8.321428571428571 2.9049234375
8.357142857142858 2.9049234375
8.392857142857142 2.9049234375
8.428571428571429 2.9049234375
8.464285714285714 2.9049234375
8.5 2.9049234375
8.535714285714286 2.9049234375
8.571428571428571 2.9049234375
8.607142857142858 2.9049234375
9.214285714285714 2.9780953125
9.25 3.01102265625
9.285714285714286 3.01468125
9.321428571428571 3.00370546875
9.357142857142858 2.9927296875000002
9.392857142857142 2.9780953125
9.428571428571429 2.9634609375
9.464285714285714 2.95248515625
9.5 2.941509375
9.535714285714286 2.93785078125
9.571428571428571 2.93053359375
9.607142857142858 2.92321640625
9.642857142857142 2.92321640625
9.678571428571429 2.92321640625
9.714285714285714 2.926875
9.75 2.926875
9.785714285714286 2.926875
9.821428571428571 2.926875
9.857142857142858 2.926875
9.892857142857142 2.926875
9.928571428571429 2.926875
9.964285714285714 2.926875
10.0 2.926875
10.035714285714286 2.926875
10.071428571428571 2.926875
10.642857142857142 2.9634609375
10.678571428571429 2.98175390625
10.714285714285714 3.01468125
10.75 3.00370546875
10.785714285714286 2.98907109375
10.821428571428571 2.9780953125
10.857142857142858 2.9488265625
10.892857142857142 2.9488265625
10.928571428571429 2.93785078125
10.964285714285714 2.93053359375
11.0 2.91589921875
11.035714285714286 2.912240625
11.071428571428571 2.912240625
11.107142857142858 2.912240625
11.142857142857142 2.912240625
11.178571428571429 2.912240625
11.214285714285714 2.912240625
11.25 2.912240625
11.285714285714286 2.912240625
11.321428571428571 2.912240625
11.357142857142858 2.912240625
11.392857142857142 2.912240625
11.428571428571429 2.91589921875
11.464285714285714 2.912240625
12.071428571428571 2.92321640625
12.107142857142858 2.941509375
12.142857142857142 2.9634609375
12.178571428571429 2.95614375
12.214285714285714 2.941509375
12.25 2.91589921875
12.285714285714286 2.91589921875
12.321428571428571 2.90126484375
12.357142857142858 2.8756546875
12.392857142857142 2.87199609375
12.428571428571429 2.87199609375
12.464285714285714 2.87199609375
12.5 2.87199609375
12.535714285714286 2.8683375
12.571428571428571 2.8683375
12.607142857142858 2.8683375
12.642857142857142 2.8683375
12.678571428571429 2.8683375
12.714285714285714 2.8683375
12.75 2.8683375
12.785714285714286 2.8683375
12.821428571428571 2.8683375
12.857142857142858 2.8683375
12.892857142857142 2.87199609375
13.464285714285714 2.8902890625
13.5 2.9195578125
13.535714285714286 2.941509375
13.571428571428571 2.93053359375
13.607142857142858 2.92321640625
13.642857142857142 2.91589921875
13.678571428571429 2.90858203125
13.714285714285714 2.89760625
13.75 2.8756546875
13.785714285714286 2.87199609375
13.821428571428571 2.8683375
13.857142857142858 2.8683375
13.892857142857142 2.8683375
13.928571428571429 2.8683375
13.964285714285714 2.86467890625
14.0 2.86467890625
14.035714285714286 2.8683375
14.071428571428571 2.8683375
14.107142857142858 2.86467890625
14.142857142857142 2.8683375
14.178571428571429 2.8683375
14.214285714285714 2.8683375
14.25 2.8683375
14.285714285714286 2.8683375
14.321428571428571 2.8683375
14.928571428571429 2.9195578125
14.964285714285714 2.93785078125
15.0 2.9488265625
15.035714285714286 2.9341921875
15.071428571428571 2.926875
15.107142857142858 2.90858203125
15.142857142857142 2.89760625
15.178571428571429 2.88663046875
15.214285714285714 2.87931328125
15.25 2.87199609375
15.285714285714286 2.86467890625
15.321428571428571 2.8610203125
15.357142857142858 2.85736171875
15.392857142857142 2.85736171875
15.428571428571429 2.85736171875
15.464285714285714 2.85736171875
15.5 2.853703125
15.535714285714286 2.853703125
15.571428571428571 2.853703125
15.607142857142858 2.853703125
15.642857142857142 2.853703125
15.678571428571429 2.853703125
15.714285714285714 2.853703125
15.75 2.853703125
16.357142857142858 2.8756546875
16.392857142857142 2.90858203125
16.428571428571427 2.912240625
16.464285714285715 2.89760625
16.5 2.8756546875
16.535714285714285 2.86467890625
16.571428571428573 2.853703125
16.607142857142858 2.8463859375
16.642857142857142 2.83541015625
16.678571428571427 2.82809296875
16.714285714285715 2.824434375
16.75 2.82077578125
16.785714285714285 2.824434375
16.821428571428573 2.824434375
16.857142857142858 2.824434375
16.892857142857142 2.824434375
16.928571428571427 2.824434375
16.964285714285715 2.824434375
17.0 2.824434375
17.035714285714285 2.82077578125
17.071428571428573 2.824434375
17.107142857142858 2.82077578125
17.142857142857142 2.82077578125
17.178571428571427 2.82077578125
17.75 2.8024828125
17.785714285714285 2.824434375
17.821428571428573 2.85004453125
17.857142857142858 2.84272734375
17.892857142857142 2.82809296875
17.928571428571427 2.81345859375
17.964285714285715 2.8171171875
18.0 2.79150703125
18.035714285714285 2.78418984375
18.071428571428573 2.77687265625
18.107142857142858 2.7732140625
18.142857142857142 2.7732140625
18.178571428571427 2.7732140625
18.214285714285715 2.7732140625
18.25 2.7732140625
18.285714285714285 2.7732140625
18.321428571428573 2.7732140625
18.357142857142858 2.7732140625
18.392857142857142 2.7732140625
18.428571428571427 2.7732140625
18.464285714285715 2.7732140625
18.5 2.7732140625
18.535714285714285 2.7732140625
18.571428571428573 2.7732140625
18.607142857142858 2.7732140625
19.178571428571427 2.72199375
19.214285714285715 2.74028671875
19.25 2.7512625
19.285714285714285 2.74028671875
19.321428571428573 2.7293109375
19.357142857142858 2.71833515625
19.392857142857142 2.7073593750000002
19.428571428571427 2.69638359375
19.464285714285715 2.68906640625
19.5 2.68174921875
19.535714285714285 2.678090625
19.571428571428573 2.67443203125
19.607142857142858 2.67443203125
19.642857142857142 2.67443203125
19.678571428571427 2.67443203125
19.714285714285715 2.67443203125
19.75 2.6707734375
19.785714285714285 2.67443203125
19.821428571428573 2.6707734375
19.857142857142858 2.67443203125
19.892857142857142 2.6707734375
19.928571428571427 2.6707734375
19.964285714285715 2.6707734375
20.0 2.6707734375
20.535714285714285 2.57930859375
20.571428571428573 2.5976015625
20.607142857142858 2.61589453125
20.642857142857142 2.60491875
20.678571428571427 2.590284375
20.714285714285715 2.590284375
20.75 2.56467421875
20.785714285714285 2.5536984375
20.821428571428573 2.55003984375
20.857142857142858 2.54272265625
20.892857142857142 2.53540546875
20.928571428571427 2.531746875
20.964285714285715 2.531746875
21.0 2.52808828125
21.035714285714285 2.531746875
21.071428571428573 2.52808828125
21.107142857142858 2.531746875
21.142857142857142 2.531746875
21.178571428571427 2.531746875
21.214285714285715 2.531746875
21.25 2.531746875
21.285714285714285 2.531746875
21.321428571428573 2.531746875
21.357142857142858 2.531746875
21.392857142857142 2.52808828125
21.964285714285715 2.46223359375
22.0 2.48784375
22.035714285714285 2.49150234375
22.071428571428573 2.49150234375
22.107142857142858 2.46955078125
22.142857142857142 2.458575
22.178571428571427 2.4512578125
22.214285714285715 2.443940625
22.25 2.4366234375
22.285714285714285 2.43296484375
22.321428571428573 2.4293062500000002
22.357142857142858 2.4219890625000002
22.392857142857142 2.4219890625000002
22.428571428571427 2.4219890625000002
22.464285714285715 2.4219890625000002
22.5 2.4219890625000002
22.535714285714285 2.4219890625000002
22.571428571428573 2.4219890625000002
22.607142857142858 2.4219890625000002
22.642857142857142 2.4219890625000002
22.678571428571427 2.4219890625000002
22.714285714285715 2.4219890625000002
22.75 2.4219890625000002
22.785714285714285 2.4219890625000002
23.321428571428573 2.31223125
23.357142857142858 2.36711015625
23.392857142857142 2.356134375
23.428571428571427 2.3415
23.464285714285715 2.3415
23.5 2.3195484375
23.535714285714285 2.30857265625
23.571428571428573 2.297596875
23.607142857142858 2.2902796875
23.642857142857142 2.2829625
23.678571428571427 2.2756453125
23.714285714285715 2.27198671875
23.75 2.268328125
23.785714285714285 2.268328125
23.821428571428573 2.27198671875
23.857142857142858 2.27198671875
23.892857142857142 2.27198671875
23.928571428571427 2.27198671875
23.964285714285715 2.27198671875
24.0 2.27198671875
24.035714285714285 2.27198671875
24.071428571428573 2.268328125
24.107142857142858 2.27198671875
24.142857142857142 2.27198671875
24.178571428571427 2.268328125
24.75 2.23540078125
24.785714285714285 2.25003515625
24.821428571428573 2.25003515625
24.857142857142858 2.25003515625
24.892857142857142 2.239059375
24.928571428571427 2.2317421875
24.964285714285715 2.2171078125
25.0 2.209790625
25.035714285714285 2.2024734375
25.071428571428573 2.19881484375
25.107142857142858 2.19515625
25.142857142857142 2.19515625
25.178571428571427 2.19515625
25.214285714285715 2.19515625
25.25 2.19515625
25.285714285714285 2.19515625
25.321428571428573 2.19881484375
25.357142857142858 2.19881484375
25.392857142857142 2.19515625
25.428571428571427 2.19515625
25.464285714285715 2.19515625
25.5 2.19881484375
25.535714285714285 2.19881484375
25.571428571428573 2.19881484375
25.892857142857142 2.26466953125
26.107142857142858 2.16222890625
26.142857142857142 2.18418046875
26.178571428571427 2.18418046875
26.214285714285715 2.2024734375
26.25 2.209790625
26.285714285714285 2.19881484375
26.321428571428573 2.1878390625
26.357142857142858 2.17686328125
26.392857142857142 2.16954609375
26.428571428571427 2.16222890625
26.464285714285715 2.151253125
26.5 2.14759453125
26.535714285714285 2.14759453125
26.571428571428573 2.14759453125
26.607142857142858 2.14759453125
26.642857142857142 2.14759453125
26.678571428571427 2.14759453125
26.714285714285715 2.14759453125
26.75 2.14759453125
26.785714285714285 2.14759453125
26.821428571428573 2.14759453125
26.857142857142858 2.14759453125
26.892857142857142 2.14759453125
26.928571428571427 2.14759453125
26.964285714285715 2.14759453125
27.0 2.14759453125
27.571428571428573 2.1000328125
27.607142857142858 2.13661875
27.642857142857142 2.14759453125
27.678571428571427 2.13661875
27.714285714285715 2.12564296875
27.75 2.1146671875
27.785714285714285 2.10369140625
27.821428571428573 2.092715625
27.857142857142858 2.0853984375
27.892857142857142 2.08173984375
27.928571428571427 2.07808125
27.964285714285715 2.07442265625
28.0 2.07442265625
28.035714285714285 2.07442265625
28.071428571428573 2.07442265625
28.107142857142858 2.07808125
28.142857142857142 2.07808125
28.178571428571427 2.07442265625
28.214285714285715 2.07808125
28.25 2.07808125
28.285714285714285 2.07808125
28.321428571428573 2.07808125
28.357142857142858 2.07808125
28.392857142857142 2.07808125
28.964285714285715 2.00125078125
29.0 2.05978828125
29.035714285714285 2.05978828125
29.071428571428573 2.0561296875
29.107142857142858 2.0488125
29.142857142857142 2.034178125
29.178571428571427 2.0268609375
29.214285714285715 2.01954375
29.25 2.00856796875
29.285714285714285 2.00125078125
29.321428571428573 1.9975921875
29.357142857142858 1.99393359375
29.392857142857142 1.99393359375
29.428571428571427 1.99393359375
29.464285714285715 1.99393359375
29.5 1.99393359375
29.535714285714285 1.99393359375
29.571428571428573 1.99393359375
29.607142857142858 1.9975921875
29.642857142857142 1.9975921875
29.678571428571427 1.9975921875
29.714285714285715 1.9975921875
29.75 1.9975921875
29.785714285714285 1.9975921875
29.821428571428573 2.00125078125
30.392857142857142 2.004909375
30.428571428571427 2.034178125
30.464285714285715 2.04515390625
30.5 2.034178125
30.535714285714285 2.02320234375
30.571428571428573 2.0122265625
30.607142857142858 2.004909375
30.642857142857142 1.9975921875
30.678571428571427 1.990275
30.714285714285715 1.98661640625
30.75 1.98661640625
30.785714285714285 1.98661640625
30.821428571428573 1.98661640625
30.857142857142858 1.9829578125
30.892857142857142 1.98661640625
30.928571428571427 1.9829578125
30.964285714285715 1.9829578125
31.0 1.9829578125
31.035714285714285 1.9829578125
31.071428571428573 1.9829578125
31.107142857142858 1.9829578125
31.142857142857142 1.98661640625
31.178571428571427 1.9829578125
31.214285714285715 1.9829578125
31.785714285714285 1.9536890625
31.821428571428573 1.97929921875
31.857142857142858 1.99393359375
31.892857142857142 1.9975921875
31.928571428571427 1.990275
31.964285714285715 1.975640625
32.0 1.96466484375
32.035714285714285 1.9536890625
32.07142857142857 1.94271328125
32.107142857142854 1.9317375
32.142857142857146 1.9280789062500001
32.17857142857143 1.9244203125000001
32.214285714285715 1.9244203125000001
32.25 1.92076171875
32.285714285714285 1.92076171875
32.32142857142857 1.9244203125000001
32.357142857142854 1.9244203125000001
32.392857142857146 1.9244203125000001
32.42857142857143 1.9244203125000001
32.464285714285715 1.9244203125000001
32.5 1.9244203125000001
32.535714285714285 1.9244203125000001
32.57142857142857 1.9244203125000001
32.607142857142854 1.9244203125000001
33.17857142857143 1.84758984375
33.214285714285715 1.87685859375
33.25 1.89881015625
33.285714285714285 1.9097859375
33.32142857142857 1.90246875
33.357142857142854 1.89149296875
33.392857142857146 1.8805171875
33.42857142857143 1.86954140625
33.464285714285715 1.86222421875
33.5 1.84758984375
33.535714285714285 1.84758984375
33.57142857142857 1.84758984375
33.607142857142854 1.84027265625
33.642857142857146 1.84027265625
33.67857142857143 1.84027265625
33.714285714285715 1.84027265625
33.75 1.84027265625
33.785714285714285 1.84027265625
33.82142857142857 1.84027265625
