0.03571428571428571 2.08173984375
0.07142857142857142 2.08173984375
0.10714285714285714 2.08173984375
0.14285714285714285 2.08173984375
0.17857142857142858 2.08173984375
0.21428571428571427 2.08173984375
0.25 2.0853984375
0.2857142857142857 2.0853984375
0.32142857142857145 2.0853984375
0.8928571428571429 1.93539609375
0.9285714285714286 1.946371875
0.9642857142857143 1.95734765625
1.0 1.9536890625
1.0714285714285714 1.9536890625
1.1071428571428572 1.95003046875
1.1428571428571428 1.946371875
1.1785714285714286 1.946371875
1.2142857142857142 1.946371875
1.25 1.946371875
1.2857142857142858 1.946371875
1.3214285714285714 1.946371875
1.3571428571428572 1.946371875
1.3928571428571428 1.95003046875
1.4285714285714286 1.946371875
1.4642857142857142 1.946371875
1.5 1.95003046875
1.5357142857142858 1.95003046875
1.5714285714285714 1.95003046875
1.6071428571428572 1.95003046875
1.6428571428571428 1.95003046875
1.6785714285714286 1.95003046875
1.7142857142857142 1.95003046875
1.75 1.95003046875
1.7857142857142858 1.95003046875
2.3214285714285716 1.82563828125
2.357142857142857 1.829296875
2.392857142857143 1.8366140625
2.4285714285714284 1.84027265625
2.4642857142857144 1.84393125
2.5 1.84758984375
2.5357142857142856 1.84758984375
2.5714285714285716 1.8512484375
2.607142857142857 1.85490703125
2.642857142857143 1.858565625
2.6785714285714284 1.858565625
2.7142857142857144 1.858565625
2.75 1.858565625
2.7857142857142856 1.86222421875
2.8214285714285716 1.86222421875
2.857142857142857 1.86222421875
2.892857142857143 1.86222421875
2.9285714285714284 1.86222421875
2.9642857142857144 1.86222421875
3.0 1.8658828125
3.0357142857142856 1.8658828125
3.0714285714285716 1.8658828125
3.107142857142857 1.8658828125
3.142857142857143 1.8658828125
3.1785714285714284 1.8658828125
3.2142857142857144 1.8658828125
3.25 1.8658828125
3.7857142857142856 1.80368671875
3.8214285714285716 1.7341734375
3.857142857142857 1.75978359375
3.892857142857143 1.75978359375
3.9285714285714284 1.756125
3.9642857142857144 1.756125
4.0 1.75246640625
4.035714285714286 1.75246640625
4.071428571428571 1.7488078125
4.107142857142857 1.74514921875
4.142857142857143 1.74514921875
4.178571428571429 1.74514921875
4.214285714285714 1.74514921875
4.25 1.74514921875
4.285714285714286 1.7488078125
4.321428571428571 1.7488078125
4.357142857142857 1.7488078125
4.392857142857143 1.7488078125
4.428571428571429 1.7488078125
4.464285714285714 1.7488078125
4.5 1.7488078125
4.535714285714286 1.7488078125
4.571428571428571 1.7488078125
4.607142857142857 1.7488078125
4.642857142857143 1.7488078125
4.678571428571429 1.7488078125
4.714285714285714 1.7488078125
5.285714285714286 1.59880546875
5.321428571428571 1.5878296875
5.357142857142857 1.5878296875
5.392857142857143 1.59148828125
5.428571428571429 1.59148828125
5.464285714285714 1.59148828125
5.5 1.595146875
5.535714285714286 1.59880546875
5.571428571428571 1.6024640625
5.607142857142857 1.6024640625
5.642857142857143 1.6024640625
5.678571428571429 1.60612265625
5.714285714285714 1.60612265625
5.75 1.60612265625
5.785714285714286 1.60978125
5.821428571428571 1.60612265625
5.857142857142857 1.60978125
5.892857142857143 1.60978125
5.928571428571429 1.60978125
5.964285714285714 1.60978125
6.0 1.61343984375
6.035714285714286 1.61343984375
6.071428571428571 1.61343984375
6.107142857142857 1.61343984375
6.142857142857143 1.61343984375
6.178571428571429 1.61343984375
6.678571428571429 1.62075703125
6.714285714285714 1.50368203125
6.75 1.53295078125
6.785714285714286 1.54026796875
6.821428571428571 1.54026796875
6.857142857142857 1.5439265625
6.892857142857143 1.5439265625
6.928571428571429 1.54026796875
6.964285714285714 1.54026796875
7.0 1.54026796875
7.035714285714286 1.5439265625
7.071428571428571 1.5439265625
7.107142857142857 1.5439265625
7.142857142857143 1.5439265625
7.178571428571429 1.54758515625
7.214285714285714 1.54758515625
7.25 1.54758515625
7.285714285714286 1.54758515625
7.321428571428571 1.54758515625
7.357142857142857 1.54758515625
7.392857142857143 1.54758515625
7.428571428571429 1.55124375
7.464285714285714 1.55124375
7.5 1.55124375
7.535714285714286 1.55124375
7.571428571428571 1.55124375
7.607142857142857 1.55124375
8.142857142857142 1.45977890625
8.178571428571429 1.40855859375
8.214285714285714 1.3975828125
8.25 1.4049
8.285714285714286 1.40855859375
8.321428571428571 1.40855859375
8.357142857142858 1.4049
8.392857142857142 1.4049
8.428571428571429 1.4049
8.464285714285714 1.4049
8.5 1.40855859375
8.535714285714286 1.40855859375
8.571428571428571 1.40855859375
8.607142857142858 1.4122171875
8.642857142857142 1.4122171875
8.678571428571429 1.4122171875
8.714285714285714 1.4122171875
8.75 1.41587578125
8.785714285714286 1.41587578125
8.821428571428571 1.41587578125
8.857142857142858 1.41587578125
8.892857142857142 1.419534375
8.928571428571429 1.419534375
8.964285714285714 1.419534375
9.0 1.419534375
9.035714285714286 1.419534375
9.071428571428571 1.419534375
9.607142857142858 1.31343515625
9.642857142857142 1.33538671875
9.678571428571429 1.33538671875
9.714285714285714 1.3390453125
9.75 1.3390453125
9.785714285714286 1.3390453125
9.821428571428571 1.3390453125
9.857142857142858 1.34270390625
9.892857142857142 1.34270390625
9.928571428571429 1.34270390625
9.964285714285714 1.3463625
10.0 1.3463625
10.035714285714286 1.3463625
10.071428571428571 1.3463625
10.107142857142858 1.35002109375
10.142857142857142 1.35002109375
10.178571428571429 1.3536796875000001
10.214285714285714 1.3536796875000001
10.25 1.3536796875000001
10.285714285714286 1.3536796875000001
10.321428571428571 1.3536796875000001
10.357142857142858 1.3536796875000001
10.392857142857142 1.3536796875000001
10.428571428571429 1.3536796875000001
10.464285714285714 1.3573382812500001
10.5 1.3573382812500001
10.535714285714286 1.3573382812500001
11.071428571428571 1.273190625
11.107142857142858 1.273190625
11.142857142857142 1.2805078125
11.178571428571429 1.2805078125
11.214285714285714 1.2805078125
11.25 1.2805078125
11.285714285714286 1.2805078125
11.321428571428571 1.2805078125
11.357142857142858 1.27684921875
11.392857142857142 1.2805078125
11.428571428571429 1.28416640625
11.464285714285714 1.2805078125
11.5 1.28416640625
11.535714285714286 1.28416640625
11.571428571428571 1.28416640625
11.607142857142858 1.28416640625
11.642857142857142 1.28416640625
11.678571428571429 1.287825
11.714285714285714 1.287825
11.75 1.287825
11.785714285714286 1.287825
11.821428571428571 1.29148359375
11.857142857142858 1.29148359375
11.892857142857142 1.287825
11.928571428571429 1.29148359375
11.964285714285714 1.29148359375
12.0 1.29148359375
12.535714285714286 1.185384375
12.571428571428571 1.185384375
12.607142857142858 1.18904296875
12.642857142857142 1.1927015625
12.678571428571429 1.1927015625
12.714285714285714 1.1927015625
12.75 1.1927015625
12.785714285714286 1.18904296875
12.821428571428571 1.18904296875
12.857142857142858 1.18904296875
12.892857142857142 1.18904296875
12.928571428571429 1.185384375
12.964285714285714 1.185384375
13.0 1.185384375
13.035714285714286 1.185384375
13.071428571428571 1.185384375
13.107142857142858 1.185384375
13.142857142857142 1.185384375
13.178571428571429 1.18904296875
13.214285714285714 1.18904296875
13.25 1.18904296875
13.285714285714286 1.18904296875
13.321428571428571 1.18904296875
13.357142857142858 1.18904296875
13.392857142857142 1.1927015625
13.428571428571429 1.1927015625
14.0 1.06465078125
14.035714285714286 1.053675
14.071428571428571 1.05733359375
14.107142857142858 1.0609921875
14.142857142857142 1.0609921875
14.178571428571429 1.06465078125
14.214285714285714 1.06465078125
14.25 1.06465078125
14.285714285714286 1.06465078125
14.321428571428571 1.06465078125
14.357142857142858 1.06465078125
14.392857142857142 1.06465078125
14.428571428571429 1.068309375
14.464285714285714 1.068309375
14.5 1.068309375
14.535714285714286 1.068309375
14.571428571428571 1.068309375
14.607142857142858 1.07196796875
14.642857142857142 1.07196796875
14.678571428571429 1.07196796875
14.714285714285714 1.07196796875
14.75 1.07196796875
14.785714285714286 1.07196796875
14.821428571428571 1.07196796875
14.857142857142858 1.0756265625
14.892857142857142 1.07196796875
14.928571428571429 1.0756265625
15.464285714285714 0.9146484375
15.5 0.9366
15.535714285714286 0.94025859375
15.571428571428571 0.94025859375
15.607142857142858 0.9439171875
15.642857142857142 0.94025859375
15.678571428571429 0.94025859375
15.714285714285714 0.94025859375
15.75 0.94025859375
15.785714285714286 0.94025859375
15.821428571428571 0.9439171875
15.857142857142858 0.9439171875
15.892857142857142 0.9439171875
15.928571428571429 0.9439171875
15.964285714285714 0.9439171875
16.0 0.94757578125
16.035714285714285 0.94757578125
16.071428571428573 0.94757578125
16.107142857142858 0.94757578125
16.142857142857142 0.94757578125
16.178571428571427 0.94757578125
16.214285714285715 0.951234375
16.25 0.951234375
16.285714285714285 0.951234375
16.321428571428573 0.951234375
16.357142857142858 0.951234375
16.392857142857142 0.951234375
16.857142857142858 0.8122078125
16.892857142857142 0.8195250000000001
16.928571428571427 0.82318359375
16.964285714285715 0.8195250000000001
17.0 0.82318359375
17.035714285714285 0.82318359375
17.071428571428573 0.82318359375
17.107142857142858 0.82318359375
17.142857142857142 0.82318359375
17.178571428571427 0.8268421875
17.214285714285715 0.8268421875
17.25 0.8268421875
17.285714285714285 0.8268421875
17.321428571428573 0.8268421875
17.357142857142858 0.83050078125
17.392857142857142 0.83050078125
17.428571428571427 0.834159375
17.464285714285715 0.834159375
17.5 0.834159375
17.535714285714285 0.834159375
17.571428571428573 0.834159375
17.607142857142858 0.834159375
17.642857142857142 0.834159375
17.678571428571427 0.83781796875
17.714285714285715 0.83781796875
17.75 0.83781796875
17.785714285714285 0.83781796875
17.821428571428573 0.83781796875
18.357142857142858 0.71342578125
18.392857142857142 0.7244015625
18.428571428571427 0.72806015625
18.464285714285715 0.73171875
18.5 0.73171875
18.535714285714285 0.73171875
18.571428571428573 0.73171875
18.607142857142858 0.73171875
18.642857142857142 0.73171875
18.678571428571427 0.73537734375
18.714285714285715 0.73537734375
18.75 0.73537734375
18.785714285714285 0.73537734375
18.821428571428573 0.73537734375
18.857142857142858 0.73537734375
18.892857142857142 0.7390359375
18.928571428571427 0.7390359375
18.964285714285715 0.73537734375
19.0 0.7390359375
19.035714285714285 0.7390359375
19.071428571428573 0.7390359375
19.107142857142858 0.7390359375
19.142857142857142 0.7390359375
19.178571428571427 0.74269453125
19.214285714285715 0.74269453125
19.25 0.7390359375
19.285714285714285 0.7390359375
19.785714285714285 0.6219609375
19.821428571428573 0.629278125
19.857142857142858 0.63293671875
19.892857142857142 0.6365953125
19.928571428571427 0.64025390625
19.964285714285715 0.64025390625
20.0 0.6439125
20.035714285714285 0.6439125
20.071428571428573 0.6439125
20.107142857142858 0.6439125
20.142857142857142 0.6439125
20.178571428571427 0.6439125
20.214285714285715 0.6439125
20.25 0.6439125
20.285714285714285 0.64757109375
20.321428571428573 0.64757109375
20.357142857142858 0.64757109375
20.392857142857142 0.6512296875
20.428571428571427 0.6512296875
20.464285714285715 0.6512296875
20.5 0.6512296875
20.535714285714285 0.65488828125
20.571428571428573 0.6512296875
20.607142857142858 0.65488828125
20.642857142857142 0.65488828125
20.678571428571427 0.65488828125
20.714285714285715 0.658546875
20.75 0.658546875
21.25 0.57439921875
21.285714285714285 0.58903359375
21.321428571428573 0.585375
21.357142857142858 0.58903359375
21.392857142857142 0.585375
21.428571428571427 0.5926921875
21.464285714285715 0.5926921875
21.5 0.58903359375
21.535714285714285 0.58903359375
21.571428571428573 0.58171640625
21.607142857142858 0.585375
21.642857142857142 0.585375
21.678571428571427 0.585375
21.714285714285715 0.585375
21.75 0.585375
21.785714285714285 0.58903359375
21.821428571428573 0.58903359375
21.857142857142858 0.58903359375
21.892857142857142 0.58903359375
21.928571428571427 0.5926921875
21.964285714285715 0.58903359375
22.0 0.58903359375
22.035714285714285 0.58903359375
22.071428571428573 0.58903359375
22.107142857142858 0.58903359375
22.142857142857142 0.5926921875
22.178571428571427 0.5926921875
22.714285714285715 0.48659296875
22.75 0.49756875
22.785714285714285 0.48659296875
22.821428571428573 0.4902515625
22.857142857142858 0.5048859375
22.892857142857142 0.5048859375
22.928571428571427 0.5048859375
22.964285714285715 0.50854453125
23.0 0.50854453125
23.035714285714285 0.50854453125
23.071428571428573 0.50854453125
23.107142857142858 0.50854453125
23.142857142857142 0.50854453125
23.178571428571427 0.50854453125
23.214285714285715 0.512203125
23.25 0.512203125
23.285714285714285 0.512203125
23.321428571428573 0.512203125
23.357142857142858 0.51586171875
23.392857142857142 0.51586171875
23.428571428571427 0.51586171875
23.464285714285715 0.51586171875
23.5 0.51586171875
23.535714285714285 0.51586171875
23.571428571428573 0.51586171875
23.607142857142858 0.51586171875
23.642857142857142 0.51586171875
24.142857142857142 0.4170796875
24.178571428571427 0.40976250000000003
24.214285714285715 0.42805546875
24.25 0.42805546875
24.285714285714285 0.4317140625
24.321428571428573 0.4317140625
24.357142857142858 0.43903125
24.392857142857142 0.43537265625
24.428571428571427 0.43903125
24.464285714285715 0.44268984375
24.5 0.44268984375
24.535714285714285 0.44268984375
24.571428571428573 0.44634843750000003
24.607142857142858 0.44634843750000003
24.642857142857142 0.44634843750000003
24.678571428571427 0.44634843750000003
24.714285714285715 0.44634843750000003
24.75 0.44634843750000003
24.785714285714285 0.44634843750000003
24.821428571428573 0.44634843750000003
24.857142857142858 0.45000703125
24.892857142857142 0.45000703125
24.928571428571427 0.45000703125
24.964285714285715 0.45000703125
25.0 0.45000703125
25.035714285714285 0.45000703125
25.071428571428573 0.45000703125
25.607142857142858 0.27439453125
25.642857142857142 0.3439078125
25.678571428571427 0.351225
25.714285714285715 0.351225
25.75 0.35488359375
25.785714285714285 0.3585421875
25.821428571428573 0.3585421875
25.857142857142858 0.3585421875
25.892857142857142 0.36220078125
25.928571428571427 0.36220078125
25.964285714285715 0.36220078125
26.0 0.36220078125
26.035714285714285 0.36220078125
26.071428571428573 0.36220078125
26.107142857142858 0.365859375
26.142857142857142 0.365859375
26.178571428571427 0.365859375
26.214285714285715 0.365859375
26.25 0.365859375
26.285714285714285 0.36951796875
26.321428571428573 0.36951796875
26.357142857142858 0.36951796875
26.392857142857142 0.36951796875
26.428571428571427 0.36951796875
26.464285714285715 0.36951796875
26.5 0.36951796875
26.535714285714285 0.36951796875
26.571428571428573 0.36951796875
27.071428571428573 0.36951796875
27.107142857142858 0.28171171875
27.142857142857142 0.2926875
27.214285714285715 0.2926875
27.25 0.28902890625
27.285714285714285 0.278053125
27.321428571428573 0.27439453125
27.357142857142858 0.27439453125
27.392857142857142 0.27439453125
27.428571428571427 0.278053125
27.464285714285715 0.278053125
27.5 0.278053125
27.535714285714285 0.278053125
27.571428571428573 0.278053125
27.607142857142858 0.278053125
27.642857142857142 0.278053125
27.678571428571427 0.278053125
27.714285714285715 0.278053125
27.75 0.278053125
27.785714285714285 0.278053125
27.821428571428573 0.278053125
27.857142857142858 0.278053125
27.892857142857142 0.278053125
27.928571428571427 0.278053125
27.964285714285715 0.278053125
28.0 0.278053125
28.5 0.2121984375
28.642857142857142 0.23780859375
28.678571428571427 0.23415
28.714285714285715 0.24512578125
28.75 0.24512578125
28.785714285714285 0.2414671875
28.821428571428573 0.24512578125
28.857142857142858 0.24512578125
28.892857142857142 0.248784375
28.928571428571427 0.248784375
28.964285714285715 0.25244296875
29.0 0.25244296875
29.035714285714285 0.25244296875
29.071428571428573 0.25244296875
29.107142857142858 0.25244296875
29.142857142857142 0.2561015625
29.178571428571427 0.2561015625
29.214285714285715 0.2561015625
29.25 0.2561015625
29.285714285714285 0.2561015625
29.321428571428573 0.2561015625
29.357142857142858 0.2561015625
29.392857142857142 0.2561015625
29.428571428571427 0.2561015625
29.464285714285715 0.2561015625
29.928571428571427 0.17195390625
29.964285714285715 0.1975640625
30.0 0.19390546875
30.035714285714285 0.1975640625
30.071428571428573 0.20122265625
30.107142857142858 0.20853984375
30.142857142857142 0.20853984375
30.178571428571427 0.2121984375
30.214285714285715 0.2121984375
30.25 0.21585703125
30.285714285714285 0.21585703125
30.321428571428573 0.21585703125
30.357142857142858 0.219515625
30.392857142857142 0.219515625
30.428571428571427 0.219515625
30.464285714285715 0.219515625
30.5 0.219515625
30.535714285714285 0.219515625
30.571428571428573 0.219515625
30.607142857142858 0.219515625
30.642857142857142 0.219515625
30.678571428571427 0.22317421875000001
30.714285714285715 0.22317421875000001
30.75 0.22317421875000001
30.785714285714285 0.22317421875000001
30.821428571428573 0.22317421875000001
30.857142857142858 0.22317421875000001
31.357142857142858 0.12805078125
31.392857142857142 0.131709375
31.428571428571427 0.131709375
31.464285714285715 0.14634375
31.5 0.14268515625
31.535714285714285 0.15731953125
31.571428571428573 0.15731953125
31.607142857142858 0.160978125
31.642857142857142 0.16463671875
31.678571428571427 0.16463671875
31.714285714285715 0.16463671875
31.75 0.16463671875
31.785714285714285 0.1682953125
31.821428571428573 0.1682953125
31.857142857142858 0.1682953125
31.892857142857142 0.1682953125
31.928571428571427 0.1682953125
31.964285714285715 0.17195390625
32.0 0.17195390625
32.035714285714285 0.17195390625
32.07142857142857 0.17195390625
32.107142857142854 0.17195390625
32.142857142857146 0.17195390625
32.17857142857143 0.17195390625
32.214285714285715 0.17195390625
32.25 0.17195390625
32.285714285714285 0.17195390625
32.32142857142857 0.17195390625
32.82142857142857 0.0804890625
32.857142857142854 0.10244062500000001
32.892857142857146 0.11341640625
32.92857142857143 0.12073359375
32.964285714285715 0.1243921875
33.0 0.1243921875
33.035714285714285 0.1243921875
33.07142857142857 0.12805078125
33.107142857142854 0.131709375
33.142857142857146 0.13536796875
33.17857142857143 0.13536796875
33.214285714285715 0.13536796875
33.25 0.13536796875
33.285714285714285 0.13536796875
33.32142857142857 0.13536796875
33.357142857142854 0.13536796875
33.392857142857146 0.13536796875
33.42857142857143 0.1390265625
33.464285714285715 0.1390265625
33.5 0.1390265625
33.535714285714285 0.1390265625
33.57142857142857 0.1390265625
33.607142857142854 0.1390265625
33.642857142857146 0.1390265625
33.67857142857143 0.1390265625
33.714285714285715 0.14268515625
33.75 0.14268515625
34.25 0.07683046875
34.285714285714285 0.09146484375
34.32142857142857 0.10244062500000001
34.357142857142854 0.117075
34.392857142857146 0.117075
34.42857142857143 0.117075
34.464285714285715 0.117075
34.5 0.1243921875
34.535714285714285 0.12805078125
34.57142857142857 0.12805078125
34.607142857142854 0.131709375
34.642857142857146 0.131709375
34.67857142857143 0.131709375
34.714285714285715 0.131709375
34.75 0.131709375
34.785714285714285 0.131709375
34.82142857142857 0.131709375
34.857142857142854 0.13536796875
34.892857142857146 0.13536796875
34.92857142857143 0.13536796875
34.964285714285715 0.13536796875
35.0 0.13536796875
35.035714285714285 0.13536796875
35.07142857142857 0.1390265625
35.107142857142854 0.1390265625
35.142857142857146 0.1390265625
35.17857142857143 0.1390265625
35.535714285714285 0.073171875
35.67857142857143 0.0
35.714285714285715 0.0658546875
35.75 0.10244062500000001
35.785714285714285 0.10609921875
35.82142857142857 0.10609921875
35.857142857142854 0.1097578125
35.892857142857146 0.1097578125
35.92857142857143 0.1097578125
35.964285714285715 0.11341640625
36.0 0.11341640625
36.035714285714285 0.11341640625
36.07142857142857 0.11341640625
36.107142857142854 0.117075
36.142857142857146 0.11341640625
36.17857142857143 0.11341640625
36.214285714285715 0.11341640625
36.25 0.11341640625
36.285714285714285 0.11341640625
36.32142857142857 0.117075
36.357142857142854 0.117075
36.392857142857146 0.117075
36.42857142857143 0.117075
36.464285714285715 0.117075
36.5 0.117075
36.535714285714285 0.12073359375
36.57142857142857 0.117075
36.607142857142854 0.12073359375
37.107142857142854 0.0365859375
37.142857142857146 0.0585375
37.17857142857143 0.0585375
37.214285714285715 0.06219609375
37.25 0.0658546875
37.285714285714285 0.0658546875
37.32142857142857 0.06951328125
37.357142857142854 0.073171875
37.392857142857146 0.073171875
37.42857142857143 0.073171875
37.464285714285715 0.07683046875
37.5 0.07683046875
37.535714285714285 0.07683046875
37.57142857142857 0.07683046875
37.607142857142854 0.07683046875
37.642857142857146 0.07683046875
37.67857142857143 0.07683046875
37.714285714285715 0.07683046875
37.75 0.07683046875
37.785714285714285 0.07683046875
37.82142857142857 0.0804890625
37.857142857142854 0.0804890625
37.892857142857146 0.0804890625
37.92857142857143 0.0804890625
37.964285714285715 0.0804890625
38.0 0.0804890625
38.035714285714285 0.0804890625
38.07142857142857 0.0804890625
38.57142857142857 0.01097578125
38.607142857142854 0.025610156250000002
38.642857142857146 0.04024453125
38.67857142857143 0.04756171875
38.714285714285715 0.04756171875
38.75 0.043903125
38.785714285714285 0.04756171875
38.82142857142857 0.043903125
38.857142857142854 0.043903125
38.892857142857146 0.04756171875
38.92857142857143 0.04756171875
38.964285714285715 0.051220312500000004
39.0 0.051220312500000004
39.035714285714285 0.051220312500000004
39.07142857142857 0.051220312500000004
39.107142857142854 0.051220312500000004
39.142857142857146 0.051220312500000004
39.17857142857143 0.05487890625
39.214285714285715 0.05487890625
39.25 0.05487890625
39.285714285714285 0.05487890625
39.32142857142857 0.05487890625
39.357142857142854 0.05487890625
39.392857142857146 0.05487890625
39.42857142857143 0.05487890625
39.464285714285715 0.0585375
