0.03571428571428571 2.9758281250000005
0.07142857142857142 3.0148437500000003
0.10714285714285714 3.011296875
0.14285714285714285 3.011296875
0.17857142857142858 3.00775
0.21428571428571427 3.00775
0.25 3.00775
0.2857142857142857 3.00775
0.32142857142857145 3.011296875
0.35714285714285715 3.011296875
0.39285714285714285 3.011296875
0.42857142857142855 3.011296875
0.4642857142857143 3.011296875
0.5 3.011296875
0.5357142857142857 3.011296875
0.5714285714285714 3.011296875
0.6071428571428571 3.011296875
0.6428571428571429 3.011296875
0.6785714285714286 3.011296875
0.7142857142857143 3.0148437500000003
0.75 3.0148437500000003
0.7857142857142857 3.0183906250000003
0.8214285714285714 3.0183906250000003
0.8571428571428571 3.011296875
0.8928571428571429 3.004203125
0.9285714285714286 3.0006562500000005
0.9642857142857143 2.9971093750000004
1.0 2.9971093750000004
1.0357142857142858 2.9935625000000003
1.0714285714285714 2.9971093750000004
1.1071428571428572 2.9971093750000004
1.1428571428571428 2.9971093750000004
1.1785714285714286 2.9971093750000004
1.2142857142857142 2.9971093750000004
1.25 2.9971093750000004
1.2857142857142858 2.9971093750000004
1.3214285714285714 2.9971093750000004
1.3571428571428572 2.9971093750000004
1.3928571428571428 2.9971093750000004
1.4285714285714286 2.9971093750000004
1.4642857142857142 2.9971093750000004
1.5 3.0006562500000005
1.5357142857142858 3.0006562500000005
1.5714285714285714 3.004203125
1.6071428571428572 3.00775
1.6428571428571428 3.0148437500000003
1.6785714285714286 2.897796875
1.7142857142857142 3.011296875
1.75 3.0006562500000005
1.7857142857142858 2.9971093750000004
1.8214285714285714 2.9935625000000003
1.8571428571428572 2.9935625000000003
1.8928571428571428 2.9935625000000003
1.9285714285714286 2.9971093750000004
1.9642857142857142 2.9971093750000004
2.0 2.9971093750000004
2.0357142857142856 2.9971093750000004
2.0714285714285716 2.9971093750000004
2.107142857142857 2.9971093750000004
2.142857142857143 2.9971093750000004
2.1785714285714284 2.9971093750000004
2.2142857142857144 2.9971093750000004
2.25 2.9971093750000004
2.2857142857142856 2.9971093750000004
2.3214285714285716 2.9971093750000004
2.357142857142857 2.9971093750000004
2.392857142857143 3.0006562500000005
2.4285714285714284 3.004203125
2.4642857142857144 3.011296875
2.5 2.8587812500000003
2.5357142857142856 2.954546875
2.5714285714285716 3.0006562500000005
2.607142857142857 2.9971093750000004
2.642857142857143 2.9935625000000003
2.6785714285714284 2.9935625000000003
2.7142857142857144 2.9971093750000004
2.75 2.9971093750000004
2.7857142857142856 2.9971093750000004
2.8214285714285716 2.9971093750000004
2.857142857142857 2.9971093750000004
2.892857142857143 2.9971093750000004
2.9285714285714284 2.9971093750000004
2.9642857142857144 2.9971093750000004
3.0 2.9971093750000004
3.0357142857142856 2.9971093750000004
3.0714285714285716 2.9971093750000004
3.107142857142857 2.9971093750000004
3.142857142857143 2.9971093750000004
3.1785714285714284 2.9971093750000004
3.2142857142857144 3.0006562500000005
3.25 3.004203125
3.2857142857142856 3.011296875
3.3214285714285716 3.00775
3.357142857142857 3.00775
3.392857142857143 3.0006562500000005
3.4285714285714284 2.9935625000000003
3.4642857142857144 2.9935625000000003
3.5 2.9935625000000003
3.5357142857142856 2.9935625000000003
3.5714285714285716 2.9935625000000003
3.607142857142857 2.9935625000000003
3.642857142857143 2.9935625000000003
3.6785714285714284 2.9935625000000003
3.7142857142857144 2.9935625000000003
3.75 2.9935625000000003
3.7857142857142856 2.9935625000000003
3.8214285714285716 2.9935625000000003
3.857142857142857 2.9935625000000003
3.892857142857143 2.9935625000000003
3.9285714285714284 2.9935625000000003
3.9642857142857144 2.9935625000000003
4.0 2.9935625000000003
4.035714285714286 2.9971093750000004
4.071428571428571 2.9971093750000004
4.107142857142857 3.004203125
4.142857142857143 2.9864687500000002
4.178571428571429 2.876515625
4.214285714285714 2.9971093750000004
4.25 2.9935625000000003
4.285714285714286 2.9935625000000003
4.321428571428571 2.9935625000000003
4.357142857142857 2.9900156250000003
4.392857142857143 2.9935625000000003
4.428571428571429 2.9935625000000003
4.464285714285714 2.9935625000000003
4.5 2.9935625000000003
4.535714285714286 2.9935625000000003
4.571428571428571 2.9935625000000003
4.607142857142857 2.9935625000000003
4.642857142857143 2.9935625000000003
4.678571428571429 2.9935625000000003
4.714285714285714 2.9935625000000003
4.75 2.9935625000000003
4.785714285714286 2.9935625000000003
4.821428571428571 2.9935625000000003
4.857142857142857 2.9935625000000003
4.892857142857143 3.0006562500000005
4.928571428571429 3.004203125
4.964285714285714 3.00775
5.0 2.8233125
5.035714285714286 2.9474531250000005
5.071428571428571 2.9935625000000003
5.107142857142857 2.9900156250000003
5.142857142857143 2.9900156250000003
5.178571428571429 2.9900156250000003
5.214285714285714 2.9900156250000003
5.25 2.9900156250000003
5.285714285714286 2.9900156250000003
5.321428571428571 2.9900156250000003
5.357142857142857 2.9900156250000003
5.392857142857143 2.9900156250000003
5.428571428571429 2.9900156250000003
5.464285714285714 2.9900156250000003
5.5 2.9900156250000003
5.535714285714286 2.9900156250000003
5.571428571428571 2.9900156250000003
5.607142857142857 2.9900156250000003
5.642857142857143 2.9900156250000003
5.678571428571429 2.9900156250000003
5.714285714285714 2.9935625000000003
5.75 2.9971093750000004
5.785714285714286 3.004203125
5.821428571428571 2.7807500000000003
5.857142857142857 2.9900156250000003
5.892857142857143 2.9864687500000002
5.928571428571429 2.982921875
5.964285714285714 2.982921875
6.0 2.982921875
6.035714285714286 2.982921875
6.071428571428571 2.982921875
6.107142857142857 2.982921875
6.142857142857143 2.982921875
6.178571428571429 2.982921875
6.214285714285714 2.982921875
6.25 2.982921875
6.285714285714286 2.982921875
6.321428571428571 2.982921875
6.357142857142857 2.982921875
6.392857142857143 2.982921875
6.428571428571429 2.982921875
6.464285714285714 2.982921875
6.5 2.982921875
6.535714285714286 2.982921875
6.571428571428571 2.9900156250000003
6.607142857142857 2.9935625000000003
6.642857142857143 2.9758281250000005
6.678571428571429 2.8658750000000004
6.714285714285714 2.9758281250000005
6.75 2.9758281250000005
6.785714285714286 2.9758281250000005
6.821428571428571 2.9758281250000005
6.857142857142857 2.9758281250000005
6.892857142857143 2.9758281250000005
6.928571428571429 2.9758281250000005
6.964285714285714 2.9758281250000005
7.0 2.9758281250000005
7.035714285714286 2.9758281250000005
7.071428571428571 2.9758281250000005
7.107142857142857 2.9758281250000005
7.142857142857143 2.9758281250000005
7.178571428571429 2.9758281250000005
7.214285714285714 2.9758281250000005
7.25 2.9758281250000005
7.285714285714286 2.9758281250000005
7.321428571428571 2.9758281250000005
7.357142857142857 2.9758281250000005
7.392857142857143 2.979375
7.428571428571429 2.9864687500000002
7.464285714285714 2.9900156250000003
7.5 2.8126718750000004
7.535714285714286 2.979375
7.571428571428571 2.979375
7.607142857142857 2.979375
7.642857142857143 2.979375
7.678571428571429 2.979375
7.714285714285714 2.979375
7.75 2.979375
7.785714285714286 2.979375
7.821428571428571 2.979375
7.857142857142857 2.9758281250000005
7.892857142857143 2.979375
7.928571428571429 2.979375
7.964285714285714 2.9758281250000005
8.0 2.979375
8.035714285714286 2.9758281250000005
8.071428571428571 2.9758281250000005
8.107142857142858 2.9758281250000005
8.142857142857142 2.9758281250000005
8.178571428571429 2.9758281250000005
8.214285714285714 2.979375
8.25 2.9864687500000002
8.285714285714286 2.9900156250000003
8.321428571428571 2.9900156250000003
8.357142857142858 2.979375
8.392857142857142 2.979375
8.428571428571429 2.982921875
8.464285714285714 2.982921875
8.5 2.982921875
8.535714285714286 2.982921875
8.571428571428571 2.982921875
8.607142857142858 2.982921875
8.642857142857142 2.979375
8.678571428571429 2.979375
8.714285714285714 2.979375
8.75 2.979375
8.785714285714286 2.979375
8.821428571428571 2.979375
8.857142857142858 2.979375
8.892857142857142 2.979375
8.928571428571429 2.979375
8.964285714285714 2.979375
9.0 2.979375
9.035714285714286 2.979375
9.071428571428571 2.9900156250000003
9.107142857142858 2.9935625000000003
9.142857142857142 2.9971093750000004
9.178571428571429 2.8623281250000003
9.214285714285714 2.9864687500000002
9.25 2.9864687500000002
9.285714285714286 2.9864687500000002
9.321428571428571 2.9864687500000002
9.357142857142858 2.9864687500000002
9.392857142857142 2.9864687500000002
9.428571428571429 2.9864687500000002
9.464285714285714 2.9864687500000002
9.5 2.9864687500000002
9.535714285714286 2.9864687500000002
9.571428571428571 2.9864687500000002
9.607142857142858 2.9864687500000002
9.642857142857142 2.9864687500000002
9.678571428571429 2.9864687500000002
9.714285714285714 2.9864687500000002
9.75 2.9864687500000002
9.785714285714286 2.9864687500000002
9.821428571428571 2.9864687500000002
9.857142857142858 2.9864687500000002
9.892857142857142 2.9900156250000003
9.928571428571429 2.9935625000000003
9.964285714285714 2.9971093750000004
10.0 2.7913906250000005
10.035714285714286 2.9900156250000003
10.071428571428571 2.9935625000000003
10.107142857142858 2.9935625000000003
10.142857142857142 2.9935625000000003
10.178571428571429 2.9935625000000003
10.214285714285714 2.9935625000000003
10.25 2.9935625000000003
10.285714285714286 2.9935625000000003
10.321428571428571 2.9935625000000003
10.357142857142858 2.9935625000000003
10.392857142857142 2.9935625000000003
10.428571428571429 2.9935625000000003
10.464285714285714 2.9935625000000003
10.5 2.9935625000000003
10.535714285714286 2.9935625000000003
10.571428571428571 2.9935625000000003
10.607142857142858 2.9935625000000003
10.642857142857142 2.9935625000000003
10.678571428571429 2.9935625000000003
10.714285714285714 2.9935625000000003
10.75 3.0006562500000005
10.785714285714286 3.004203125
10.821428571428571 3.004203125
10.857142857142858 2.9900156250000003
10.892857142857142 2.9900156250000003
10.928571428571429 2.9935625000000003
10.964285714285714 2.9935625000000003
11.0 2.9935625000000003
11.035714285714286 2.9935625000000003
11.071428571428571 2.9935625000000003
11.107142857142858 2.9935625000000003
11.142857142857142 2.9935625000000003
11.178571428571429 2.9935625000000003
11.214285714285714 2.9935625000000003
11.25 2.9935625000000003
11.285714285714286 2.9935625000000003
11.321428571428571 2.9935625000000003
11.357142857142858 2.9935625000000003
11.392857142857142 2.9935625000000003
11.428571428571429 2.9935625000000003
11.464285714285714 2.9935625000000003
11.5 2.9935625000000003
11.535714285714286 2.9935625000000003
11.571428571428571 3.0006562500000005
11.607142857142858 3.004203125
11.642857142857142 3.00775
11.678571428571429 2.8233125
11.714285714285714 2.9900156250000003
11.75 2.9935625000000003
11.785714285714286 2.9935625000000003
11.821428571428571 2.9935625000000003
11.857142857142858 2.9935625000000003
11.892857142857142 2.9935625000000003
11.928571428571429 2.9935625000000003
11.964285714285714 2.9935625000000003
12.0 2.9935625000000003
12.035714285714286 2.9935625000000003
12.071428571428571 2.9935625000000003
12.107142857142858 2.9935625000000003
12.142857142857142 2.9935625000000003
12.178571428571429 2.9935625000000003
12.214285714285714 2.9935625000000003
12.25 2.9935625000000003
12.285714285714286 2.9935625000000003
12.321428571428571 2.9935625000000003
12.357142857142858 2.9935625000000003
12.392857142857142 3.0006562500000005
12.428571428571429 3.004203125
12.464285714285714 3.00775
12.5 2.90134375
12.535714285714286 2.9900156250000003
12.571428571428571 2.9935625000000003
12.607142857142858 2.9935625000000003
12.642857142857142 2.9935625000000003
12.678571428571429 2.9935625000000003
12.714285714285714 2.9935625000000003
12.75 2.9935625000000003
12.785714285714286 2.9935625000000003
12.821428571428571 2.9935625000000003
12.857142857142858 2.9935625000000003
12.892857142857142 2.9935625000000003
12.928571428571429 2.9935625000000003
12.964285714285714 2.9935625000000003
13.0 2.9935625000000003
13.035714285714286 2.9935625000000003
13.071428571428571 2.9935625000000003
13.107142857142858 2.9935625000000003
13.142857142857142 2.9935625000000003
13.178571428571429 2.9935625000000003
13.214285714285714 2.9971093750000004
13.25 3.004203125
13.285714285714286 3.004203125
13.321428571428571 2.9900156250000003
13.357142857142858 2.9935625000000003
13.392857142857142 2.9900156250000003
13.428571428571429 2.9900156250000003
13.464285714285714 2.9900156250000003
13.5 2.9900156250000003
13.535714285714286 2.9900156250000003
13.571428571428571 2.9900156250000003
13.607142857142858 2.9900156250000003
13.642857142857142 2.9900156250000003
13.678571428571429 2.9900156250000003
13.714285714285714 2.9900156250000003
13.75 2.9900156250000003
13.785714285714286 2.9900156250000003
13.821428571428571 2.9900156250000003
13.857142857142858 2.9900156250000003
13.892857142857142 2.9900156250000003
13.928571428571429 2.9900156250000003
13.964285714285714 2.9900156250000003
14.0 2.9900156250000003
14.035714285714286 2.9900156250000003
14.071428571428571 3.0006562500000005
14.107142857142858 3.004203125
14.142857142857142 3.0006562500000005
14.178571428571429 2.9687343750000004
14.214285714285714 2.9864687500000002
14.25 2.9864687500000002
14.285714285714286 2.9864687500000002
14.321428571428571 2.9864687500000002
14.357142857142858 2.9864687500000002
14.392857142857142 2.9864687500000002
14.428571428571429 2.9864687500000002
14.464285714285714 2.9864687500000002
14.5 2.9864687500000002
14.535714285714286 2.9864687500000002
14.571428571428571 2.9864687500000002
14.607142857142858 2.9864687500000002
14.642857142857142 2.9864687500000002
14.678571428571429 2.9864687500000002
14.714285714285714 2.982921875
14.75 2.982921875
14.785714285714286 2.982921875
14.821428571428571 2.9864687500000002
14.857142857142858 2.982921875
14.892857142857142 2.9900156250000003
14.928571428571429 2.9935625000000003
14.964285714285714 2.9971093750000004
15.0 2.9722812500000004
15.035714285714286 2.982921875
15.071428571428571 2.982921875
15.107142857142858 2.982921875
15.142857142857142 2.982921875
15.178571428571429 2.982921875
15.214285714285714 2.982921875
15.25 2.982921875
15.285714285714286 2.982921875
15.321428571428571 2.982921875
15.357142857142858 2.982921875
15.392857142857142 2.982921875
15.428571428571429 2.982921875
15.464285714285714 2.982921875
15.5 2.982921875
15.535714285714286 2.982921875
15.571428571428571 2.982921875
15.607142857142858 2.982921875
15.642857142857142 2.982921875
15.678571428571429 2.982921875
15.714285714285714 2.982921875
15.75 2.9900156250000003
15.785714285714286 2.9900156250000003
15.821428571428571 2.979375
15.857142857142858 2.9722812500000004
15.892857142857142 2.9722812500000004
15.928571428571429 2.9722812500000004
15.964285714285714 2.9758281250000005
16.0 2.9758281250000005
16.035714285714285 2.9722812500000004
16.071428571428573 2.9722812500000004
16.107142857142858 2.9722812500000004
16.142857142857142 2.9758281250000005
16.178571428571427 2.9722812500000004
16.214285714285715 2.9722812500000004
16.25 2.9722812500000004
16.285714285714285 2.9722812500000004
16.321428571428573 2.9722812500000004
16.357142857142858 2.9722812500000004
16.392857142857142 2.9722812500000004
16.428571428571427 2.9722812500000004
16.464285714285715 2.9722812500000004
16.5 2.9722812500000004
16.535714285714285 2.9722812500000004
16.571428571428573 2.9758281250000005
16.607142857142858 2.979375
16.642857142857142 2.9758281250000005
16.678571428571427 2.7842968750000003
16.714285714285715 2.9651875000000003
16.75 2.9722812500000004
16.785714285714285 2.9722812500000004
16.821428571428573 2.9722812500000004
16.857142857142858 2.9722812500000004
16.892857142857142 2.9687343750000004
16.928571428571427 2.9687343750000004
16.964285714285715 2.9687343750000004
17.0 2.9687343750000004
17.035714285714285 2.9687343750000004
17.071428571428573 2.9687343750000004
17.107142857142858 2.9687343750000004
17.142857142857142 2.9687343750000004
17.178571428571427 2.9687343750000004
17.214285714285715 2.9687343750000004
17.25 2.9687343750000004
17.285714285714285 2.9687343750000004
17.321428571428573 2.9687343750000004
17.357142857142858 2.9687343750000004
17.392857142857142 2.9722812500000004
17.428571428571427 2.9758281250000005
17.464285714285715 2.9758281250000005
17.5 2.8658750000000004
17.535714285714285 2.9616406250000002
17.571428571428573 2.9616406250000002
17.607142857142858 2.9616406250000002
17.642857142857142 2.9616406250000002
17.678571428571427 2.9616406250000002
17.714285714285715 2.9616406250000002
17.75 2.9616406250000002
17.785714285714285 2.9616406250000002
17.821428571428573 2.9616406250000002
17.857142857142858 2.9616406250000002
17.892857142857142 2.9616406250000002
17.928571428571427 2.9616406250000002
17.964285714285715 2.9616406250000002
18.0 2.9616406250000002
18.035714285714285 2.9616406250000002
18.071428571428573 2.9616406250000002
18.107142857142858 2.9616406250000002
18.142857142857142 2.9616406250000002
18.178571428571427 2.9616406250000002
18.214285714285715 2.9616406250000002
18.25 2.9651875000000003
18.285714285714285 2.9687343750000004
18.321428571428573 2.951
18.357142857142858 2.954546875
18.392857142857142 2.95809375
18.428571428571427 2.95809375
18.464285714285715 2.95809375
18.5 2.95809375
18.535714285714285 2.95809375
18.571428571428573 2.95809375
18.607142857142858 2.95809375
18.642857142857142 2.95809375
18.678571428571427 2.95809375
18.714285714285715 2.95809375
18.75 2.95809375
18.785714285714285 2.95809375
18.821428571428573 2.95809375
18.857142857142858 2.95809375
18.892857142857142 2.95809375
18.928571428571427 2.95809375
18.964285714285715 2.95809375
19.0 2.95809375
19.035714285714285 2.9616406250000002
19.071428571428573 2.9616406250000002
19.107142857142858 2.9687343750000004
19.142857142857142 2.9616406250000002
19.178571428571427 2.90134375
19.214285714285715 2.951
19.25 2.954546875
19.285714285714285 2.954546875
19.321428571428573 2.954546875
19.357142857142858 2.954546875
19.392857142857142 2.954546875
19.428571428571427 2.954546875
19.464285714285715 2.954546875
19.5 2.954546875
19.535714285714285 2.954546875
19.571428571428573 2.954546875
19.607142857142858 2.954546875
19.642857142857142 2.954546875
19.678571428571427 2.954546875
19.714285714285715 2.954546875
19.75 2.954546875
19.785714285714285 2.954546875
19.821428571428573 2.954546875
19.857142857142858 2.954546875
19.892857142857142 2.95809375
19.928571428571427 2.9616406250000002
19.964285714285715 2.9651875000000003
20.0 2.8445937500000005
20.035714285714285 2.954546875
20.071428571428573 2.954546875
20.107142857142858 2.954546875
20.142857142857142 2.954546875
20.178571428571427 2.954546875
20.214285714285715 2.954546875
20.25 2.954546875
20.285714285714285 2.954546875
20.321428571428573 2.954546875
20.357142857142858 2.954546875
20.392857142857142 2.954546875
20.428571428571427 2.954546875
20.464285714285715 2.954546875
20.5 2.954546875
20.535714285714285 2.954546875
20.571428571428573 2.954546875
20.607142857142858 2.954546875
20.642857142857142 2.954546875
20.678571428571427 2.954546875
20.714285714285715 2.95809375
20.75 2.9616406250000002
20.785714285714285 2.9651875000000003
20.821428571428573 2.95809375
20.857142857142858 2.9616406250000002
20.892857142857142 2.954546875
20.928571428571427 2.95809375
20.964285714285715 2.95809375
21.0 2.95809375
21.035714285714285 2.95809375
21.071428571428573 2.95809375
21.107142857142858 2.95809375
21.142857142857142 2.95809375
21.178571428571427 2.95809375
21.214285714285715 2.954546875
21.25 2.95809375
21.285714285714285 2.95809375
21.321428571428573 2.95809375
21.357142857142858 2.954546875
21.392857142857142 2.954546875
21.428571428571427 2.954546875
21.464285714285715 2.954546875
21.5 2.954546875
21.535714285714285 2.95809375
21.571428571428573 2.9616406250000002
21.607142857142858 2.9651875000000003
21.642857142857142 2.9651875000000003
21.678571428571427 2.8836093750000003
21.714285714285715 2.9616406250000002
21.75 2.9616406250000002
21.785714285714285 2.9616406250000002
21.821428571428573 2.9616406250000002
21.857142857142858 2.9616406250000002
21.892857142857142 2.9616406250000002
21.928571428571427 2.9616406250000002
21.964285714285715 2.9616406250000002
22.0 2.9616406250000002
22.035714285714285 2.9616406250000002
22.071428571428573 2.9616406250000002
22.107142857142858 2.9616406250000002
22.142857142857142 2.9616406250000002
22.178571428571427 2.9616406250000002
22.214285714285715 2.9616406250000002
22.25 2.9616406250000002
22.285714285714285 2.9616406250000002
22.321428571428573 2.9616406250000002
22.357142857142858 2.9616406250000002
22.392857142857142 2.9651875000000003
22.428571428571427 2.9687343750000004
22.464285714285715 2.9722812500000004
22.5 2.8233125
22.535714285714285 2.9651875000000003
22.571428571428573 2.9616406250000002
22.607142857142858 2.9616406250000002
22.642857142857142 2.9616406250000002
22.678571428571427 2.9616406250000002
22.714285714285715 2.9616406250000002
22.75 2.9616406250000002
22.785714285714285 2.9616406250000002
22.821428571428573 2.9616406250000002
22.857142857142858 2.9616406250000002
22.892857142857142 2.9616406250000002
22.928571428571427 2.9616406250000002
22.964285714285715 2.9616406250000002
23.0 2.9616406250000002
23.035714285714285 2.9616406250000002
23.071428571428573 2.9616406250000002
23.107142857142858 2.9616406250000002
23.142857142857142 2.9616406250000002
23.178571428571427 2.9616406250000002
23.214285714285715 2.9616406250000002
23.25 2.9651875000000003
23.285714285714285 2.9722812500000004
23.321428571428573 2.9651875000000003
23.357142857142858 2.95809375
23.392857142857142 2.954546875
23.428571428571427 2.954546875
23.464285714285715 2.95809375
23.5 2.95809375
23.535714285714285 2.95809375
23.571428571428573 2.95809375
23.607142857142858 2.95809375
23.642857142857142 2.95809375
23.678571428571427 2.95809375
23.714285714285715 2.954546875
23.75 2.954546875
23.785714285714285 2.954546875
23.821428571428573 2.954546875
23.857142857142858 2.954546875
23.892857142857142 2.954546875
23.928571428571427 2.954546875
23.964285714285715 2.954546875
24.0 2.954546875
24.035714285714285 2.95809375
24.071428571428573 2.9616406250000002
24.107142857142858 2.9687343750000004
24.142857142857142 2.9687343750000004
24.178571428571427 2.8658750000000004
24.214285714285715 2.9616406250000002
24.25 2.95809375
24.285714285714285 2.95809375
24.321428571428573 2.95809375
24.357142857142858 2.95809375
24.392857142857142 2.95809375
24.428571428571427 2.95809375
24.464285714285715 2.95809375
24.5 2.95809375
24.535714285714285 2.95809375
24.571428571428573 2.95809375
24.607142857142858 2.95809375
24.642857142857142 2.95809375
24.678571428571427 2.95809375
24.714285714285715 2.95809375
24.75 2.95809375
24.785714285714285 2.95809375
24.821428571428573 2.95809375
24.857142857142858 2.95809375
24.892857142857142 2.9651875000000003
24.928571428571427 2.9651875000000003
24.964285714285715 2.9687343750000004
25.0 2.8233125
25.035714285714285 2.9616406250000002
25.071428571428573 2.9616406250000002
25.107142857142858 2.9616406250000002
25.142857142857142 2.9616406250000002
25.178571428571427 2.9616406250000002
25.214285714285715 2.9616406250000002
25.25 2.9616406250000002
25.285714285714285 2.9616406250000002
25.321428571428573 2.9616406250000002
25.357142857142858 2.9616406250000002
25.392857142857142 2.9616406250000002
25.428571428571427 2.9616406250000002
25.464285714285715 2.9616406250000002
25.5 2.9616406250000002
25.535714285714285 2.9616406250000002
25.571428571428573 2.9616406250000002
25.607142857142858 2.9616406250000002
25.642857142857142 2.9616406250000002
25.678571428571427 2.9616406250000002
25.714285714285715 2.9651875000000003
25.75 2.9687343750000004
25.785714285714285 2.9722812500000004
25.821428571428573 2.9722812500000004
25.857142857142858 2.9651875000000003
25.892857142857142 2.9687343750000004
25.928571428571427 2.9687343750000004
25.964285714285715 2.9687343750000004
26.0 2.9687343750000004
26.035714285714285 2.9687343750000004
26.071428571428573 2.9687343750000004
26.107142857142858 2.9687343750000004
26.142857142857142 2.9687343750000004
26.178571428571427 2.9687343750000004
26.214285714285715 2.9687343750000004
26.25 2.9687343750000004
26.285714285714285 2.9687343750000004
26.321428571428573 2.9687343750000004
26.357142857142858 2.9687343750000004
26.392857142857142 2.9687343750000004
26.428571428571427 2.9687343750000004
26.464285714285715 2.9687343750000004
26.5 2.9687343750000004
26.535714285714285 2.9651875000000003
26.571428571428573 2.9758281250000005
26.607142857142858 2.979375
26.642857142857142 2.979375
26.678571428571427 2.8658750000000004
26.714285714285715 2.9722812500000004
26.75 2.9722812500000004
26.785714285714285 2.9722812500000004
26.821428571428573 2.9722812500000004
26.857142857142858 2.9722812500000004
26.892857142857142 2.9722812500000004
26.928571428571427 2.9722812500000004
26.964285714285715 2.9722812500000004
27.0 2.9722812500000004
27.035714285714285 2.9722812500000004
27.071428571428573 2.9722812500000004
27.107142857142858 2.9722812500000004
27.142857142857142 2.9722812500000004
27.178571428571427 2.9722812500000004
27.214285714285715 2.9722812500000004
27.25 2.9722812500000004
27.285714285714285 2.9722812500000004
27.321428571428573 2.9722812500000004
27.357142857142858 2.9722812500000004
27.392857142857142 2.9758281250000005
27.428571428571427 2.979375
27.464285714285715 2.982921875
27.5 2.7913906250000005
27.535714285714285 2.9722812500000004
27.571428571428573 2.9722812500000004
27.607142857142858 2.9758281250000005
27.642857142857142 2.9758281250000005
27.678571428571427 2.9758281250000005
27.714285714285715 2.9758281250000005
27.75 2.9758281250000005
27.785714285714285 2.9758281250000005
27.821428571428573 2.9758281250000005
27.857142857142858 2.9758281250000005
27.892857142857142 2.9758281250000005
27.928571428571427 2.9758281250000005
27.964285714285715 2.9758281250000005
28.0 2.9758281250000005
28.035714285714285 2.9758281250000005
28.071428571428573 2.9758281250000005
28.107142857142858 2.9758281250000005
28.142857142857142 2.9758281250000005
28.178571428571427 2.9758281250000005
28.214285714285715 2.9758281250000005
28.25 2.982921875
28.285714285714285 2.9864687500000002
28.321428571428573 2.9864687500000002
28.357142857142858 2.9758281250000005
28.392857142857142 2.9758281250000005
28.428571428571427 2.979375
28.464285714285715 2.979375
28.5 2.979375
28.535714285714285 2.979375
28.571428571428573 2.979375
28.607142857142858 2.979375
28.642857142857142 2.979375
28.678571428571427 2.979375
28.714285714285715 2.979375
28.75 2.979375
28.785714285714285 2.979375
28.821428571428573 2.979375
28.857142857142858 2.979375
28.892857142857142 2.979375
28.928571428571427 2.979375
28.964285714285715 2.979375
29.0 2.979375
29.035714285714285 2.979375
29.071428571428573 2.982921875
29.107142857142858 2.9900156250000003
29.142857142857142 2.982921875
29.178571428571427 2.8410468750000004
29.214285714285715 2.979375
29.25 2.982921875
29.285714285714285 2.982921875
29.321428571428573 2.982921875
29.357142857142858 2.982921875
29.392857142857142 2.982921875
29.428571428571427 2.982921875
29.464285714285715 2.982921875
29.5 2.982921875
29.535714285714285 2.982921875
29.571428571428573 2.982921875
29.607142857142858 2.982921875
29.642857142857142 2.982921875
29.678571428571427 2.982921875
29.714285714285715 2.982921875
29.75 2.982921875
29.785714285714285 2.982921875
29.821428571428573 2.982921875
29.857142857142858 2.982921875
29.892857142857142 2.9864687500000002
29.928571428571427 2.9900156250000003
29.964285714285715 2.9935625000000003
30.0 2.90134375
30.035714285714285 2.982921875
30.071428571428573 2.9864687500000002
30.107142857142858 2.9864687500000002
30.142857142857142 2.9864687500000002
30.178571428571427 2.9864687500000002
30.214285714285715 2.9864687500000002
30.25 2.9864687500000002
30.285714285714285 2.9864687500000002
30.321428571428573 2.9864687500000002
30.357142857142858 2.9864687500000002
30.392857142857142 2.9864687500000002
30.428571428571427 2.9864687500000002
30.464285714285715 2.9864687500000002
30.5 2.9864687500000002
30.535714285714285 2.9864687500000002
30.571428571428573 2.9864687500000002
30.607142857142858 2.9864687500000002
30.642857142857142 2.9864687500000002
30.678571428571427 2.9864687500000002
30.714285714285715 2.9864687500000002
30.75 2.9935625000000003
30.785714285714285 2.9971093750000004
30.821428571428573 2.982921875
30.857142857142858 2.9900156250000003
30.892857142857142 2.9935625000000003
30.928571428571427 2.9935625000000003
30.964285714285715 2.9935625000000003
31.0 2.9935625000000003
31.035714285714285 2.9935625000000003
31.071428571428573 2.9935625000000003
31.107142857142858 2.9935625000000003
31.142857142857142 2.9935625000000003
31.178571428571427 2.9935625000000003
31.214285714285715 2.9935625000000003
31.25 2.9935625000000003
31.285714285714285 2.9935625000000003
31.321428571428573 2.9935625000000003
31.357142857142858 2.9935625000000003
31.392857142857142 2.9935625000000003
31.428571428571427 2.9935625000000003
31.464285714285715 2.9935625000000003
31.5 2.9935625000000003
31.535714285714285 2.9935625000000003
31.571428571428573 3.0006562500000005
31.607142857142858 3.004203125
31.642857142857142 3.004203125
31.678571428571427 2.80203125
31.714285714285715 2.9971093750000004
31.75 2.9971093750000004
31.785714285714285 2.9971093750000004
31.821428571428573 2.9971093750000004
31.857142857142858 2.9971093750000004
31.892857142857142 2.9971093750000004
31.928571428571427 2.9971093750000004
31.964285714285715 2.9971093750000004
32.0 2.9971093750000004
32.035714285714285 2.9971093750000004
32.07142857142857 2.9971093750000004
32.107142857142854 2.9971093750000004
32.142857142857146 2.9971093750000004
32.17857142857143 2.9971093750000004
32.214285714285715 2.9971093750000004
32.25 2.9971093750000004
32.285714285714285 2.9971093750000004
32.32142857142857 2.9971093750000004
32.357142857142854 2.9971093750000004
32.392857142857146 3.0006562500000005
32.42857142857143 3.004203125
32.464285714285715 3.00775
32.5 2.9935625000000003
32.535714285714285 3.004203125
32.57142857142857 3.0006562500000005
32.607142857142854 3.0006562500000005
32.642857142857146 3.004203125
32.67857142857143 3.004203125
32.714285714285715 3.004203125
32.75 3.0006562500000005
32.785714285714285 3.0006562500000005
32.82142857142857 3.0006562500000005
32.857142857142854 3.0006562500000005
32.892857142857146 3.0006562500000005
32.92857142857143 3.0006562500000005
32.964285714285715 3.0006562500000005
33.0 3.0006562500000005
33.035714285714285 3.0006562500000005
33.07142857142857 3.0006562500000005
33.107142857142854 3.0006562500000005
33.142857142857146 3.0006562500000005
33.17857142857143 3.0006562500000005
33.214285714285715 3.004203125
33.25 3.00775
33.285714285714285 3.0148437500000003
33.32142857142857 3.00775
33.357142857142854 2.95809375
33.392857142857146 3.00775
33.42857142857143 3.00775
33.464285714285715 3.00775
33.5 3.00775
33.535714285714285 3.00775
33.57142857142857 3.00775
33.607142857142854 3.00775
33.642857142857146 3.00775
33.67857142857143 3.00775
33.714285714285715 3.00775
33.75 3.00775
33.785714285714285 3.00775
33.82142857142857 3.00775
33.857142857142854 3.00775
33.892857142857146 3.00775
33.92857142857143 3.00775
33.964285714285715 3.00775
34.0 3.00775
34.035714285714285 3.011296875
34.07142857142857 3.011296875
34.107142857142854 3.0148437500000003
34.142857142857146 3.0219375000000004
34.17857142857143 2.7878437500000004
34.214285714285715 3.011296875
34.25 3.0148437500000003
34.285714285714285 3.0183906250000003
34.32142857142857 3.0183906250000003
34.357142857142854 3.0183906250000003
34.392857142857146 3.0148437500000003
34.42857142857143 3.0148437500000003
34.464285714285715 3.0148437500000003
34.5 3.0148437500000003
34.535714285714285 3.0148437500000003
34.57142857142857 3.0148437500000003
34.607142857142854 3.0148437500000003
34.642857142857146 3.0148437500000003
34.67857142857143 3.0148437500000003
34.714285714285715 3.0148437500000003
34.75 3.0148437500000003
34.785714285714285 3.0148437500000003
34.82142857142857 3.0148437500000003
34.857142857142854 3.0148437500000003
34.892857142857146 3.0219375000000004
34.92857142857143 3.02903125
34.964285714285715 3.032578125
35.0 2.8623281250000003
35.035714285714285 3.0254843750000004
35.07142857142857 3.0254843750000004
35.107142857142854 3.0254843750000004
35.142857142857146 3.0254843750000004
35.17857142857143 3.0254843750000004
35.214285714285715 3.0254843750000004
35.25 3.0254843750000004
35.285714285714285 3.0254843750000004
35.32142857142857 3.0254843750000004
35.357142857142854 3.0254843750000004
35.392857142857146 3.0254843750000004
35.42857142857143 3.0254843750000004
35.464285714285715 3.0254843750000004
35.5 3.0254843750000004
35.535714285714285 3.0254843750000004
35.57142857142857 3.0254843750000004
35.607142857142854 3.0254843750000004
35.642857142857146 3.0254843750000004
35.67857142857143 3.0254843750000004
35.714285714285715 3.0254843750000004
35.75 3.032578125
35.785714285714285 3.032578125
35.82142857142857 3.036125
35.857142857142854 2.9368125000000003
35.892857142857146 3.02903125
35.92857142857143 3.02903125
35.964285714285715 3.02903125
36.0 3.02903125
36.035714285714285 3.02903125
36.07142857142857 3.02903125
36.107142857142854 3.02903125
36.142857142857146 3.02903125
36.17857142857143 3.02903125
36.214285714285715 3.02903125
36.25 3.02903125
36.285714285714285 3.02903125
36.32142857142857 3.02903125
36.357142857142854 3.02903125
36.392857142857146 3.02903125
36.42857142857143 3.02903125
36.464285714285715 3.02903125
36.5 3.02903125
36.535714285714285 3.02903125
36.57142857142857 3.032578125
36.607142857142854 3.0396718750000002
36.642857142857146 3.0396718750000002
36.67857142857143 2.8942500000000004
36.714285714285715 3.032578125
36.75 3.032578125
36.785714285714285 3.032578125
36.82142857142857 3.032578125
36.857142857142854 3.032578125
36.892857142857146 3.032578125
36.92857142857143 3.032578125
36.964285714285715 3.032578125
37.0 3.02903125
37.035714285714285 3.02903125
37.07142857142857 3.02903125
37.107142857142854 3.032578125
37.142857142857146 3.032578125
37.17857142857143 3.02903125
37.214285714285715 3.02903125
37.25 3.02903125
37.285714285714285 3.02903125
37.32142857142857 3.02903125
37.357142857142854 3.02903125
37.392857142857146 3.036125
37.42857142857143 3.0396718750000002
37.464285714285715 3.0432187500000003
37.5 2.8410468750000004
37.535714285714285 2.9616406250000002
37.57142857142857 3.0396718750000002
37.607142857142854 3.0396718750000002
37.642857142857146 3.0432187500000003
37.67857142857143 3.0396718750000002
37.714285714285715 3.0396718750000002
37.75 3.0396718750000002
37.785714285714285 3.0396718750000002
37.82142857142857 3.0396718750000002
37.857142857142854 3.0396718750000002
37.892857142857146 3.0396718750000002
37.92857142857143 3.0396718750000002
37.964285714285715 3.0396718750000002
38.0 3.0396718750000002
38.035714285714285 3.0396718750000002
38.07142857142857 3.0396718750000002
38.107142857142854 3.0396718750000002
38.142857142857146 3.0396718750000002
38.17857142857143 3.0396718750000002
38.214285714285715 3.0396718750000002
38.25 3.0503125000000004
38.285714285714285 3.0503125000000004
38.32142857142857 3.0538593750000005
38.357142857142854 3.0503125000000004
38.392857142857146 3.0503125000000004
38.42857142857143 3.0503125000000004
38.464285714285715 3.0467656250000004
38.5 3.0503125000000004
38.535714285714285 3.0503125000000004
38.57142857142857 3.0467656250000004
38.607142857142854 3.0467656250000004
38.642857142857146 3.0467656250000004
38.67857142857143 3.0467656250000004
38.714285714285715 3.0467656250000004
38.75 3.0467656250000004
38.785714285714285 3.0467656250000004
38.82142857142857 3.0467656250000004
38.857142857142854 3.0467656250000004
38.892857142857146 3.0467656250000004
38.92857142857143 3.0467656250000004
38.964285714285715 3.0467656250000004
39.0 3.0467656250000004
39.035714285714285 3.0467656250000004
39.07142857142857 3.0538593750000005
39.107142857142854 3.060953125
39.142857142857146 3.0645000000000002
39.17857142857143 2.9368125000000003
39.214285714285715 2.9935625000000003
39.25 3.05740625
39.285714285714285 3.05740625
39.32142857142857 3.05740625
39.357142857142854 3.05740625
39.392857142857146 3.05740625
39.42857142857143 3.05740625
39.464285714285715 3.05740625
39.5 3.05740625
39.535714285714285 3.05740625
39.57142857142857 3.05740625
39.607142857142854 3.05740625
39.642857142857146 3.05740625
39.67857142857143 3.05740625
39.714285714285715 3.05740625
39.75 3.05740625
39.785714285714285 3.05740625
39.82142857142857 3.05740625
39.857142857142854 3.05740625
39.892857142857146 3.05740625
39.92857142857143 3.0645000000000002
