0.03571428571428571 1.7698906250000002
0.07142857142857142 1.7698906250000002
0.10714285714285714 1.7698906250000002
0.14285714285714285 1.7698906250000002
0.17857142857142858 1.7698906250000002
0.21428571428571427 1.7698906250000002
0.25 1.7698906250000002
0.2857142857142857 1.7698906250000002
0.32142857142857145 1.7698906250000002
0.35714285714285715 1.776984375
0.39285714285714285 1.7840781250000002
0.6428571428571429 2.0855625
0.6785714285714286 1.9649687500000002
0.7142857142857143 1.9046718750000002
0.75 1.7344218750000002
0.7857142857142857 1.7344218750000002
0.8214285714285714 1.7344218750000002
0.8571428571428571 1.7344218750000002
0.8928571428571429 1.73796875
0.9285714285714286 1.73796875
0.9642857142857143 1.73796875
1.0 1.73796875
1.0357142857142858 1.73796875
1.0714285714285714 1.73796875
1.1071428571428572 1.73796875
1.1428571428571428 1.73796875
1.1785714285714286 1.73796875
1.2142857142857142 1.73796875
1.25 1.73796875
1.2857142857142858 1.73796875
1.3214285714285714 1.73796875
1.3571428571428572 1.73796875
1.3928571428571428 1.73796875
1.4285714285714286 1.73796875
1.4642857142857142 1.73796875
1.5 1.7415156250000001
1.5357142857142858 1.73796875
1.5714285714285714 1.7415156250000001
1.6071428571428572 1.73796875
1.6428571428571428 1.73796875
1.6785714285714286 1.73796875
1.7142857142857142 1.73796875
1.75 1.73796875
1.7857142857142858 1.73796875
1.8214285714285714 1.73796875
1.8571428571428572 1.73796875
1.8928571428571428 1.73796875
1.9285714285714286 1.73796875
1.9642857142857142 1.7415156250000001
2.0 1.73796875
2.0357142857142856 1.7486093750000002
2.0714285714285716 1.7557031250000001
2.3214285714285716 2.067828125
2.357142857142857 1.8940312500000003
2.392857142857143 1.844375
2.4285714285714284 1.727328125
2.4642857142857144 1.727328125
2.5 1.727328125
2.5357142857142856 1.727328125
2.5714285714285716 1.727328125
2.607142857142857 1.727328125
2.642857142857143 1.727328125
2.6785714285714284 1.727328125
2.7142857142857144 1.727328125
2.75 1.727328125
2.7857142857142856 1.727328125
2.8214285714285716 1.727328125
2.857142857142857 1.727328125
2.892857142857143 1.727328125
2.9285714285714284 1.727328125
2.9642857142857144 1.727328125
3.0 1.727328125
3.0357142857142856 1.727328125
3.0714285714285716 1.727328125
3.107142857142857 1.727328125
3.142857142857143 1.727328125
3.1785714285714284 1.727328125
3.2142857142857144 1.727328125
3.25 1.727328125
3.2857142857142856 1.727328125
3.3214285714285716 1.727328125
3.357142857142857 1.727328125
3.392857142857143 1.727328125
3.4285714285714284 1.727328125
3.4642857142857144 1.727328125
3.5 1.727328125
3.5357142857142856 1.727328125
3.5714285714285716 1.727328125
3.607142857142857 1.727328125
3.642857142857143 1.727328125
3.6785714285714284 1.727328125
3.7142857142857144 1.7308750000000002
3.75 1.7308750000000002
3.7857142857142856 1.73796875
4.0 1.9897968750000001
4.035714285714286 1.8762968750000002
4.071428571428571 1.8230937500000002
4.107142857142857 1.7025000000000001
4.142857142857143 1.7025000000000001
4.178571428571429 1.7025000000000001
4.214285714285714 1.7025000000000001
4.25 1.7025000000000001
4.285714285714286 1.7060468750000002
4.321428571428571 1.7060468750000002
4.357142857142857 1.7060468750000002
4.392857142857143 1.7060468750000002
4.428571428571429 1.7060468750000002
4.464285714285714 1.7060468750000002
4.5 1.7060468750000002
4.535714285714286 1.7060468750000002
4.571428571428571 1.7025000000000001
4.607142857142857 1.7060468750000002
4.642857142857143 1.7060468750000002
4.678571428571429 1.7060468750000002
4.714285714285714 1.7060468750000002
4.75 1.7060468750000002
4.785714285714286 1.7060468750000002
4.821428571428571 1.7060468750000002
4.857142857142857 1.7060468750000002
4.892857142857143 1.7060468750000002
4.928571428571429 1.7060468750000002
4.964285714285714 1.7060468750000002
5.0 1.7060468750000002
5.035714285714286 1.7060468750000002
5.071428571428571 1.7060468750000002
5.107142857142857 1.7025000000000001
5.142857142857143 1.7060468750000002
5.178571428571429 1.7060468750000002
5.214285714285714 1.7060468750000002
5.25 1.7060468750000002
5.285714285714286 1.7060468750000002
5.321428571428571 1.7060468750000002
5.357142857142857 1.7060468750000002
5.392857142857143 1.7060468750000002
5.428571428571429 1.713140625
5.464285714285714 1.7166875000000001
5.678571428571429 1.9827031250000002
5.714285714285714 1.8656562500000002
5.75 1.7450625000000002
5.785714285714286 1.6954062500000002
5.821428571428571 1.6954062500000002
5.857142857142857 1.6954062500000002
5.892857142857143 1.6954062500000002
5.928571428571429 1.698953125
5.964285714285714 1.6954062500000002
6.0 1.698953125
6.035714285714286 1.698953125
6.071428571428571 1.698953125
6.107142857142857 1.698953125
6.142857142857143 1.698953125
6.178571428571429 1.698953125
6.214285714285714 1.698953125
6.25 1.698953125
6.285714285714286 1.698953125
6.321428571428571 1.698953125
6.357142857142857 1.698953125
6.392857142857143 1.698953125
6.428571428571429 1.698953125
6.464285714285714 1.698953125
6.5 1.698953125
6.535714285714286 1.698953125
6.571428571428571 1.698953125
6.607142857142857 1.7025000000000001
6.642857142857143 1.7025000000000001
6.678571428571429 1.7025000000000001
6.714285714285714 1.7025000000000001
6.75 1.7025000000000001
6.785714285714286 1.698953125
6.821428571428571 1.7025000000000001
6.857142857142857 1.7025000000000001
6.892857142857143 1.7025000000000001
6.928571428571429 1.7025000000000001
6.964285714285714 1.7025000000000001
7.0 1.7025000000000001
7.035714285714286 1.7025000000000001
7.071428571428571 1.7095937500000002
7.107142857142857 1.713140625
7.357142857142857 1.90821875
7.392857142857143 1.8018125000000003
7.428571428571429 1.73796875
7.464285714285714 1.6634843750000001
7.5 1.6634843750000001
7.535714285714286 1.6634843750000001
7.571428571428571 1.6634843750000001
7.607142857142857 1.6670312500000002
7.642857142857143 1.6670312500000002
7.678571428571429 1.6670312500000002
7.714285714285714 1.6670312500000002
7.75 1.6670312500000002
7.785714285714286 1.6670312500000002
7.821428571428571 1.6670312500000002
7.857142857142857 1.6670312500000002
7.892857142857143 1.6670312500000002
7.928571428571429 1.6670312500000002
7.964285714285714 1.6670312500000002
8.0 1.6670312500000002
8.035714285714286 1.6670312500000002
8.071428571428571 1.6670312500000002
8.107142857142858 1.6670312500000002
8.142857142857142 1.6670312500000002
8.178571428571429 1.6705781250000002
8.214285714285714 1.6670312500000002
8.25 1.6705781250000002
8.285714285714286 1.6670312500000002
8.321428571428571 1.6705781250000002
8.357142857142858 1.6705781250000002
8.392857142857142 1.6705781250000002
8.428571428571429 1.6670312500000002
8.464285714285714 1.6705781250000002
8.5 1.6705781250000002
8.535714285714286 1.6705781250000002
8.571428571428571 1.6705781250000002
8.607142857142858 1.6705781250000002
8.642857142857142 1.6705781250000002
8.678571428571429 1.6705781250000002
8.714285714285714 1.6705781250000002
8.75 1.6812187500000002
8.785714285714286 1.6812187500000002
9.035714285714286 1.8940312500000003
9.071428571428571 1.8337343750000001
9.107142857142858 1.6528437500000002
9.142857142857142 1.6315625000000002
9.178571428571429 1.6280156250000002
9.214285714285714 1.6280156250000002
9.25 1.6315625000000002
9.285714285714286 1.6315625000000002
9.321428571428571 1.6315625000000002
9.357142857142858 1.6315625000000002
9.392857142857142 1.6315625000000002
9.428571428571429 1.635109375
9.464285714285714 1.635109375
9.5 1.635109375
9.535714285714286 1.635109375
9.571428571428571 1.635109375
9.607142857142858 1.635109375
9.642857142857142 1.635109375
9.678571428571429 1.635109375
9.714285714285714 1.635109375
9.75 1.635109375
9.785714285714286 1.635109375
9.821428571428571 1.635109375
9.857142857142858 1.635109375
9.892857142857142 1.635109375
9.928571428571429 1.635109375
9.964285714285714 1.635109375
10.0 1.635109375
10.035714285714286 1.635109375
10.071428571428571 1.635109375
10.107142857142858 1.635109375
10.142857142857142 1.635109375
10.178571428571429 1.635109375
10.214285714285714 1.635109375
10.25 1.6386562500000001
10.285714285714286 1.6386562500000001
10.321428571428571 1.635109375
10.357142857142858 1.635109375
10.392857142857142 1.6386562500000001
10.428571428571429 1.64575
10.464285714285714 1.6563906250000002
10.678571428571429 1.9401406250000002
10.714285714285714 1.8762968750000002
10.75 1.7734375000000002
10.785714285714286 1.6422031250000002
10.821428571428571 1.6244687500000001
10.857142857142858 1.6280156250000002
10.892857142857142 1.6280156250000002
10.928571428571429 1.6280156250000002
10.964285714285714 1.6280156250000002
11.0 1.6315625000000002
11.035714285714286 1.6315625000000002
11.071428571428571 1.6315625000000002
11.107142857142858 1.6315625000000002
11.142857142857142 1.6315625000000002
11.178571428571429 1.6315625000000002
11.214285714285714 1.6315625000000002
11.25 1.6315625000000002
11.285714285714286 1.6315625000000002
11.321428571428571 1.6315625000000002
11.357142857142858 1.6315625000000002
11.392857142857142 1.6315625000000002
11.428571428571429 1.6315625000000002
11.464285714285714 1.6315625000000002
11.5 1.6315625000000002
11.535714285714286 1.6315625000000002
11.571428571428571 1.6315625000000002
11.607142857142858 1.6315625000000002
11.642857142857142 1.6315625000000002
11.678571428571429 1.6315625000000002
11.714285714285714 1.6315625000000002
11.75 1.6315625000000002
11.785714285714286 1.6315625000000002
11.821428571428571 1.6315625000000002
11.857142857142858 1.6315625000000002
11.892857142857142 1.6315625000000002
11.928571428571429 1.6315625000000002
11.964285714285714 1.6315625000000002
12.0 1.6315625000000002
12.035714285714286 1.6315625000000002
12.071428571428571 1.6315625000000002
12.107142857142858 1.6422031250000002
12.142857142857142 1.6386562500000001
12.357142857142858 1.9330468750000003
12.392857142857142 1.8089062500000002
12.428571428571429 1.7557031250000001
12.464285714285714 1.6244687500000001
12.5 1.606734375
12.535714285714286 1.606734375
12.571428571428571 1.61028125
12.607142857142858 1.61028125
12.642857142857142 1.61028125
12.678571428571429 1.61028125
12.714285714285714 1.61028125
12.75 1.61028125
12.785714285714286 1.61028125
12.821428571428571 1.61028125
12.857142857142858 1.61028125
12.892857142857142 1.61028125
12.928571428571429 1.61028125
12.964285714285714 1.61028125
13.0 1.61028125
13.035714285714286 1.61028125
13.071428571428571 1.61028125
13.107142857142858 1.61028125
13.142857142857142 1.61028125
13.178571428571429 1.61028125
13.214285714285714 1.61028125
13.25 1.61028125
13.285714285714286 1.61028125
13.321428571428571 1.61028125
13.357142857142858 1.61028125
13.392857142857142 1.61028125
13.428571428571429 1.61028125
13.464285714285714 1.61028125
13.5 1.61028125
13.535714285714286 1.61028125
13.571428571428571 1.61028125
13.607142857142858 1.61028125
13.642857142857142 1.61028125
13.678571428571429 1.61028125
13.714285714285714 1.61028125
13.75 1.6173750000000002
13.785714285714286 1.620921875
14.035714285714286 1.9188593750000003
14.071428571428571 1.7947187500000001
14.107142857142858 1.6776718750000001
14.142857142857142 1.5996406250000001
14.178571428571429 1.5996406250000001
14.214285714285714 1.5996406250000001
14.25 1.6031875000000002
14.285714285714286 1.6031875000000002
14.321428571428571 1.6031875000000002
14.357142857142858 1.6031875000000002
14.392857142857142 1.606734375
14.428571428571429 1.606734375
14.464285714285714 1.6031875000000002
14.5 1.606734375
14.535714285714286 1.606734375
14.571428571428571 1.606734375
14.607142857142858 1.606734375
14.642857142857142 1.606734375
14.678571428571429 1.606734375
14.714285714285714 1.606734375
14.75 1.606734375
14.785714285714286 1.6031875000000002
14.821428571428571 1.606734375
14.857142857142858 1.606734375
14.892857142857142 1.606734375
14.928571428571429 1.606734375
14.964285714285714 1.606734375
15.0 1.606734375
15.035714285714286 1.606734375
15.071428571428571 1.6031875000000002
15.107142857142858 1.6031875000000002
15.142857142857142 1.606734375
15.178571428571429 1.606734375
15.214285714285714 1.606734375
15.25 1.606734375
15.285714285714286 1.606734375
15.321428571428571 1.606734375
15.357142857142858 1.606734375
15.392857142857142 1.606734375
15.428571428571429 1.606734375
15.464285714285714 1.6173750000000002
15.714285714285714 1.8975781250000001
15.75 1.7308750000000002
15.785714285714286 1.6670312500000002
15.821428571428571 1.5925468750000003
15.857142857142858 1.5925468750000003
15.892857142857142 1.5925468750000003
15.928571428571429 1.59609375
15.964285714285714 1.59609375
16.0 1.59609375
16.035714285714285 1.59609375
16.071428571428573 1.59609375
16.107142857142858 1.59609375
16.142857142857142 1.59609375
16.178571428571427 1.59609375
16.214285714285715 1.59609375
16.25 1.59609375
16.285714285714285 1.59609375
16.321428571428573 1.59609375
16.357142857142858 1.59609375
16.392857142857142 1.59609375
16.428571428571427 1.59609375
16.464285714285715 1.59609375
16.5 1.59609375
16.535714285714285 1.59609375
16.571428571428573 1.59609375
16.607142857142858 1.59609375
16.642857142857142 1.59609375
16.678571428571427 1.5996406250000001
16.714285714285715 1.59609375
16.75 1.5996406250000001
16.785714285714285 1.59609375
16.821428571428573 1.59609375
16.857142857142858 1.59609375
16.892857142857142 1.59609375
16.928571428571427 1.59609375
16.964285714285715 1.59609375
17.0 1.59609375
17.035714285714285 1.59609375
17.071428571428573 1.59609375
17.107142857142858 1.6031875000000002
17.142857142857142 1.6031875000000002
17.357142857142858 1.883390625
17.392857142857142 1.8230937500000002
17.428571428571427 1.713140625
17.464285714285715 1.6422031250000002
17.5 1.59609375
17.535714285714285 1.59609375
17.571428571428573 1.59609375
17.607142857142858 1.59609375
17.642857142857142 1.59609375
17.678571428571427 1.59609375
17.714285714285715 1.59609375
17.75 1.59609375
17.785714285714285 1.59609375
17.821428571428573 1.59609375
17.857142857142858 1.5996406250000001
17.892857142857142 1.5996406250000001
17.928571428571427 1.5996406250000001
17.964285714285715 1.5996406250000001
18.0 1.5996406250000001
18.035714285714285 1.5996406250000001
18.071428571428573 1.59609375
18.107142857142858 1.59609375
18.142857142857142 1.59609375
18.178571428571427 1.5996406250000001
18.214285714285715 1.5996406250000001
18.25 1.59609375
18.285714285714285 1.59609375
18.321428571428573 1.59609375
18.357142857142858 1.59609375
18.392857142857142 1.59609375
18.428571428571427 1.59609375
18.464285714285715 1.59609375
18.5 1.5996406250000001
18.535714285714285 1.5996406250000001
18.571428571428573 1.5996406250000001
18.607142857142858 1.5996406250000001
18.642857142857142 1.5996406250000001
18.678571428571427 1.5996406250000001
18.714285714285715 1.5996406250000001
18.75 1.5996406250000001
18.785714285714285 1.606734375
18.821428571428573 1.606734375
19.035714285714285 1.8762968750000002
19.071428571428573 1.816
19.107142857142858 1.635109375
19.142857142857142 1.571265625
19.178571428571427 1.557078125
19.214285714285715 1.557078125
19.25 1.5606250000000002
19.285714285714285 1.5606250000000002
19.321428571428573 1.5606250000000002
19.357142857142858 1.5606250000000002
19.392857142857142 1.5606250000000002
19.428571428571427 1.5606250000000002
19.464285714285715 1.5606250000000002
19.5 1.5606250000000002
19.535714285714285 1.5606250000000002
19.571428571428573 1.5606250000000002
19.607142857142858 1.5606250000000002
19.642857142857142 1.5641718750000002
19.678571428571427 1.5606250000000002
19.714285714285715 1.5606250000000002
19.75 1.5606250000000002
19.785714285714285 1.5606250000000002
19.821428571428573 1.5606250000000002
19.857142857142858 1.5606250000000002
19.892857142857142 1.5606250000000002
19.928571428571427 1.5606250000000002
19.964285714285715 1.5606250000000002
20.0 1.5606250000000002
20.035714285714285 1.5606250000000002
20.071428571428573 1.5641718750000002
20.107142857142858 1.5641718750000002
20.142857142857142 1.5606250000000002
20.178571428571427 1.5606250000000002
20.214285714285715 1.5606250000000002
20.25 1.5606250000000002
20.285714285714285 1.5606250000000002
20.321428571428573 1.5641718750000002
20.357142857142858 1.5606250000000002
20.392857142857142 1.5606250000000002
20.428571428571427 1.56771875
20.464285714285715 1.5748125000000002
20.5 1.5783593750000002
20.714285714285715 1.8621093750000002
20.75 1.7415156250000001
20.785714285714285 1.6244687500000001
20.821428571428573 1.5535312500000003
20.857142857142858 1.542890625
20.892857142857142 1.542890625
20.928571428571427 1.542890625
20.964285714285715 1.5464375000000001
21.0 1.5464375000000001
21.035714285714285 1.5464375000000001
21.071428571428573 1.5464375000000001
21.107142857142858 1.5464375000000001
21.142857142857142 1.5464375000000001
21.178571428571427 1.5464375000000001
21.214285714285715 1.5464375000000001
21.25 1.5464375000000001
21.285714285714285 1.5464375000000001
21.321428571428573 1.5464375000000001
21.357142857142858 1.5464375000000001
21.392857142857142 1.5464375000000001
21.428571428571427 1.5464375000000001
21.464285714285715 1.5464375000000001
21.5 1.5464375000000001
21.535714285714285 1.5464375000000001
21.571428571428573 1.5464375000000001
21.607142857142858 1.5464375000000001
21.642857142857142 1.5464375000000001
21.678571428571427 1.5464375000000001
21.714285714285715 1.5464375000000001
21.75 1.5464375000000001
21.785714285714285 1.5464375000000001
21.821428571428573 1.5464375000000001
21.857142857142858 1.5464375000000001
21.892857142857142 1.5464375000000001
21.928571428571427 1.5464375000000001
21.964285714285715 1.5464375000000001
22.0 1.5464375000000001
22.035714285714285 1.5464375000000001
22.071428571428573 1.5464375000000001
22.107142857142858 1.557078125
22.142857142857142 1.5606250000000002
22.178571428571427 1.5641718750000002
22.392857142857142 1.7840781250000002
22.428571428571427 1.7308750000000002
22.464285714285715 1.674125
22.5 1.5499843750000002
22.535714285714285 1.5499843750000002
22.571428571428573 1.5499843750000002
22.607142857142858 1.5499843750000002
22.642857142857142 1.5499843750000002
22.678571428571427 1.5499843750000002
22.714285714285715 1.5499843750000002
22.75 1.5499843750000002
22.785714285714285 1.5535312500000003
22.821428571428573 1.5499843750000002
22.857142857142858 1.5499843750000002
22.892857142857142 1.5535312500000003
22.928571428571427 1.5535312500000003
22.964285714285715 1.5535312500000003
23.0 1.5535312500000003
23.035714285714285 1.5535312500000003
23.071428571428573 1.5535312500000003
23.107142857142858 1.5535312500000003
23.142857142857142 1.5535312500000003
23.178571428571427 1.5535312500000003
23.214285714285715 1.5535312500000003
23.25 1.5535312500000003
23.285714285714285 1.5535312500000003
23.321428571428573 1.5535312500000003
23.357142857142858 1.5535312500000003
23.392857142857142 1.5535312500000003
23.428571428571427 1.5535312500000003
23.464285714285715 1.5535312500000003
23.5 1.5535312500000003
23.535714285714285 1.5535312500000003
23.571428571428573 1.5535312500000003
23.607142857142858 1.5535312500000003
23.642857142857142 1.5535312500000003
23.678571428571427 1.5535312500000003
23.714285714285715 1.5535312500000003
23.75 1.5535312500000003
23.785714285714285 1.5641718750000002
23.821428571428573 1.5606250000000002
24.035714285714285 1.8904843750000002
24.071428571428573 1.8337343750000001
24.107142857142858 1.6563906250000002
24.142857142857142 1.5890000000000002
24.178571428571427 1.5357968750000002
24.214285714285715 1.5357968750000002
24.25 1.5393437500000002
24.285714285714285 1.5393437500000002
24.321428571428573 1.5393437500000002
24.357142857142858 1.5393437500000002
24.392857142857142 1.5393437500000002
24.428571428571427 1.5393437500000002
24.464285714285715 1.5393437500000002
24.5 1.5393437500000002
24.535714285714285 1.5393437500000002
24.571428571428573 1.5393437500000002
24.607142857142858 1.5393437500000002
24.642857142857142 1.5393437500000002
24.678571428571427 1.5393437500000002
24.714285714285715 1.5393437500000002
24.75 1.542890625
24.785714285714285 1.5393437500000002
24.821428571428573 1.5393437500000002
24.857142857142858 1.5393437500000002
24.892857142857142 1.5393437500000002
24.928571428571427 1.5393437500000002
24.964285714285715 1.542890625
25.0 1.542890625
25.035714285714285 1.542890625
25.071428571428573 1.542890625
25.107142857142858 1.542890625
25.142857142857142 1.542890625
25.178571428571427 1.542890625
25.214285714285715 1.542890625
25.25 1.542890625
25.285714285714285 1.542890625
25.321428571428573 1.542890625
25.357142857142858 1.542890625
25.392857142857142 1.542890625
25.428571428571427 1.542890625
25.464285714285715 1.542890625
25.5 1.5499843750000002
25.75 1.7592500000000002
25.785714285714285 1.649296875
25.821428571428573 1.5748125000000002
25.857142857142858 1.5216093750000002
25.892857142857142 1.5216093750000002
25.928571428571427 1.5216093750000002
25.964285714285715 1.5216093750000002
26.0 1.5216093750000002
26.035714285714285 1.5251562500000002
26.071428571428573 1.5251562500000002
26.107142857142858 1.5251562500000002
26.142857142857142 1.5251562500000002
26.178571428571427 1.5251562500000002
26.214285714285715 1.5251562500000002
26.25 1.5251562500000002
26.285714285714285 1.5251562500000002
26.321428571428573 1.5251562500000002
26.357142857142858 1.5251562500000002
26.392857142857142 1.5251562500000002
26.428571428571427 1.5251562500000002
26.464285714285715 1.5251562500000002
26.5 1.5251562500000002
26.535714285714285 1.5251562500000002
26.571428571428573 1.5251562500000002
26.607142857142858 1.5251562500000002
26.642857142857142 1.528703125
26.678571428571427 1.5251562500000002
26.714285714285715 1.528703125
26.75 1.5251562500000002
26.785714285714285 1.528703125
26.821428571428573 1.5251562500000002
26.857142857142858 1.5251562500000002
26.892857142857142 1.5251562500000002
26.928571428571427 1.528703125
26.964285714285715 1.5251562500000002
27.0 1.528703125
27.035714285714285 1.5251562500000002
27.071428571428573 1.528703125
27.107142857142858 1.528703125
27.142857142857142 1.5357968750000002
27.178571428571427 1.5393437500000002
27.392857142857142 1.8018125000000003
27.428571428571427 1.7415156250000001
27.464285714285715 1.6315625000000002
27.5 1.5074218750000001
27.535714285714285 1.503875
27.571428571428573 1.503875
27.607142857142858 1.5074218750000001
27.642857142857142 1.5074218750000001
27.678571428571427 1.5109687500000002
27.714285714285715 1.5109687500000002
27.75 1.5109687500000002
27.785714285714285 1.5109687500000002
27.821428571428573 1.5109687500000002
27.857142857142858 1.5074218750000001
27.892857142857142 1.5109687500000002
27.928571428571427 1.5109687500000002
27.964285714285715 1.5109687500000002
28.0 1.5109687500000002
28.035714285714285 1.5109687500000002
28.071428571428573 1.5109687500000002
28.107142857142858 1.5109687500000002
28.142857142857142 1.5109687500000002
28.178571428571427 1.5109687500000002
28.214285714285715 1.5109687500000002
28.25 1.5109687500000002
28.285714285714285 1.5109687500000002
28.321428571428573 1.5109687500000002
28.357142857142858 1.5109687500000002
28.392857142857142 1.5109687500000002
28.428571428571427 1.5109687500000002
28.464285714285715 1.5109687500000002
28.5 1.5109687500000002
28.535714285714285 1.5109687500000002
28.571428571428573 1.5109687500000002
28.607142857142858 1.5109687500000002
28.642857142857142 1.5109687500000002
28.678571428571427 1.5109687500000002
28.714285714285715 1.5109687500000002
28.75 1.5109687500000002
28.785714285714285 1.5109687500000002
28.821428571428573 1.5180625
29.071428571428573 1.791171875
29.107142857142858 1.674125
29.142857142857142 1.6173750000000002
29.178571428571427 1.4896875
29.214285714285715 1.4825937500000002
29.25 1.4825937500000002
29.285714285714285 1.4825937500000002
29.321428571428573 1.4861406250000002
29.357142857142858 1.4861406250000002
29.392857142857142 1.4861406250000002
29.428571428571427 1.4896875
29.464285714285715 1.4861406250000002
29.5 1.4861406250000002
29.535714285714285 1.4861406250000002
29.571428571428573 1.4861406250000002
29.607142857142858 1.4896875
29.642857142857142 1.4861406250000002
29.678571428571427 1.4896875
29.714285714285715 1.4896875
29.75 1.4896875
29.785714285714285 1.4861406250000002
29.821428571428573 1.4896875
29.857142857142858 1.4896875
29.892857142857142 1.4896875
29.928571428571427 1.4861406250000002
29.964285714285715 1.4896875
30.0 1.4896875
30.035714285714285 1.4896875
30.071428571428573 1.4896875
30.107142857142858 1.4896875
30.142857142857142 1.4896875
30.178571428571427 1.4896875
30.214285714285715 1.4861406250000002
30.25 1.4861406250000002
30.285714285714285 1.4861406250000002
30.321428571428573 1.4896875
30.357142857142858 1.4861406250000002
30.392857142857142 1.4861406250000002
30.428571428571427 1.4861406250000002
30.464285714285715 1.4896875
30.5 1.4932343750000001
30.75 1.713140625
30.785714285714285 1.6563906250000002
30.821428571428573 1.5357968750000002
30.857142857142858 1.464859375
30.892857142857142 1.464859375
30.928571428571427 1.464859375
30.964285714285715 1.464859375
31.0 1.464859375
31.035714285714285 1.4684062500000001
31.071428571428573 1.4684062500000001
31.107142857142858 1.4684062500000001
31.142857142857142 1.4684062500000001
31.178571428571427 1.4684062500000001
31.214285714285715 1.4684062500000001
31.25 1.4684062500000001
31.285714285714285 1.4684062500000001
31.321428571428573 1.4684062500000001
31.357142857142858 1.4684062500000001
31.392857142857142 1.4719531250000002
31.428571428571427 1.4684062500000001
31.464285714285715 1.4719531250000002
31.5 1.4684062500000001
31.535714285714285 1.4684062500000001
31.571428571428573 1.4684062500000001
31.607142857142858 1.4684062500000001
31.642857142857142 1.4684062500000001
31.678571428571427 1.4684062500000001
31.714285714285715 1.4684062500000001
31.75 1.4684062500000001
31.785714285714285 1.4719531250000002
31.821428571428573 1.4684062500000001
31.857142857142858 1.4684062500000001
31.892857142857142 1.4719531250000002
31.928571428571427 1.4684062500000001
31.964285714285715 1.4719531250000002
32.0 1.4684062500000001
32.035714285714285 1.4719531250000002
32.07142857142857 1.4719531250000002
32.107142857142854 1.4684062500000001
32.142857142857146 1.4719531250000002
32.17857142857143 1.479046875
32.42857142857143 1.698953125
32.464285714285715 1.64575
32.5 1.4577656250000002
32.535714285714285 1.436484375
32.57142857142857 1.44003125
32.607142857142854 1.44003125
32.642857142857146 1.44003125
32.67857142857143 1.4435781250000002
32.714285714285715 1.4435781250000002
32.75 1.4435781250000002
32.785714285714285 1.4435781250000002
32.82142857142857 1.4435781250000002
32.857142857142854 1.4435781250000002
32.892857142857146 1.4435781250000002
32.92857142857143 1.4435781250000002
32.964285714285715 1.4435781250000002
33.0 1.4435781250000002
33.035714285714285 1.4435781250000002
33.07142857142857 1.4435781250000002
33.107142857142854 1.4435781250000002
33.142857142857146 1.4435781250000002
33.17857142857143 1.4435781250000002
33.214285714285715 1.4471250000000002
33.25 1.4435781250000002
33.285714285714285 1.4471250000000002
33.32142857142857 1.4471250000000002
33.357142857142854 1.4471250000000002
33.392857142857146 1.4435781250000002
33.42857142857143 1.4435781250000002
33.464285714285715 1.4435781250000002
33.5 1.4471250000000002
33.535714285714285 1.4471250000000002
33.57142857142857 1.4435781250000002
33.607142857142854 1.4471250000000002
33.642857142857146 1.4471250000000002
33.67857142857143 1.4435781250000002
33.714285714285715 1.4471250000000002
33.75 1.4471250000000002
33.785714285714285 1.4435781250000002
33.82142857142857 1.4471250000000002
33.857142857142854 1.4613125000000002
34.107142857142854 1.684765625
34.142857142857146 1.5783593750000002
34.17857142857143 1.5109687500000002
34.214285714285715 1.4222968750000002
34.25 1.42584375
34.285714285714285 1.42584375
34.32142857142857 1.42584375
34.357142857142854 1.4293906250000001
34.392857142857146 1.4293906250000001
34.42857142857143 1.4293906250000001
34.464285714285715 1.4293906250000001
34.5 1.4293906250000001
34.535714285714285 1.4293906250000001
34.57142857142857 1.4293906250000001
34.607142857142854 1.4293906250000001
34.642857142857146 1.4293906250000001
34.67857142857143 1.4293906250000001
34.714285714285715 1.4293906250000001
34.75 1.4293906250000001
34.785714285714285 1.4293906250000001
34.82142857142857 1.4293906250000001
34.857142857142854 1.4293906250000001
34.892857142857146 1.4293906250000001
34.92857142857143 1.4293906250000001
34.964285714285715 1.4293906250000001
35.0 1.4293906250000001
35.035714285714285 1.4329375000000002
35.07142857142857 1.4293906250000001
35.107142857142854 1.4293906250000001
35.142857142857146 1.4329375000000002
35.17857142857143 1.4329375000000002
35.214285714285715 1.4329375000000002
35.25 1.4293906250000001
35.285714285714285 1.4329375000000002
35.32142857142857 1.4329375000000002
35.357142857142854 1.4293906250000001
35.392857142857146 1.4293906250000001
35.42857142857143 1.4293906250000001
35.464285714285715 1.4293906250000001
35.5 1.436484375
35.535714285714285 1.44003125
35.75 1.7344218750000002
35.785714285714285 1.6705781250000002
35.82142857142857 1.5606250000000002
35.857142857142854 1.436484375
35.892857142857146 1.41165625
35.92857142857143 1.41165625
35.964285714285715 1.41165625
36.0 1.4152031250000001
36.035714285714285 1.4152031250000001
36.07142857142857 1.4152031250000001
36.107142857142854 1.4187500000000002
36.142857142857146 1.4187500000000002
36.17857142857143 1.4187500000000002
36.214285714285715 1.4187500000000002
36.25 1.4187500000000002
36.285714285714285 1.4187500000000002
36.32142857142857 1.4187500000000002
36.357142857142854 1.4187500000000002
36.392857142857146 1.4187500000000002
36.42857142857143 1.4187500000000002
36.464285714285715 1.4187500000000002
36.5 1.4187500000000002
36.535714285714285 1.4187500000000002
36.57142857142857 1.4187500000000002
36.607142857142854 1.4187500000000002
36.642857142857146 1.4187500000000002
36.67857142857143 1.4187500000000002
36.714285714285715 1.4187500000000002
36.75 1.4187500000000002
36.785714285714285 1.4187500000000002
36.82142857142857 1.4187500000000002
36.857142857142854 1.4187500000000002
36.892857142857146 1.4187500000000002
36.92857142857143 1.4187500000000002
36.964285714285715 1.4187500000000002
37.0 1.4187500000000002
37.035714285714285 1.4222968750000002
37.07142857142857 1.4187500000000002
37.107142857142854 1.4187500000000002
37.142857142857146 1.4222968750000002
37.17857142857143 1.4293906250000001
37.214285714285715 1.436484375
37.42857142857143 1.7237812500000003
37.464285714285715 1.5996406250000001
37.5 1.4755
37.535714285714285 1.4152031250000001
37.57142857142857 1.4081093750000002
37.607142857142854 1.41165625
37.642857142857146 1.41165625
37.67857142857143 1.41165625
37.714285714285715 1.4152031250000001
37.75 1.4152031250000001
37.785714285714285 1.4152031250000001
37.82142857142857 1.4152031250000001
37.857142857142854 1.4152031250000001
37.892857142857146 1.4152031250000001
37.92857142857143 1.4152031250000001
37.964285714285715 1.4152031250000001
38.0 1.4152031250000001
38.035714285714285 1.4152031250000001
38.07142857142857 1.4152031250000001
38.107142857142854 1.4152031250000001
38.142857142857146 1.4152031250000001
38.17857142857143 1.4152031250000001
38.214285714285715 1.4152031250000001
38.25 1.4152031250000001
38.285714285714285 1.4152031250000001
38.32142857142857 1.4152031250000001
38.357142857142854 1.4152031250000001
38.392857142857146 1.4152031250000001
38.42857142857143 1.4152031250000001
38.464285714285715 1.4152031250000001
38.5 1.4152031250000001
38.535714285714285 1.4152031250000001
38.57142857142857 1.4152031250000001
38.607142857142854 1.4152031250000001
38.642857142857146 1.4152031250000001
38.67857142857143 1.4152031250000001
38.714285714285715 1.4152031250000001
38.75 1.4152031250000001
38.785714285714285 1.4152031250000001
38.82142857142857 1.4187500000000002
38.857142857142854 1.42584375
39.107142857142854 1.6386562500000001
39.142857142857146 1.5890000000000002
39.17857142857143 1.4577656250000002
39.214285714285715 1.4045625000000002
39.25 1.3939218750000002
39.285714285714285 1.3939218750000002
39.32142857142857 1.3939218750000002
39.357142857142854 1.3939218750000002
39.392857142857146 1.3939218750000002
39.42857142857143 1.39746875
39.464285714285715 1.39746875
39.5 1.39746875
39.535714285714285 1.39746875
39.57142857142857 1.39746875
39.607142857142854 1.39746875
39.642857142857146 1.39746875
39.67857142857143 1.39746875
39.714285714285715 1.39746875
39.75 1.39746875
39.785714285714285 1.39746875
39.82142857142857 1.39746875
39.857142857142854 1.39746875
39.892857142857146 1.39746875
39.92857142857143 1.39746875
