0.03571428571428571 3.6036250000000005
0.07142857142857142 3.607171875
0.10714285714285714 3.607171875
0.14285714285714285 3.607171875
0.17857142857142858 3.607171875
0.21428571428571427 3.607171875
0.25 3.607171875
0.2857142857142857 3.61071875
0.32142857142857145 3.6000781250000005
0.35714285714285715 3.6000781250000005
0.39285714285714285 3.5965312500000004
0.42857142857142855 3.5929843750000003
0.4642857142857143 3.5929843750000003
0.5 3.5965312500000004
0.5357142857142857 3.5965312500000004
0.5714285714285714 3.5965312500000004
0.6071428571428571 3.5965312500000004
0.6428571428571429 3.5894375000000003
0.6785714285714286 3.295046875
0.7142857142857143 3.5894375000000003
0.75 3.585890625
0.7857142857142857 3.58234375
0.8214285714285714 3.58234375
0.8571428571428571 3.585890625
0.8928571428571429 3.585890625
0.9285714285714286 3.585890625
0.9642857142857143 3.585890625
1.0 3.585890625
1.0357142857142858 3.217015625
1.0714285714285714 3.58234375
1.1071428571428572 3.5787968750000005
1.1428571428571428 3.5787968750000005
1.1785714285714286 3.5752500000000005
1.2142857142857142 3.5752500000000005
1.25 3.5787968750000005
1.2857142857142858 3.5787968750000005
1.3214285714285714 3.5787968750000005
1.3571428571428572 3.5787968750000005
1.3928571428571428 3.5717031250000004
1.4285714285714286 3.3340625000000004
1.4642857142857142 3.5787968750000005
1.5 3.5717031250000004
1.5357142857142858 3.5717031250000004
1.5714285714285714 3.5717031250000004
1.6071428571428572 3.5717031250000004
1.6428571428571428 3.5752500000000005
1.6785714285714286 3.5752500000000005
1.7142857142857142 3.5717031250000004
1.75 3.5681562500000004
1.7857142857142858 3.2524843750000003
1.8214285714285714 3.5681562500000004
1.8571428571428572 3.5646093750000003
1.8928571428571428 3.5646093750000003
1.9285714285714286 3.5610625000000002
1.9642857142857142 3.5646093750000003
2.0 3.5646093750000003
2.0357142857142856 3.5646093750000003
2.0714285714285716 3.5646093750000003
2.107142857142857 3.5681562500000004
2.1785714285714284 3.5646093750000003
2.2142857142857144 3.5646093750000003
2.25 3.5610625000000002
2.2857142857142856 3.557515625
2.3214285714285716 3.557515625
2.357142857142857 3.557515625
2.392857142857143 3.557515625
2.4285714285714284 3.557515625
2.4642857142857144 3.557515625
2.5 3.55396875
2.5357142857142856 3.29859375
2.5714285714285716 3.557515625
2.607142857142857 3.55396875
2.642857142857143 3.5504218750000005
2.6785714285714284 3.5504218750000005
2.7142857142857144 3.55396875
2.75 3.55396875
2.7857142857142856 3.55396875
2.8214285714285716 3.55396875
2.857142857142857 3.55396875
2.892857142857143 3.2241093750000003
2.9285714285714284 3.55396875
2.9642857142857144 3.55396875
3.0 3.5468750000000004
3.0357142857142856 3.5468750000000004
3.0714285714285716 3.5468750000000004
3.107142857142857 3.5504218750000005
3.142857142857143 3.5504218750000005
3.1785714285714284 3.5468750000000004
3.2142857142857144 3.5504218750000005
3.25 3.5397812500000003
3.2857142857142856 3.5504218750000005
3.3214285714285716 3.5468750000000004
3.357142857142857 3.5433281250000004
3.392857142857143 3.5433281250000004
3.4285714285714284 3.5433281250000004
3.4642857142857144 3.5468750000000004
3.5 3.5468750000000004
3.5357142857142856 3.5468750000000004
3.5714285714285716 3.5468750000000004
3.607142857142857 3.5433281250000004
3.642857142857143 3.5468750000000004
3.6785714285714284 3.5468750000000004
3.7142857142857144 3.5397812500000003
3.75 3.5397812500000003
3.7857142857142856 3.5397812500000003
3.8214285714285716 3.5433281250000004
3.857142857142857 3.5433281250000004
3.892857142857143 3.5433281250000004
3.9285714285714284 3.5433281250000004
3.9642857142857144 3.5468750000000004
4.035714285714286 3.5397812500000003
4.071428571428571 3.5362343750000003
4.107142857142857 3.5326875
4.142857142857143 3.5362343750000003
4.178571428571429 3.5397812500000003
4.214285714285714 3.5397812500000003
4.25 3.5397812500000003
4.285714285714286 3.5397812500000003
4.321428571428571 3.5362343750000003
4.392857142857143 3.323421875
4.428571428571429 3.5326875
4.464285714285714 3.529140625
4.5 3.529140625
4.535714285714286 3.5326875
4.571428571428571 3.5326875
4.607142857142857 3.5362343750000003
4.642857142857143 3.5362343750000003
4.678571428571429 3.5362343750000003
4.714285714285714 3.5397812500000003
4.75 3.2205625
4.785714285714286 3.529140625
4.821428571428571 3.5255937500000005
4.857142857142857 3.5255937500000005
4.892857142857143 3.529140625
4.928571428571429 3.529140625
4.964285714285714 3.5326875
5.0 3.5326875
5.035714285714286 3.529140625
5.071428571428571 3.5326875
5.142857142857143 3.5255937500000005
5.178571428571429 3.5220468750000005
5.214285714285714 3.5185000000000004
5.25 3.5185000000000004
5.285714285714286 3.5220468750000005
5.321428571428571 3.5220468750000005
5.357142857142857 3.5220468750000005
5.392857142857143 3.5220468750000005
5.428571428571429 3.5255937500000005
5.464285714285714 3.5326875
5.5 3.5220468750000005
5.535714285714286 3.5185000000000004
5.571428571428571 3.5149531250000003
5.607142857142857 3.5149531250000003
5.642857142857143 3.5185000000000004
5.678571428571429 3.5185000000000004
5.714285714285714 3.5185000000000004
5.75 3.5220468750000005
5.785714285714286 3.5220468750000005
5.821428571428571 3.5255937500000005
5.857142857142857 3.5185000000000004
5.892857142857143 3.5185000000000004
5.928571428571429 3.5149531250000003
5.964285714285714 3.5114062500000003
6.0 3.5149531250000003
6.035714285714286 3.5149531250000003
6.071428571428571 3.5149531250000003
6.107142857142857 3.5149531250000003
6.142857142857143 3.5149531250000003
6.178571428571429 3.5220468750000005
6.25 3.5149531250000003
6.285714285714286 3.5114062500000003
6.321428571428571 3.5114062500000003
6.357142857142857 3.5114062500000003
6.392857142857143 3.5114062500000003
6.428571428571429 3.5114062500000003
6.464285714285714 3.5114062500000003
6.5 3.5149531250000003
6.535714285714286 3.5149531250000003
6.571428571428571 3.5220468750000005
6.607142857142857 3.5114062500000003
6.642857142857143 3.5114062500000003
6.678571428571429 3.5078593750000002
6.714285714285714 3.5078593750000002
6.75 3.5078593750000002
6.785714285714286 3.5078593750000002
6.821428571428571 3.5078593750000002
6.857142857142857 3.5078593750000002
6.892857142857143 3.5078593750000002
6.928571428571429 3.5114062500000003
6.964285714285714 3.1460781250000003
7.0 3.5043125
7.035714285714286 3.500765625
7.071428571428571 3.500765625
7.107142857142857 3.4972187500000005
7.142857142857143 3.500765625
7.178571428571429 3.500765625
7.214285714285714 3.4972187500000005
7.25 3.4972187500000005
7.285714285714286 3.500765625
7.357142857142857 3.4972187500000005
7.392857142857143 3.4936718750000004
7.428571428571429 3.4936718750000004
7.464285714285714 3.4901250000000004
7.5 3.4901250000000004
7.535714285714286 3.4901250000000004
7.571428571428571 3.4936718750000004
7.607142857142857 3.4936718750000004
7.642857142857143 3.4901250000000004
7.678571428571429 3.4901250000000004
7.714285714285714 3.167359375
7.75 3.4865781250000003
7.785714285714286 3.4830312500000002
7.821428571428571 3.479484375
7.857142857142857 3.4830312500000002
7.892857142857143 3.4830312500000002
7.928571428571429 3.4830312500000002
7.964285714285714 3.4830312500000002
8.0 3.479484375
8.035714285714286 3.479484375
8.107142857142858 3.4759375
8.142857142857142 3.4723906250000005
8.178571428571429 3.4723906250000005
8.214285714285714 3.4688437500000004
8.25 3.4723906250000005
8.285714285714286 3.4723906250000005
8.321428571428571 3.4723906250000005
8.357142857142858 3.4688437500000004
8.392857142857142 3.4688437500000004
8.464285714285714 3.138984375
8.5 3.4652968750000004
8.535714285714286 3.4617500000000003
8.571428571428571 3.4617500000000003
8.607142857142858 3.4617500000000003
8.642857142857142 3.4617500000000003
8.678571428571429 3.4617500000000003
8.714285714285714 3.4617500000000003
8.75 3.4617500000000003
8.821428571428571 3.1247968750000004
8.857142857142858 3.4582031250000003
8.892857142857142 3.45465625
8.928571428571429 3.451109375
8.964285714285714 3.45465625
9.0 3.45465625
9.035714285714286 3.45465625
9.071428571428571 3.45465625
9.107142857142858 3.451109375
9.142857142857142 3.451109375
9.178571428571429 3.4404687500000004
9.214285714285714 3.160265625
9.25 3.4475625000000005
9.285714285714286 3.4440156250000005
9.321428571428571 3.4440156250000005
9.357142857142858 3.4475625000000005
9.392857142857142 3.4475625000000005
9.428571428571429 3.4475625000000005
9.464285714285714 3.4475625000000005
9.5 3.4440156250000005
9.535714285714286 3.4404687500000004
9.571428571428571 3.4440156250000005
9.607142857142858 3.4404687500000004
9.642857142857142 3.4369218750000003
9.678571428571429 3.4369218750000003
9.714285714285714 3.4369218750000003
9.75 3.4369218750000003
9.785714285714286 3.4404687500000004
9.821428571428571 3.4404687500000004
9.857142857142858 3.4369218750000003
9.892857142857142 3.4333750000000003
9.928571428571429 3.0999687500000004
9.964285714285714 3.4369218750000003
10.0 3.4333750000000003
10.035714285714286 3.4333750000000003
10.071428571428571 3.4298281250000002
10.107142857142858 3.4333750000000003
10.142857142857142 3.4298281250000002
10.178571428571429 3.4333750000000003
10.214285714285714 3.4298281250000002
10.25 3.4333750000000003
10.321428571428571 3.4333750000000003
10.357142857142858 3.4298281250000002
10.392857142857142 3.42628125
10.428571428571429 3.42628125
10.464285714285714 3.4298281250000002
10.5 3.4298281250000002
10.535714285714286 3.4298281250000002
10.571428571428571 3.4298281250000002
10.607142857142858 3.42628125
10.642857142857142 3.422734375
10.678571428571429 3.1177031250000002
10.714285714285714 3.4298281250000002
10.75 3.42628125
10.785714285714286 3.422734375
10.821428571428571 3.422734375
10.857142857142858 3.42628125
10.892857142857142 3.422734375
10.928571428571429 3.422734375
10.964285714285714 3.422734375
11.0 3.422734375
11.035714285714286 3.138984375
11.071428571428571 3.42628125
11.107142857142858 3.422734375
11.142857142857142 3.4191875000000005
11.178571428571429 3.4191875000000005
11.214285714285714 3.4191875000000005
11.25 3.4191875000000005
11.285714285714286 3.4191875000000005
11.321428571428571 3.4191875000000005
11.357142857142858 3.422734375
11.428571428571429 3.42628125
11.464285714285714 3.422734375
11.5 3.4156406250000004
11.535714285714286 3.4156406250000004
11.571428571428571 3.4156406250000004
11.607142857142858 3.4156406250000004
11.642857142857142 3.4191875000000005
11.678571428571429 3.4191875000000005
11.714285714285714 3.4156406250000004
11.75 3.4156406250000004
11.785714285714286 3.1283437500000004
11.821428571428571 3.4191875000000005
11.857142857142858 3.4156406250000004
11.892857142857142 3.4120937500000004
11.928571428571429 3.4120937500000004
11.964285714285714 3.4156406250000004
12.0 3.4120937500000004
12.035714285714286 3.4120937500000004
12.071428571428571 3.4120937500000004
12.107142857142858 3.4156406250000004
12.142857142857142 3.1283437500000004
12.178571428571429 3.4191875000000005
12.214285714285714 3.4156406250000004
12.25 3.4120937500000004
12.285714285714286 3.4085468750000003
12.321428571428571 3.4120937500000004
12.357142857142858 3.4120937500000004
12.392857142857142 3.4120937500000004
12.428571428571429 3.4085468750000003
12.464285714285714 3.4120937500000004
12.535714285714286 3.4156406250000004
12.571428571428571 3.4156406250000004
12.607142857142858 3.4085468750000003
12.642857142857142 3.4050000000000002
12.678571428571429 3.4050000000000002
12.714285714285714 3.4085468750000003
12.75 3.4085468750000003
12.785714285714286 3.4085468750000003
12.821428571428571 3.4050000000000002
12.857142857142858 3.401453125
12.892857142857142 3.11415625
12.928571428571429 3.4085468750000003
12.964285714285714 3.4050000000000002
13.0 3.401453125
13.035714285714286 3.401453125
13.071428571428571 3.401453125
13.107142857142858 3.401453125
13.142857142857142 3.4050000000000002
13.178571428571429 3.401453125
13.214285714285714 3.401453125
13.25 2.9935625000000003
13.285714285714286 3.4085468750000003
13.321428571428571 3.4050000000000002
13.357142857142858 3.39790625
13.392857142857142 3.39790625
13.428571428571429 3.39790625
13.464285714285714 3.39790625
13.5 3.39790625
13.535714285714286 3.3943593750000005
13.571428571428571 3.3943593750000005
13.607142857142858 3.08578125
13.642857142857142 3.11415625
13.678571428571429 3.401453125
13.714285714285714 3.39790625
13.75 3.3943593750000005
13.785714285714286 3.3908125000000005
13.821428571428571 3.3943593750000005
13.857142857142858 3.3943593750000005
13.892857142857142 3.3943593750000005
13.928571428571429 3.3908125000000005
13.964285714285714 3.3943593750000005
14.0 3.0964218750000003
14.035714285714286 3.39790625
14.071428571428571 3.3943593750000005
14.107142857142858 3.3908125000000005
14.142857142857142 3.3872656250000004
14.178571428571429 3.3872656250000004
14.214285714285714 3.3872656250000004
14.25 3.3872656250000004
14.285714285714286 3.3872656250000004
14.321428571428571 3.3908125000000005
14.357142857142858 3.089328125
14.392857142857142 3.3943593750000005
14.428571428571429 3.3908125000000005
14.464285714285714 3.3872656250000004
14.5 3.3837187500000003
14.535714285714286 3.3837187500000003
14.571428571428571 3.3872656250000004
14.607142857142858 3.3872656250000004
14.642857142857142 3.3801718750000003
14.678571428571429 3.3837187500000003
14.714285714285714 3.3837187500000003
14.75 3.1247968750000004
14.785714285714286 3.3908125000000005
14.821428571428571 3.3837187500000003
14.857142857142858 3.3801718750000003
14.892857142857142 3.3801718750000003
14.928571428571429 3.3801718750000003
14.964285714285714 3.3801718750000003
15.0 3.3801718750000003
15.035714285714286 3.3801718750000003
15.071428571428571 3.3801718750000003
15.107142857142858 3.0645000000000002
15.142857142857142 3.3837187500000003
15.178571428571429 3.3837187500000003
15.214285714285714 3.3801718750000003
15.25 3.376625
15.285714285714286 3.376625
15.321428571428571 3.376625
15.357142857142858 3.376625
15.392857142857142 3.373078125
15.428571428571429 3.376625
15.464285714285714 3.373078125
15.5 3.1283437500000004
15.535714285714286 3.3801718750000003
15.571428571428571 3.376625
15.607142857142858 3.373078125
15.642857142857142 3.373078125
15.678571428571429 3.373078125
15.714285714285714 3.373078125
15.75 3.36953125
15.785714285714286 3.36953125
15.821428571428571 3.36953125
15.857142857142858 3.0751406250000004
15.892857142857142 3.376625
15.928571428571429 3.373078125
15.964285714285714 3.36953125
16.0 3.36953125
16.035714285714285 3.36953125
16.071428571428573 3.36953125
16.107142857142858 3.36953125
16.142857142857142 3.3659843750000005
16.178571428571427 3.36953125
16.214285714285715 2.9900156250000003
16.25 3.373078125
16.285714285714285 3.36953125
16.321428571428573 3.3659843750000005
16.357142857142858 3.3659843750000005
16.392857142857142 3.3659843750000005
16.428571428571427 3.3659843750000005
16.464285714285715 3.3659843750000005
16.5 3.3624375000000004
16.535714285714285 3.3659843750000005
16.571428571428573 3.3624375000000004
16.607142857142858 3.110609375
16.642857142857142 3.3659843750000005
16.678571428571427 3.3659843750000005
16.714285714285715 3.3624375000000004
16.75 3.3624375000000004
16.785714285714285 3.3624375000000004
16.821428571428573 3.3624375000000004
16.857142857142858 3.3624375000000004
16.892857142857142 3.3624375000000004
16.928571428571427 3.3624375000000004
16.964285714285715 3.0786875000000005
17.0 3.3659843750000005
17.035714285714285 3.3659843750000005
17.071428571428573 3.3624375000000004
17.107142857142858 3.3624375000000004
17.142857142857142 3.3624375000000004
17.178571428571427 3.3624375000000004
17.214285714285715 3.3624375000000004
17.25 3.3588906250000004
17.285714285714285 3.3659843750000005
17.321428571428573 3.3588906250000004
17.357142857142858 3.3659843750000005
17.392857142857142 3.3624375000000004
17.428571428571427 3.3588906250000004
17.464285714285715 3.3624375000000004
17.5 3.3624375000000004
17.535714285714285 3.3588906250000004
17.571428571428573 3.3588906250000004
17.607142857142858 3.3588906250000004
17.642857142857142 3.3588906250000004
17.678571428571427 3.3624375000000004
17.714285714285715 3.3659843750000005
17.75 3.3624375000000004
17.785714285714285 3.3588906250000004
17.821428571428573 3.3588906250000004
17.857142857142858 3.3588906250000004
17.892857142857142 3.3588906250000004
17.928571428571427 3.3588906250000004
17.964285714285715 3.3588906250000004
18.0 3.3588906250000004
18.035714285714285 3.3624375000000004
18.071428571428573 3.08578125
18.107142857142858 3.3624375000000004
18.142857142857142 3.3588906250000004
18.178571428571427 3.3553437500000003
18.214285714285715 3.3553437500000003
18.25 3.3588906250000004
18.285714285714285 3.3553437500000003
18.321428571428573 3.3588906250000004
18.357142857142858 3.3553437500000003
18.392857142857142 3.3588906250000004
18.428571428571427 3.3553437500000003
18.464285714285715 3.3588906250000004
18.5 3.3588906250000004
18.535714285714285 3.3553437500000003
18.571428571428573 3.3553437500000003
18.607142857142858 3.3553437500000003
18.642857142857142 3.3553437500000003
18.678571428571427 3.3553437500000003
18.714285714285715 3.3553437500000003
18.75 3.3553437500000003
18.785714285714285 3.3553437500000003
18.821428571428573 3.3588906250000004
18.857142857142858 3.3588906250000004
18.892857142857142 3.3553437500000003
18.928571428571427 3.3553437500000003
18.964285714285715 3.3553437500000003
19.0 3.3553437500000003
19.035714285714285 3.3553437500000003
19.071428571428573 3.3553437500000003
19.107142857142858 3.3553437500000003
19.142857142857142 3.3588906250000004
19.178571428571427 3.1035156250000004
19.214285714285715 3.3588906250000004
19.25 3.3517968750000002
19.285714285714285 3.3517968750000002
19.321428571428573 3.3553437500000003
19.357142857142858 3.3553437500000003
19.392857142857142 3.3553437500000003
19.428571428571427 3.3553437500000003
19.464285714285715 3.3517968750000002
19.5 3.3553437500000003
19.535714285714285 3.3553437500000003
19.571428571428573 3.3553437500000003
19.607142857142858 3.3553437500000003
19.642857142857142 3.3517968750000002
19.678571428571427 3.3517968750000002
19.714285714285715 3.3517968750000002
19.75 3.3517968750000002
19.785714285714285 3.3517968750000002
19.821428571428573 3.3517968750000002
19.857142857142858 3.3553437500000003
19.892857142857142 3.3553437500000003
19.928571428571427 3.3588906250000004
19.964285714285715 3.3588906250000004
20.0 3.3517968750000002
20.035714285714285 3.3517968750000002
20.071428571428573 3.3553437500000003
20.107142857142858 3.3553437500000003
20.142857142857142 3.3517968750000002
20.178571428571427 3.3517968750000002
20.214285714285715 3.3517968750000002
20.25 3.3553437500000003
20.285714285714285 3.0964218750000003
20.321428571428573 3.3588906250000004
20.357142857142858 3.3517968750000002
20.392857142857142 3.3517968750000002
20.428571428571427 3.3517968750000002
20.464285714285715 3.3517968750000002
20.5 3.3517968750000002
20.535714285714285 3.3517968750000002
20.571428571428573 3.3517968750000002
20.607142857142858 3.3517968750000002
20.642857142857142 3.3517968750000002
20.678571428571427 3.0928750000000003
20.714285714285715 3.3517968750000002
20.75 3.34825
20.785714285714285 3.34825
20.821428571428573 3.34825
20.857142857142858 3.3517968750000002
20.892857142857142 3.34825
20.928571428571427 3.34825
20.964285714285715 3.34825
21.0 3.3517968750000002
21.035714285714285 3.0928750000000003
21.071428571428573 3.3553437500000003
21.107142857142858 3.34825
21.142857142857142 3.34825
21.178571428571427 3.3517968750000002
21.214285714285715 3.3517968750000002
21.25 3.34825
21.285714285714285 3.34825
21.321428571428573 3.34825
21.357142857142858 3.3517968750000002
21.392857142857142 3.060953125
21.428571428571427 3.3517968750000002
21.464285714285715 3.3517968750000002
21.5 3.34825
21.535714285714285 3.3517968750000002
21.571428571428573 3.3517968750000002
21.607142857142858 3.3517968750000002
21.642857142857142 3.34825
21.678571428571427 3.34825
21.714285714285715 3.34825
21.785714285714285 3.3517968750000002
21.821428571428573 3.34825
21.857142857142858 3.34825
21.892857142857142 3.34825
21.928571428571427 3.34825
21.964285714285715 3.34825
22.0 3.34825
22.035714285714285 3.344703125
22.071428571428573 3.344703125
22.107142857142858 3.34825
22.142857142857142 3.08578125
22.178571428571427 3.34825
22.214285714285715 3.34825
22.25 3.344703125
22.285714285714285 3.344703125
22.321428571428573 3.344703125
22.357142857142858 3.344703125
22.392857142857142 3.344703125
22.428571428571427 3.344703125
22.464285714285715 3.344703125
22.5 3.0254843750000004
22.535714285714285 3.34825
22.571428571428573 3.34825
22.607142857142858 3.3411562500000005
22.642857142857142 3.344703125
22.678571428571427 3.344703125
22.714285714285715 3.344703125
22.75 3.344703125
22.785714285714285 3.3411562500000005
22.821428571428573 3.3411562500000005
22.857142857142858 2.982921875
22.892857142857142 3.082234375
22.928571428571427 3.344703125
22.964285714285715 3.3411562500000005
23.0 3.3411562500000005
23.035714285714285 3.3411562500000005
23.071428571428573 3.3411562500000005
23.107142857142858 3.3411562500000005
23.142857142857142 3.3411562500000005
23.178571428571427 3.3376093750000004
23.214285714285715 3.3411562500000005
23.25 3.05740625
23.285714285714285 3.3411562500000005
23.321428571428573 3.3411562500000005
23.357142857142858 3.3376093750000004
23.392857142857142 3.3376093750000004
23.428571428571427 3.3376093750000004
23.464285714285715 3.3376093750000004
23.5 3.3376093750000004
23.535714285714285 3.3340625000000004
23.571428571428573 3.3340625000000004
23.607142857142858 3.00775
23.642857142857142 3.3411562500000005
23.678571428571427 3.3376093750000004
23.714285714285715 3.3340625000000004
23.75 3.3340625000000004
23.785714285714285 3.3376093750000004
23.821428571428573 3.3376093750000004
23.857142857142858 3.3340625000000004
23.892857142857142 3.3340625000000004
23.928571428571427 3.3340625000000004
23.964285714285715 3.3340625000000004
24.0 3.3376093750000004
24.035714285714285 3.3340625000000004
24.071428571428573 3.3305156250000003
24.107142857142858 3.3305156250000003
24.142857142857142 3.3305156250000003
24.178571428571427 3.3305156250000003
24.214285714285715 3.3305156250000003
24.25 3.3305156250000003
24.285714285714285 3.3269687500000003
24.321428571428573 3.3305156250000003
24.357142857142858 3.0219375000000004
24.392857142857142 3.3340625000000004
24.428571428571427 3.3305156250000003
24.464285714285715 3.3269687500000003
24.5 3.3269687500000003
24.535714285714285 3.3269687500000003
24.571428571428573 3.3269687500000003
24.607142857142858 3.3269687500000003
24.642857142857142 3.323421875
24.678571428571427 3.3269687500000003
24.714285714285715 3.3269687500000003
24.75 3.3305156250000003
24.785714285714285 3.3269687500000003
24.821428571428573 3.323421875
24.857142857142858 3.323421875
24.892857142857142 3.323421875
24.928571428571427 3.323421875
24.964285714285715 3.323421875
25.0 3.323421875
25.035714285714285 3.319875
25.071428571428573 3.323421875
25.107142857142858 3.0467656250000004
25.142857142857142 3.323421875
25.178571428571427 3.319875
25.214285714285715 3.319875
25.25 3.319875
25.285714285714285 3.319875
25.321428571428573 3.319875
25.357142857142858 3.3163281250000005
25.392857142857142 3.3163281250000005
25.428571428571427 3.319875
25.464285714285715 2.979375
25.5 3.319875
25.535714285714285 3.319875
25.571428571428573 3.3127812500000005
25.607142857142858 3.3127812500000005
25.642857142857142 3.3127812500000005
25.678571428571427 3.3127812500000005
25.714285714285715 3.3127812500000005
25.75 3.3127812500000005
25.785714285714285 3.3127812500000005
25.821428571428573 3.3127812500000005
25.857142857142858 3.004203125
25.892857142857142 3.3163281250000005
25.928571428571427 3.3127812500000005
25.964285714285715 3.3092343750000004
26.0 3.3092343750000004
26.035714285714285 3.3092343750000004
26.071428571428573 3.3092343750000004
26.107142857142858 3.3092343750000004
26.142857142857142 3.3092343750000004
26.178571428571427 3.3092343750000004
26.214285714285715 2.9971093750000004
26.25 3.3127812500000005
26.285714285714285 3.3092343750000004
26.321428571428573 3.3056875000000003
26.357142857142858 3.3056875000000003
26.392857142857142 3.3056875000000003
26.428571428571427 3.3056875000000003
26.464285714285715 3.3056875000000003
26.5 3.3021406250000003
26.535714285714285 3.3056875000000003
26.571428571428573 2.951
26.607142857142858 3.3092343750000004
26.642857142857142 3.3056875000000003
26.678571428571427 3.3021406250000003
26.714285714285715 3.3021406250000003
26.75 3.3021406250000003
26.785714285714285 3.3021406250000003
26.821428571428573 3.3021406250000003
26.857142857142858 3.3021406250000003
26.892857142857142 3.29859375
26.928571428571427 3.3021406250000003
26.964285714285715 3.0006562500000005
27.0 3.3056875000000003
27.035714285714285 3.29859375
27.071428571428573 3.29859375
27.107142857142858 3.29859375
27.142857142857142 3.29859375
27.178571428571427 3.29859375
27.214285714285715 3.29859375
27.25 3.29859375
27.285714285714285 3.29859375
27.321428571428573 2.9758281250000005
27.357142857142858 3.3021406250000003
27.392857142857142 3.29859375
27.428571428571427 3.295046875
27.464285714285715 3.295046875
27.5 3.29859375
27.535714285714285 3.29859375
27.571428571428573 3.295046875
27.607142857142858 3.295046875
27.642857142857142 3.295046875
27.678571428571427 2.933265625
27.714285714285715 3.0006562500000005
27.75 3.295046875
27.785714285714285 3.2915
27.821428571428573 3.2915
27.857142857142858 3.2915
27.892857142857142 3.2915
27.928571428571427 3.2915
27.964285714285715 3.2915
28.0 3.2915
28.035714285714285 2.9226250000000005
28.071428571428573 2.9900156250000003
28.107142857142858 3.295046875
28.142857142857142 3.2915
28.178571428571427 3.2879531250000005
28.214285714285715 3.2879531250000005
28.25 3.2879531250000005
28.285714285714285 3.2915
28.321428571428573 3.2879531250000005
28.357142857142858 3.2879531250000005
28.392857142857142 3.2879531250000005
28.428571428571427 2.9474531250000005
28.464285714285715 3.2915
28.5 3.2879531250000005
28.535714285714285 3.2844062500000004
28.571428571428573 3.2844062500000004
28.607142857142858 3.2844062500000004
28.642857142857142 3.2844062500000004
28.678571428571427 3.2844062500000004
28.714285714285715 3.2844062500000004
28.75 3.2844062500000004
28.785714285714285 2.9190781250000004
28.821428571428573 2.9722812500000004
28.857142857142858 3.2844062500000004
28.892857142857142 3.2808593750000004
28.928571428571427 3.2808593750000004
28.964285714285715 3.2808593750000004
29.0 3.2808593750000004
29.035714285714285 3.2808593750000004
29.071428571428573 3.2808593750000004
29.107142857142858 3.2773125000000003
29.142857142857142 3.2808593750000004
29.178571428571427 2.9722812500000004
29.214285714285715 2.9935625000000003
29.25 3.2773125000000003
29.285714285714285 3.2773125000000003
29.321428571428573 3.2773125000000003
29.357142857142858 3.2773125000000003
29.392857142857142 3.2737656250000002
29.428571428571427 3.2773125000000003
29.464285714285715 3.2737656250000002
29.5 3.2737656250000002
29.535714285714285 2.9226250000000005
29.571428571428573 3.2773125000000003
29.607142857142858 3.2773125000000003
29.642857142857142 3.2737656250000002
29.678571428571427 3.2737656250000002
29.714285714285715 3.2737656250000002
29.75 3.2737656250000002
29.785714285714285 3.2737656250000002
29.821428571428573 3.27021875
29.928571428571427 3.00775
29.964285714285715 3.2737656250000002
30.0 3.266671875
30.035714285714285 3.266671875
30.071428571428573 3.266671875
30.107142857142858 3.266671875
30.142857142857142 3.266671875
30.178571428571427 3.266671875
30.214285714285715 3.2631250000000005
30.25 3.266671875
30.285714285714285 2.9439062500000004
30.321428571428573 3.266671875
30.357142857142858 3.266671875
30.392857142857142 3.2631250000000005
30.428571428571427 3.2631250000000005
30.464285714285715 3.2631250000000005
30.5 3.2631250000000005
30.535714285714285 3.2631250000000005
30.571428571428573 3.2595781250000004
30.678571428571427 3.2631250000000005
30.714285714285715 3.2631250000000005
30.75 3.2595781250000004
30.785714285714285 3.2560312500000004
30.821428571428573 3.2560312500000004
30.857142857142858 3.2560312500000004
30.892857142857142 3.2560312500000004
30.928571428571427 3.2560312500000004
30.964285714285715 3.2560312500000004
31.035714285714285 2.9900156250000003
31.071428571428573 3.2595781250000004
31.107142857142858 3.2560312500000004
31.142857142857142 3.2524843750000003
31.178571428571427 3.2524843750000003
31.214285714285715 3.2560312500000004
31.25 3.2524843750000003
31.285714285714285 3.2560312500000004
31.321428571428573 3.2524843750000003
31.392857142857142 2.9155312500000004
31.428571428571427 3.2560312500000004
31.464285714285715 3.2524843750000003
31.5 3.2489375000000003
31.535714285714285 3.2489375000000003
31.571428571428573 3.2489375000000003
31.607142857142858 3.2489375000000003
31.642857142857142 3.2489375000000003
31.678571428571427 3.2489375000000003
31.714285714285715 3.2489375000000003
31.785714285714285 2.9864687500000002
31.821428571428573 3.2489375000000003
31.857142857142858 3.245390625
31.892857142857142 3.245390625
31.928571428571427 3.245390625
31.964285714285715 3.245390625
32.0 3.245390625
32.035714285714285 3.245390625
32.07142857142857 3.245390625
32.142857142857146 2.95809375
32.17857142857143 3.245390625
32.214285714285715 3.245390625
32.25 3.24184375
32.285714285714285 3.24184375
32.32142857142857 3.24184375
32.357142857142854 3.24184375
32.392857142857146 3.24184375
32.42857142857143 3.24184375
32.464285714285715 3.245390625
32.5 2.8907031250000004
32.535714285714285 3.245390625
32.57142857142857 3.24184375
32.607142857142854 3.238296875
32.642857142857146 3.238296875
32.67857142857143 3.238296875
32.714285714285715 3.238296875
32.75 3.238296875
32.785714285714285 3.238296875
32.82142857142857 3.238296875
32.857142857142854 2.8587812500000003
32.892857142857146 3.24184375
32.92857142857143 3.238296875
32.964285714285715 3.238296875
33.0 3.2347500000000005
33.035714285714285 3.238296875
33.07142857142857 3.238296875
33.107142857142854 3.238296875
33.142857142857146 3.238296875
33.17857142857143 3.2347500000000005
33.214285714285715 3.238296875
33.25 2.9722812500000004
33.285714285714285 3.24184375
33.32142857142857 3.238296875
33.357142857142854 3.2347500000000005
33.392857142857146 3.238296875
33.42857142857143 3.238296875
33.464285714285715 3.238296875
33.5 3.238296875
33.535714285714285 3.2347500000000005
33.57142857142857 3.238296875
33.607142857142854 2.8836093750000003
33.642857142857146 3.238296875
33.67857142857143 3.238296875
33.714285714285715 3.2347500000000005
33.75 3.2347500000000005
33.785714285714285 3.2347500000000005
33.82142857142857 3.2347500000000005
33.857142857142854 3.2347500000000005
33.892857142857146 3.2347500000000005
33.92857142857143 3.2347500000000005
33.964285714285715 3.238296875
34.0 2.982921875
34.035714285714285 3.238296875
34.07142857142857 3.2347500000000005
34.107142857142854 3.2347500000000005
34.142857142857146 3.2347500000000005
34.17857142857143 3.2347500000000005
34.214285714285715 3.2347500000000005
34.25 3.2347500000000005
34.285714285714285 3.2347500000000005
34.32142857142857 3.238296875
34.357142857142854 2.95809375
34.392857142857146 3.2347500000000005
34.42857142857143 3.2312031250000004
34.464285714285715 3.2312031250000004
34.5 3.2312031250000004
34.535714285714285 3.2312031250000004
34.57142857142857 3.2312031250000004
34.607142857142854 3.2312031250000004
34.642857142857146 3.2312031250000004
34.67857142857143 3.2312031250000004
34.75 3.2312031250000004
34.785714285714285 3.2276562500000003
34.82142857142857 3.2276562500000003
34.857142857142854 3.2276562500000003
34.892857142857146 3.2276562500000003
34.92857142857143 3.2276562500000003
34.964285714285715 3.2276562500000003
35.0 3.2276562500000003
35.035714285714285 3.2276562500000003
35.07142857142857 3.2276562500000003
35.107142857142854 2.9722812500000004
35.142857142857146 3.2312031250000004
35.17857142857143 3.2276562500000003
35.214285714285715 3.2276562500000003
35.25 3.2276562500000003
35.285714285714285 3.2276562500000003
35.32142857142857 3.2276562500000003
35.357142857142854 3.2276562500000003
35.392857142857146 3.2241093750000003
35.42857142857143 3.2276562500000003
35.464285714285715 2.855234375
35.5 3.2276562500000003
35.535714285714285 3.2241093750000003
35.57142857142857 3.2241093750000003
35.607142857142854 3.2241093750000003
35.642857142857146 3.2241093750000003
35.67857142857143 3.2241093750000003
35.714285714285715 3.2241093750000003
35.75 3.2205625
35.785714285714285 3.2241093750000003
35.857142857142854 2.982921875
35.892857142857146 3.2241093750000003
35.92857142857143 3.2205625
35.964285714285715 3.217015625
36.0 3.2205625
36.035714285714285 3.2205625
36.07142857142857 3.2205625
36.107142857142854 3.217015625
36.142857142857146 3.2205625
36.214285714285715 2.8942500000000004
36.25 3.2205625
36.285714285714285 3.2205625
36.32142857142857 3.21346875
36.357142857142854 3.217015625
36.392857142857146 3.217015625
36.42857142857143 3.217015625
36.464285714285715 3.217015625
36.5 3.21346875
36.535714285714285 3.217015625
36.607142857142854 3.2205625
36.642857142857146 3.217015625
36.67857142857143 3.21346875
36.714285714285715 3.2099218750000005
36.75 3.21346875
36.785714285714285 3.21346875
36.82142857142857 3.21346875
36.857142857142854 3.2099218750000005
36.892857142857146 3.217015625
36.964285714285715 2.9616406250000002
37.0 3.217015625
37.035714285714285 3.21346875
37.07142857142857 3.2099218750000005
37.107142857142854 3.21346875
37.142857142857146 3.21346875
37.17857142857143 3.21346875
37.214285714285715 3.21346875
37.25 3.2099218750000005
37.285714285714285 3.2099218750000005
37.32142857142857 2.855234375
37.357142857142854 3.21346875
37.392857142857146 3.2099218750000005
37.42857142857143 3.2063750000000004
37.464285714285715 3.2063750000000004
37.5 3.2063750000000004
37.535714285714285 3.2063750000000004
37.57142857142857 3.2063750000000004
37.607142857142854 3.2063750000000004
37.642857142857146 3.2099218750000005
37.714285714285715 2.9651875000000003
37.75 3.2099218750000005
37.785714285714285 3.2028281250000004
37.82142857142857 3.2028281250000004
37.857142857142854 3.2063750000000004
37.892857142857146 3.2063750000000004
37.92857142857143 3.2063750000000004
37.964285714285715 3.2063750000000004
38.0 3.2063750000000004
38.035714285714285 3.2028281250000004
38.07142857142857 2.926171875
38.107142857142854 3.2063750000000004
38.142857142857146 3.1992812500000003
38.17857142857143 3.1992812500000003
38.214285714285715 3.1992812500000003
38.25 3.2028281250000004
38.285714285714285 3.1992812500000003
38.32142857142857 3.2028281250000004
38.357142857142854 3.1992812500000003
38.392857142857146 3.1992812500000003
38.42857142857143 3.1921875
38.464285714285715 3.2063750000000004
38.5 3.1992812500000003
38.535714285714285 3.1957343750000002
38.57142857142857 3.1957343750000002
38.607142857142854 3.1992812500000003
38.642857142857146 3.1992812500000003
38.67857142857143 3.1957343750000002
38.714285714285715 3.1957343750000002
38.75 3.1992812500000003
38.785714285714285 2.8233125
38.82142857142857 3.2063750000000004
38.857142857142854 3.2028281250000004
38.892857142857146 3.1957343750000002
38.92857142857143 3.1957343750000002
38.964285714285715 3.1957343750000002
39.0 3.1992812500000003
39.035714285714285 3.1957343750000002
39.07142857142857 3.1957343750000002
39.107142857142854 3.1992812500000003
39.142857142857146 3.1992812500000003
39.17857142857143 2.9439062500000004
39.214285714285715 3.2063750000000004
39.25 3.1957343750000002
39.285714285714285 3.1957343750000002
39.32142857142857 3.1957343750000002
39.357142857142854 3.1992812500000003
39.392857142857146 3.1992812500000003
39.42857142857143 3.1957343750000002
39.464285714285715 3.1992812500000003
39.5 3.1992812500000003
39.535714285714285 2.9368125000000003
39.57142857142857 3.2063750000000004
39.607142857142854 3.1992812500000003
39.642857142857146 3.1957343750000002
39.67857142857143 3.1957343750000002
39.714285714285715 3.1992812500000003
39.75 3.1957343750000002
39.785714285714285 3.1957343750000002
39.82142857142857 3.1957343750000002
39.857142857142854 3.1992812500000003
39.892857142857146 3.1921875
39.92857142857143 3.1992812500000003
