0.03571428571428571 2.6849843750000004
0.07142857142857142 2.6849843750000004
0.10714285714285714 2.6849843750000004
0.14285714285714285 2.6849843750000004
0.17857142857142858 2.6849843750000004
0.21428571428571427 2.6849843750000004
0.25 2.6814375000000004
0.2857142857142857 2.692078125
0.32142857142857145 2.66725
0.35714285714285715 2.692078125
0.39285714285714285 3.401453125
0.42857142857142855 2.6069531250000004
0.4642857142857143 2.6034062500000004
0.5 3.1177031250000002
0.5357142857142857 2.5750312500000003
0.5714285714285714 2.9722812500000004
0.6071428571428571 2.536015625
0.6428571428571429 2.536015625
0.6785714285714286 2.7559218750000003
0.7142857142857143 2.48990625
0.75 2.53246875
0.7857142857142857 2.4934531250000003
0.8214285714285714 2.486359375
0.8571428571428571 2.486359375
0.8928571428571429 2.486359375
0.9285714285714286 2.4828125
0.9642857142857143 2.486359375
1.0 2.486359375
1.0357142857142858 2.486359375
1.0714285714285714 2.486359375
1.1071428571428572 2.486359375
1.1428571428571428 2.486359375
1.1785714285714286 2.486359375
1.2142857142857142 2.486359375
1.25 2.486359375
1.2857142857142858 2.486359375
1.3214285714285714 2.486359375
1.3571428571428572 2.486359375
1.3928571428571428 2.486359375
1.4285714285714286 2.486359375
1.4642857142857142 2.486359375
1.5 2.486359375
1.5357142857142858 2.486359375
1.5714285714285714 2.486359375
1.6071428571428572 2.486359375
1.6428571428571428 2.486359375
1.6785714285714286 2.486359375
1.7142857142857142 2.486359375
1.75 2.486359375
1.7857142857142858 2.486359375
1.8214285714285714 2.486359375
1.8571428571428572 2.4828125
1.8928571428571428 2.486359375
1.9285714285714286 2.486359375
1.9642857142857142 2.486359375
2.0 2.486359375
2.0357142857142856 2.486359375
2.0714285714285716 2.486359375
2.107142857142857 2.486359375
2.142857142857143 2.4828125
2.1785714285714284 2.486359375
2.2142857142857144 2.4828125
2.25 2.486359375
2.2857142857142856 2.486359375
2.3214285714285716 2.486359375
2.357142857142857 2.4934531250000003
2.392857142857143 2.46153125
2.4285714285714284 2.46153125
2.4642857142857144 2.4828125
2.5 2.43315625
2.5357142857142856 2.4189687500000003
2.5714285714285716 3.0148437500000003
2.607142857142857 2.379953125
2.642857142857143 2.3693125000000004
2.6785714285714284 2.7275468750000003
2.7142857142857144 2.351578125
2.75 2.351578125
2.7857142857142856 2.3125625000000003
2.8214285714285716 2.401234375
2.857142857142857 2.298375
2.892857142857143 2.298375
2.9285714285714284 2.301921875
2.9642857142857144 2.301921875
3.0 2.301921875
3.0357142857142856 2.301921875
3.0714285714285716 2.301921875
3.107142857142857 2.301921875
3.142857142857143 2.30546875
3.1785714285714284 2.30546875
3.2142857142857144 2.30546875
3.25 2.30546875
3.2857142857142856 2.3090156250000002
3.3214285714285716 2.3090156250000002
3.357142857142857 2.3090156250000002
3.392857142857143 2.3090156250000002
3.4285714285714284 2.3090156250000002
3.4642857142857144 2.3090156250000002
3.5 2.3090156250000002
3.5357142857142856 2.3090156250000002
3.5714285714285716 2.3090156250000002
3.607142857142857 2.3125625000000003
3.642857142857143 2.3125625000000003
3.6785714285714284 2.3125625000000003
3.7142857142857144 2.3125625000000003
3.75 2.3090156250000002
3.7857142857142856 2.3125625000000003
3.8214285714285716 2.3125625000000003
3.857142857142857 2.3125625000000003
3.892857142857143 2.3125625000000003
3.9285714285714284 2.3125625000000003
3.9642857142857144 2.3125625000000003
4.0 2.3125625000000003
4.035714285714286 2.3125625000000003
4.071428571428571 2.3125625000000003
4.107142857142857 2.3125625000000003
4.142857142857143 2.3125625000000003
4.178571428571429 2.3125625000000003
4.214285714285714 2.3125625000000003
4.25 2.3125625000000003
4.285714285714286 2.3125625000000003
4.321428571428571 2.3125625000000003
4.357142857142857 2.3125625000000003
4.392857142857143 2.3125625000000003
4.428571428571429 2.3196562500000004
4.464285714285714 2.2877343750000003
4.5 2.294828125
4.535714285714286 2.298375
4.571428571428571 2.24871875
4.607142857142857 2.2416250000000004
4.678571428571429 2.2061562500000003
4.714285714285714 2.5431093750000002
4.75 2.1777812500000002
4.785714285714286 2.202609375
4.821428571428571 2.4225156250000004
4.857142857142857 2.8942500000000004
4.892857142857143 2.2097031250000003
4.928571428571429 2.14940625
4.964285714285714 2.1316718750000003
5.0 2.1352187500000004
5.035714285714286 2.138765625
5.071428571428571 2.138765625
5.107142857142857 2.1423125
5.142857142857143 2.145859375
5.178571428571429 2.14940625
5.214285714285714 2.145859375
5.25 2.14940625
5.285714285714286 2.145859375
5.321428571428571 2.14940625
5.357142857142857 2.145859375
5.392857142857143 2.145859375
5.428571428571429 2.145859375
5.464285714285714 2.145859375
5.5 2.14940625
5.535714285714286 2.14940625
5.571428571428571 2.14940625
5.607142857142857 2.145859375
5.642857142857143 2.14940625
5.678571428571429 2.145859375
5.714285714285714 2.14940625
5.75 2.14940625
5.785714285714286 2.14940625
5.821428571428571 2.14940625
5.857142857142857 2.14940625
5.892857142857143 2.14940625
5.928571428571429 2.14940625
5.964285714285714 2.14940625
6.0 2.14940625
6.035714285714286 2.14940625
6.071428571428571 2.14940625
6.107142857142857 2.14940625
6.142857142857143 2.14940625
6.178571428571429 2.14940625
6.214285714285714 2.14940625
6.25 2.14940625
6.285714285714286 2.14940625
6.321428571428571 2.14940625
6.357142857142857 2.14940625
6.392857142857143 2.14940625
6.428571428571429 2.14940625
6.464285714285714 2.14940625
6.5 2.1565000000000003
6.535714285714286 2.1139375
6.571428571428571 2.1139375
6.607142857142857 2.1103906250000004
6.642857142857143 2.0784687500000003
6.678571428571429 2.06428125
6.714285714285714 2.0536406250000003
6.75 2.0217187500000002
6.785714285714286 2.039453125
6.821428571428571 2.3835
6.857142857142857 2.0500937500000003
6.892857142857143 2.096203125
6.928571428571429 2.117484375
6.964285714285714 2.060734375
7.0 1.961421875
7.035714285714286 1.9649687500000002
7.071428571428571 1.9507812500000001
7.107142857142857 1.9436875000000002
7.142857142857143 1.9401406250000002
7.178571428571429 1.9401406250000002
7.214285714285714 1.9330468750000003
7.25 1.9330468750000003
7.285714285714286 1.9330468750000003
7.321428571428571 1.9330468750000003
7.357142857142857 1.9330468750000003
7.392857142857143 1.9330468750000003
7.428571428571429 1.9330468750000003
7.464285714285714 1.9330468750000003
7.5 1.9330468750000003
7.535714285714286 1.9330468750000003
7.571428571428571 1.9330468750000003
7.607142857142857 1.9330468750000003
7.642857142857143 1.9330468750000003
7.678571428571429 1.9330468750000003
7.714285714285714 1.9295000000000002
7.75 1.9330468750000003
7.785714285714286 1.9295000000000002
7.821428571428571 1.9330468750000003
7.857142857142857 1.9330468750000003
7.892857142857143 1.9330468750000003
7.928571428571429 1.9295000000000002
7.964285714285714 1.9330468750000003
8.0 1.9330468750000003
8.035714285714286 1.9330468750000003
8.071428571428571 1.9295000000000002
8.107142857142858 1.9295000000000002
8.142857142857142 1.9330468750000003
8.178571428571429 1.9330468750000003
8.214285714285714 1.9330468750000003
8.25 1.9330468750000003
8.285714285714286 1.9330468750000003
8.321428571428571 1.9330468750000003
8.357142857142858 1.9330468750000003
8.392857142857142 1.9330468750000003
8.428571428571429 1.9330468750000003
8.464285714285714 1.9330468750000003
8.5 1.9330468750000003
8.535714285714286 1.9330468750000003
8.571428571428571 1.9295000000000002
8.607142857142858 1.9578750000000003
8.642857142857142 1.9011250000000002
8.678571428571429 1.9011250000000002
8.714285714285714 1.8904843750000002
8.75 1.8301875
8.785714285714286 1.8337343750000001
8.821428571428571 1.8301875
8.857142857142858 1.8301875
8.892857142857142 1.816
8.928571428571429 1.7876250000000002
8.964285714285714 1.7876250000000002
9.0 2.089109375
9.035714285714286 1.9188593750000003
9.071428571428571 1.90821875
9.107142857142858 1.8372812500000002
9.142857142857142 1.8089062500000002
9.178571428571429 1.7698906250000002
9.214285714285714 1.75215625
9.25 1.73796875
9.285714285714286 1.7308750000000002
9.321428571428571 1.727328125
9.357142857142858 1.727328125
9.392857142857142 1.727328125
9.428571428571429 1.727328125
9.464285714285714 1.727328125
9.5 1.727328125
9.535714285714286 1.727328125
9.571428571428571 1.727328125
9.607142857142858 1.727328125
9.642857142857142 1.727328125
9.678571428571429 1.727328125
9.714285714285714 1.7308750000000002
9.75 1.727328125
9.785714285714286 1.727328125
9.821428571428571 1.7308750000000002
9.857142857142858 1.7308750000000002
9.892857142857142 1.7308750000000002
9.928571428571429 1.7308750000000002
9.964285714285714 1.7308750000000002
10.0 1.7308750000000002
10.035714285714286 1.7308750000000002
10.071428571428571 1.7308750000000002
10.107142857142858 1.7308750000000002
10.142857142857142 1.7308750000000002
10.178571428571429 1.7308750000000002
10.214285714285714 1.7308750000000002
10.25 1.7308750000000002
10.285714285714286 1.7308750000000002
10.321428571428571 1.7308750000000002
10.357142857142858 1.7308750000000002
10.392857142857142 1.7308750000000002
10.428571428571429 1.7308750000000002
10.464285714285714 1.7308750000000002
10.5 1.7308750000000002
10.535714285714286 1.7308750000000002
10.571428571428571 1.7308750000000002
10.607142857142858 1.7308750000000002
10.642857142857142 1.7308750000000002
10.678571428571429 1.7308750000000002
10.714285714285714 1.7308750000000002
10.75 1.7450625000000002
10.785714285714286 1.7237812500000003
10.821428571428571 1.7202343750000002
10.857142857142858 1.6599375
10.892857142857142 1.649296875
10.928571428571429 1.6812187500000002
10.964285714285714 1.6883125
11.0 1.7166875000000001
11.035714285714286 1.620921875
11.071428571428571 1.6315625000000002
11.107142857142858 1.7095937500000002
11.142857142857142 1.7025000000000001
11.178571428571429 1.6670312500000002
11.214285714285714 1.606734375
11.25 1.571265625
11.285714285714286 1.5499843750000002
11.321428571428571 1.5393437500000002
11.357142857142858 1.5216093750000002
11.392857142857142 1.514515625
11.428571428571429 1.514515625
11.464285714285714 1.5180625
11.5 1.5180625
11.535714285714286 1.5180625
11.571428571428571 1.5180625
11.607142857142858 1.5180625
11.642857142857142 1.5180625
11.678571428571429 1.5180625
11.714285714285714 1.5180625
11.75 1.5216093750000002
11.785714285714286 1.5216093750000002
11.821428571428571 1.5216093750000002
11.857142857142858 1.5216093750000002
11.892857142857142 1.5216093750000002
11.928571428571429 1.5216093750000002
11.964285714285714 1.5216093750000002
12.0 1.5216093750000002
12.035714285714286 1.5216093750000002
12.071428571428571 1.5216093750000002
12.107142857142858 1.5216093750000002
12.142857142857142 1.5216093750000002
12.178571428571429 1.5216093750000002
12.214285714285714 1.5216093750000002
12.25 1.5216093750000002
12.285714285714286 1.5216093750000002
12.321428571428571 1.5216093750000002
12.357142857142858 1.5251562500000002
12.392857142857142 1.5251562500000002
12.428571428571429 1.5251562500000002
12.464285714285714 1.5251562500000002
12.5 1.5251562500000002
12.535714285714286 1.5251562500000002
12.571428571428571 1.5251562500000002
12.607142857142858 1.5251562500000002
12.642857142857142 1.5251562500000002
12.678571428571429 1.5251562500000002
12.714285714285714 1.5251562500000002
12.75 1.5251562500000002
12.785714285714286 1.5251562500000002
12.821428571428571 1.5251562500000002
12.857142857142858 1.5003281250000002
12.892857142857142 1.5180625
12.928571428571429 1.4755
12.964285714285714 1.4471250000000002
13.0 1.4613125000000002
13.035714285714286 1.3761875000000001
13.071428571428571 1.3903750000000001
13.107142857142858 1.4577656250000002
13.142857142857142 1.4825937500000002
13.178571428571429 1.4684062500000001
13.214285714285714 1.44003125
13.25 1.3797343750000002
13.285714285714286 1.358453125
13.321428571428571 1.3158906250000002
13.357142857142858 1.2768750000000002
13.392857142857142 1.2591406250000001
13.428571428571429 1.24140625
13.464285714285714 1.21303125
13.5 1.1952968750000001
13.535714285714286 1.1846562500000002
13.571428571428571 1.1775625
13.607142857142858 1.1562812500000001
13.642857142857142 1.1562812500000001
13.678571428571429 1.152734375
13.714285714285714 1.1456406250000002
13.75 1.135
13.785714285714286 1.1314531250000002
13.821428571428571 1.1314531250000002
13.857142857142858 1.135
13.892857142857142 1.135
13.928571428571429 1.135
13.964285714285714 1.135
14.0 1.1314531250000002
14.035714285714286 1.12790625
14.071428571428571 1.1314531250000002
14.107142857142858 1.135
14.142857142857142 1.135
14.178571428571429 1.1314531250000002
14.214285714285714 1.1314531250000002
14.25 1.1314531250000002
14.285714285714286 1.135
14.321428571428571 1.1314531250000002
14.357142857142858 1.135
14.392857142857142 1.135
14.428571428571429 1.1314531250000002
14.464285714285714 1.1314531250000002
14.5 1.135
14.535714285714286 1.135
14.571428571428571 1.135
14.607142857142858 1.1314531250000002
14.642857142857142 1.135
14.678571428571429 1.1314531250000002
14.714285714285714 1.135
14.75 1.135
14.785714285714286 1.135
14.821428571428571 1.138546875
14.857142857142858 1.135
14.892857142857142 1.138546875
14.928571428571429 1.135
14.964285714285714 1.135
15.0 1.1172656250000002
15.035714285714286 1.1988437500000002
15.071428571428571 1.1988437500000002
15.107142857142858 1.0640625000000001
15.142857142857142 1.0782500000000002
15.178571428571429 1.0534218750000002
15.214285714285714 1.0073125
15.25 1.124359375
15.285714285714286 1.1208125000000002
15.321428571428571 1.1066250000000002
15.357142857142858 1.0924375000000002
15.392857142857142 1.0356875
15.428571428571429 1.0144062500000002
15.464285714285714 0.9966718750000001
15.5 0.9576562500000001
15.535714285714286 0.9292812500000001
15.571428571428571 0.9186406250000001
15.607142857142858 0.883171875
15.642857142857142 0.876078125
15.678571428571429 0.8654375000000001
15.714285714285714 0.8618906250000001
15.75 0.8370625
15.785714285714286 0.82996875
15.821428571428571 0.8193281250000001
15.857142857142858 0.8193281250000001
15.892857142857142 0.822875
15.928571428571429 0.8264218750000001
15.964285714285714 0.8264218750000001
16.0 0.82996875
16.035714285714285 0.8264218750000001
16.071428571428573 0.82996875
16.107142857142858 0.82996875
16.142857142857142 0.82996875
16.178571428571427 0.82996875
16.214285714285715 0.82996875
16.25 0.8335156250000001
16.285714285714285 0.8335156250000001
16.321428571428573 0.8335156250000001
16.357142857142858 0.8335156250000001
16.392857142857142 0.8335156250000001
16.428571428571427 0.8335156250000001
16.464285714285715 0.8335156250000001
16.5 0.8335156250000001
16.535714285714285 0.8335156250000001
16.571428571428573 0.8335156250000001
16.607142857142858 0.8335156250000001
16.642857142857142 0.8335156250000001
16.678571428571427 0.8335156250000001
16.714285714285715 0.8335156250000001
16.75 0.8335156250000001
16.785714285714285 0.8335156250000001
16.821428571428573 0.8335156250000001
16.857142857142858 0.8370625
16.892857142857142 0.8335156250000001
16.928571428571427 0.8370625
16.964285714285715 0.8335156250000001
17.0 0.82996875
17.035714285714285 0.8335156250000001
17.071428571428573 0.8335156250000001
17.107142857142858 0.82996875
17.142857142857142 0.8477031250000001
17.178571428571427 0.8122343750000001
17.214285714285715 0.8193281250000001
17.25 0.75903125
17.285714285714285 0.7661250000000001
17.321428571428573 0.535578125
17.357142857142858 0.7271093750000001
17.392857142857142 0.75903125
17.428571428571427 0.613609375
17.464285714285715 0.9470156250000001
17.5 0.7696718750000001
17.535714285714285 0.7661250000000001
17.571428571428573 0.7235625000000001
17.607142857142858 0.6561718750000001
17.642857142857142 0.613609375
17.678571428571427 0.58878125
17.714285714285715 0.528484375
17.75 0.528484375
17.785714285714285 0.5249375000000001
17.821428571428573 0.5249375000000001
17.857142857142858 0.457546875
17.892857142857142 0.47173437500000004
17.928571428571427 0.46818750000000003
17.964285714285715 0.46818750000000003
18.0 0.47173437500000004
18.035714285714285 0.46818750000000003
18.071428571428573 0.46464062500000003
18.107142857142858 0.46818750000000003
18.142857142857142 0.47173437500000004
18.178571428571427 0.46464062500000003
18.214285714285715 0.46464062500000003
18.25 0.46818750000000003
18.285714285714285 0.47882812500000005
18.321428571428573 0.47882812500000005
18.357142857142858 0.47882812500000005
18.392857142857142 0.47882812500000005
18.428571428571427 0.48237500000000005
18.464285714285715 0.47882812500000005
18.5 0.47528125000000004
18.535714285714285 0.47528125000000004
18.571428571428573 0.47882812500000005
18.607142857142858 0.47882812500000005
18.642857142857142 0.47882812500000005
18.678571428571427 0.48237500000000005
18.714285714285715 0.47528125000000004
18.75 0.47882812500000005
18.785714285714285 0.48237500000000005
18.821428571428573 0.48237500000000005
18.857142857142858 0.48237500000000005
18.892857142857142 0.47173437500000004
18.928571428571427 0.47173437500000004
18.964285714285715 0.47882812500000005
19.0 0.47528125000000004
19.035714285714285 0.47528125000000004
19.071428571428573 0.47528125000000004
19.107142857142858 0.48237500000000005
19.142857142857142 0.47882812500000005
19.178571428571427 0.47882812500000005
19.214285714285715 0.47882812500000005
19.25 0.48592187500000006
19.285714285714285 0.47882812500000005
19.321428571428573 0.47528125000000004
19.357142857142858 0.454
19.392857142857142 0.40789062500000006
19.428571428571427 0.46109375
19.464285714285715 0.457546875
19.5 0.521390625
19.535714285714285 0.6100625000000001
19.571428571428573 0.60296875
19.607142857142858 0.5781406250000001
19.642857142857142 0.5852343750000001
19.678571428571427 0.5710468750000001
19.714285714285715 0.5533125000000001
19.75 0.5320312500000001
19.785714285714285 0.5072031250000001
19.821428571428573 0.5072031250000001
19.857142857142858 0.49301562500000007
19.892857142857142 0.5001093750000001
19.928571428571427 0.4965625
19.964285714285715 0.4965625
20.0 0.4965625
20.035714285714285 0.49301562500000007
20.071428571428573 0.49301562500000007
20.107142857142858 0.48946875000000006
20.142857142857142 0.49301562500000007
20.178571428571427 0.48946875000000006
20.214285714285715 0.48946875000000006
20.25 0.48946875000000006
20.285714285714285 0.48946875000000006
20.321428571428573 0.49301562500000007
20.357142857142858 0.48946875000000006
20.392857142857142 0.48946875000000006
20.428571428571427 0.48946875000000006
20.464285714285715 0.48946875000000006
20.5 0.48946875000000006
20.535714285714285 0.48946875000000006
20.571428571428573 0.48946875000000006
20.607142857142858 0.48946875000000006
20.642857142857142 0.48592187500000006
20.678571428571427 0.48946875000000006
20.714285714285715 0.48946875000000006
20.75 0.48946875000000006
20.785714285714285 0.48946875000000006
20.821428571428573 0.48946875000000006
20.857142857142858 0.48946875000000006
20.892857142857142 0.48946875000000006
20.928571428571427 0.48946875000000006
20.964285714285715 0.48592187500000006
21.0 0.48592187500000006
21.035714285714285 0.48946875000000006
21.071428571428573 0.48592187500000006
21.107142857142858 0.48592187500000006
21.142857142857142 0.48592187500000006
21.178571428571427 0.48592187500000006
21.214285714285715 0.48592187500000006
21.25 0.48592187500000006
21.285714285714285 0.48592187500000006
21.321428571428573 0.48592187500000006
21.357142857142858 0.47882812500000005
21.392857142857142 0.46464062500000003
21.428571428571427 0.45045312500000007
21.464285714285715 0.336953125
21.5 0.37596875
21.535714285714285 0.457546875
21.571428571428573 0.5072031250000001
21.607142857142858 0.5604062500000001
21.642857142857142 0.49301562500000007
21.678571428571427 0.47882812500000005
21.714285714285715 0.46464062500000003
21.75 0.45045312500000007
21.785714285714285 0.43626562500000005
21.821428571428573 0.372421875
21.857142857142858 0.368875
21.892857142857142 0.368875
21.928571428571427 0.368875
21.964285714285715 0.36178125000000005
22.0 0.36178125000000005
22.035714285714285 0.36532812500000006
22.071428571428573 0.36532812500000006
22.107142857142858 0.372421875
22.142857142857142 0.36532812500000006
22.178571428571427 0.39015625000000004
22.214285714285715 0.39015625000000004
22.25 0.372421875
22.285714285714285 0.37596875
22.321428571428573 0.372421875
22.357142857142858 0.372421875
22.392857142857142 0.372421875
22.428571428571427 0.372421875
22.464285714285715 0.368875
22.5 0.372421875
22.535714285714285 0.368875
22.571428571428573 0.368875
22.607142857142858 0.372421875
22.642857142857142 0.372421875
22.678571428571427 0.372421875
22.714285714285715 0.368875
22.75 0.372421875
22.785714285714285 0.368875
22.821428571428573 0.39015625000000004
22.857142857142858 0.39370312500000004
22.892857142857142 0.372421875
22.928571428571427 0.368875
22.964285714285715 0.37596875
23.0 0.38306250000000003
23.035714285714285 0.37596875
23.071428571428573 0.372421875
23.107142857142858 0.379515625
23.142857142857142 0.372421875
23.178571428571427 0.368875
23.214285714285715 0.368875
23.25 0.372421875
23.285714285714285 0.372421875
23.321428571428573 0.368875
23.357142857142858 0.36178125000000005
23.392857142857142 0.368875
23.428571428571427 0.31921875000000005
23.464285714285715 0.31212500000000004
23.5 0.379515625
23.535714285714285 0.2979375
23.571428571428573 0.39370312500000004
23.607142857142858 0.43271875000000004
23.642857142857142 0.39370312500000004
23.678571428571427 0.372421875
23.714285714285715 0.32276562500000006
23.75 0.255375
23.785714285714285 0.287296875
23.821428571428573 0.27310937500000004
23.857142857142858 0.24118750000000003
23.892857142857142 0.20571875
23.928571428571427 0.20571875
23.964285714285715 0.230546875
24.0 0.1844375
24.035714285714285 0.227
24.071428571428573 0.230546875
24.107142857142858 0.21281250000000002
24.142857142857142 0.21281250000000002
24.178571428571427 0.230546875
24.214285714285715 0.230546875
24.25 0.23764062500000002
24.285714285714285 0.23764062500000002
24.321428571428573 0.24118750000000003
24.357142857142858 0.23764062500000002
24.392857142857142 0.24118750000000003
24.428571428571427 0.24473437500000003
24.464285714285715 0.24473437500000003
24.5 0.24473437500000003
24.535714285714285 0.23764062500000002
24.571428571428573 0.24118750000000003
24.607142857142858 0.23764062500000002
24.642857142857142 0.230546875
24.678571428571427 0.227
24.714285714285715 0.230546875
24.75 0.24118750000000003
24.785714285714285 0.24118750000000003
24.821428571428573 0.24118750000000003
24.857142857142858 0.24118750000000003
24.892857142857142 0.24118750000000003
24.928571428571427 0.24118750000000003
24.964285714285715 0.23764062500000002
25.0 0.24473437500000003
25.035714285714285 0.230546875
25.071428571428573 0.230546875
25.107142857142858 0.24118750000000003
25.142857142857142 0.23409375000000002
25.178571428571427 0.23764062500000002
25.214285714285715 0.21990625000000003
25.25 0.21990625000000003
25.285714285714285 0.21635937500000002
25.321428571428573 0.209265625
25.357142857142858 0.20571875
25.392857142857142 0.24118750000000003
25.428571428571427 0.251828125
25.464285714285715 0.21635937500000002
25.5 0.20217187500000003
25.535714285714285 0.145421875
25.571428571428573 0.10995312500000001
25.607142857142858 0.209265625
25.642857142857142 0.50365625
25.678571428571427 0.34759375000000003
25.714285714285715 0.294390625
25.75 0.26956250000000004
25.785714285714285 0.23409375000000002
25.821428571428573 0.209265625
25.857142857142858 0.166703125
25.892857142857142 0.17025
25.928571428571427 0.166703125
25.964285714285715 0.166703125
26.0 0.15606250000000002
26.035714285714285 0.15606250000000002
26.071428571428573 0.15606250000000002
26.107142857142858 0.15606250000000002
26.142857142857142 0.15606250000000002
26.178571428571427 0.13478125000000002
26.214285714285715 0.13478125000000002
26.25 0.15606250000000002
26.285714285714285 0.15606250000000002
26.321428571428573 0.15251562500000002
26.357142857142858 0.13478125000000002
26.392857142857142 0.13123437500000001
26.428571428571427 0.13123437500000001
26.464285714285715 0.13478125000000002
26.5 0.15251562500000002
26.535714285714285 0.15251562500000002
26.571428571428573 0.15251562500000002
26.607142857142858 0.15251562500000002
26.642857142857142 0.15606250000000002
26.678571428571427 0.15251562500000002
26.714285714285715 0.15251562500000002
26.75 0.15251562500000002
26.785714285714285 0.15251562500000002
26.821428571428573 0.15606250000000002
26.857142857142858 0.13478125000000002
26.892857142857142 0.15606250000000002
26.928571428571427 0.15606250000000002
26.964285714285715 0.15606250000000002
27.0 0.15606250000000002
27.035714285714285 0.15251562500000002
27.071428571428573 0.15251562500000002
27.107142857142858 0.15251562500000002
27.142857142857142 0.15606250000000002
27.178571428571427 0.15251562500000002
27.214285714285715 0.15251562500000002
27.25 0.15606250000000002
27.285714285714285 0.15606250000000002
27.321428571428573 0.15960937500000003
27.357142857142858 0.15606250000000002
27.392857142857142 0.15606250000000002
27.428571428571427 0.14896875
27.464285714285715 0.13123437500000001
27.5 0.1135
27.535714285714285 0.102859375
27.571428571428573 0.081578125
27.607142857142858 0.0709375
27.642857142857142 0.16315625
27.678571428571427 0.23764062500000002
27.714285714285715 0.26246875000000003
27.75 0.24118750000000003
27.785714285714285 0.23409375000000002
27.821428571428573 0.21281250000000002
27.857142857142858 0.166703125
27.892857142857142 0.10995312500000001
27.928571428571427 0.0
27.964285714285715 0.09576562500000001
28.0 0.09221875
28.035714285714285 0.085125
28.071428571428573 0.053203125000000004
28.107142857142858 0.06739062500000001
28.142857142857142 0.085125
28.178571428571427 0.05675
28.214285714285715 0.074484375
28.25 0.049656250000000006
28.285714285714285 0.08867187500000001
28.321428571428573 0.09221875
28.357142857142858 0.085125
28.392857142857142 0.08867187500000001
28.428571428571427 0.09221875
28.464285714285715 0.08867187500000001
