0.03571428571428571 3.1035156250000004
0.07142857142857142 3.0999687500000004
0.10714285714285714 3.1035156250000004
0.14285714285714285 3.0999687500000004
0.17857142857142858 3.0964218750000003
0.21428571428571427 3.0964218750000003
0.25 3.082234375
0.2857142857142857 3.089328125
0.32142857142857145 3.0964218750000003
0.35714285714285715 3.0964218750000003
0.39285714285714285 3.0964218750000003
0.42857142857142855 3.0964218750000003
0.4642857142857143 3.0964218750000003
0.5 3.0964218750000003
0.5357142857142857 3.0964218750000003
0.6071428571428571 3.08578125
0.6428571428571429 3.0786875000000005
0.6785714285714286 3.08578125
0.7142857142857143 3.08578125
0.75 3.08578125
0.7857142857142857 3.08578125
0.8214285714285714 3.08578125
0.8571428571428571 3.08578125
0.8928571428571429 3.08578125
0.9285714285714286 3.082234375
0.9642857142857143 3.082234375
1.0 3.0680468750000003
1.0357142857142858 3.0715937500000003
1.0714285714285714 3.0751406250000004
1.1071428571428572 3.0751406250000004
1.1428571428571428 3.0751406250000004
1.1785714285714286 3.0751406250000004
1.2142857142857142 3.0751406250000004
1.25 3.0751406250000004
1.3214285714285714 3.0715937500000003
1.3571428571428572 3.0645000000000002
1.3928571428571428 3.0645000000000002
1.4285714285714286 3.0715937500000003
1.4642857142857142 3.0715937500000003
1.5 3.0715937500000003
1.5357142857142858 3.0751406250000004
1.5714285714285714 3.0751406250000004
1.6071428571428572 3.0751406250000004
1.6428571428571428 3.0715937500000003
1.7142857142857142 3.0680468750000003
1.75 3.060953125
1.7857142857142858 3.0645000000000002
1.8214285714285714 3.0680468750000003
1.8571428571428572 3.0680468750000003
1.8928571428571428 3.0680468750000003
1.9285714285714286 3.0680468750000003
1.9642857142857142 3.0680468750000003
2.0 3.0680468750000003
2.0714285714285716 3.0645000000000002
2.107142857142857 3.0503125000000004
2.142857142857143 3.0503125000000004
2.1785714285714284 3.0538593750000005
2.2142857142857144 3.060953125
2.25 3.060953125
2.2857142857142856 3.060953125
2.3214285714285716 3.060953125
2.357142857142857 3.060953125
2.4285714285714284 3.0538593750000005
2.4642857142857144 3.0538593750000005
2.5 3.0432187500000003
2.5357142857142856 3.0432187500000003
2.5714285714285716 3.0503125000000004
2.607142857142857 3.0503125000000004
2.642857142857143 3.0538593750000005
2.6785714285714284 3.0538593750000005
2.7142857142857144 3.0538593750000005
2.75 3.0503125000000004
2.857142857142857 3.036125
2.892857142857143 3.036125
2.9285714285714284 3.032578125
2.9642857142857144 3.036125
3.0 3.0396718750000002
3.0357142857142856 3.0432187500000003
3.0714285714285716 3.0396718750000002
3.1785714285714284 3.0396718750000002
3.2142857142857144 3.032578125
3.25 3.02903125
3.2857142857142856 3.02903125
3.3214285714285716 3.02903125
3.357142857142857 3.036125
3.392857142857143 3.032578125
3.4285714285714284 3.036125
3.4642857142857144 3.032578125
3.5 3.032578125
3.5357142857142856 3.032578125
3.5714285714285716 3.02903125
3.607142857142857 3.0219375000000004
3.642857142857143 3.0183906250000003
3.6785714285714284 3.0148437500000003
3.7142857142857144 3.0183906250000003
3.75 3.0219375000000004
3.7857142857142856 3.0219375000000004
3.8214285714285716 3.0219375000000004
3.857142857142857 3.0219375000000004
3.892857142857143 3.0219375000000004
4.0 3.0148437500000003
4.035714285714286 3.00775
4.071428571428571 3.011296875
4.107142857142857 3.0148437500000003
4.142857142857143 3.0148437500000003
4.178571428571429 3.0148437500000003
4.214285714285714 3.0148437500000003
4.285714285714286 3.0148437500000003
4.321428571428571 3.00775
4.357142857142857 3.004203125
4.392857142857143 3.0006562500000005
4.428571428571429 3.0006562500000005
4.464285714285714 3.004203125
4.5 3.00775
4.535714285714286 3.00775
4.571428571428571 3.00775
4.607142857142857 3.004203125
4.642857142857143 3.004203125
4.678571428571429 3.004203125
4.714285714285714 2.9971093750000004
4.75 2.9971093750000004
4.785714285714286 2.9935625000000003
4.821428571428571 2.9935625000000003
4.857142857142857 2.9971093750000004
4.892857142857143 3.0006562500000005
4.928571428571429 2.9971093750000004
4.964285714285714 2.9971093750000004
5.0 2.9971093750000004
5.035714285714286 2.9971093750000004
5.107142857142857 2.9864687500000002
5.142857142857143 2.9864687500000002
5.178571428571429 2.9864687500000002
5.214285714285714 2.9864687500000002
5.25 2.9900156250000003
5.285714285714286 2.9900156250000003
5.321428571428571 2.9900156250000003
5.357142857142857 2.9864687500000002
5.392857142857143 2.9864687500000002
5.464285714285714 2.9758281250000005
5.5 2.979375
5.535714285714286 2.9758281250000005
5.571428571428571 2.979375
5.607142857142857 2.979375
5.642857142857143 2.979375
5.678571428571429 2.979375
5.714285714285714 2.979375
5.821428571428571 2.8055781250000003
5.857142857142857 2.9722812500000004
5.892857142857143 2.9687343750000004
5.928571428571429 2.9687343750000004
5.964285714285714 2.9687343750000004
6.0 2.9722812500000004
6.035714285714286 2.9722812500000004
6.071428571428571 2.9722812500000004
6.107142857142857 2.9687343750000004
6.142857142857143 2.9687343750000004
6.214285714285714 2.9651875000000003
6.25 2.9616406250000002
6.285714285714286 2.9616406250000002
6.321428571428571 2.9616406250000002
6.357142857142857 2.9651875000000003
6.392857142857143 2.9616406250000002
6.428571428571429 2.9616406250000002
6.464285714285714 2.95809375
6.5 2.95809375
6.571428571428571 2.954546875
6.607142857142857 2.954546875
6.642857142857143 2.954546875
6.678571428571429 2.954546875
6.714285714285714 2.95809375
6.75 2.95809375
6.785714285714286 2.95809375
6.821428571428571 2.954546875
6.892857142857143 2.951
6.964285714285714 2.9474531250000005
7.0 2.9439062500000004
7.035714285714286 2.9439062500000004
7.071428571428571 2.9474531250000005
7.107142857142857 2.9474531250000005
7.142857142857143 2.9474531250000005
7.178571428571429 2.9474531250000005
7.214285714285714 2.9439062500000004
7.25 2.9439062500000004
7.321428571428571 2.9368125000000003
7.357142857142857 2.9368125000000003
7.392857142857143 2.9368125000000003
7.428571428571429 2.9403593750000003
7.464285714285714 2.9403593750000003
7.5 2.9403593750000003
7.535714285714286 2.9403593750000003
7.571428571428571 2.9368125000000003
7.607142857142857 2.9368125000000003
7.678571428571429 2.92971875
7.714285714285714 2.92971875
7.75 2.926171875
7.785714285714286 2.92971875
7.821428571428571 2.92971875
7.857142857142857 2.92971875
7.892857142857143 2.92971875
7.928571428571429 2.926171875
8.071428571428571 2.9226250000000005
8.107142857142858 2.9190781250000004
8.142857142857142 2.9190781250000004
8.178571428571429 2.9226250000000005
8.214285714285714 2.9226250000000005
8.25 2.9226250000000005
8.285714285714286 2.9226250000000005
8.428571428571429 2.9119843750000003
8.464285714285714 2.9119843750000003
8.5 2.9084375000000002
8.535714285714286 2.9119843750000003
8.571428571428571 2.9119843750000003
8.607142857142858 2.9119843750000003
8.642857142857142 2.9119843750000003
8.678571428571429 2.9119843750000003
8.714285714285714 2.9084375000000002
8.785714285714286 2.904890625
8.821428571428571 2.904890625
8.857142857142858 2.904890625
8.892857142857142 2.904890625
8.928571428571429 2.904890625
8.964285714285714 2.904890625
9.0 2.904890625
9.035714285714286 2.904890625
9.071428571428571 2.90134375
9.178571428571429 2.897796875
9.214285714285714 2.897796875
9.25 2.8942500000000004
9.285714285714286 2.8942500000000004
9.321428571428571 2.8942500000000004
9.357142857142858 2.8942500000000004
9.428571428571429 2.8942500000000004
9.464285714285714 2.8907031250000004
9.535714285714286 2.8907031250000004
9.571428571428571 2.8907031250000004
9.607142857142858 2.8871562500000003
9.642857142857142 2.8871562500000003
9.678571428571429 2.8871562500000003
9.714285714285714 2.8871562500000003
9.75 2.8871562500000003
9.785714285714286 2.8871562500000003
9.892857142857142 2.8836093750000003
9.928571428571429 2.8836093750000003
9.964285714285714 2.8800625
10.0 2.8800625
10.035714285714286 2.8800625
10.071428571428571 2.8800625
10.107142857142858 2.8800625
10.178571428571429 2.8800625
10.285714285714286 2.876515625
10.321428571428571 2.87296875
10.357142857142858 2.87296875
10.392857142857142 2.87296875
10.428571428571429 2.87296875
10.464285714285714 2.87296875
10.5 2.87296875
10.571428571428571 2.87296875
10.642857142857142 2.87296875
10.678571428571429 2.8694218750000005
10.714285714285714 2.8694218750000005
10.75 2.8694218750000005
10.785714285714286 2.8694218750000005
10.821428571428571 2.8694218750000005
10.857142857142858 2.8658750000000004
10.892857142857142 2.8658750000000004
10.964285714285714 2.8658750000000004
11.0 2.8623281250000003
11.035714285714286 2.8623281250000003
11.071428571428571 2.8587812500000003
11.107142857142858 2.8587812500000003
11.142857142857142 2.8587812500000003
11.178571428571429 2.8587812500000003
11.214285714285714 2.8587812500000003
11.321428571428571 2.8623281250000003
11.357142857142858 2.855234375
11.392857142857142 2.8587812500000003
11.428571428571429 2.855234375
11.464285714285714 2.855234375
11.5 2.855234375
11.535714285714286 2.855234375
11.571428571428571 2.855234375
11.607142857142858 2.855234375
11.678571428571429 2.8516875
11.714285714285714 2.848140625
11.75 2.848140625
11.785714285714286 2.848140625
11.821428571428571 2.8445937500000005
11.857142857142858 2.8445937500000005
11.892857142857142 2.8445937500000005
11.928571428571429 2.8445937500000005
11.964285714285714 2.8445937500000005
12.0 2.8445937500000005
12.071428571428571 2.8445937500000005
12.142857142857142 2.8410468750000004
12.178571428571429 2.8375000000000004
12.214285714285714 2.8375000000000004
12.25 2.8375000000000004
12.285714285714286 2.8375000000000004
12.321428571428571 2.8375000000000004
12.392857142857142 2.8339531250000003
12.5 2.8339531250000003
12.535714285714286 2.8304062500000002
12.571428571428571 2.8304062500000002
12.607142857142858 2.8304062500000002
12.642857142857142 2.8304062500000002
12.678571428571429 2.8304062500000002
12.714285714285714 2.8304062500000002
12.75 2.826859375
12.785714285714286 2.826859375
12.857142857142858 2.8233125
12.892857142857142 2.8233125
12.928571428571429 2.8233125
12.964285714285714 2.8233125
13.0 2.8233125
13.035714285714286 2.8233125
13.071428571428571 2.8233125
13.142857142857142 2.8162187500000004
13.178571428571429 2.8126718750000004
13.25 2.8162187500000004
13.285714285714286 2.8126718750000004
13.321428571428571 2.8126718750000004
13.357142857142858 2.8126718750000004
13.392857142857142 2.8126718750000004
13.428571428571429 2.8126718750000004
13.464285714285714 2.8126718750000004
13.535714285714286 2.8091250000000003
13.607142857142858 2.8091250000000003
13.642857142857142 2.8055781250000003
13.678571428571429 2.8055781250000003
13.714285714285714 2.8055781250000003
13.75 2.8055781250000003
13.785714285714286 2.8055781250000003
13.821428571428571 2.8055781250000003
13.964285714285714 2.7949375
14.0 2.7949375
14.035714285714286 2.7949375
14.071428571428571 2.7949375
14.107142857142858 2.7949375
14.142857142857142 2.7949375
14.178571428571429 2.7949375
14.214285714285714 2.7949375
14.25 2.7913906250000005
14.321428571428571 2.7842968750000003
14.357142857142858 2.7878437500000004
14.392857142857142 2.7878437500000004
14.428571428571429 2.7878437500000004
14.464285714285714 2.7878437500000004
14.5 2.7878437500000004
14.535714285714286 2.7878437500000004
14.607142857142858 2.7807500000000003
14.642857142857142 2.7807500000000003
14.714285714285714 2.77365625
14.75 2.777203125
14.785714285714286 2.777203125
14.821428571428571 2.777203125
14.857142857142858 2.777203125
14.892857142857142 2.777203125
14.928571428571429 2.777203125
14.964285714285714 2.777203125
15.071428571428571 2.770109375
15.107142857142858 2.770109375
15.142857142857142 2.770109375
15.178571428571429 2.770109375
15.214285714285714 2.77365625
15.25 2.770109375
15.285714285714286 2.770109375
15.357142857142858 2.7665625
15.392857142857142 2.7665625
15.428571428571429 2.7594687500000004
15.464285714285714 2.7665625
15.5 2.7630156250000004
15.535714285714286 2.7665625
15.571428571428571 2.7665625
15.607142857142858 2.7665625
15.642857142857142 2.7630156250000004
15.678571428571429 2.7665625
15.75 2.7630156250000004
15.821428571428571 2.7559218750000003
15.857142857142858 2.7559218750000003
15.892857142857142 2.7559218750000003
15.928571428571429 2.7594687500000004
15.964285714285714 2.7594687500000004
16.0 2.7594687500000004
16.035714285714285 2.7594687500000004
16.071428571428573 2.7559218750000003
16.107142857142858 2.7559218750000003
16.178571428571427 2.7523750000000002
16.214285714285715 2.7523750000000002
16.25 2.7523750000000002
16.285714285714285 2.7523750000000002
16.321428571428573 2.7523750000000002
16.357142857142858 2.7523750000000002
16.392857142857142 2.7523750000000002
16.5 2.741734375
16.571428571428573 2.74528125
16.607142857142858 2.741734375
16.642857142857142 2.74528125
16.678571428571427 2.74528125
16.714285714285715 2.741734375
16.75 2.741734375
16.785714285714285 2.741734375
16.821428571428573 2.7381875000000004
16.857142857142858 2.7346406250000004
16.928571428571427 2.7346406250000004
16.964285714285715 2.7346406250000004
17.0 2.7310937500000003
17.035714285714285 2.7310937500000003
17.071428571428573 2.7310937500000003
17.107142857142858 2.7310937500000003
17.142857142857142 2.7310937500000003
17.178571428571427 2.7310937500000003
17.214285714285715 2.7310937500000003
17.321428571428573 2.7310937500000003
17.357142857142858 2.7310937500000003
17.392857142857142 2.7310937500000003
17.428571428571427 2.7310937500000003
17.464285714285715 2.7310937500000003
17.5 2.7310937500000003
17.678571428571427 2.724
17.714285714285715 2.720453125
17.75 2.724
17.785714285714285 2.724
17.821428571428573 2.724
17.857142857142858 2.724
17.892857142857142 2.720453125
17.928571428571427 2.720453125
17.964285714285715 2.720453125
18.035714285714285 2.720453125
18.071428571428573 2.720453125
18.107142857142858 2.720453125
18.142857142857142 2.720453125
18.178571428571427 2.71690625
18.214285714285715 2.71690625
18.25 2.71690625
18.321428571428573 2.71690625
18.357142857142858 2.7133593750000005
18.392857142857142 2.71690625
18.428571428571427 2.71690625
18.464285714285715 2.7133593750000005
18.5 2.7133593750000005
18.535714285714285 2.71690625
18.571428571428573 2.71690625
18.607142857142858 2.71690625
18.642857142857142 2.7133593750000005
18.678571428571427 2.7098125000000004
18.714285714285715 2.7133593750000005
18.785714285714285 2.7133593750000005
18.821428571428573 2.7133593750000005
18.857142857142858 2.7133593750000005
18.892857142857142 2.7133593750000005
18.928571428571427 2.7133593750000005
18.964285714285715 2.7133593750000005
19.0 2.7133593750000005
19.035714285714285 2.7098125000000004
19.142857142857142 2.7098125000000004
19.178571428571427 2.7098125000000004
19.214285714285715 2.7062656250000003
19.25 2.7098125000000004
19.285714285714285 2.7098125000000004
19.321428571428573 2.7098125000000004
19.357142857142858 2.7098125000000004
19.464285714285715 2.7098125000000004
19.5 2.7027187500000003
19.535714285714285 2.7062656250000003
19.571428571428573 2.7062656250000003
19.607142857142858 2.7062656250000003
19.642857142857142 2.7062656250000003
19.678571428571427 2.7062656250000003
19.714285714285715 2.7062656250000003
19.75 2.7062656250000003
19.785714285714285 2.7027187500000003
19.821428571428573 2.7062656250000003
19.892857142857142 2.7027187500000003
19.928571428571427 2.7027187500000003
19.964285714285715 2.7027187500000003
20.0 2.7027187500000003
20.035714285714285 2.7027187500000003
20.071428571428573 2.7027187500000003
20.107142857142858 2.7027187500000003
20.178571428571427 2.695625
20.214285714285715 2.695625
20.25 2.695625
20.285714285714285 2.695625
20.321428571428573 2.692078125
20.357142857142858 2.695625
20.392857142857142 2.695625
20.428571428571427 2.692078125
20.464285714285715 2.692078125
20.535714285714285 2.6849843750000004
20.571428571428573 2.6849843750000004
20.607142857142858 2.6814375000000004
20.642857142857142 2.6849843750000004
20.678571428571427 2.6814375000000004
20.714285714285715 2.6814375000000004
20.75 2.6849843750000004
20.785714285714285 2.6849843750000004
20.821428571428573 2.6814375000000004
20.857142857142858 2.6814375000000004
20.892857142857142 2.6778906250000003
20.928571428571427 2.6778906250000003
21.0 2.6778906250000003
21.035714285714285 2.6743437500000002
21.071428571428573 2.6743437500000002
21.107142857142858 2.6743437500000002
21.142857142857142 2.6743437500000002
21.178571428571427 2.6743437500000002
21.214285714285715 2.6743437500000002
21.285714285714285 2.6743437500000002
21.321428571428573 2.670796875
21.357142857142858 2.6743437500000002
21.392857142857142 2.670796875
21.428571428571427 2.670796875
21.464285714285715 2.6743437500000002
21.5 2.6743437500000002
21.535714285714285 2.670796875
21.571428571428573 2.670796875
21.607142857142858 2.670796875
21.642857142857142 2.66725
21.678571428571427 2.66725
21.75 2.663703125
21.785714285714285 2.663703125
21.821428571428573 2.663703125
21.857142857142858 2.66725
21.892857142857142 2.663703125
21.928571428571427 2.663703125
21.964285714285715 2.663703125
22.035714285714285 2.6601562500000004
22.107142857142858 2.6566093750000004
22.142857142857142 2.6566093750000004
22.178571428571427 2.6566093750000004
22.214285714285715 2.6601562500000004
22.25 2.6566093750000004
22.285714285714285 2.6601562500000004
22.321428571428573 2.6601562500000004
22.392857142857142 2.6566093750000004
22.428571428571427 2.6495156250000003
22.5 2.6495156250000003
22.535714285714285 2.6495156250000003
22.571428571428573 2.6530625000000003
22.607142857142858 2.6530625000000003
22.642857142857142 2.6530625000000003
22.678571428571427 2.6495156250000003
22.714285714285715 2.6530625000000003
22.75 2.64596875
22.785714285714285 2.64596875
22.857142857142858 2.642421875
22.892857142857142 2.638875
22.928571428571427 2.642421875
22.964285714285715 2.642421875
23.0 2.642421875
23.035714285714285 2.642421875
23.071428571428573 2.642421875
23.25 2.6317812500000004
23.285714285714285 2.6317812500000004
23.321428571428573 2.6317812500000004
23.357142857142858 2.635328125
23.392857142857142 2.635328125
23.428571428571427 2.635328125
23.464285714285715 2.635328125
23.5 2.6282343750000003
23.535714285714285 2.6282343750000003
23.607142857142858 2.6246875000000003
23.642857142857142 2.6246875000000003
23.678571428571427 2.6246875000000003
23.714285714285715 2.6282343750000003
23.75 2.6282343750000003
23.785714285714285 2.6282343750000003
23.821428571428573 2.6282343750000003
23.892857142857142 2.6211406250000002
23.964285714285715 2.614046875
24.0 2.614046875
24.035714285714285 2.61759375
24.071428571428573 2.61759375
24.107142857142858 2.61759375
24.142857142857142 2.61759375
24.178571428571427 2.61759375
24.214285714285715 2.61759375
24.25 2.614046875
24.285714285714285 2.6069531250000004
24.357142857142858 2.6069531250000004
24.392857142857142 2.6069531250000004
24.428571428571427 2.6105
24.464285714285715 2.6105
24.5 2.6105
24.535714285714285 2.6105
24.571428571428573 2.6105
24.607142857142858 2.6034062500000004
24.642857142857142 2.5998593750000003
24.678571428571427 2.5963125000000002
24.714285714285715 2.5998593750000003
24.75 2.5998593750000003
24.785714285714285 2.5998593750000003
24.821428571428573 2.6034062500000004
24.857142857142858 2.5998593750000003
24.892857142857142 2.5998593750000003
24.928571428571427 2.5998593750000003
24.964285714285715 2.5998593750000003
25.0 2.5963125000000002
25.071428571428573 2.592765625
25.107142857142858 2.592765625
25.142857142857142 2.5963125000000002
25.178571428571427 2.5963125000000002
25.214285714285715 2.5963125000000002
25.25 2.5963125000000002
25.285714285714285 2.592765625
25.321428571428573 2.592765625
25.357142857142858 2.58921875
25.392857142857142 2.5821250000000004
25.464285714285715 2.585671875
25.5 2.585671875
25.535714285714285 2.585671875
25.571428571428573 2.585671875
25.607142857142858 2.585671875
25.642857142857142 2.585671875
25.678571428571427 2.585671875
25.75 2.5821250000000004
25.785714285714285 2.5750312500000003
25.821428571428573 2.5785781250000004
25.857142857142858 2.5785781250000004
25.892857142857142 2.5821250000000004
25.928571428571427 2.5821250000000004
25.964285714285715 2.5821250000000004
26.0 2.5785781250000004
26.035714285714285 2.5785781250000004
26.071428571428573 2.5785781250000004
26.107142857142858 2.5785781250000004
26.142857142857142 2.5714843750000003
26.178571428571427 2.5750312500000003
26.214285714285715 2.5750312500000003
26.25 2.5750312500000003
26.285714285714285 2.5750312500000003
26.321428571428573 2.5750312500000003
26.357142857142858 2.5750312500000003
26.392857142857142 2.5750312500000003
26.464285714285715 2.5750312500000003
26.5 2.5679375
26.535714285714285 2.5679375
26.571428571428573 2.5679375
26.607142857142858 2.5679375
26.642857142857142 2.5679375
26.678571428571427 2.5679375
26.714285714285715 2.5679375
26.75 2.5679375
26.785714285714285 2.5714843750000003
26.857142857142858 2.564390625
26.892857142857142 2.56084375
26.928571428571427 2.564390625
26.964285714285715 2.564390625
27.0 2.564390625
27.035714285714285 2.564390625
27.071428571428573 2.564390625
27.107142857142858 2.564390625
27.142857142857142 2.564390625
27.178571428571427 2.564390625
27.285714285714285 2.557296875
27.321428571428573 2.557296875
27.357142857142858 2.56084375
27.392857142857142 2.56084375
27.428571428571427 2.557296875
27.464285714285715 2.557296875
27.5 2.557296875
27.571428571428573 2.557296875
27.607142857142858 2.5502031250000003
27.642857142857142 2.5466562500000003
27.678571428571427 2.5537500000000004
27.714285714285715 2.5502031250000003
27.75 2.5537500000000004
27.785714285714285 2.5537500000000004
27.821428571428573 2.5537500000000004
27.857142857142858 2.5502031250000003
27.892857142857142 2.5502031250000003
27.964285714285715 2.5466562500000003
28.0 2.536015625
28.035714285714285 2.5431093750000002
28.071428571428573 2.5395625
28.107142857142858 2.5395625
28.142857142857142 2.5395625
28.178571428571427 2.5395625
28.214285714285715 2.5395625
28.25 2.5395625
28.321428571428573 2.536015625
28.392857142857142 2.53246875
28.428571428571427 2.53246875
28.464285714285715 2.53246875
28.5 2.53246875
28.535714285714285 2.53246875
28.571428571428573 2.53246875
28.607142857142858 2.53246875
28.678571428571427 2.5289218750000004
28.714285714285715 2.5253750000000004
28.75 2.5218281250000003
28.785714285714285 2.5253750000000004
28.821428571428573 2.5218281250000003
28.857142857142858 2.5253750000000004
28.892857142857142 2.5253750000000004
28.928571428571427 2.5253750000000004
28.964285714285715 2.5253750000000004
29.0 2.5253750000000004
29.071428571428573 2.5182812500000002
29.107142857142858 2.514734375
29.142857142857142 2.514734375
29.178571428571427 2.514734375
29.214285714285715 2.514734375
29.25 2.514734375
29.285714285714285 2.514734375
29.321428571428573 2.514734375
29.357142857142858 2.514734375
29.428571428571427 2.514734375
29.464285714285715 2.507640625
29.5 2.5111875
29.535714285714285 2.507640625
29.571428571428573 2.507640625
29.607142857142858 2.5111875
29.642857142857142 2.5111875
29.678571428571427 2.5111875
29.714285714285715 2.5111875
29.821428571428573 2.507640625
29.857142857142858 2.50409375
29.892857142857142 2.507640625
29.928571428571427 2.507640625
29.964285714285715 2.507640625
30.0 2.507640625
30.035714285714285 2.507640625
30.071428571428573 2.507640625
30.107142857142858 2.507640625
30.25 2.50409375
30.285714285714285 2.50409375
30.321428571428573 2.50409375
30.357142857142858 2.50409375
30.392857142857142 2.50409375
30.428571428571427 2.50409375
30.464285714285715 2.50409375
30.535714285714285 2.50409375
30.607142857142858 2.4970000000000003
30.642857142857142 2.5005468750000004
30.678571428571427 2.4970000000000003
30.714285714285715 2.4970000000000003
30.75 2.4970000000000003
30.785714285714285 2.4970000000000003
30.821428571428573 2.4970000000000003
30.928571428571427 2.4934531250000003
31.0 2.48990625
31.035714285714285 2.48990625
31.071428571428573 2.48990625
31.107142857142858 2.48990625
31.142857142857142 2.48990625
31.178571428571427 2.48990625
31.214285714285715 2.48990625
31.285714285714285 2.48990625
31.357142857142858 2.486359375
31.392857142857142 2.486359375
31.428571428571427 2.486359375
31.464285714285715 2.486359375
31.5 2.486359375
31.535714285714285 2.486359375
31.571428571428573 2.4828125
31.642857142857142 2.4828125
31.678571428571427 2.479265625
31.714285714285715 2.4757187500000004
31.75 2.479265625
31.785714285714285 2.479265625
31.821428571428573 2.479265625
31.857142857142858 2.479265625
31.892857142857142 2.479265625
31.928571428571427 2.4757187500000004
31.964285714285715 2.4757187500000004
32.035714285714285 2.4721718750000004
32.107142857142854 2.4721718750000004
32.142857142857146 2.4721718750000004
32.17857142857143 2.4721718750000004
32.214285714285715 2.4721718750000004
32.25 2.4721718750000004
32.285714285714285 2.4686250000000003
32.32142857142857 2.4686250000000003
32.392857142857146 2.4686250000000003
32.464285714285715 2.4686250000000003
32.5 2.4650781250000002
32.535714285714285 2.4650781250000002
32.57142857142857 2.4650781250000002
32.607142857142854 2.4650781250000002
32.642857142857146 2.4650781250000002
32.67857142857143 2.4650781250000002
32.75 2.4686250000000003
32.785714285714285 2.46153125
32.82142857142857 2.46153125
32.857142857142854 2.4650781250000002
32.892857142857146 2.4650781250000002
32.92857142857143 2.46153125
32.964285714285715 2.46153125
33.0 2.46153125
33.035714285714285 2.46153125
33.07142857142857 2.46153125
33.142857142857146 2.46153125
33.17857142857143 2.457984375
33.214285714285715 2.457984375
33.25 2.457984375
33.285714285714285 2.457984375
33.32142857142857 2.457984375
33.357142857142854 2.457984375
33.392857142857146 2.457984375
33.42857142857143 2.4544375
33.464285714285715 2.457984375
33.5 2.457984375
33.57142857142857 2.4544375
33.607142857142854 2.4544375
33.642857142857146 2.4544375
33.67857142857143 2.4544375
33.714285714285715 2.4544375
33.75 2.4544375
33.785714285714285 2.4508906250000004
33.82142857142857 2.4544375
33.857142857142854 2.4544375
33.892857142857146 2.4508906250000004
33.92857142857143 2.4544375
33.964285714285715 2.4544375
34.0 2.4508906250000004
34.035714285714285 2.4508906250000004
34.07142857142857 2.4508906250000004
34.107142857142854 2.4508906250000004
34.142857142857146 2.4508906250000004
34.17857142857143 2.4473437500000004
34.25 2.4508906250000004
34.32142857142857 2.4473437500000004
34.357142857142854 2.4473437500000004
34.392857142857146 2.4473437500000004
34.42857142857143 2.4473437500000004
34.464285714285715 2.4473437500000004
34.5 2.4473437500000004
34.535714285714285 2.4437968750000003
34.607142857142854 2.4437968750000003
34.642857142857146 2.4402500000000003
34.67857142857143 2.4402500000000003
34.714285714285715 2.4437968750000003
34.75 2.4402500000000003
34.785714285714285 2.4402500000000003
34.82142857142857 2.4402500000000003
34.857142857142854 2.4402500000000003
34.892857142857146 2.4402500000000003
34.92857142857143 2.4402500000000003
35.0 2.436703125
35.035714285714285 2.436703125
35.07142857142857 2.436703125
35.107142857142854 2.436703125
35.142857142857146 2.43315625
35.17857142857143 2.43315625
35.214285714285715 2.43315625
35.25 2.43315625
35.285714285714285 2.43315625
35.357142857142854 2.43315625
35.42857142857143 2.43315625
35.464285714285715 2.43315625
35.5 2.429609375
35.535714285714285 2.43315625
35.57142857142857 2.43315625
35.607142857142854 2.429609375
35.642857142857146 2.429609375
35.714285714285715 2.429609375
35.75 2.429609375
35.785714285714285 2.4225156250000004
35.82142857142857 2.4260625
35.857142857142854 2.4260625
35.892857142857146 2.4260625
35.92857142857143 2.4260625
35.964285714285715 2.4260625
36.0 2.4260625
36.142857142857146 2.4189687500000003
36.17857142857143 2.4225156250000004
36.214285714285715 2.4225156250000004
36.25 2.4189687500000003
36.285714285714285 2.4189687500000003
36.32142857142857 2.4189687500000003
36.357142857142854 2.4189687500000003
36.392857142857146 2.4189687500000003
36.464285714285715 2.4189687500000003
36.535714285714285 2.4154218750000003
36.57142857142857 2.4154218750000003
36.607142857142854 2.4154218750000003
36.642857142857146 2.4154218750000003
36.67857142857143 2.4154218750000003
36.714285714285715 2.411875
36.75 2.411875
36.785714285714285 2.411875
36.82142857142857 2.411875
36.892857142857146 2.408328125
36.92857142857143 2.411875
36.964285714285715 2.411875
37.0 2.411875
37.035714285714285 2.411875
37.07142857142857 2.411875
37.107142857142854 2.408328125
37.142857142857146 2.408328125
37.214285714285715 2.411875
37.25 2.40478125
37.285714285714285 2.411875
37.32142857142857 2.408328125
37.357142857142854 2.408328125
37.392857142857146 2.411875
37.42857142857143 2.408328125
37.464285714285715 2.408328125
37.5 2.408328125
37.642857142857146 2.401234375
37.67857142857143 2.40478125
37.714285714285715 2.40478125
37.75 2.401234375
37.785714285714285 2.401234375
37.82142857142857 2.401234375
37.857142857142854 2.401234375
37.964285714285715 2.3976875000000004
38.0 2.3941406250000004
38.035714285714285 2.3976875000000004
38.07142857142857 2.3976875000000004
38.107142857142854 2.3976875000000004
38.142857142857146 2.3976875000000004
38.17857142857143 2.3976875000000004
38.214285714285715 2.3976875000000004
38.25 2.3941406250000004
38.32142857142857 2.3941406250000004
38.392857142857146 2.3905937500000003
38.42857142857143 2.3905937500000003
38.464285714285715 2.3905937500000003
38.5 2.3905937500000003
38.535714285714285 2.3905937500000003
38.57142857142857 2.3905937500000003
38.67857142857143 2.3835
38.714285714285715 2.379953125
38.75 2.3835
38.785714285714285 2.3835
38.82142857142857 2.3835
38.857142857142854 2.3835
38.892857142857146 2.379953125
38.92857142857143 2.379953125
38.964285714285715 2.379953125
39.0 2.379953125
39.07142857142857 2.379953125
39.107142857142854 2.37640625
39.142857142857146 2.379953125
39.17857142857143 2.379953125
39.214285714285715 2.37640625
39.25 2.37640625
39.285714285714285 2.37640625
39.32142857142857 2.37640625
39.42857142857143 2.37640625
39.5 2.37640625
39.535714285714285 2.37640625
39.57142857142857 2.3728593750000004
39.607142857142854 2.3728593750000004
39.642857142857146 2.3728593750000004
39.67857142857143 2.3728593750000004
39.714285714285715 2.3728593750000004
39.75 2.3693125000000004
39.82142857142857 2.3657656250000003
39.857142857142854 2.3657656250000003
39.892857142857146 2.3657656250000003
39.92857142857143 2.3657656250000003
