0.03571428571428571 1.8550156250000003
0.07142857142857142 1.8550156250000003
0.10714285714285714 1.8550156250000003
0.14285714285714285 1.8550156250000003
0.17857142857142858 1.8550156250000003
0.21428571428571427 1.8550156250000003
0.5357142857142857 1.9011250000000002
0.5714285714285714 1.8301875
0.6071428571428571 1.816
0.6428571428571429 1.816
0.6785714285714286 1.816
0.7142857142857143 1.816
0.75 1.816
0.7857142857142857 1.816
0.8214285714285714 1.816
0.8571428571428571 1.816
0.8928571428571429 1.816
0.9285714285714286 1.816
0.9642857142857143 1.8195468750000001
1.0 1.8195468750000001
1.0357142857142858 1.816
1.0714285714285714 1.816
1.1071428571428572 1.816
1.1428571428571428 1.816
1.1785714285714286 1.816
1.2142857142857142 1.816
1.25 1.816
1.2857142857142858 1.816
1.3214285714285714 1.816
1.3571428571428572 1.816
1.3928571428571428 1.816
1.4285714285714286 1.816
1.4642857142857142 1.816
1.5 1.816
1.5357142857142858 1.816
1.5714285714285714 1.8195468750000001
1.6071428571428572 1.816
1.6428571428571428 1.816
2.0 1.805359375
2.0357142857142856 1.7840781250000002
2.0714285714285716 1.7840781250000002
2.107142857142857 1.7840781250000002
2.142857142857143 1.7840781250000002
2.1785714285714284 1.7840781250000002
2.2142857142857144 1.7840781250000002
2.25 1.7840781250000002
2.2857142857142856 1.7840781250000002
2.3214285714285716 1.7840781250000002
2.357142857142857 1.7840781250000002
2.392857142857143 1.7876250000000002
2.4285714285714284 1.7840781250000002
2.4642857142857144 1.7840781250000002
2.5 1.7840781250000002
2.5357142857142856 1.7840781250000002
2.5714285714285716 1.7840781250000002
2.607142857142857 1.7840781250000002
2.642857142857143 1.7876250000000002
2.6785714285714284 1.7840781250000002
2.7142857142857144 1.7840781250000002
2.75 1.7840781250000002
2.7857142857142856 1.7840781250000002
2.8214285714285716 1.7840781250000002
2.857142857142857 1.7840781250000002
2.892857142857143 1.7840781250000002
2.9285714285714284 1.7840781250000002
2.9642857142857144 1.7840781250000002
3.0 1.7840781250000002
3.0357142857142856 1.7840781250000002
3.0714285714285716 1.7840781250000002
3.4642857142857144 1.76634375
3.5 1.76634375
3.5357142857142856 1.76634375
3.5714285714285716 1.76634375
3.607142857142857 1.7698906250000002
3.642857142857143 1.7698906250000002
3.6785714285714284 1.76634375
3.7142857142857144 1.76634375
3.75 1.76634375
3.7857142857142856 1.76634375
3.8214285714285716 1.76634375
3.857142857142857 1.76634375
3.892857142857143 1.76634375
3.9285714285714284 1.76634375
3.9642857142857144 1.7698906250000002
4.0 1.76634375
4.035714285714286 1.76634375
4.071428571428571 1.76634375
4.107142857142857 1.76634375
4.142857142857143 1.76634375
4.178571428571429 1.76634375
4.214285714285714 1.76634375
4.25 1.76634375
4.285714285714286 1.76634375
4.321428571428571 1.76634375
4.357142857142857 1.76634375
4.392857142857143 1.76634375
4.428571428571429 1.76634375
4.464285714285714 1.76634375
4.5 1.76634375
4.857142857142857 1.7734375000000002
4.892857142857143 1.7450625000000002
4.928571428571429 1.7486093750000002
4.964285714285714 1.7486093750000002
5.0 1.7486093750000002
5.035714285714286 1.7486093750000002
5.071428571428571 1.7486093750000002
5.107142857142857 1.7450625000000002
5.142857142857143 1.7486093750000002
5.178571428571429 1.7486093750000002
5.214285714285714 1.7486093750000002
5.25 1.7486093750000002
5.285714285714286 1.7486093750000002
5.321428571428571 1.7486093750000002
5.357142857142857 1.7486093750000002
5.392857142857143 1.7450625000000002
5.428571428571429 1.7486093750000002
5.464285714285714 1.7486093750000002
5.5 1.7486093750000002
5.535714285714286 1.7486093750000002
5.571428571428571 1.7486093750000002
5.607142857142857 1.7450625000000002
5.642857142857143 1.7486093750000002
5.678571428571429 1.7450625000000002
5.714285714285714 1.7486093750000002
5.75 1.7486093750000002
5.785714285714286 1.7486093750000002
5.821428571428571 1.7450625000000002
5.857142857142857 1.7450625000000002
5.892857142857143 1.7450625000000002
5.928571428571429 1.7450625000000002
5.964285714285714 1.7486093750000002
6.321428571428571 1.727328125
6.357142857142857 1.727328125
6.392857142857143 1.727328125
6.428571428571429 1.727328125
6.464285714285714 1.727328125
6.5 1.727328125
6.535714285714286 1.727328125
6.571428571428571 1.727328125
6.607142857142857 1.727328125
6.642857142857143 1.727328125
6.678571428571429 1.727328125
6.714285714285714 1.727328125
6.75 1.727328125
6.785714285714286 1.727328125
6.821428571428571 1.727328125
6.857142857142857 1.727328125
6.892857142857143 1.727328125
6.928571428571429 1.727328125
6.964285714285714 1.727328125
7.0 1.727328125
7.035714285714286 1.727328125
7.071428571428571 1.727328125
7.107142857142857 1.727328125
7.142857142857143 1.727328125
7.178571428571429 1.727328125
7.214285714285714 1.727328125
7.25 1.727328125
7.285714285714286 1.727328125
7.321428571428571 1.727328125
7.357142857142857 1.727328125
7.392857142857143 1.727328125
7.75 1.698953125
7.785714285714286 1.7025000000000001
7.821428571428571 1.698953125
7.857142857142857 1.698953125
7.892857142857143 1.7025000000000001
7.928571428571429 1.7025000000000001
7.964285714285714 1.7025000000000001
8.0 1.7025000000000001
8.035714285714286 1.7025000000000001
8.071428571428571 1.7025000000000001
8.107142857142858 1.7025000000000001
8.142857142857142 1.7025000000000001
8.178571428571429 1.7025000000000001
8.214285714285714 1.7025000000000001
8.25 1.7025000000000001
8.285714285714286 1.7025000000000001
8.321428571428571 1.7025000000000001
8.357142857142858 1.698953125
8.392857142857142 1.7025000000000001
8.428571428571429 1.7025000000000001
8.464285714285714 1.7025000000000001
8.5 1.7025000000000001
8.535714285714286 1.7025000000000001
8.571428571428571 1.7025000000000001
8.607142857142858 1.7025000000000001
8.642857142857142 1.7025000000000001
8.678571428571429 1.7025000000000001
8.714285714285714 1.7025000000000001
8.75 1.7025000000000001
8.785714285714286 1.7025000000000001
8.821428571428571 1.7025000000000001
9.178571428571429 1.7237812500000003
9.214285714285714 1.6812187500000002
9.25 1.6812187500000002
9.285714285714286 1.6812187500000002
9.321428571428571 1.6812187500000002
9.357142857142858 1.6812187500000002
9.392857142857142 1.684765625
9.428571428571429 1.684765625
9.464285714285714 1.684765625
9.5 1.6812187500000002
9.535714285714286 1.684765625
9.571428571428571 1.684765625
9.607142857142858 1.684765625
9.642857142857142 1.684765625
9.678571428571429 1.684765625
9.714285714285714 1.684765625
9.75 1.6812187500000002
9.785714285714286 1.684765625
9.821428571428571 1.684765625
9.857142857142858 1.684765625
9.892857142857142 1.6812187500000002
9.928571428571429 1.684765625
9.964285714285714 1.6812187500000002
10.0 1.6812187500000002
10.035714285714286 1.6812187500000002
10.071428571428571 1.6812187500000002
10.107142857142858 1.6812187500000002
10.142857142857142 1.6812187500000002
10.178571428571429 1.6812187500000002
10.214285714285714 1.6812187500000002
10.25 1.684765625
10.607142857142858 1.7060468750000002
10.642857142857142 1.6563906250000002
10.678571428571429 1.6563906250000002
10.714285714285714 1.6563906250000002
10.75 1.6563906250000002
10.785714285714286 1.6563906250000002
10.821428571428571 1.6563906250000002
10.857142857142858 1.6563906250000002
10.892857142857142 1.6563906250000002
10.928571428571429 1.6563906250000002
10.964285714285714 1.6563906250000002
11.0 1.6563906250000002
11.035714285714286 1.6563906250000002
11.071428571428571 1.6563906250000002
11.107142857142858 1.6563906250000002
11.142857142857142 1.6563906250000002
11.178571428571429 1.6563906250000002
11.214285714285714 1.6563906250000002
11.25 1.6563906250000002
11.285714285714286 1.6563906250000002
11.321428571428571 1.6563906250000002
11.357142857142858 1.6563906250000002
11.392857142857142 1.6563906250000002
11.428571428571429 1.6563906250000002
11.464285714285714 1.6563906250000002
11.5 1.6563906250000002
11.535714285714286 1.6563906250000002
11.571428571428571 1.6563906250000002
11.607142857142858 1.6563906250000002
11.642857142857142 1.6563906250000002
11.678571428571429 1.6563906250000002
11.714285714285714 1.6563906250000002
12.035714285714286 1.6812187500000002
12.071428571428571 1.61028125
12.107142857142858 1.606734375
12.142857142857142 1.606734375
12.178571428571429 1.606734375
12.214285714285714 1.606734375
12.25 1.606734375
12.285714285714286 1.606734375
12.321428571428571 1.606734375
12.357142857142858 1.606734375
12.392857142857142 1.606734375
12.428571428571429 1.606734375
12.464285714285714 1.606734375
12.5 1.606734375
12.535714285714286 1.606734375
12.571428571428571 1.61028125
12.607142857142858 1.606734375
12.642857142857142 1.606734375
12.678571428571429 1.606734375
12.714285714285714 1.606734375
12.75 1.606734375
12.785714285714286 1.606734375
12.821428571428571 1.606734375
12.857142857142858 1.606734375
12.892857142857142 1.606734375
12.928571428571429 1.606734375
12.964285714285714 1.606734375
13.0 1.606734375
13.035714285714286 1.606734375
13.071428571428571 1.606734375
13.107142857142858 1.606734375
13.5 1.5854531250000001
13.535714285714286 1.56771875
13.571428571428571 1.56771875
13.607142857142858 1.56771875
13.642857142857142 1.56771875
13.678571428571429 1.56771875
13.714285714285714 1.56771875
13.75 1.56771875
13.785714285714286 1.56771875
13.821428571428571 1.56771875
13.857142857142858 1.56771875
13.892857142857142 1.56771875
13.928571428571429 1.56771875
13.964285714285714 1.56771875
14.0 1.56771875
14.035714285714286 1.56771875
14.071428571428571 1.56771875
14.107142857142858 1.56771875
14.142857142857142 1.56771875
14.178571428571429 1.56771875
14.214285714285714 1.56771875
14.25 1.56771875
14.285714285714286 1.56771875
14.321428571428571 1.56771875
14.357142857142858 1.571265625
14.392857142857142 1.56771875
14.428571428571429 1.56771875
14.464285714285714 1.56771875
14.5 1.56771875
14.535714285714286 1.56771875
14.571428571428571 1.56771875
14.928571428571429 1.5641718750000002
14.964285714285714 1.528703125
15.0 1.528703125
15.035714285714286 1.528703125
15.071428571428571 1.528703125
15.107142857142858 1.5322500000000001
15.142857142857142 1.528703125
15.178571428571429 1.528703125
15.214285714285714 1.528703125
15.25 1.5322500000000001
15.285714285714286 1.5322500000000001
15.321428571428571 1.5322500000000001
15.357142857142858 1.5322500000000001
15.392857142857142 1.5322500000000001
15.428571428571429 1.528703125
15.464285714285714 1.528703125
15.5 1.528703125
15.535714285714286 1.5322500000000001
15.571428571428571 1.5322500000000001
15.607142857142858 1.5322500000000001
15.642857142857142 1.5322500000000001
15.678571428571429 1.528703125
15.714285714285714 1.5322500000000001
15.75 1.5322500000000001
15.785714285714286 1.5322500000000001
15.821428571428571 1.5322500000000001
15.857142857142858 1.528703125
15.892857142857142 1.5322500000000001
15.928571428571429 1.5322500000000001
15.964285714285714 1.5322500000000001
16.0 1.5322500000000001
16.357142857142858 1.542890625
16.392857142857142 1.5251562500000002
16.428571428571427 1.528703125
16.464285714285715 1.528703125
16.5 1.528703125
16.535714285714285 1.528703125
16.571428571428573 1.528703125
16.607142857142858 1.528703125
16.642857142857142 1.528703125
16.678571428571427 1.528703125
16.714285714285715 1.528703125
16.75 1.528703125
16.785714285714285 1.528703125
16.821428571428573 1.528703125
16.857142857142858 1.528703125
16.892857142857142 1.528703125
16.928571428571427 1.528703125
16.964285714285715 1.528703125
17.0 1.528703125
17.035714285714285 1.528703125
17.071428571428573 1.528703125
17.107142857142858 1.528703125
17.142857142857142 1.528703125
17.178571428571427 1.528703125
17.214285714285715 1.528703125
17.25 1.528703125
17.285714285714285 1.528703125
17.321428571428573 1.528703125
17.357142857142858 1.528703125
17.392857142857142 1.528703125
17.428571428571427 1.528703125
17.785714285714285 1.5996406250000001
17.821428571428573 1.514515625
17.857142857142858 1.5109687500000002
17.892857142857142 1.514515625
17.928571428571427 1.514515625
17.964285714285715 1.514515625
18.0 1.5109687500000002
18.035714285714285 1.5109687500000002
18.071428571428573 1.514515625
18.107142857142858 1.5109687500000002
18.142857142857142 1.5109687500000002
18.178571428571427 1.514515625
18.214285714285715 1.514515625
18.25 1.514515625
18.285714285714285 1.514515625
18.321428571428573 1.514515625
18.357142857142858 1.514515625
18.392857142857142 1.514515625
18.428571428571427 1.514515625
18.464285714285715 1.514515625
18.5 1.5109687500000002
18.535714285714285 1.514515625
18.571428571428573 1.514515625
18.607142857142858 1.514515625
18.642857142857142 1.514515625
18.678571428571427 1.514515625
18.714285714285715 1.514515625
18.75 1.514515625
18.785714285714285 1.514515625
18.821428571428573 1.514515625
18.857142857142858 1.514515625
19.214285714285715 1.571265625
19.25 1.4861406250000002
19.285714285714285 1.4861406250000002
19.321428571428573 1.4861406250000002
19.357142857142858 1.4861406250000002
19.392857142857142 1.4861406250000002
19.428571428571427 1.4861406250000002
19.464285714285715 1.4861406250000002
19.5 1.4861406250000002
19.535714285714285 1.4861406250000002
19.571428571428573 1.4861406250000002
19.607142857142858 1.4861406250000002
19.642857142857142 1.4861406250000002
19.678571428571427 1.4861406250000002
19.714285714285715 1.4861406250000002
19.75 1.4861406250000002
19.785714285714285 1.4861406250000002
19.821428571428573 1.4861406250000002
19.857142857142858 1.4861406250000002
19.892857142857142 1.4861406250000002
19.928571428571427 1.4861406250000002
19.964285714285715 1.4861406250000002
20.0 1.4861406250000002
20.035714285714285 1.4861406250000002
20.071428571428573 1.4861406250000002
20.107142857142858 1.4861406250000002
20.142857142857142 1.4861406250000002
20.178571428571427 1.4861406250000002
20.214285714285715 1.4861406250000002
20.25 1.4861406250000002
20.285714285714285 1.4861406250000002
20.321428571428573 1.4861406250000002
20.642857142857142 1.557078125
20.678571428571427 1.4861406250000002
20.714285714285715 1.4577656250000002
20.75 1.4577656250000002
20.785714285714285 1.4577656250000002
20.821428571428573 1.4577656250000002
20.857142857142858 1.4577656250000002
20.892857142857142 1.4577656250000002
20.928571428571427 1.4577656250000002
20.964285714285715 1.4542187500000001
21.0 1.4577656250000002
21.035714285714285 1.4577656250000002
21.071428571428573 1.4577656250000002
21.107142857142858 1.4577656250000002
21.142857142857142 1.4577656250000002
21.178571428571427 1.4577656250000002
21.214285714285715 1.4577656250000002
21.25 1.4577656250000002
21.285714285714285 1.4577656250000002
21.321428571428573 1.4577656250000002
21.357142857142858 1.4577656250000002
21.392857142857142 1.4577656250000002
21.428571428571427 1.4577656250000002
21.464285714285715 1.4577656250000002
21.5 1.4577656250000002
21.535714285714285 1.4577656250000002
21.571428571428573 1.4577656250000002
21.607142857142858 1.4577656250000002
21.642857142857142 1.4577656250000002
21.678571428571427 1.4577656250000002
21.714285714285715 1.4577656250000002
21.75 1.4577656250000002
22.107142857142858 1.464859375
22.142857142857142 1.436484375
22.178571428571427 1.436484375
22.214285714285715 1.44003125
22.25 1.44003125
22.285714285714285 1.44003125
22.321428571428573 1.44003125
22.357142857142858 1.44003125
22.392857142857142 1.44003125
22.428571428571427 1.44003125
22.464285714285715 1.44003125
22.5 1.44003125
22.535714285714285 1.44003125
22.571428571428573 1.44003125
22.607142857142858 1.44003125
22.642857142857142 1.436484375
22.678571428571427 1.436484375
22.714285714285715 1.44003125
22.75 1.44003125
22.785714285714285 1.44003125
22.821428571428573 1.44003125
22.857142857142858 1.44003125
22.892857142857142 1.44003125
22.928571428571427 1.44003125
22.964285714285715 1.44003125
23.0 1.44003125
23.035714285714285 1.44003125
23.071428571428573 1.44003125
23.107142857142858 1.44003125
23.142857142857142 1.44003125
23.178571428571427 1.44003125
23.535714285714285 1.4435781250000002
23.571428571428573 1.4222968750000002
23.607142857142858 1.4222968750000002
23.642857142857142 1.4222968750000002
23.678571428571427 1.4222968750000002
23.714285714285715 1.4222968750000002
23.75 1.4222968750000002
23.785714285714285 1.4222968750000002
23.821428571428573 1.4222968750000002
23.857142857142858 1.4222968750000002
23.892857142857142 1.4222968750000002
23.928571428571427 1.4222968750000002
23.964285714285715 1.4222968750000002
24.0 1.4222968750000002
24.035714285714285 1.4222968750000002
24.071428571428573 1.4222968750000002
24.107142857142858 1.4222968750000002
24.142857142857142 1.4222968750000002
24.178571428571427 1.4222968750000002
24.214285714285715 1.4222968750000002
24.25 1.4222968750000002
24.285714285714285 1.4222968750000002
24.321428571428573 1.4222968750000002
24.357142857142858 1.4222968750000002
24.392857142857142 1.4222968750000002
24.428571428571427 1.4222968750000002
24.464285714285715 1.4222968750000002
24.5 1.4222968750000002
24.535714285714285 1.4222968750000002
24.571428571428573 1.4222968750000002
24.607142857142858 1.4222968750000002
25.0 1.3797343750000002
25.035714285714285 1.3797343750000002
25.071428571428573 1.3797343750000002
25.107142857142858 1.3797343750000002
25.142857142857142 1.3797343750000002
25.178571428571427 1.3797343750000002
25.214285714285715 1.3797343750000002
25.25 1.3797343750000002
25.285714285714285 1.3797343750000002
25.321428571428573 1.3797343750000002
25.357142857142858 1.3797343750000002
25.392857142857142 1.3797343750000002
25.428571428571427 1.3797343750000002
25.464285714285715 1.3797343750000002
25.5 1.3797343750000002
25.535714285714285 1.3797343750000002
25.571428571428573 1.3797343750000002
25.607142857142858 1.3797343750000002
25.642857142857142 1.3797343750000002
25.678571428571427 1.3797343750000002
25.714285714285715 1.3797343750000002
25.75 1.3797343750000002
25.785714285714285 1.3797343750000002
25.821428571428573 1.3797343750000002
25.857142857142858 1.3797343750000002
25.892857142857142 1.3797343750000002
25.928571428571427 1.3797343750000002
25.964285714285715 1.3797343750000002
26.0 1.3797343750000002
26.035714285714285 1.3797343750000002
26.071428571428573 1.3797343750000002
26.428571428571427 1.3478125
26.464285714285715 1.3478125
26.5 1.3478125
26.535714285714285 1.3478125
26.571428571428573 1.3478125
26.607142857142858 1.3478125
26.642857142857142 1.3478125
26.678571428571427 1.3478125
26.714285714285715 1.3478125
26.75 1.3478125
26.785714285714285 1.3478125
26.821428571428573 1.3478125
26.857142857142858 1.3478125
26.892857142857142 1.3478125
26.928571428571427 1.3478125
26.964285714285715 1.3478125
27.0 1.3478125
27.035714285714285 1.3478125
27.071428571428573 1.3478125
27.107142857142858 1.3478125
27.142857142857142 1.3478125
27.178571428571427 1.3478125
27.214285714285715 1.3478125
27.25 1.3478125
27.285714285714285 1.3478125
27.321428571428573 1.3478125
27.357142857142858 1.3478125
27.392857142857142 1.3478125
27.428571428571427 1.3478125
27.464285714285715 1.3478125
27.5 1.3478125
27.857142857142858 1.333625
27.892857142857142 1.333625
27.928571428571427 1.3300781250000002
27.964285714285715 1.3300781250000002
28.0 1.3300781250000002
28.035714285714285 1.3300781250000002
28.071428571428573 1.3300781250000002
28.107142857142858 1.3300781250000002
28.142857142857142 1.3300781250000002
28.178571428571427 1.3300781250000002
28.214285714285715 1.3300781250000002
28.25 1.333625
28.285714285714285 1.333625
28.321428571428573 1.3300781250000002
28.357142857142858 1.333625
28.392857142857142 1.3300781250000002
28.428571428571427 1.3300781250000002
28.464285714285715 1.3300781250000002
28.5 1.3300781250000002
28.535714285714285 1.333625
28.571428571428573 1.3300781250000002
28.607142857142858 1.3300781250000002
28.642857142857142 1.3300781250000002
28.678571428571427 1.3300781250000002
28.714285714285715 1.3300781250000002
28.75 1.3300781250000002
28.785714285714285 1.3300781250000002
28.821428571428573 1.3300781250000002
28.857142857142858 1.333625
28.892857142857142 1.3300781250000002
28.928571428571427 1.333625
29.285714285714285 1.3690937500000002
29.321428571428573 1.308796875
29.357142857142858 1.3123437500000001
29.392857142857142 1.3123437500000001
29.428571428571427 1.308796875
29.464285714285715 1.308796875
29.5 1.308796875
29.535714285714285 1.308796875
29.571428571428573 1.308796875
29.607142857142858 1.308796875
29.642857142857142 1.308796875
29.678571428571427 1.308796875
29.714285714285715 1.308796875
29.75 1.308796875
29.785714285714285 1.308796875
29.821428571428573 1.308796875
29.857142857142858 1.308796875
29.892857142857142 1.308796875
29.928571428571427 1.308796875
29.964285714285715 1.3123437500000001
30.0 1.308796875
30.035714285714285 1.308796875
30.071428571428573 1.308796875
30.107142857142858 1.308796875
30.142857142857142 1.308796875
30.178571428571427 1.308796875
30.214285714285715 1.308796875
30.25 1.308796875
30.285714285714285 1.3123437500000001
30.321428571428573 1.308796875
30.357142857142858 1.308796875
30.714285714285715 1.344265625
30.75 1.2910625000000002
30.785714285714285 1.2910625000000002
30.821428571428573 1.2910625000000002
30.857142857142858 1.2910625000000002
30.892857142857142 1.2910625000000002
30.928571428571427 1.2910625000000002
30.964285714285715 1.2910625000000002
31.0 1.2910625000000002
31.035714285714285 1.2910625000000002
31.071428571428573 1.2910625000000002
31.107142857142858 1.2910625000000002
31.142857142857142 1.2910625000000002
31.178571428571427 1.2910625000000002
31.214285714285715 1.2910625000000002
31.25 1.2910625000000002
31.285714285714285 1.2910625000000002
31.321428571428573 1.2910625000000002
31.357142857142858 1.2910625000000002
31.392857142857142 1.2910625000000002
31.428571428571427 1.2910625000000002
31.464285714285715 1.2910625000000002
31.5 1.2910625000000002
31.535714285714285 1.2910625000000002
31.571428571428573 1.2910625000000002
31.607142857142858 1.2910625000000002
31.642857142857142 1.2910625000000002
31.678571428571427 1.2910625000000002
31.714285714285715 1.2910625000000002
31.75 1.2910625000000002
31.785714285714285 1.2910625000000002
32.142857142857146 1.322984375
32.17857142857143 1.2591406250000001
32.214285714285715 1.2591406250000001
32.25 1.2591406250000001
32.285714285714285 1.2591406250000001
32.32142857142857 1.2591406250000001
32.357142857142854 1.2591406250000001
32.392857142857146 1.2591406250000001
32.42857142857143 1.2591406250000001
32.464285714285715 1.2591406250000001
32.5 1.2591406250000001
32.535714285714285 1.25559375
32.57142857142857 1.2591406250000001
32.607142857142854 1.25559375
32.642857142857146 1.2591406250000001
32.67857142857143 1.2591406250000001
32.714285714285715 1.2591406250000001
32.75 1.2591406250000001
32.785714285714285 1.2591406250000001
32.82142857142857 1.2591406250000001
32.857142857142854 1.2591406250000001
32.892857142857146 1.2591406250000001
32.92857142857143 1.2591406250000001
32.964285714285715 1.2591406250000001
33.0 1.2591406250000001
33.035714285714285 1.2591406250000001
33.07142857142857 1.2591406250000001
33.107142857142854 1.2591406250000001
33.142857142857146 1.2591406250000001
33.17857142857143 1.25559375
33.214285714285715 1.25559375
33.607142857142854 1.244953125
33.642857142857146 1.24140625
33.67857142857143 1.24140625
33.714285714285715 1.24140625
33.75 1.24140625
33.785714285714285 1.24140625
33.82142857142857 1.24140625
33.857142857142854 1.24140625
33.892857142857146 1.24140625
33.92857142857143 1.24140625
33.964285714285715 1.24140625
34.0 1.24140625
34.035714285714285 1.24140625
34.07142857142857 1.24140625
34.107142857142854 1.24140625
34.142857142857146 1.24140625
34.17857142857143 1.24140625
34.214285714285715 1.24140625
34.25 1.24140625
34.285714285714285 1.24140625
34.32142857142857 1.24140625
34.357142857142854 1.24140625
34.392857142857146 1.24140625
34.42857142857143 1.24140625
34.464285714285715 1.24140625
34.5 1.24140625
34.535714285714285 1.24140625
34.57142857142857 1.24140625
34.607142857142854 1.24140625
34.642857142857146 1.24140625
34.67857142857143 1.24140625
35.035714285714285 1.2201250000000001
35.07142857142857 1.216578125
35.107142857142854 1.2201250000000001
35.142857142857146 1.216578125
35.17857142857143 1.216578125
35.214285714285715 1.2201250000000001
35.25 1.2201250000000001
35.285714285714285 1.216578125
35.32142857142857 1.216578125
35.357142857142854 1.216578125
35.392857142857146 1.216578125
35.42857142857143 1.2201250000000001
35.464285714285715 1.2201250000000001
35.5 1.216578125
35.535714285714285 1.216578125
35.57142857142857 1.216578125
35.607142857142854 1.2201250000000001
35.642857142857146 1.2201250000000001
35.67857142857143 1.216578125
35.714285714285715 1.2201250000000001
35.75 1.2201250000000001
35.785714285714285 1.2201250000000001
35.82142857142857 1.2201250000000001
35.857142857142854 1.216578125
35.892857142857146 1.216578125
35.92857142857143 1.216578125
35.964285714285715 1.2201250000000001
36.0 1.2201250000000001
36.035714285714285 1.2201250000000001
36.07142857142857 1.2201250000000001
36.107142857142854 1.2201250000000001
36.464285714285715 1.2733281250000001
36.5 1.2094843750000002
36.535714285714285 1.2059375
36.57142857142857 1.2094843750000002
36.607142857142854 1.2094843750000002
36.642857142857146 1.2094843750000002
36.67857142857143 1.2094843750000002
36.714285714285715 1.2094843750000002
36.75 1.2094843750000002
36.785714285714285 1.2094843750000002
36.82142857142857 1.2094843750000002
36.857142857142854 1.2094843750000002
36.892857142857146 1.2094843750000002
36.92857142857143 1.2094843750000002
36.964285714285715 1.2094843750000002
37.0 1.2094843750000002
37.035714285714285 1.2094843750000002
37.07142857142857 1.2094843750000002
37.107142857142854 1.2094843750000002
37.142857142857146 1.2094843750000002
37.17857142857143 1.2094843750000002
37.214285714285715 1.2094843750000002
37.25 1.2094843750000002
37.285714285714285 1.2094843750000002
37.32142857142857 1.2094843750000002
37.357142857142854 1.2094843750000002
37.392857142857146 1.2094843750000002
37.42857142857143 1.2094843750000002
37.464285714285715 1.2059375
37.5 1.2059375
37.535714285714285 1.2059375
37.892857142857146 1.244953125
37.92857142857143 1.202390625
37.964285714285715 1.1988437500000002
38.0 1.1988437500000002
38.035714285714285 1.202390625
38.07142857142857 1.202390625
38.107142857142854 1.202390625
38.142857142857146 1.202390625
38.17857142857143 1.202390625
38.214285714285715 1.202390625
38.25 1.202390625
38.285714285714285 1.202390625
38.32142857142857 1.202390625
38.357142857142854 1.202390625
38.392857142857146 1.1988437500000002
38.42857142857143 1.202390625
38.464285714285715 1.202390625
38.5 1.1988437500000002
38.535714285714285 1.202390625
38.57142857142857 1.1988437500000002
38.607142857142854 1.202390625
38.642857142857146 1.202390625
38.67857142857143 1.202390625
38.714285714285715 1.202390625
38.75 1.202390625
38.785714285714285 1.202390625
38.82142857142857 1.202390625
38.857142857142854 1.1988437500000002
38.892857142857146 1.202390625
38.92857142857143 1.202390625
38.964285714285715 1.202390625
39.32142857142857 1.230765625
39.357142857142854 1.2094843750000002
39.392857142857146 1.2059375
39.42857142857143 1.2059375
39.464285714285715 1.2059375
39.5 1.2059375
39.535714285714285 1.2059375
39.57142857142857 1.2059375
39.607142857142854 1.2059375
39.642857142857146 1.2059375
39.67857142857143 1.2059375
39.714285714285715 1.2059375
39.75 1.2059375
39.785714285714285 1.2059375
39.82142857142857 1.2059375
39.857142857142854 1.2059375
39.892857142857146 1.2059375
39.92857142857143 1.2059375
