0.03571428571428571 1.9720625000000003
0.07142857142857142 1.9685156250000002
0.10714285714285714 1.9685156250000002
0.14285714285714285 1.9685156250000002
0.17857142857142858 1.9685156250000002
0.21428571428571427 1.9649687500000002
0.25 1.961421875
0.2857142857142857 1.961421875
0.32142857142857145 1.961421875
0.35714285714285715 1.961421875
0.39285714285714285 1.961421875
0.42857142857142855 1.961421875
0.4642857142857143 1.961421875
0.5 1.9117656250000001
0.5714285714285714 1.9756093750000001
0.6071428571428571 1.9756093750000001
0.6428571428571429 1.9720625000000003
0.6785714285714286 1.9720625000000003
0.7142857142857143 1.9720625000000003
0.75 1.9720625000000003
0.7857142857142857 1.9720625000000003
0.8214285714285714 1.9720625000000003
0.8571428571428571 1.9685156250000002
0.8928571428571429 1.9685156250000002
0.9285714285714286 1.9685156250000002
0.9642857142857143 1.9685156250000002
1.0 1.9685156250000002
1.0357142857142858 1.9685156250000002
1.0714285714285714 1.9685156250000002
1.1428571428571428 1.9720625000000003
1.1785714285714286 1.9827031250000002
1.2142857142857142 1.9791562500000002
1.25 1.9791562500000002
1.2857142857142858 1.9791562500000002
1.3214285714285714 1.9791562500000002
1.3571428571428572 1.9791562500000002
1.3928571428571428 1.9791562500000002
1.4285714285714286 1.9756093750000001
1.4642857142857142 1.9756093750000001
1.5 1.9756093750000001
1.5357142857142858 1.9756093750000001
1.5714285714285714 1.9756093750000001
1.6071428571428572 1.9756093750000001
1.6428571428571428 1.9756093750000001
1.6785714285714286 1.7592500000000002
1.7857142857142858 1.9897968750000001
1.8214285714285714 1.98625
1.8571428571428572 1.98625
1.8928571428571428 1.98625
1.9285714285714286 1.98625
1.9642857142857142 1.98625
2.0 1.9827031250000002
2.0357142857142856 1.9827031250000002
2.0714285714285716 1.9827031250000002
2.107142857142857 1.9827031250000002
2.142857142857143 1.9827031250000002
2.1785714285714284 1.9827031250000002
2.2142857142857144 1.9827031250000002
2.25 1.9827031250000002
2.3214285714285716 1.98625
2.357142857142857 1.9933437500000002
2.392857142857143 1.9933437500000002
2.4285714285714284 1.9897968750000001
2.4642857142857144 1.9897968750000001
2.5 1.9897968750000001
2.5357142857142856 1.9897968750000001
2.5714285714285716 1.9897968750000001
2.607142857142857 1.9897968750000001
2.642857142857143 1.9897968750000001
2.6785714285714284 1.9897968750000001
2.7142857142857144 1.9897968750000001
2.75 1.9897968750000001
2.7857142857142856 1.98625
2.8214285714285716 1.9897968750000001
2.857142857142857 1.7450625000000002
2.892857142857143 1.9897968750000001
2.9285714285714284 1.9968906250000003
2.9642857142857144 2.0004375000000003
3.0 2.0004375000000003
3.0357142857142856 2.0004375000000003
3.0714285714285716 2.0004375000000003
3.107142857142857 1.9968906250000003
3.142857142857143 1.9968906250000003
3.1785714285714284 1.9968906250000003
3.2142857142857144 1.9968906250000003
3.25 1.9968906250000003
3.2857142857142856 1.9968906250000003
3.3214285714285716 1.9968906250000003
3.357142857142857 1.9968906250000003
3.392857142857143 1.9968906250000003
3.4285714285714284 1.9968906250000003
3.4642857142857144 1.776984375
3.5 2.0039843750000004
3.5357142857142856 2.014625
3.5714285714285716 2.011078125
3.607142857142857 2.011078125
3.642857142857143 2.011078125
3.6785714285714284 2.011078125
3.7142857142857144 2.00753125
3.75 2.00753125
3.7857142857142856 2.0039843750000004
3.8214285714285716 2.0039843750000004
3.857142857142857 2.0039843750000004
3.892857142857143 2.0039843750000004
3.9285714285714284 2.0039843750000004
3.9642857142857144 2.0039843750000004
4.0 2.0039843750000004
4.071428571428571 2.00753125
4.107142857142857 2.018171875
4.142857142857143 2.014625
4.178571428571429 2.014625
4.214285714285714 2.014625
4.25 2.014625
4.285714285714286 2.011078125
4.321428571428571 2.011078125
4.357142857142857 2.011078125
4.392857142857143 2.011078125
4.428571428571429 2.011078125
4.464285714285714 2.011078125
4.5 2.011078125
4.535714285714286 2.011078125
4.571428571428571 2.011078125
4.607142857142857 1.7734375000000002
4.642857142857143 2.011078125
4.678571428571429 2.014625
4.75 2.018171875
4.785714285714286 2.0217187500000002
4.821428571428571 2.018171875
4.857142857142857 2.018171875
4.892857142857143 2.018171875
4.928571428571429 2.018171875
4.964285714285714 2.018171875
5.0 2.018171875
5.035714285714286 2.018171875
5.071428571428571 2.018171875
5.107142857142857 2.018171875
5.142857142857143 2.018171875
5.178571428571429 2.014625
5.214285714285714 2.018171875
5.321428571428571 2.0288125000000004
5.357142857142857 2.0288125000000004
5.392857142857143 2.0288125000000004
5.428571428571429 2.0288125000000004
5.464285714285714 2.0288125000000004
5.5 2.0252656250000003
5.535714285714286 2.0252656250000003
5.571428571428571 2.0252656250000003
5.607142857142857 2.0252656250000003
5.642857142857143 2.0252656250000003
5.678571428571429 2.0252656250000003
5.714285714285714 2.0252656250000003
5.75 2.0252656250000003
5.785714285714286 2.0252656250000003
5.857142857142857 2.03590625
5.892857142857143 2.03590625
5.928571428571429 2.032359375
5.964285714285714 2.03590625
6.0 2.032359375
6.035714285714286 2.032359375
6.071428571428571 2.032359375
6.107142857142857 2.032359375
6.142857142857143 2.032359375
6.178571428571429 2.0288125000000004
6.214285714285714 2.0288125000000004
6.25 2.0288125000000004
6.285714285714286 2.0288125000000004
6.321428571428571 2.0288125000000004
6.357142857142857 2.0288125000000004
6.392857142857143 1.805359375
6.464285714285714 2.039453125
6.5 2.039453125
6.535714285714286 2.039453125
6.571428571428571 2.039453125
6.607142857142857 2.03590625
6.642857142857143 2.03590625
6.678571428571429 2.03590625
6.714285714285714 2.03590625
6.75 2.03590625
6.785714285714286 2.032359375
6.821428571428571 2.032359375
6.857142857142857 2.032359375
6.892857142857143 2.032359375
6.928571428571429 2.032359375
6.964285714285714 2.032359375
7.0 2.03590625
7.035714285714286 2.046546875
7.071428571428571 2.046546875
7.107142857142857 2.046546875
7.142857142857143 2.046546875
7.178571428571429 2.046546875
7.214285714285714 2.046546875
7.25 2.046546875
7.285714285714286 2.046546875
7.321428571428571 2.046546875
7.357142857142857 2.043
7.392857142857143 2.043
7.428571428571429 2.043
7.464285714285714 2.043
7.5 2.043
7.535714285714286 2.043
7.571428571428571 1.776984375
7.607142857142857 2.0500937500000003
7.642857142857143 2.0536406250000003
7.678571428571429 2.0536406250000003
7.714285714285714 2.0500937500000003
7.75 2.0500937500000003
7.785714285714286 2.0500937500000003
7.821428571428571 2.046546875
7.857142857142857 2.046546875
7.892857142857143 2.046546875
7.928571428571429 2.046546875
7.964285714285714 2.046546875
8.0 2.046546875
8.035714285714286 2.046546875
8.071428571428571 2.046546875
8.107142857142858 2.046546875
8.142857142857142 1.8195468750000001
8.214285714285714 2.0571875000000004
8.25 2.0571875000000004
8.285714285714286 2.0571875000000004
8.321428571428571 2.0571875000000004
8.357142857142858 2.0536406250000003
8.392857142857142 2.0536406250000003
8.428571428571429 2.0536406250000003
8.464285714285714 2.0536406250000003
8.5 2.0536406250000003
8.535714285714286 2.0536406250000003
8.571428571428571 2.0500937500000003
8.607142857142858 2.0500937500000003
8.642857142857142 2.0500937500000003
8.678571428571429 2.0500937500000003
8.714285714285714 2.0500937500000003
8.785714285714286 2.0536406250000003
8.821428571428571 2.060734375
8.857142857142858 2.060734375
8.892857142857142 2.060734375
8.928571428571429 2.060734375
8.964285714285714 2.060734375
9.0 2.0571875000000004
9.035714285714286 2.0571875000000004
9.071428571428571 2.0571875000000004
9.107142857142858 2.0536406250000003
9.142857142857142 2.0536406250000003
9.178571428571429 2.0536406250000003
9.214285714285714 2.0536406250000003
9.25 2.0536406250000003
9.285714285714286 2.0536406250000003
9.321428571428571 2.0536406250000003
9.392857142857142 2.067828125
9.428571428571429 2.067828125
9.464285714285714 2.067828125
9.5 2.067828125
9.535714285714286 2.067828125
9.571428571428571 2.06428125
9.607142857142858 2.06428125
9.642857142857142 2.06428125
9.678571428571429 2.06428125
9.714285714285714 2.06428125
9.75 2.060734375
9.785714285714286 2.060734375
9.821428571428571 2.060734375
9.857142857142858 2.060734375
9.892857142857142 2.060734375
9.964285714285714 2.06428125
10.0 2.071375
10.035714285714286 2.071375
10.071428571428571 2.071375
10.107142857142858 2.071375
10.142857142857142 2.071375
10.178571428571429 2.067828125
10.214285714285714 2.067828125
10.25 2.067828125
10.285714285714286 2.067828125
10.321428571428571 2.067828125
10.357142857142858 2.067828125
10.392857142857142 2.067828125
10.428571428571429 2.06428125
10.464285714285714 2.06428125
10.535714285714286 2.067828125
10.571428571428571 2.0749218750000002
10.607142857142858 2.0749218750000002
10.642857142857142 2.0749218750000002
10.678571428571429 2.0749218750000002
10.714285714285714 2.0749218750000002
10.75 2.0749218750000002
10.785714285714286 2.0749218750000002
10.821428571428571 2.0749218750000002
10.857142857142858 2.071375
10.892857142857142 2.071375
10.928571428571429 2.071375
10.964285714285714 2.071375
11.0 2.071375
11.035714285714286 2.071375
11.071428571428571 2.071375
11.142857142857142 2.0784687500000003
11.178571428571429 2.0820156250000004
11.214285714285714 2.0820156250000004
11.25 2.0820156250000004
11.285714285714286 2.0820156250000004
11.321428571428571 2.0820156250000004
11.357142857142858 2.0784687500000003
11.392857142857142 2.0784687500000003
11.428571428571429 2.0784687500000003
11.464285714285714 2.0784687500000003
11.5 2.0749218750000002
11.535714285714286 2.0749218750000002
11.571428571428571 2.0749218750000002
11.607142857142858 2.0749218750000002
11.642857142857142 2.0749218750000002
11.678571428571429 2.0749218750000002
11.714285714285714 2.0784687500000003
11.75 2.0855625
11.785714285714286 2.0855625
11.821428571428571 2.089109375
11.857142857142858 2.089109375
11.892857142857142 2.089109375
11.928571428571429 2.089109375
11.964285714285714 2.089109375
12.0 2.0855625
12.035714285714286 2.0855625
12.071428571428571 2.0855625
12.107142857142858 2.0855625
12.142857142857142 2.0855625
12.178571428571429 2.0820156250000004
12.214285714285714 2.0820156250000004
12.25 2.0820156250000004
12.285714285714286 1.8089062500000002
12.321428571428571 2.09265625
12.357142857142858 2.096203125
12.392857142857142 2.096203125
12.428571428571429 2.096203125
12.464285714285714 2.096203125
12.5 2.09265625
12.535714285714286 2.09265625
12.571428571428571 2.09265625
12.607142857142858 2.09265625
12.642857142857142 2.09265625
12.678571428571429 2.09265625
12.714285714285714 2.09265625
12.75 2.09265625
12.785714285714286 2.09265625
12.821428571428571 2.089109375
12.857142857142858 1.8621093750000002
12.892857142857142 2.096203125
12.928571428571429 2.1032968750000003
12.964285714285714 2.1032968750000003
13.0 2.1032968750000003
13.035714285714286 2.1032968750000003
13.071428571428571 2.1032968750000003
13.107142857142858 2.1032968750000003
13.142857142857142 2.1032968750000003
13.178571428571429 2.1032968750000003
13.214285714285714 2.1032968750000003
13.25 2.0997500000000002
13.285714285714286 2.0997500000000002
13.321428571428571 2.0997500000000002
13.357142857142858 2.0997500000000002
13.392857142857142 2.0997500000000002
13.428571428571429 2.0997500000000002
13.5 2.1103906250000004
13.535714285714286 2.1103906250000004
13.571428571428571 2.1103906250000004
13.607142857142858 2.1103906250000004
13.642857142857142 2.1068437500000003
13.678571428571429 2.1068437500000003
13.714285714285714 2.1068437500000003
13.75 2.1068437500000003
13.785714285714286 2.1032968750000003
13.821428571428571 2.1032968750000003
13.857142857142858 2.1032968750000003
13.892857142857142 2.1032968750000003
13.928571428571429 2.1032968750000003
13.964285714285714 2.1032968750000003
14.0 2.1032968750000003
14.035714285714286 1.8479218750000002
14.071428571428571 2.1032968750000003
14.107142857142858 2.1139375
14.142857142857142 2.1103906250000004
14.178571428571429 2.1103906250000004
14.214285714285714 2.1103906250000004
14.25 2.1103906250000004
14.285714285714286 2.1103906250000004
14.321428571428571 2.1103906250000004
14.357142857142858 2.1103906250000004
14.392857142857142 2.1103906250000004
14.428571428571429 2.1103906250000004
14.464285714285714 2.1103906250000004
14.5 2.1068437500000003
14.535714285714286 2.1068437500000003
14.571428571428571 2.1068437500000003
14.607142857142858 1.8798437500000003
14.678571428571429 2.117484375
14.714285714285714 2.117484375
14.75 2.1139375
14.785714285714286 2.117484375
14.821428571428571 2.117484375
14.857142857142858 2.117484375
14.892857142857142 2.117484375
14.928571428571429 2.117484375
14.964285714285714 2.1139375
15.0 2.1139375
15.035714285714286 2.1139375
15.071428571428571 2.1139375
15.107142857142858 2.1139375
15.142857142857142 2.1139375
15.178571428571429 2.1139375
15.285714285714286 2.124578125
15.321428571428571 2.124578125
15.357142857142858 2.124578125
15.392857142857142 2.124578125
15.428571428571429 2.124578125
15.464285714285714 2.124578125
15.5 2.124578125
15.535714285714286 2.124578125
15.571428571428571 2.124578125
15.607142857142858 2.12103125
15.642857142857142 2.12103125
15.678571428571429 2.12103125
15.714285714285714 2.12103125
15.75 2.12103125
15.785714285714286 1.8762968750000002
15.821428571428571 2.12103125
15.857142857142858 2.1316718750000003
15.892857142857142 2.1316718750000003
15.928571428571429 2.1316718750000003
15.964285714285714 2.1316718750000003
16.0 2.1316718750000003
16.035714285714285 2.1316718750000003
16.071428571428573 2.1316718750000003
16.107142857142858 2.1316718750000003
16.142857142857142 2.1316718750000003
16.178571428571427 2.1316718750000003
16.214285714285715 2.1316718750000003
16.25 2.1316718750000003
16.285714285714285 2.1281250000000003
16.321428571428573 2.1281250000000003
16.357142857142858 1.9117656250000001
16.428571428571427 2.1316718750000003
16.464285714285715 2.138765625
16.5 2.138765625
16.535714285714285 2.1423125
16.571428571428573 2.1423125
16.607142857142858 2.1423125
16.642857142857142 2.1423125
16.678571428571427 2.1423125
16.714285714285715 2.1423125
16.75 2.1423125
16.785714285714285 2.1423125
16.821428571428573 2.1423125
16.857142857142858 2.1423125
16.892857142857142 2.138765625
16.928571428571427 2.138765625
16.964285714285715 2.138765625
17.0 2.1423125
17.035714285714285 2.14940625
17.071428571428573 2.14940625
17.107142857142858 2.14940625
17.142857142857142 2.14940625
17.178571428571427 2.14940625
17.214285714285715 2.14940625
17.25 2.14940625
17.285714285714285 2.14940625
17.321428571428573 2.14940625
17.357142857142858 2.14940625
17.392857142857142 2.14940625
17.428571428571427 2.14940625
17.464285714285715 2.14940625
17.5 2.14940625
17.535714285714285 2.14940625
17.571428571428573 2.1529531250000002
17.607142857142858 2.167140625
17.678571428571427 2.167140625
17.714285714285715 2.167140625
17.75 2.167140625
17.785714285714285 2.167140625
17.821428571428573 2.167140625
17.857142857142858 2.167140625
17.892857142857142 2.167140625
17.928571428571427 2.167140625
17.964285714285715 2.167140625
18.0 2.16359375
18.035714285714285 2.16359375
18.071428571428573 2.16359375
18.107142857142858 2.16359375
18.142857142857142 1.9436875000000002
18.178571428571427 2.1706875
18.25 2.174234375
18.285714285714285 2.1777812500000002
18.321428571428573 2.1777812500000002
18.357142857142858 2.1777812500000002
18.392857142857142 2.1777812500000002
18.428571428571427 2.1777812500000002
18.464285714285715 2.174234375
18.5 2.174234375
18.535714285714285 2.174234375
18.571428571428573 2.174234375
18.607142857142858 2.174234375
18.642857142857142 2.174234375
18.678571428571427 2.174234375
18.714285714285715 2.174234375
18.75 2.1777812500000002
18.785714285714285 2.1848750000000003
18.821428571428573 2.1848750000000003
18.857142857142858 2.1884218750000004
18.892857142857142 2.1848750000000003
18.928571428571427 2.1848750000000003
18.964285714285715 2.1848750000000003
19.0 2.1848750000000003
19.035714285714285 2.1848750000000003
19.071428571428573 2.1848750000000003
19.107142857142858 2.1813281250000003
19.142857142857142 2.1813281250000003
19.178571428571427 2.1813281250000003
19.214285714285715 2.1813281250000003
19.25 2.1813281250000003
19.285714285714285 2.1813281250000003
19.321428571428573 1.947234375
19.357142857142858 2.1884218750000004
19.392857142857142 2.19196875
19.428571428571427 2.19196875
19.464285714285715 2.195515625
19.5 2.195515625
19.535714285714285 2.195515625
19.571428571428573 2.195515625
19.607142857142858 2.195515625
19.642857142857142 2.195515625
19.678571428571427 2.195515625
19.714285714285715 2.195515625
19.75 2.195515625
19.785714285714285 2.195515625
19.821428571428573 2.195515625
19.857142857142858 2.19196875
19.892857142857142 1.9827031250000002
20.0 2.2061562500000003
20.035714285714285 2.2097031250000003
20.071428571428573 2.2097031250000003
20.107142857142858 2.2097031250000003
20.142857142857142 2.2132500000000004
20.178571428571427 2.2132500000000004
20.214285714285715 2.2097031250000003
20.25 2.2097031250000003
20.285714285714285 2.2097031250000003
20.321428571428573 2.2097031250000003
20.357142857142858 2.2097031250000003
20.392857142857142 2.2097031250000003
20.428571428571427 2.2097031250000003
20.464285714285715 2.2097031250000003
20.5 2.2132500000000004
20.535714285714285 2.22034375
20.571428571428573 2.2274375
20.607142857142858 2.2309843750000002
20.642857142857142 2.2309843750000002
20.678571428571427 2.2309843750000002
20.714285714285715 2.2309843750000002
20.75 2.2309843750000002
20.785714285714285 2.2309843750000002
20.821428571428573 2.2309843750000002
20.857142857142858 2.2309843750000002
20.892857142857142 2.2309843750000002
20.928571428571427 2.2309843750000002
20.964285714285715 2.2309843750000002
21.0 2.2309843750000002
21.035714285714285 2.2309843750000002
21.071428571428573 1.9827031250000002
21.107142857142858 2.2380781250000004
21.142857142857142 2.245171875
21.178571428571427 2.245171875
21.214285714285715 2.245171875
21.25 2.24871875
21.285714285714285 2.24871875
21.321428571428573 2.24871875
21.357142857142858 2.24871875
21.392857142857142 2.24871875
21.428571428571427 2.24871875
21.464285714285715 2.245171875
21.5 2.245171875
21.535714285714285 2.24871875
21.571428571428573 2.245171875
21.607142857142858 2.245171875
21.642857142857142 2.0217187500000002
21.714285714285715 2.252265625
21.75 2.2629062500000003
21.821428571428573 2.2664531250000004
21.857142857142858 2.27
21.892857142857142 2.27
21.928571428571427 2.27
21.964285714285715 2.27
22.0 2.27
22.035714285714285 2.27
22.071428571428573 2.27
22.107142857142858 2.27
22.142857142857142 2.2664531250000004
22.178571428571427 2.2664531250000004
22.214285714285715 2.2664531250000004
22.285714285714285 2.27
22.392857142857142 2.2912812500000004
22.428571428571427 2.2912812500000004
22.464285714285715 2.2912812500000004
22.5 2.2912812500000004
22.535714285714285 2.2912812500000004
22.571428571428573 2.2912812500000004
22.607142857142858 2.2912812500000004
22.642857142857142 2.2912812500000004
22.678571428571427 2.2877343750000003
22.714285714285715 2.2877343750000003
22.75 2.2877343750000003
22.785714285714285 2.2912812500000004
22.821428571428573 2.2877343750000003
22.857142857142858 2.2912812500000004
22.892857142857142 2.30546875
22.928571428571427 2.30546875
22.964285714285715 2.3090156250000002
23.0 2.3090156250000002
23.035714285714285 2.3090156250000002
23.071428571428573 2.3090156250000002
23.107142857142858 2.3090156250000002
23.142857142857142 2.3090156250000002
23.178571428571427 2.3090156250000002
23.214285714285715 2.3090156250000002
23.25 2.3090156250000002
23.285714285714285 2.3090156250000002
23.321428571428573 2.3090156250000002
23.357142857142858 2.3090156250000002
23.392857142857142 2.3090156250000002
23.428571428571427 2.3125625000000003
23.464285714285715 2.3161093750000004
23.5 2.32675
23.535714285714285 2.32675
23.571428571428573 2.32675
23.607142857142858 2.330296875
23.642857142857142 2.330296875
23.678571428571427 2.330296875
23.714285714285715 2.330296875
23.75 2.330296875
23.785714285714285 2.330296875
23.821428571428573 2.330296875
23.857142857142858 2.330296875
23.892857142857142 2.330296875
23.928571428571427 2.330296875
23.964285714285715 2.32675
24.035714285714285 2.33384375
24.071428571428573 2.3444843750000004
24.107142857142858 2.3444843750000004
24.142857142857142 2.3444843750000004
24.178571428571427 2.34803125
24.214285714285715 2.34803125
24.25 2.34803125
24.285714285714285 2.34803125
24.321428571428573 2.34803125
24.357142857142858 2.34803125
24.392857142857142 2.3444843750000004
24.428571428571427 2.34803125
24.464285714285715 2.3444843750000004
24.5 2.3444843750000004
24.535714285714285 2.3444843750000004
24.571428571428573 2.3444843750000004
24.607142857142858 2.34803125
24.642857142857142 2.355125
24.678571428571427 2.3622187500000003
24.714285714285715 2.3657656250000003
24.75 2.3657656250000003
24.785714285714285 2.3657656250000003
24.821428571428573 2.3657656250000003
24.857142857142858 2.3657656250000003
24.892857142857142 2.3657656250000003
24.928571428571427 2.3657656250000003
24.964285714285715 2.3657656250000003
25.0 2.3657656250000003
25.035714285714285 2.3657656250000003
25.071428571428573 2.3657656250000003
25.107142857142858 2.3657656250000003
25.142857142857142 2.3657656250000003
25.178571428571427 2.1281250000000003
25.214285714285715 2.3728593750000004
25.25 2.379953125
25.285714285714285 2.3835
25.321428571428573 2.3835
25.357142857142858 2.3870468750000002
25.392857142857142 2.3870468750000002
25.428571428571427 2.3870468750000002
25.464285714285715 2.3870468750000002
25.5 2.3870468750000002
25.535714285714285 2.3870468750000002
25.571428571428573 2.3870468750000002
25.607142857142858 2.3870468750000002
25.642857142857142 2.3870468750000002
25.678571428571427 2.3870468750000002
25.714285714285715 2.3835
25.75 2.174234375
25.821428571428573 2.3976875000000004
25.857142857142858 2.401234375
25.892857142857142 2.40478125
25.928571428571427 2.40478125
25.964285714285715 2.40478125
26.0 2.408328125
26.035714285714285 2.408328125
26.071428571428573 2.408328125
26.107142857142858 2.408328125
26.142857142857142 2.408328125
26.178571428571427 2.408328125
26.214285714285715 2.408328125
26.25 2.40478125
26.285714285714285 2.40478125
26.321428571428573 2.40478125
26.428571428571427 2.4189687500000003
26.464285714285715 2.4189687500000003
26.5 2.4225156250000004
26.535714285714285 2.4225156250000004
26.571428571428573 2.4225156250000004
26.607142857142858 2.4225156250000004
26.642857142857142 2.4225156250000004
26.678571428571427 2.4225156250000004
26.714285714285715 2.4225156250000004
26.75 2.4225156250000004
26.785714285714285 2.4225156250000004
26.821428571428573 2.4225156250000004
26.857142857142858 2.4225156250000004
26.892857142857142 2.4225156250000004
26.928571428571427 2.1813281250000003
26.964285714285715 2.4260625
27.0 2.4402500000000003
27.035714285714285 2.4402500000000003
27.071428571428573 2.4437968750000003
27.107142857142858 2.4437968750000003
27.142857142857142 2.4437968750000003
27.178571428571427 2.4437968750000003
27.214285714285715 2.4437968750000003
27.25 2.4437968750000003
27.285714285714285 2.4437968750000003
27.321428571428573 2.4437968750000003
27.357142857142858 2.4437968750000003
27.392857142857142 2.4437968750000003
27.428571428571427 2.4437968750000003
27.464285714285715 2.4437968750000003
27.5 2.223890625
27.535714285714285 2.4473437500000004
27.571428571428573 2.457984375
27.607142857142858 2.46153125
27.642857142857142 2.46153125
27.678571428571427 2.46153125
27.714285714285715 2.4650781250000002
27.75 2.4650781250000002
27.785714285714285 2.4650781250000002
27.821428571428573 2.4650781250000002
27.857142857142858 2.4650781250000002
27.892857142857142 2.4650781250000002
27.928571428571427 2.4650781250000002
27.964285714285715 2.4650781250000002
28.0 2.4650781250000002
28.035714285714285 2.4650781250000002
28.071428571428573 2.4650781250000002
28.142857142857142 2.4686250000000003
28.214285714285715 2.4828125
28.25 2.486359375
28.285714285714285 2.486359375
28.321428571428573 2.486359375
28.357142857142858 2.486359375
28.392857142857142 2.486359375
28.428571428571427 2.486359375
28.464285714285715 2.486359375
28.5 2.4828125
28.535714285714285 2.4828125
28.571428571428573 2.4828125
28.607142857142858 2.4828125
28.642857142857142 2.4828125
28.678571428571427 2.4828125
28.714285714285715 2.486359375
28.75 2.4970000000000003
28.785714285714285 2.4970000000000003
28.821428571428573 2.5005468750000004
28.857142857142858 2.5005468750000004
28.892857142857142 2.5005468750000004
28.928571428571427 2.50409375
28.964285714285715 2.50409375
29.0 2.5005468750000004
29.035714285714285 2.5005468750000004
29.071428571428573 2.5005468750000004
29.107142857142858 2.5005468750000004
29.142857142857142 2.5005468750000004
29.178571428571427 2.5005468750000004
29.214285714285715 2.5005468750000004
29.25 2.273546875
29.321428571428573 2.507640625
29.357142857142858 2.5182812500000002
29.392857142857142 2.5182812500000002
29.428571428571427 2.5253750000000004
29.464285714285715 2.5253750000000004
29.5 2.5253750000000004
29.535714285714285 2.5253750000000004
29.571428571428573 2.5253750000000004
29.607142857142858 2.5253750000000004
29.642857142857142 2.5253750000000004
29.678571428571427 2.5253750000000004
29.714285714285715 2.5253750000000004
29.75 2.5253750000000004
29.785714285714285 2.5253750000000004
29.821428571428573 2.5253750000000004
29.892857142857142 2.5289218750000004
29.964285714285715 2.5395625
30.0 2.5395625
30.035714285714285 2.5431093750000002
30.071428571428573 2.5431093750000002
30.107142857142858 2.5431093750000002
30.142857142857142 2.5431093750000002
30.178571428571427 2.5431093750000002
30.214285714285715 2.5431093750000002
30.25 2.5431093750000002
30.285714285714285 2.5431093750000002
30.321428571428573 2.5431093750000002
30.357142857142858 2.5431093750000002
30.392857142857142 2.5431093750000002
30.428571428571427 2.5431093750000002
30.464285714285715 2.2593593750000003
30.535714285714285 2.56084375
30.571428571428573 2.56084375
30.607142857142858 2.564390625
30.642857142857142 2.564390625
30.678571428571427 2.564390625
30.714285714285715 2.564390625
30.75 2.564390625
30.785714285714285 2.564390625
30.821428571428573 2.564390625
30.857142857142858 2.56084375
30.892857142857142 2.56084375
30.928571428571427 2.56084375
30.964285714285715 2.56084375
31.0 2.56084375
31.035714285714285 2.32675
31.107142857142858 2.5750312500000003
31.142857142857142 2.5785781250000004
31.178571428571427 2.5821250000000004
31.214285714285715 2.5821250000000004
31.25 2.5821250000000004
31.285714285714285 2.5821250000000004
31.321428571428573 2.5821250000000004
31.357142857142858 2.5821250000000004
31.392857142857142 2.5785781250000004
31.428571428571427 2.5785781250000004
31.464285714285715 2.5785781250000004
31.5 2.5785781250000004
31.535714285714285 2.5785781250000004
31.571428571428573 2.5785781250000004
31.607142857142858 2.3622187500000003
31.642857142857142 2.585671875
31.678571428571427 2.592765625
31.714285714285715 2.5963125000000002
31.75 2.5963125000000002
31.785714285714285 2.5998593750000003
31.821428571428573 2.5998593750000003
31.857142857142858 2.5998593750000003
31.892857142857142 2.5998593750000003
31.928571428571427 2.5998593750000003
31.964285714285715 2.5998593750000003
32.0 2.5998593750000003
32.035714285714285 2.5998593750000003
32.07142857142857 2.5998593750000003
32.107142857142854 2.5998593750000003
32.142857142857146 2.5963125000000002
32.17857142857143 2.5963125000000002
32.285714285714285 2.6105
32.32142857142857 2.6105
32.357142857142854 2.61759375
32.392857142857146 2.61759375
32.42857142857143 2.61759375
32.464285714285715 2.61759375
32.5 2.61759375
32.535714285714285 2.61759375
32.57142857142857 2.61759375
32.607142857142854 2.61759375
32.642857142857146 2.61759375
32.67857142857143 2.614046875
32.714285714285715 2.61759375
32.75 2.614046875
32.785714285714285 2.3728593750000004
32.82142857142857 2.61759375
32.857142857142854 2.6317812500000004
32.892857142857146 2.6317812500000004
32.92857142857143 2.635328125
32.964285714285715 2.638875
33.0 2.642421875
33.035714285714285 2.642421875
33.07142857142857 2.642421875
33.107142857142854 2.642421875
33.142857142857146 2.642421875
33.17857142857143 2.638875
33.214285714285715 2.638875
33.25 2.638875
33.285714285714285 2.638875
33.32142857142857 2.638875
33.357142857142854 2.4154218750000003
33.42857142857143 2.642421875
33.464285714285715 2.6530625000000003
33.5 2.6601562500000004
33.535714285714285 2.6601562500000004
33.57142857142857 2.6601562500000004
33.607142857142854 2.6601562500000004
33.642857142857146 2.6601562500000004
33.67857142857143 2.6601562500000004
33.714285714285715 2.6601562500000004
33.75 2.6601562500000004
33.785714285714285 2.6601562500000004
33.82142857142857 2.6601562500000004
33.857142857142854 2.6601562500000004
33.892857142857146 2.6566093750000004
33.92857142857143 2.6566093750000004
33.964285714285715 2.6566093750000004
34.0 2.6601562500000004
34.035714285714285 2.6743437500000002
34.07142857142857 2.6743437500000002
34.107142857142854 2.6778906250000003
34.142857142857146 2.6778906250000003
34.17857142857143 2.6778906250000003
34.214285714285715 2.6778906250000003
34.25 2.6778906250000003
34.285714285714285 2.6778906250000003
34.32142857142857 2.6778906250000003
34.357142857142854 2.6778906250000003
34.392857142857146 2.6778906250000003
34.42857142857143 2.6778906250000003
34.464285714285715 2.6778906250000003
34.5 2.6778906250000003
34.535714285714285 2.6778906250000003
34.57142857142857 2.6814375000000004
34.607142857142854 2.695625
34.642857142857146 2.695625
34.67857142857143 2.695625
34.714285714285715 2.699171875
34.75 2.699171875
34.785714285714285 2.699171875
34.82142857142857 2.699171875
34.857142857142854 2.699171875
34.892857142857146 2.699171875
34.92857142857143 2.699171875
34.964285714285715 2.699171875
35.0 2.699171875
35.035714285714285 2.699171875
35.07142857142857 2.699171875
35.107142857142854 2.695625
35.17857142857143 2.7027187500000003
35.25 2.71690625
35.285714285714285 2.720453125
35.32142857142857 2.720453125
35.357142857142854 2.720453125
35.392857142857146 2.720453125
35.42857142857143 2.720453125
35.464285714285715 2.720453125
35.5 2.720453125
35.535714285714285 2.720453125
35.57142857142857 2.720453125
35.607142857142854 2.720453125
35.642857142857146 2.720453125
35.67857142857143 2.71690625
35.714285714285715 2.71690625
35.75 2.724
35.82142857142857 2.7381875000000004
35.857142857142854 2.7381875000000004
35.892857142857146 2.7381875000000004
35.92857142857143 2.7381875000000004
35.964285714285715 2.7381875000000004
36.0 2.7381875000000004
36.035714285714285 2.7381875000000004
36.07142857142857 2.7381875000000004
36.107142857142854 2.7381875000000004
36.142857142857146 2.7381875000000004
36.17857142857143 2.7381875000000004
36.214285714285715 2.7381875000000004
36.25 2.7381875000000004
36.285714285714285 2.7346406250000004
36.392857142857146 2.7523750000000002
36.42857142857143 2.7594687500000004
36.464285714285715 2.7594687500000004
36.5 2.7594687500000004
36.535714285714285 2.7594687500000004
36.57142857142857 2.7630156250000004
36.607142857142854 2.7594687500000004
36.642857142857146 2.7630156250000004
36.67857142857143 2.7594687500000004
36.714285714285715 2.7594687500000004
36.75 2.7594687500000004
36.785714285714285 2.7594687500000004
36.82142857142857 2.7594687500000004
36.857142857142854 2.7559218750000003
36.892857142857146 2.514734375
36.92857142857143 2.7665625
36.964285714285715 2.77365625
37.0 2.77365625
37.035714285714285 2.777203125
37.07142857142857 2.777203125
37.107142857142854 2.777203125
37.142857142857146 2.777203125
37.17857142857143 2.777203125
37.214285714285715 2.777203125
37.25 2.777203125
37.285714285714285 2.777203125
37.32142857142857 2.777203125
37.357142857142854 2.777203125
37.392857142857146 2.77365625
37.42857142857143 2.777203125
37.464285714285715 2.557296875
37.5 2.7807500000000003
37.535714285714285 2.7913906250000005
37.57142857142857 2.7949375
37.607142857142854 2.7949375
37.642857142857146 2.7949375
37.67857142857143 2.7949375
37.714285714285715 2.798484375
37.75 2.798484375
37.785714285714285 2.7949375
37.82142857142857 2.7949375
37.857142857142854 2.798484375
37.892857142857146 2.798484375
37.92857142857143 2.7949375
37.964285714285715 2.7949375
38.0 2.7949375
38.035714285714285 2.7949375
38.107142857142854 2.8091250000000003
38.142857142857146 2.8126718750000004
38.17857142857143 2.8162187500000004
38.214285714285715 2.8162187500000004
38.25 2.819765625
38.285714285714285 2.819765625
38.32142857142857 2.819765625
38.357142857142854 2.8162187500000004
38.392857142857146 2.8162187500000004
38.42857142857143 2.8162187500000004
38.464285714285715 2.8162187500000004
38.5 2.8162187500000004
38.535714285714285 2.8162187500000004
38.57142857142857 2.8162187500000004
38.607142857142854 2.8162187500000004
38.642857142857146 2.5502031250000003
38.714285714285715 2.8304062500000002
38.75 2.8339531250000003
38.785714285714285 2.8375000000000004
38.82142857142857 2.8375000000000004
38.857142857142854 2.8375000000000004
38.892857142857146 2.8410468750000004
38.92857142857143 2.8375000000000004
38.964285714285715 2.8375000000000004
39.0 2.8375000000000004
39.035714285714285 2.8375000000000004
39.07142857142857 2.8375000000000004
39.107142857142854 2.8375000000000004
39.142857142857146 2.8375000000000004
39.17857142857143 2.8375000000000004
39.214285714285715 2.8375000000000004
39.285714285714285 2.8445937500000005
39.32142857142857 2.8516875
39.357142857142854 2.8587812500000003
39.392857142857146 2.8587812500000003
39.42857142857143 2.8587812500000003
39.464285714285715 2.8587812500000003
39.5 2.8587812500000003
39.535714285714285 2.8587812500000003
39.57142857142857 2.8587812500000003
39.607142857142854 2.8587812500000003
39.642857142857146 2.8587812500000003
39.67857142857143 2.8587812500000003
39.714285714285715 2.8587812500000003
39.75 2.8587812500000003
39.785714285714285 2.8587812500000003
39.857142857142854 2.8623281250000003
39.892857142857146 2.8694218750000005
39.92857142857143 2.87296875
