0.03571428571428571 1.5535312500000003
0.07142857142857142 1.5535312500000003
0.10714285714285714 1.5535312500000003
0.14285714285714285 1.5535312500000003
0.17857142857142858 1.5535312500000003
0.21428571428571427 1.5535312500000003
0.25 1.5535312500000003
0.2857142857142857 1.5535312500000003
0.32142857142857145 1.5535312500000003
0.35714285714285715 1.5535312500000003
0.39285714285714285 1.5535312500000003
0.42857142857142855 1.5535312500000003
0.4642857142857143 1.5535312500000003
0.5 1.5535312500000003
0.5357142857142857 1.5535312500000003
0.5714285714285714 1.5535312500000003
0.6071428571428571 1.5535312500000003
0.6428571428571429 1.5535312500000003
0.6785714285714286 1.5535312500000003
0.7142857142857143 1.5535312500000003
0.75 1.5535312500000003
0.7857142857142857 1.5535312500000003
0.8214285714285714 1.5535312500000003
0.8571428571428571 1.5535312500000003
0.8928571428571429 1.5535312500000003
0.9285714285714286 1.5535312500000003
0.9642857142857143 1.5535312500000003
1.0 1.5535312500000003
1.0357142857142858 1.5535312500000003
1.0714285714285714 1.5535312500000003
1.1071428571428572 1.5535312500000003
1.1428571428571428 1.5535312500000003
1.1785714285714286 1.5535312500000003
1.2142857142857142 1.5535312500000003
1.25 1.5535312500000003
1.2857142857142858 1.5535312500000003
1.3214285714285714 1.5535312500000003
1.3571428571428572 1.5535312500000003
1.3928571428571428 1.5535312500000003
1.4285714285714286 1.5535312500000003
1.4642857142857142 1.5535312500000003
1.5 1.5535312500000003
1.5357142857142858 1.5535312500000003
1.5714285714285714 1.5535312500000003
1.6071428571428572 1.5535312500000003
1.6428571428571428 1.5535312500000003
1.6785714285714286 1.5535312500000003
1.7142857142857142 1.5535312500000003
1.75 1.5535312500000003
1.7857142857142858 1.5535312500000003
1.8214285714285714 1.5535312500000003
1.8571428571428572 1.5535312500000003
1.8928571428571428 1.5535312500000003
1.9285714285714286 1.5535312500000003
1.9642857142857142 1.5535312500000003
2.0 1.5535312500000003
2.0357142857142856 1.5535312500000003
2.0714285714285716 1.5535312500000003
2.107142857142857 1.5535312500000003
2.142857142857143 1.5535312500000003
2.1785714285714284 1.5535312500000003
2.2142857142857144 1.5535312500000003
2.25 1.5499843750000002
2.2857142857142856 1.5499843750000002
2.3214285714285716 1.5464375000000001
2.357142857142857 1.5464375000000001
2.392857142857143 1.5464375000000001
2.4285714285714284 1.5464375000000001
2.4642857142857144 1.5464375000000001
2.5 1.5464375000000001
2.5357142857142856 1.5464375000000001
2.5714285714285716 1.5464375000000001
2.607142857142857 1.5464375000000001
2.642857142857143 1.5464375000000001
2.6785714285714284 1.542890625
2.7142857142857144 1.542890625
2.75 1.5393437500000002
2.7857142857142856 1.542890625
2.8214285714285716 1.542890625
2.857142857142857 1.5393437500000002
2.892857142857143 1.5393437500000002
2.9285714285714284 1.5393437500000002
2.9642857142857144 1.5393437500000002
3.0 1.5393437500000002
3.0357142857142856 1.5393437500000002
3.0714285714285716 1.5357968750000002
3.107142857142857 1.5357968750000002
3.142857142857143 1.5357968750000002
3.1785714285714284 1.5357968750000002
3.2142857142857144 1.5357968750000002
3.25 1.5357968750000002
3.2857142857142856 1.5357968750000002
3.3214285714285716 1.5357968750000002
3.357142857142857 1.5357968750000002
3.392857142857143 1.5322500000000001
3.4285714285714284 1.5322500000000001
3.4642857142857144 1.5322500000000001
3.5 1.5322500000000001
3.5357142857142856 1.5322500000000001
3.5714285714285716 1.5322500000000001
3.607142857142857 1.528703125
3.642857142857143 1.528703125
3.6785714285714284 1.528703125
3.7142857142857144 1.528703125
3.75 1.528703125
3.7857142857142856 1.5251562500000002
3.8214285714285716 1.5251562500000002
3.857142857142857 1.5251562500000002
3.892857142857143 1.5251562500000002
3.9285714285714284 1.5251562500000002
3.9642857142857144 1.5251562500000002
4.0 1.5251562500000002
4.035714285714286 1.5251562500000002
4.071428571428571 1.5216093750000002
4.107142857142857 1.5216093750000002
4.142857142857143 1.5216093750000002
4.178571428571429 1.5216093750000002
4.214285714285714 1.5216093750000002
4.25 1.5216093750000002
4.285714285714286 1.5216093750000002
4.321428571428571 1.5216093750000002
4.357142857142857 1.5216093750000002
4.392857142857143 1.5216093750000002
4.428571428571429 1.5216093750000002
4.464285714285714 1.5216093750000002
4.5 1.5216093750000002
4.535714285714286 1.5216093750000002
4.571428571428571 1.5216093750000002
4.607142857142857 1.5216093750000002
4.642857142857143 1.5216093750000002
4.678571428571429 1.5180625
4.714285714285714 1.5180625
4.75 1.5180625
4.785714285714286 1.5180625
4.821428571428571 1.5180625
4.857142857142857 1.5180625
4.892857142857143 1.5180625
4.928571428571429 1.5180625
4.964285714285714 1.5180625
5.0 1.5180625
5.035714285714286 1.514515625
5.071428571428571 1.514515625
5.107142857142857 1.514515625
5.142857142857143 1.514515625
5.178571428571429 1.514515625
5.214285714285714 1.5180625
5.25 1.5180625
5.285714285714286 1.5180625
5.321428571428571 1.5251562500000002
5.357142857142857 1.542890625
5.392857142857143 1.5499843750000002
5.428571428571429 1.5357968750000002
5.464285714285714 1.5180625
5.5 1.5109687500000002
5.535714285714286 1.5180625
5.571428571428571 1.5322500000000001
5.607142857142857 1.5464375000000001
5.642857142857143 1.5925468750000003
5.678571428571429 1.6031875000000002
5.714285714285714 1.5499843750000002
5.75 1.528703125
5.785714285714286 1.5180625
5.821428571428571 1.5003281250000002
5.857142857142857 1.4896875
5.892857142857143 1.4896875
5.928571428571429 1.5074218750000001
5.964285714285714 1.5216093750000002
6.0 1.5322500000000001
6.035714285714286 1.528703125
6.071428571428571 1.514515625
6.107142857142857 1.514515625
6.142857142857143 1.542890625
6.178571428571429 1.5464375000000001
6.214285714285714 1.503875
6.25 1.479046875
6.285714285714286 1.4684062500000001
6.321428571428571 1.4684062500000001
6.357142857142857 1.4719531250000002
6.392857142857143 1.5074218750000001
6.428571428571429 1.5499843750000002
6.464285714285714 1.5783593750000002
6.5 1.5748125000000002
6.535714285714286 1.5251562500000002
6.571428571428571 1.4684062500000001
6.607142857142857 1.4542187500000001
6.642857142857143 1.479046875
6.678571428571429 1.5074218750000001
6.714285714285714 1.5180625
6.75 1.4719531250000002
6.785714285714286 1.4613125000000002
6.821428571428571 1.4967812500000002
6.857142857142857 1.5783593750000002
6.892857142857143 1.5890000000000002
6.928571428571429 1.5854531250000001
6.964285714285714 1.5748125000000002
7.0 1.503875
7.035714285714286 1.6918593750000002
7.071428571428571 1.4187500000000002
7.107142857142857 1.479046875
7.142857142857143 1.635109375
7.178571428571429 1.6173750000000002
7.214285714285714 1.6173750000000002
7.25 1.5890000000000002
7.285714285714286 1.571265625
7.321428571428571 1.5535312500000003
7.357142857142857 1.5357968750000002
7.392857142857143 1.5003281250000002
7.428571428571429 1.5003281250000002
7.464285714285714 1.4825937500000002
7.5 1.479046875
7.535714285714286 1.479046875
7.571428571428571 1.479046875
7.607142857142857 1.479046875
7.642857142857143 1.479046875
7.678571428571429 1.4755
7.714285714285714 1.4755
7.75 1.479046875
7.785714285714286 1.479046875
7.821428571428571 1.479046875
7.857142857142857 1.479046875
7.892857142857143 1.479046875
7.928571428571429 1.479046875
7.964285714285714 1.479046875
8.0 1.479046875
8.035714285714286 1.479046875
8.071428571428571 1.479046875
8.107142857142858 1.479046875
8.142857142857142 1.4755
8.178571428571429 1.479046875
8.214285714285714 1.479046875
8.25 1.479046875
8.285714285714286 1.479046875
8.321428571428571 1.479046875
8.357142857142858 1.479046875
8.392857142857142 1.479046875
8.428571428571429 1.4755
8.464285714285714 1.479046875
8.5 1.479046875
8.535714285714286 1.479046875
8.571428571428571 1.479046875
8.607142857142858 1.479046875
8.642857142857142 1.479046875
8.678571428571429 1.479046875
8.714285714285714 1.479046875
8.75 1.479046875
8.785714285714286 1.479046875
8.821428571428571 1.479046875
8.857142857142858 1.479046875
8.892857142857142 1.479046875
8.928571428571429 1.479046875
8.964285714285714 1.479046875
9.0 1.479046875
9.035714285714286 1.479046875
9.071428571428571 1.479046875
9.107142857142858 1.479046875
9.142857142857142 1.479046875
9.178571428571429 1.479046875
9.214285714285714 1.479046875
9.25 1.479046875
9.285714285714286 1.479046875
9.321428571428571 1.479046875
9.357142857142858 1.479046875
9.392857142857142 1.479046875
9.428571428571429 1.479046875
9.464285714285714 1.479046875
9.5 1.479046875
9.535714285714286 1.479046875
9.571428571428571 1.479046875
9.607142857142858 1.479046875
9.642857142857142 1.479046875
9.678571428571429 1.479046875
9.714285714285714 1.479046875
9.75 1.479046875
9.785714285714286 1.479046875
9.821428571428571 1.479046875
9.857142857142858 1.479046875
9.892857142857142 1.479046875
9.928571428571429 1.479046875
9.964285714285714 1.479046875
10.0 1.479046875
10.035714285714286 1.479046875
10.071428571428571 1.479046875
10.107142857142858 1.479046875
10.142857142857142 1.479046875
10.178571428571429 1.479046875
10.214285714285714 1.479046875
10.25 1.479046875
10.285714285714286 1.479046875
13.571428571428571 3.1638125
15.071428571428571 1.4967812500000002
15.107142857142858 1.5074218750000001
15.142857142857142 1.5074218750000001
15.321428571428571 2.5218281250000003
15.428571428571429 1.5251562500000002
15.464285714285714 1.5393437500000002
15.5 1.5251562500000002
15.571428571428571 1.5357968750000002
15.607142857142858 1.5535312500000003
15.642857142857142 1.5499843750000002
15.678571428571429 2.34803125
15.714285714285714 2.33384375
15.75 2.30546875
15.785714285714286 2.294828125
15.821428571428571 2.27709375
15.857142857142858 1.4825937500000002
15.892857142857142 1.4896875
15.928571428571429 1.4967812500000002
15.964285714285714 1.503875
16.0 1.4967812500000002
16.035714285714285 2.167140625
16.071428571428573 2.16359375
16.107142857142858 1.4896875
16.142857142857142 1.4896875
16.178571428571427 1.4896875
16.214285714285715 2.089109375
16.25 2.067828125
16.285714285714285 2.0536406250000003
16.321428571428573 1.4577656250000002
16.357142857142858 1.464859375
16.392857142857142 1.464859375
16.428571428571427 1.4755
16.464285714285715 1.5074218750000001
16.5 1.4967812500000002
16.535714285714285 1.4613125000000002
16.571428571428573 1.4471250000000002
16.607142857142858 1.42584375
16.642857142857142 1.39746875
16.678571428571427 1.869203125
16.714285714285715 1.8479218750000002
16.75 1.3939218750000002
16.785714285714285 1.4081093750000002
16.821428571428573 1.4577656250000002
16.857142857142858 1.5109687500000002
16.892857142857142 1.5322500000000001
16.928571428571427 1.7557031250000001
16.964285714285715 1.7486093750000002
17.0 1.4684062500000001
17.035714285714285 1.4045625000000002
17.071428571428573 1.4187500000000002
17.107142857142858 1.5003281250000002
17.142857142857142 1.635109375
17.178571428571427 1.6244687500000001
17.214285714285715 1.59609375
17.25 1.5925468750000003
17.285714285714285 1.56771875
17.321428571428573 1.56771875
17.357142857142858 1.5499843750000002
17.392857142857142 1.5641718750000002
17.428571428571427 1.571265625
17.464285714285715 1.5783593750000002
17.5 1.5783593750000002
17.535714285714285 1.5783593750000002
17.571428571428573 1.5748125000000002
17.607142857142858 1.5748125000000002
17.642857142857142 1.5748125000000002
17.678571428571427 1.5748125000000002
17.714285714285715 1.571265625
17.75 1.571265625
17.785714285714285 1.5748125000000002
17.821428571428573 1.5748125000000002
17.857142857142858 1.5748125000000002
17.892857142857142 1.5748125000000002
17.928571428571427 1.5748125000000002
17.964285714285715 1.5748125000000002
18.0 1.5748125000000002
18.035714285714285 1.5748125000000002
18.071428571428573 1.5748125000000002
18.107142857142858 1.5748125000000002
18.142857142857142 1.5748125000000002
18.178571428571427 1.5748125000000002
18.214285714285715 1.5748125000000002
18.25 1.5748125000000002
18.285714285714285 1.5748125000000002
18.321428571428573 1.5748125000000002
18.357142857142858 1.5748125000000002
18.392857142857142 1.5748125000000002
18.428571428571427 1.5748125000000002
18.464285714285715 1.5748125000000002
18.5 1.5748125000000002
18.535714285714285 1.5748125000000002
18.571428571428573 1.5748125000000002
18.607142857142858 1.5748125000000002
18.642857142857142 1.5748125000000002
18.678571428571427 1.5748125000000002
18.714285714285715 1.5748125000000002
18.75 1.5748125000000002
18.785714285714285 1.5748125000000002
18.821428571428573 1.5748125000000002
18.857142857142858 1.5748125000000002
18.892857142857142 1.5748125000000002
18.928571428571427 1.5748125000000002
18.964285714285715 1.5748125000000002
19.0 1.5748125000000002
19.035714285714285 1.5748125000000002
19.071428571428573 1.5748125000000002
19.107142857142858 1.5748125000000002
19.142857142857142 1.5748125000000002
19.178571428571427 1.5748125000000002
19.214285714285715 1.5748125000000002
19.25 1.571265625
19.285714285714285 1.571265625
19.321428571428573 1.571265625
19.357142857142858 1.5748125000000002
19.392857142857142 1.5748125000000002
19.428571428571427 1.5748125000000002
19.464285714285715 1.571265625
19.5 1.5748125000000002
19.535714285714285 1.5748125000000002
19.571428571428573 1.571265625
19.607142857142858 1.571265625
19.642857142857142 1.571265625
19.678571428571427 1.571265625
19.714285714285715 1.5748125000000002
19.75 1.5748125000000002
19.785714285714285 1.5748125000000002
19.821428571428573 1.571265625
19.857142857142858 1.5748125000000002
19.892857142857142 1.571265625
19.928571428571427 1.5748125000000002
19.964285714285715 1.5748125000000002
20.0 1.571265625
20.035714285714285 1.571265625
20.071428571428573 1.571265625
20.107142857142858 1.571265625
20.142857142857142 1.571265625
20.178571428571427 1.571265625
20.214285714285715 1.571265625
20.25 1.571265625
20.285714285714285 1.5748125000000002
20.321428571428573 1.571265625
20.357142857142858 1.571265625
20.392857142857142 1.571265625
20.428571428571427 1.571265625
20.464285714285715 1.571265625
20.5 1.571265625
20.535714285714285 1.571265625
20.571428571428573 1.571265625
20.607142857142858 1.571265625
20.642857142857142 1.571265625
20.678571428571427 1.571265625
20.714285714285715 1.571265625
20.75 1.571265625
20.785714285714285 1.571265625
20.821428571428573 1.571265625
20.857142857142858 1.571265625
20.892857142857142 1.571265625
20.928571428571427 1.571265625
20.964285714285715 1.571265625
21.0 1.571265625
21.035714285714285 1.571265625
21.071428571428573 1.571265625
21.107142857142858 1.571265625
21.142857142857142 1.5748125000000002
21.178571428571427 1.571265625
21.214285714285715 1.571265625
21.25 1.5748125000000002
21.285714285714285 1.5748125000000002
21.321428571428573 1.5748125000000002
21.357142857142858 1.5748125000000002
21.392857142857142 1.5748125000000002
21.428571428571427 1.5748125000000002
21.464285714285715 1.5748125000000002
21.5 1.5748125000000002
21.535714285714285 1.5748125000000002
21.571428571428573 1.571265625
21.607142857142858 1.5748125000000002
21.642857142857142 1.571265625
21.678571428571427 1.5748125000000002
21.714285714285715 1.5748125000000002
21.75 1.5748125000000002
21.785714285714285 1.571265625
21.821428571428573 1.571265625
21.857142857142858 1.571265625
21.892857142857142 1.571265625
21.928571428571427 1.571265625
21.964285714285715 1.571265625
22.0 1.571265625
22.035714285714285 1.571265625
22.071428571428573 1.571265625
22.107142857142858 1.56771875
22.142857142857142 1.571265625
22.178571428571427 1.571265625
22.214285714285715 1.5748125000000002
22.25 1.571265625
22.285714285714285 1.571265625
22.321428571428573 1.5748125000000002
22.357142857142858 1.5748125000000002
22.392857142857142 1.571265625
22.428571428571427 1.571265625
22.464285714285715 1.571265625
22.5 1.571265625
22.535714285714285 1.571265625
22.571428571428573 1.571265625
22.607142857142858 1.571265625
22.642857142857142 1.571265625
22.678571428571427 1.571265625
22.714285714285715 1.571265625
22.75 1.571265625
22.785714285714285 1.571265625
22.821428571428573 1.571265625
22.857142857142858 1.5748125000000002
22.892857142857142 1.5748125000000002
22.928571428571427 1.5748125000000002
22.964285714285715 1.571265625
23.0 1.571265625
23.035714285714285 1.571265625
23.071428571428573 1.571265625
23.107142857142858 1.571265625
23.142857142857142 1.571265625
23.178571428571427 1.5748125000000002
23.214285714285715 1.5748125000000002
23.25 1.5748125000000002
23.285714285714285 1.56771875
23.321428571428573 1.571265625
23.357142857142858 1.5748125000000002
23.392857142857142 1.571265625
23.428571428571427 1.571265625
23.464285714285715 1.571265625
23.5 1.571265625
23.535714285714285 1.5748125000000002
23.571428571428573 1.571265625
23.607142857142858 1.5748125000000002
23.642857142857142 1.571265625
23.678571428571427 1.571265625
23.714285714285715 1.571265625
23.75 1.571265625
23.785714285714285 1.571265625
23.821428571428573 1.571265625
23.857142857142858 1.571265625
23.892857142857142 1.571265625
23.928571428571427 1.571265625
23.964285714285715 1.571265625
24.0 1.571265625
24.035714285714285 1.571265625
24.071428571428573 1.571265625
24.107142857142858 1.571265625
24.142857142857142 1.571265625
24.178571428571427 1.571265625
24.214285714285715 1.571265625
24.25 1.571265625
24.285714285714285 1.571265625
24.321428571428573 1.571265625
24.357142857142858 1.571265625
24.392857142857142 1.571265625
24.428571428571427 1.571265625
24.464285714285715 1.571265625
24.5 1.571265625
24.535714285714285 1.5748125000000002
24.571428571428573 1.571265625
24.607142857142858 1.571265625
24.642857142857142 1.571265625
24.678571428571427 1.571265625
24.714285714285715 1.571265625
24.75 1.571265625
24.785714285714285 1.571265625
24.821428571428573 1.571265625
24.857142857142858 1.5783593750000002
24.892857142857142 1.5854531250000001
24.928571428571427 1.5890000000000002
24.964285714285715 1.5854531250000001
25.0 1.5925468750000003
25.035714285714285 1.61028125
25.071428571428573 1.6138281250000002
25.107142857142858 1.59609375
25.142857142857142 1.58190625
25.178571428571427 1.571265625
25.214285714285715 1.5641718750000002
25.25 1.5606250000000002
25.285714285714285 1.5925468750000003
25.321428571428573 1.6173750000000002
25.357142857142858 1.6138281250000002
25.392857142857142 2.4757187500000004
25.428571428571427 2.46153125
25.464285714285715 1.6315625000000002
25.5 1.606734375
25.535714285714285 1.5996406250000001
25.571428571428573 2.401234375
25.607142857142858 2.379953125
25.642857142857142 1.571265625
25.678571428571427 1.58190625
25.714285714285715 1.6031875000000002
25.75 1.6138281250000002
25.785714285714285 1.61028125
25.821428571428573 1.5783593750000002
25.857142857142858 2.2558125
25.892857142857142 1.5606250000000002
25.928571428571427 1.5854531250000001
25.964285714285715 1.5925468750000003
26.0 1.571265625
26.035714285714285 1.5641718750000002
26.071428571428573 1.5641718750000002
26.107142857142858 1.571265625
26.142857142857142 1.58190625
26.178571428571427 1.59609375
26.214285714285715 1.6386562500000001
26.25 1.6776718750000001
26.285714285714285 1.6563906250000002
26.321428571428573 1.635109375
26.357142857142858 1.58190625
26.392857142857142 1.5606250000000002
26.428571428571427 1.5251562500000002
26.464285714285715 1.5322500000000001
26.5 1.56771875
26.535714285714285 1.5748125000000002
26.571428571428573 1.5925468750000003
26.607142857142858 1.6244687500000001
26.642857142857142 1.6812187500000002
26.678571428571427 1.8585625000000001
26.714285714285715 1.8372812500000002
26.75 1.5535312500000003
26.785714285714285 1.56771875
26.821428571428573 1.606734375
26.857142857142858 1.76634375
26.892857142857142 1.73796875
26.928571428571427 1.7486093750000002
26.964285714285715 1.7415156250000001
27.0 1.6954062500000002
27.035714285714285 1.6918593750000002
27.071428571428573 1.6670312500000002
27.107142857142858 1.6599375
27.142857142857142 1.6599375
27.178571428571427 1.6599375
27.214285714285715 1.6599375
27.25 1.6599375
27.285714285714285 1.6599375
27.321428571428573 1.6563906250000002
27.357142857142858 1.6599375
27.392857142857142 1.6599375
27.428571428571427 1.6563906250000002
27.464285714285715 1.6563906250000002
27.5 1.6563906250000002
27.535714285714285 1.6563906250000002
27.571428571428573 1.6563906250000002
27.607142857142858 1.6563906250000002
27.642857142857142 1.6563906250000002
27.678571428571427 1.6563906250000002
27.714285714285715 1.6563906250000002
27.75 1.6563906250000002
27.785714285714285 1.6563906250000002
27.821428571428573 1.6563906250000002
27.857142857142858 1.6563906250000002
27.892857142857142 1.6563906250000002
27.928571428571427 1.6563906250000002
27.964285714285715 1.6563906250000002
28.0 1.6528437500000002
28.035714285714285 1.6528437500000002
28.071428571428573 1.6528437500000002
28.107142857142858 1.6528437500000002
28.142857142857142 1.6563906250000002
28.178571428571427 1.6563906250000002
28.214285714285715 1.6563906250000002
28.25 1.6563906250000002
28.285714285714285 1.6563906250000002
28.321428571428573 1.6563906250000002
28.357142857142858 1.6528437500000002
28.392857142857142 1.6528437500000002
28.428571428571427 1.6528437500000002
28.464285714285715 1.6563906250000002
28.5 1.6563906250000002
28.535714285714285 1.6528437500000002
28.571428571428573 1.6528437500000002
28.607142857142858 1.6528437500000002
28.642857142857142 1.6563906250000002
28.678571428571427 1.6563906250000002
28.714285714285715 1.6528437500000002
28.75 1.6528437500000002
28.785714285714285 1.6528437500000002
28.821428571428573 1.6528437500000002
28.857142857142858 1.6563906250000002
28.892857142857142 1.6563906250000002
28.928571428571427 1.6528437500000002
28.964285714285715 1.6563906250000002
29.0 1.6563906250000002
29.035714285714285 1.6563906250000002
29.071428571428573 1.6563906250000002
29.107142857142858 1.6528437500000002
29.142857142857142 1.6563906250000002
29.178571428571427 1.6563906250000002
29.214285714285715 1.6528437500000002
29.25 1.6528437500000002
29.285714285714285 1.6528437500000002
29.321428571428573 1.6528437500000002
29.357142857142858 1.6528437500000002
29.392857142857142 1.6528437500000002
29.428571428571427 1.6528437500000002
29.464285714285715 1.6563906250000002
29.5 1.6528437500000002
29.535714285714285 1.6528437500000002
29.571428571428573 1.6528437500000002
29.607142857142858 1.6528437500000002
29.642857142857142 1.6528437500000002
29.678571428571427 1.6528437500000002
29.714285714285715 1.6563906250000002
29.75 1.6528437500000002
29.785714285714285 1.6528437500000002
29.821428571428573 1.6528437500000002
29.857142857142858 1.6528437500000002
29.892857142857142 1.6528437500000002
29.928571428571427 1.6528437500000002
29.964285714285715 1.6528437500000002
30.0 1.6528437500000002
30.035714285714285 1.6563906250000002
30.071428571428573 1.6528437500000002
30.107142857142858 1.6528437500000002
30.142857142857142 1.6563906250000002
30.178571428571427 1.6528437500000002
30.214285714285715 1.6528437500000002
30.25 1.6528437500000002
30.285714285714285 1.6563906250000002
30.321428571428573 1.6563906250000002
30.357142857142858 1.6528437500000002
30.392857142857142 1.6528437500000002
30.428571428571427 1.6528437500000002
30.464285714285715 1.6528437500000002
30.5 1.6563906250000002
30.535714285714285 1.6563906250000002
30.571428571428573 1.6528437500000002
30.607142857142858 1.6528437500000002
30.642857142857142 1.6528437500000002
30.678571428571427 1.6528437500000002
30.714285714285715 1.6563906250000002
30.75 1.6528437500000002
30.785714285714285 1.6528437500000002
30.821428571428573 1.6563906250000002
30.857142857142858 1.6563906250000002
30.892857142857142 1.6563906250000002
30.928571428571427 1.6563906250000002
30.964285714285715 1.6528437500000002
31.0 1.6528437500000002
31.035714285714285 1.6563906250000002
31.071428571428573 1.6563906250000002
31.107142857142858 1.6528437500000002
31.142857142857142 1.6528437500000002
31.178571428571427 1.6528437500000002
31.214285714285715 1.6528437500000002
31.25 1.6528437500000002
31.285714285714285 1.6528437500000002
31.321428571428573 1.6528437500000002
31.357142857142858 1.6563906250000002
31.392857142857142 1.6528437500000002
31.428571428571427 1.6528437500000002
31.464285714285715 1.6528437500000002
31.5 1.6528437500000002
31.607142857142858 1.6528437500000002
31.642857142857142 1.6563906250000002
31.678571428571427 1.6528437500000002
31.714285714285715 1.6528437500000002
31.75 1.6528437500000002
31.785714285714285 1.6528437500000002
31.821428571428573 1.6563906250000002
31.857142857142858 1.6528437500000002
31.892857142857142 1.6563906250000002
31.928571428571427 1.6563906250000002
31.964285714285715 1.6563906250000002
32.0 1.6528437500000002
32.035714285714285 1.6528437500000002
32.07142857142857 1.6528437500000002
32.107142857142854 1.6528437500000002
32.142857142857146 1.6528437500000002
32.17857142857143 1.6528437500000002
32.214285714285715 1.6528437500000002
32.25 1.6528437500000002
32.285714285714285 1.6528437500000002
32.32142857142857 1.6528437500000002
32.357142857142854 1.6528437500000002
32.392857142857146 1.6528437500000002
32.42857142857143 1.6563906250000002
32.5 1.6528437500000002
32.535714285714285 1.6528437500000002
32.57142857142857 1.6528437500000002
32.642857142857146 1.6563906250000002
32.67857142857143 1.6528437500000002
32.714285714285715 1.6563906250000002
32.75 1.6528437500000002
32.785714285714285 1.6563906250000002
32.82142857142857 1.6563906250000002
32.857142857142854 1.6528437500000002
32.892857142857146 1.6563906250000002
32.92857142857143 1.6528437500000002
32.964285714285715 1.6528437500000002
33.0 1.6528437500000002
33.035714285714285 1.6528437500000002
33.07142857142857 1.6528437500000002
33.107142857142854 1.6528437500000002
33.142857142857146 1.6528437500000002
33.17857142857143 1.6528437500000002
33.214285714285715 1.6563906250000002
33.32142857142857 1.6563906250000002
33.5 1.6563906250000002
33.535714285714285 1.6563906250000002
33.57142857142857 1.6528437500000002
33.607142857142854 1.6528437500000002
33.642857142857146 1.6528437500000002
33.714285714285715 1.6563906250000002
34.07142857142857 1.6528437500000002
34.107142857142854 1.6528437500000002
34.714285714285715 1.6670312500000002
34.75 1.674125
34.785714285714285 1.6705781250000002
34.82142857142857 1.6705781250000002
35.0 2.670796875
35.107142857142854 1.6883125
35.142857142857146 1.7025000000000001
35.17857142857143 1.7025000000000001
35.214285714285715 1.6776718750000001
35.25 2.5502031250000003
35.285714285714285 2.53246875
35.32142857142857 2.5218281250000003
35.357142857142854 1.6954062500000002
35.392857142857146 1.6954062500000002
35.42857142857143 1.7025000000000001
35.464285714285715 1.7060468750000002
35.5 1.7202343750000002
35.535714285714285 1.727328125
35.57142857142857 1.73796875
35.607142857142854 1.7202343750000002
35.642857142857146 1.698953125
35.67857142857143 1.6599375
35.714285714285715 1.6528437500000002
35.75 1.649296875
35.785714285714285 1.6599375
35.82142857142857 1.6705781250000002
35.857142857142854 1.6670312500000002
35.892857142857146 1.649296875
35.92857142857143 1.6280156250000002
35.964285714285715 1.635109375
36.0 1.6705781250000002
36.035714285714285 1.6883125
36.07142857142857 1.7344218750000002
36.107142857142854 1.7344218750000002
36.142857142857146 1.674125
36.17857142857143 1.6563906250000002
36.214285714285715 1.635109375
36.25 1.635109375
36.285714285714285 1.649296875
36.32142857142857 1.6705781250000002
36.357142857142854 1.7025000000000001
36.392857142857146 1.7344218750000002
36.42857142857143 1.7308750000000002
36.464285714285715 1.9791562500000002
36.5 1.674125
36.535714285714285 1.76634375
36.57142857142857 1.7805312500000001
36.607142857142854 1.6776718750000001
36.642857142857146 1.7166875000000001
36.67857142857143 1.8585625000000001
36.714285714285715 1.8408281250000003
36.75 1.8124531250000002
36.785714285714285 1.8089062500000002
36.82142857142857 1.7876250000000002
36.857142857142854 1.7627968750000003
36.892857142857146 1.7450625000000002
36.92857142857143 1.7450625000000002
36.964285714285715 1.7237812500000003
37.0 1.7202343750000002
37.035714285714285 1.7237812500000003
37.07142857142857 1.7237812500000003
37.107142857142854 1.7237812500000003
37.142857142857146 1.7237812500000003
37.17857142857143 1.7237812500000003
37.214285714285715 1.7237812500000003
37.25 1.7237812500000003
37.285714285714285 1.7237812500000003
37.32142857142857 1.727328125
37.357142857142854 1.7237812500000003
37.392857142857146 1.727328125
37.42857142857143 1.7237812500000003
37.464285714285715 1.727328125
37.5 1.727328125
37.535714285714285 1.727328125
37.57142857142857 1.727328125
37.607142857142854 1.727328125
37.642857142857146 1.727328125
37.67857142857143 1.727328125
37.714285714285715 1.727328125
37.75 1.727328125
37.785714285714285 1.727328125
37.82142857142857 1.727328125
37.857142857142854 1.727328125
37.892857142857146 1.727328125
37.92857142857143 1.727328125
37.964285714285715 1.727328125
38.0 1.727328125
38.035714285714285 1.727328125
38.07142857142857 1.727328125
38.107142857142854 1.727328125
38.142857142857146 1.727328125
38.17857142857143 1.727328125
38.214285714285715 1.727328125
38.25 1.727328125
38.285714285714285 1.727328125
38.32142857142857 1.727328125
38.357142857142854 1.727328125
38.392857142857146 1.727328125
38.42857142857143 1.727328125
38.464285714285715 1.727328125
38.5 1.727328125
38.535714285714285 1.727328125
38.57142857142857 1.727328125
38.607142857142854 1.727328125
38.642857142857146 1.727328125
38.67857142857143 1.727328125
38.714285714285715 1.727328125
38.75 1.727328125
38.785714285714285 1.727328125
38.82142857142857 1.727328125
38.857142857142854 1.727328125
38.892857142857146 1.727328125
38.92857142857143 1.727328125
38.964285714285715 1.727328125
39.0 1.727328125
39.035714285714285 1.727328125
39.07142857142857 1.727328125
39.107142857142854 1.727328125
39.142857142857146 1.727328125
39.17857142857143 1.727328125
39.214285714285715 1.727328125
39.25 1.727328125
39.285714285714285 1.727328125
39.32142857142857 1.727328125
39.357142857142854 1.727328125
39.392857142857146 1.727328125
39.42857142857143 1.727328125
39.464285714285715 1.727328125
39.5 1.727328125
39.535714285714285 1.727328125
39.57142857142857 1.727328125
39.607142857142854 1.727328125
39.642857142857146 1.727328125
39.67857142857143 1.727328125
39.714285714285715 1.727328125
39.75 1.727328125
39.785714285714285 1.727328125
39.82142857142857 1.727328125
39.857142857142854 1.727328125
39.892857142857146 1.727328125
39.92857142857143 1.727328125
