0.03571428571428571 1.5499843750000002
0.07142857142857142 1.5464375000000001
0.10714285714285714 1.5464375000000001
0.14285714285714285 1.5464375000000001
0.17857142857142858 1.5464375000000001
0.21428571428571427 1.5499843750000002
0.25 1.5464375000000001
0.2857142857142857 1.5464375000000001
0.32142857142857145 1.5464375000000001
0.35714285714285715 1.5464375000000001
0.39285714285714285 1.5464375000000001
0.42857142857142855 1.5464375000000001
0.4642857142857143 1.5464375000000001
0.8214285714285714 1.5925468750000003
0.8571428571428571 1.5074218750000001
0.8928571428571429 1.5074218750000001
0.9285714285714286 1.5109687500000002
0.9642857142857143 1.5109687500000002
1.0 1.5074218750000001
1.0357142857142858 1.5074218750000001
1.0714285714285714 1.5074218750000001
1.1071428571428572 1.5074218750000001
1.1428571428571428 1.5109687500000002
1.1785714285714286 1.5074218750000001
1.2142857142857142 1.5109687500000002
1.25 1.5074218750000001
1.2857142857142858 1.5074218750000001
1.3214285714285714 1.5109687500000002
1.3571428571428572 1.5074218750000001
1.3928571428571428 1.5074218750000001
1.4285714285714286 1.5074218750000001
1.4642857142857142 1.5074218750000001
1.5 1.5074218750000001
1.5357142857142858 1.5074218750000001
1.5714285714285714 1.5074218750000001
1.6071428571428572 1.5074218750000001
1.6428571428571428 1.5074218750000001
1.6785714285714286 1.5074218750000001
1.7142857142857142 1.5074218750000001
1.75 1.5074218750000001
1.7857142857142858 1.5074218750000001
1.8214285714285714 1.5074218750000001
1.8571428571428572 1.5074218750000001
1.8928571428571428 1.5074218750000001
1.9285714285714286 1.5074218750000001
2.2857142857142856 1.4755
2.3214285714285716 1.4755
2.357142857142857 1.479046875
2.392857142857143 1.479046875
2.4285714285714284 1.479046875
2.4642857142857144 1.479046875
2.5 1.479046875
2.5357142857142856 1.479046875
2.5714285714285716 1.479046875
2.607142857142857 1.479046875
2.642857142857143 1.479046875
2.6785714285714284 1.479046875
2.7142857142857144 1.479046875
2.75 1.479046875
2.7857142857142856 1.479046875
2.8214285714285716 1.479046875
2.857142857142857 1.479046875
2.892857142857143 1.479046875
2.9285714285714284 1.479046875
2.9642857142857144 1.479046875
3.0 1.479046875
3.0357142857142856 1.479046875
3.0714285714285716 1.479046875
3.107142857142857 1.479046875
3.142857142857143 1.479046875
3.1785714285714284 1.479046875
3.2142857142857144 1.479046875
3.25 1.479046875
3.2857142857142856 1.479046875
3.3214285714285716 1.479046875
3.357142857142857 1.479046875
3.7142857142857144 1.514515625
3.75 1.4293906250000001
3.7857142857142856 1.4293906250000001
3.8214285714285716 1.4329375000000002
3.857142857142857 1.4329375000000002
3.892857142857143 1.4329375000000002
3.9285714285714284 1.4329375000000002
3.9642857142857144 1.4329375000000002
4.0 1.4329375000000002
4.035714285714286 1.4329375000000002
4.071428571428571 1.4329375000000002
4.107142857142857 1.4329375000000002
4.142857142857143 1.436484375
4.178571428571429 1.4329375000000002
4.214285714285714 1.4329375000000002
4.25 1.4329375000000002
4.285714285714286 1.4329375000000002
4.321428571428571 1.4329375000000002
4.357142857142857 1.4329375000000002
4.392857142857143 1.4329375000000002
4.428571428571429 1.4329375000000002
4.464285714285714 1.4329375000000002
4.5 1.4329375000000002
4.535714285714286 1.4329375000000002
4.571428571428571 1.4329375000000002
4.607142857142857 1.4329375000000002
4.642857142857143 1.4329375000000002
4.678571428571429 1.4329375000000002
4.714285714285714 1.4329375000000002
4.75 1.4329375000000002
4.785714285714286 1.4329375000000002
4.821428571428571 1.4329375000000002
5.178571428571429 1.3939218750000002
5.214285714285714 1.39746875
5.25 1.39746875
5.285714285714286 1.39746875
5.321428571428571 1.401015625
5.357142857142857 1.401015625
5.392857142857143 1.401015625
5.428571428571429 1.401015625
5.464285714285714 1.401015625
5.5 1.401015625
5.535714285714286 1.401015625
5.571428571428571 1.401015625
5.607142857142857 1.401015625
5.642857142857143 1.401015625
5.678571428571429 1.401015625
5.714285714285714 1.401015625
5.75 1.4045625000000002
5.785714285714286 1.401015625
5.821428571428571 1.4045625000000002
5.857142857142857 1.4045625000000002
5.892857142857143 1.4045625000000002
5.928571428571429 1.4045625000000002
5.964285714285714 1.4045625000000002
6.0 1.4045625000000002
6.035714285714286 1.4045625000000002
6.071428571428571 1.4045625000000002
6.107142857142857 1.4045625000000002
6.142857142857143 1.4045625000000002
6.178571428571429 1.4045625000000002
6.214285714285714 1.4045625000000002
6.607142857142857 1.3761875000000001
6.642857142857143 1.3761875000000001
6.678571428571429 1.3761875000000001
6.714285714285714 1.3761875000000001
6.75 1.3761875000000001
6.785714285714286 1.3797343750000002
6.821428571428571 1.3797343750000002
6.857142857142857 1.3797343750000002
6.892857142857143 1.3797343750000002
6.928571428571429 1.3797343750000002
6.964285714285714 1.3761875000000001
7.0 1.3797343750000002
7.035714285714286 1.3797343750000002
7.071428571428571 1.3797343750000002
7.107142857142857 1.3797343750000002
7.142857142857143 1.3797343750000002
7.178571428571429 1.3797343750000002
7.214285714285714 1.3797343750000002
7.25 1.3797343750000002
7.285714285714286 1.3797343750000002
7.321428571428571 1.3797343750000002
7.357142857142857 1.3797343750000002
7.392857142857143 1.3797343750000002
7.428571428571429 1.3797343750000002
7.464285714285714 1.3797343750000002
7.5 1.3797343750000002
7.535714285714286 1.38328125
7.571428571428571 1.38328125
7.607142857142857 1.38328125
7.642857142857143 1.38328125
7.678571428571429 1.38328125
8.0 1.4329375000000002
8.035714285714286 1.3513593750000001
8.071428571428571 1.3371718750000001
8.107142857142858 1.3407187500000002
8.142857142857142 1.3407187500000002
8.178571428571429 1.3407187500000002
8.214285714285714 1.3407187500000002
8.25 1.3407187500000002
8.285714285714286 1.3407187500000002
8.321428571428571 1.3407187500000002
8.357142857142858 1.3407187500000002
8.392857142857142 1.3407187500000002
8.428571428571429 1.3407187500000002
8.464285714285714 1.3407187500000002
8.5 1.3407187500000002
8.535714285714286 1.344265625
8.571428571428571 1.3407187500000002
8.607142857142858 1.3407187500000002
8.642857142857142 1.3407187500000002
8.678571428571429 1.3407187500000002
8.714285714285714 1.3407187500000002
8.75 1.344265625
8.785714285714286 1.344265625
8.821428571428571 1.344265625
8.857142857142858 1.344265625
8.892857142857142 1.344265625
8.928571428571429 1.344265625
8.964285714285714 1.344265625
9.0 1.344265625
9.035714285714286 1.344265625
9.071428571428571 1.344265625
9.107142857142858 1.344265625
9.464285714285714 1.344265625
9.5 1.3017031250000002
9.535714285714286 1.30525
9.571428571428571 1.30525
9.607142857142858 1.30525
9.642857142857142 1.30525
9.678571428571429 1.308796875
9.714285714285714 1.308796875
9.75 1.308796875
9.785714285714286 1.308796875
9.821428571428571 1.308796875
9.857142857142858 1.308796875
9.892857142857142 1.308796875
9.928571428571429 1.308796875
9.964285714285714 1.308796875
10.0 1.308796875
10.035714285714286 1.308796875
10.071428571428571 1.308796875
10.107142857142858 1.308796875
10.142857142857142 1.308796875
10.178571428571429 1.308796875
10.214285714285714 1.308796875
10.25 1.308796875
10.285714285714286 1.308796875
10.321428571428571 1.308796875
10.357142857142858 1.308796875
10.392857142857142 1.308796875
10.428571428571429 1.308796875
10.464285714285714 1.308796875
10.5 1.308796875
10.535714285714286 1.308796875
10.892857142857142 1.3513593750000001
10.928571428571429 1.2768750000000002
10.964285714285714 1.266234375
11.0 1.26978125
11.035714285714286 1.26978125
11.071428571428571 1.26978125
11.107142857142858 1.26978125
11.142857142857142 1.26978125
11.178571428571429 1.26978125
11.214285714285714 1.26978125
11.25 1.26978125
11.285714285714286 1.26978125
11.321428571428571 1.26978125
11.357142857142858 1.26978125
11.392857142857142 1.26978125
11.428571428571429 1.26978125
11.464285714285714 1.26978125
11.5 1.26978125
11.535714285714286 1.26978125
11.571428571428571 1.26978125
11.607142857142858 1.26978125
11.642857142857142 1.26978125
11.678571428571429 1.26978125
11.714285714285714 1.26978125
11.75 1.26978125
11.785714285714286 1.26978125
11.821428571428571 1.26978125
11.857142857142858 1.26978125
11.892857142857142 1.26978125
11.928571428571429 1.26978125
11.964285714285714 1.26978125
12.0 1.26978125
12.357142857142858 1.22721875
12.392857142857142 1.230765625
12.428571428571429 1.230765625
12.464285714285714 1.230765625
12.5 1.230765625
12.535714285714286 1.2343125000000001
12.571428571428571 1.230765625
12.607142857142858 1.230765625
12.642857142857142 1.230765625
12.678571428571429 1.230765625
12.714285714285714 1.230765625
12.75 1.230765625
12.785714285714286 1.230765625
12.821428571428571 1.230765625
12.857142857142858 1.230765625
12.892857142857142 1.230765625
12.928571428571429 1.230765625
12.964285714285714 1.230765625
13.0 1.230765625
13.035714285714286 1.230765625
13.071428571428571 1.230765625
13.107142857142858 1.230765625
13.142857142857142 1.230765625
13.178571428571429 1.230765625
13.214285714285714 1.230765625
13.25 1.230765625
13.285714285714286 1.230765625
13.321428571428571 1.230765625
13.357142857142858 1.230765625
13.392857142857142 1.230765625
13.428571428571429 1.230765625
13.785714285714286 1.1988437500000002
13.821428571428571 1.188203125
13.857142857142858 1.19175
13.892857142857142 1.19175
13.928571428571429 1.1952968750000001
13.964285714285714 1.1952968750000001
14.0 1.1952968750000001
14.035714285714286 1.1952968750000001
14.071428571428571 1.1952968750000001
14.107142857142858 1.1952968750000001
14.142857142857142 1.1952968750000001
14.178571428571429 1.1952968750000001
14.214285714285714 1.1952968750000001
14.25 1.1952968750000001
14.285714285714286 1.1952968750000001
14.321428571428571 1.1952968750000001
14.357142857142858 1.1952968750000001
14.392857142857142 1.1952968750000001
14.428571428571429 1.1952968750000001
14.464285714285714 1.1952968750000001
14.5 1.1952968750000001
14.535714285714286 1.1952968750000001
14.571428571428571 1.1952968750000001
14.607142857142858 1.1952968750000001
14.642857142857142 1.1952968750000001
14.678571428571429 1.1952968750000001
14.714285714285714 1.1952968750000001
14.75 1.1952968750000001
14.785714285714286 1.1952968750000001
14.821428571428571 1.1952968750000001
14.857142857142858 1.1952968750000001
15.25 1.1598281250000002
15.285714285714286 1.1598281250000002
15.321428571428571 1.1598281250000002
15.357142857142858 1.163375
15.392857142857142 1.163375
15.428571428571429 1.163375
15.464285714285714 1.163375
15.5 1.163375
15.535714285714286 1.163375
15.571428571428571 1.163375
15.607142857142858 1.163375
15.642857142857142 1.166921875
15.678571428571429 1.166921875
15.714285714285714 1.166921875
15.75 1.166921875
15.785714285714286 1.166921875
15.821428571428571 1.166921875
15.857142857142858 1.166921875
15.892857142857142 1.166921875
15.928571428571429 1.166921875
15.964285714285714 1.1704687500000002
16.0 1.166921875
16.035714285714285 1.166921875
16.071428571428573 1.166921875
16.107142857142858 1.166921875
16.142857142857142 1.166921875
16.178571428571427 1.166921875
16.214285714285715 1.1704687500000002
16.25 1.1704687500000002
16.285714285714285 1.1704687500000002
16.321428571428573 1.1704687500000002
16.642857142857142 1.202390625
16.678571428571427 1.1314531250000002
16.714285714285715 1.1172656250000002
16.75 1.1208125000000002
16.785714285714285 1.1208125000000002
16.821428571428573 1.1208125000000002
16.857142857142858 1.124359375
16.892857142857142 1.124359375
16.928571428571427 1.124359375
16.964285714285715 1.124359375
17.0 1.124359375
17.035714285714285 1.124359375
17.071428571428573 1.124359375
17.107142857142858 1.12790625
17.142857142857142 1.12790625
17.178571428571427 1.12790625
17.214285714285715 1.12790625
17.25 1.12790625
17.285714285714285 1.12790625
17.321428571428573 1.12790625
17.357142857142858 1.12790625
17.392857142857142 1.12790625
17.428571428571427 1.12790625
17.464285714285715 1.12790625
17.5 1.12790625
17.535714285714285 1.12790625
17.571428571428573 1.12790625
17.607142857142858 1.1314531250000002
17.642857142857142 1.12790625
17.678571428571427 1.1314531250000002
17.714285714285715 1.1314531250000002
17.75 1.1314531250000002
18.107142857142858 1.074703125
18.142857142857142 1.0782500000000002
18.178571428571427 1.0782500000000002
18.214285714285715 1.0782500000000002
18.25 1.081796875
18.285714285714285 1.081796875
18.321428571428573 1.081796875
18.357142857142858 1.081796875
18.392857142857142 1.081796875
18.428571428571427 1.081796875
18.464285714285715 1.0782500000000002
18.5 1.081796875
18.535714285714285 1.081796875
18.571428571428573 1.08534375
18.607142857142858 1.08534375
18.642857142857142 1.08534375
18.678571428571427 1.08534375
18.714285714285715 1.08534375
18.75 1.08534375
18.785714285714285 1.08534375
18.821428571428573 1.08534375
18.857142857142858 1.08534375
18.892857142857142 1.08534375
18.928571428571427 1.0888906250000001
18.964285714285715 1.0888906250000001
19.0 1.0888906250000001
19.035714285714285 1.0888906250000001
19.071428571428573 1.0888906250000001
19.107142857142858 1.0888906250000001
19.142857142857142 1.0888906250000001
19.178571428571427 1.0888906250000001
19.535714285714285 1.124359375
19.571428571428573 1.0285937500000002
19.607142857142858 1.032140625
19.642857142857142 1.0356875
19.678571428571427 1.0392343750000002
19.714285714285715 1.0392343750000002
19.75 1.0392343750000002
19.785714285714285 1.0392343750000002
19.821428571428573 1.0392343750000002
19.857142857142858 1.0392343750000002
19.892857142857142 1.0392343750000002
19.928571428571427 1.0392343750000002
19.964285714285715 1.04278125
20.0 1.04278125
20.035714285714285 1.04278125
20.071428571428573 1.04278125
20.107142857142858 1.04278125
20.142857142857142 1.04278125
20.178571428571427 1.046328125
20.214285714285715 1.046328125
20.25 1.046328125
20.285714285714285 1.046328125
20.321428571428573 1.046328125
20.357142857142858 1.046328125
20.392857142857142 1.046328125
20.428571428571427 1.046328125
20.464285714285715 1.0498750000000001
20.5 1.0498750000000001
20.535714285714285 1.046328125
20.571428571428573 1.0498750000000001
20.607142857142858 1.0498750000000001
20.642857142857142 1.0498750000000001
21.0 0.993125
21.035714285714285 0.9966718750000001
21.071428571428573 0.9966718750000001
21.107142857142858 1.0002187500000002
21.142857142857142 1.0002187500000002
21.178571428571427 1.0002187500000002
21.214285714285715 1.0002187500000002
21.25 1.0002187500000002
21.285714285714285 1.003765625
21.321428571428573 1.0002187500000002
21.357142857142858 1.0002187500000002
21.392857142857142 1.0002187500000002
21.428571428571427 1.003765625
21.464285714285715 1.003765625
21.5 1.003765625
21.535714285714285 1.0002187500000002
21.571428571428573 1.003765625
21.607142857142858 1.003765625
21.642857142857142 1.0002187500000002
21.678571428571427 1.0002187500000002
21.714285714285715 1.0002187500000002
21.75 1.0002187500000002
21.785714285714285 1.0002187500000002
21.821428571428573 1.0002187500000002
21.857142857142858 1.0002187500000002
21.892857142857142 1.003765625
21.928571428571427 1.003765625
21.964285714285715 1.0002187500000002
22.0 1.0002187500000002
22.035714285714285 1.0002187500000002
22.071428571428573 1.0002187500000002
22.428571428571427 0.9647500000000001
22.464285714285715 0.9505625000000001
22.5 0.9505625000000001
22.535714285714285 0.954109375
22.571428571428573 0.954109375
22.607142857142858 0.954109375
22.642857142857142 0.954109375
22.678571428571427 0.954109375
22.714285714285715 0.9576562500000001
22.75 0.954109375
22.785714285714285 0.954109375
22.821428571428573 0.9576562500000001
22.857142857142858 0.954109375
22.892857142857142 0.954109375
22.928571428571427 0.954109375
22.964285714285715 0.954109375
23.0 0.954109375
23.035714285714285 0.954109375
23.071428571428573 0.9576562500000001
23.107142857142858 0.9576562500000001
23.142857142857142 0.954109375
23.178571428571427 0.954109375
23.214285714285715 0.954109375
23.25 0.954109375
23.285714285714285 0.954109375
23.321428571428573 0.954109375
23.357142857142858 0.954109375
23.392857142857142 0.954109375
23.428571428571427 0.954109375
23.464285714285715 0.954109375
23.5 0.954109375
23.857142857142858 0.954109375
23.892857142857142 0.9257343750000001
23.928571428571427 0.9257343750000001
23.964285714285715 0.9221875
24.0 0.9292812500000001
24.035714285714285 0.9292812500000001
24.071428571428573 0.9292812500000001
24.107142857142858 0.9292812500000001
24.142857142857142 0.9292812500000001
24.178571428571427 0.9292812500000001
24.214285714285715 0.9292812500000001
24.25 0.9292812500000001
24.285714285714285 0.9292812500000001
24.321428571428573 0.9292812500000001
24.357142857142858 0.9292812500000001
24.392857142857142 0.9292812500000001
24.428571428571427 0.9292812500000001
24.464285714285715 0.9292812500000001
24.5 0.9292812500000001
24.535714285714285 0.9292812500000001
24.571428571428573 0.9292812500000001
24.607142857142858 0.9328281250000001
24.642857142857142 0.9328281250000001
24.678571428571427 0.9292812500000001
24.714285714285715 0.9292812500000001
24.75 0.9328281250000001
24.785714285714285 0.9292812500000001
24.821428571428573 0.9328281250000001
24.857142857142858 0.9292812500000001
24.892857142857142 0.9292812500000001
24.928571428571427 0.9292812500000001
24.964285714285715 0.9292812500000001
25.285714285714285 0.9647500000000001
25.321428571428573 0.8867187500000001
25.357142857142858 0.883171875
25.392857142857142 0.883171875
25.428571428571427 0.8867187500000001
25.464285714285715 0.8867187500000001
25.5 0.8902656250000001
25.535714285714285 0.8867187500000001
25.571428571428573 0.8867187500000001
25.607142857142858 0.8867187500000001
25.642857142857142 0.8867187500000001
25.678571428571427 0.8902656250000001
25.714285714285715 0.8902656250000001
25.75 0.8902656250000001
25.785714285714285 0.8867187500000001
25.821428571428573 0.8902656250000001
25.857142857142858 0.8902656250000001
25.892857142857142 0.8902656250000001
25.928571428571427 0.8902656250000001
25.964285714285715 0.8902656250000001
26.0 0.8902656250000001
26.035714285714285 0.8938125000000001
26.071428571428573 0.8938125000000001
26.107142857142858 0.8938125000000001
26.142857142857142 0.8902656250000001
26.178571428571427 0.8938125000000001
26.214285714285715 0.8938125000000001
26.25 0.8938125000000001
26.285714285714285 0.8902656250000001
26.321428571428573 0.8938125000000001
26.357142857142858 0.8938125000000001
26.392857142857142 0.8938125000000001
26.75 0.84415625
26.785714285714285 0.84415625
26.821428571428573 0.84415625
26.857142857142858 0.8512500000000001
26.892857142857142 0.8512500000000001
26.928571428571427 0.8512500000000001
26.964285714285715 0.8512500000000001
27.0 0.8512500000000001
27.035714285714285 0.8512500000000001
27.071428571428573 0.8547968750000001
27.107142857142858 0.8512500000000001
27.142857142857142 0.8547968750000001
27.178571428571427 0.8547968750000001
27.214285714285715 0.8547968750000001
27.25 0.8547968750000001
27.285714285714285 0.8547968750000001
27.321428571428573 0.8547968750000001
27.357142857142858 0.8583437500000001
27.392857142857142 0.8583437500000001
27.428571428571427 0.8583437500000001
27.464285714285715 0.8583437500000001
27.5 0.8583437500000001
27.535714285714285 0.8583437500000001
27.571428571428573 0.8583437500000001
27.607142857142858 0.8583437500000001
27.642857142857142 0.8583437500000001
27.678571428571427 0.8583437500000001
27.714285714285715 0.8583437500000001
27.75 0.8583437500000001
27.785714285714285 0.8618906250000001
27.821428571428573 0.8583437500000001
28.178571428571427 0.8725312500000001
28.214285714285715 0.8157812500000001
28.25 0.8193281250000001
28.285714285714285 0.822875
28.321428571428573 0.822875
28.357142857142858 0.8264218750000001
28.392857142857142 0.8264218750000001
28.428571428571427 0.8264218750000001
28.464285714285715 0.822875
28.5 0.822875
28.535714285714285 0.822875
28.571428571428573 0.8264218750000001
28.607142857142858 0.8264218750000001
28.642857142857142 0.822875
28.678571428571427 0.822875
28.714285714285715 0.822875
28.75 0.822875
28.785714285714285 0.822875
28.821428571428573 0.822875
28.857142857142858 0.8264218750000001
28.892857142857142 0.822875
28.928571428571427 0.8264218750000001
28.964285714285715 0.822875
29.0 0.822875
29.035714285714285 0.822875
29.071428571428573 0.8264218750000001
29.107142857142858 0.822875
29.142857142857142 0.822875
29.178571428571427 0.822875
29.214285714285715 0.822875
29.25 0.822875
29.285714285714285 0.822875
29.607142857142858 0.883171875
29.642857142857142 0.7696718750000001
29.678571428571427 0.783859375
29.714285714285715 0.783859375
29.75 0.783859375
29.785714285714285 0.7874062500000001
29.821428571428573 0.7874062500000001
29.857142857142858 0.7874062500000001
29.892857142857142 0.7874062500000001
29.928571428571427 0.7874062500000001
29.964285714285715 0.7874062500000001
30.0 0.7874062500000001
30.035714285714285 0.7874062500000001
30.071428571428573 0.7874062500000001
30.107142857142858 0.7874062500000001
30.142857142857142 0.783859375
30.178571428571427 0.7874062500000001
30.214285714285715 0.7874062500000001
30.25 0.7874062500000001
30.285714285714285 0.7874062500000001
30.321428571428573 0.7874062500000001
30.357142857142858 0.7874062500000001
30.392857142857142 0.7874062500000001
30.428571428571427 0.7874062500000001
30.464285714285715 0.7874062500000001
30.5 0.7874062500000001
30.535714285714285 0.783859375
30.571428571428573 0.783859375
30.607142857142858 0.7874062500000001
30.642857142857142 0.7874062500000001
30.678571428571427 0.7874062500000001
30.714285714285715 0.7874062500000001
31.071428571428573 0.7519375
31.107142857142858 0.75903125
31.142857142857142 0.75903125
31.178571428571427 0.75903125
31.214285714285715 0.75903125
31.25 0.7625781250000001
31.285714285714285 0.75903125
31.321428571428573 0.75903125
31.357142857142858 0.75903125
31.392857142857142 0.75903125
31.428571428571427 0.75903125
31.464285714285715 0.75903125
31.5 0.75903125
31.535714285714285 0.75903125
31.571428571428573 0.75903125
31.607142857142858 0.75903125
31.642857142857142 0.75903125
31.678571428571427 0.75903125
31.714285714285715 0.75903125
31.75 0.75903125
31.785714285714285 0.75903125
31.821428571428573 0.75903125
31.857142857142858 0.75903125
31.892857142857142 0.75903125
31.928571428571427 0.7554843750000001
31.964285714285715 0.75903125
32.0 0.75903125
32.035714285714285 0.75903125
32.07142857142857 0.75903125
32.107142857142854 0.75903125
32.142857142857146 0.75903125
32.5 0.7235625000000001
32.535714285714285 0.7164687500000001
32.57142857142857 0.7164687500000001
32.607142857142854 0.7164687500000001
32.642857142857146 0.7164687500000001
32.67857142857143 0.7164687500000001
32.714285714285715 0.720015625
32.75 0.720015625
32.785714285714285 0.720015625
32.82142857142857 0.720015625
32.857142857142854 0.720015625
32.892857142857146 0.720015625
32.92857142857143 0.720015625
32.964285714285715 0.720015625
33.0 0.720015625
33.035714285714285 0.720015625
33.07142857142857 0.720015625
33.107142857142854 0.720015625
33.142857142857146 0.720015625
33.17857142857143 0.720015625
33.214285714285715 0.7235625000000001
33.25 0.7235625000000001
33.285714285714285 0.7235625000000001
33.32142857142857 0.7235625000000001
33.357142857142854 0.7235625000000001
33.392857142857146 0.7235625000000001
33.42857142857143 0.7235625000000001
33.464285714285715 0.7235625000000001
33.5 0.7235625000000001
33.535714285714285 0.720015625
33.57142857142857 0.720015625
33.92857142857143 0.705828125
33.964285714285715 0.681
34.0 0.6845468750000001
34.035714285714285 0.6845468750000001
34.07142857142857 0.6845468750000001
34.107142857142854 0.6880937500000001
34.142857142857146 0.6880937500000001
34.17857142857143 0.6880937500000001
34.214285714285715 0.6880937500000001
34.25 0.6880937500000001
34.285714285714285 0.6880937500000001
34.32142857142857 0.6880937500000001
34.357142857142854 0.6880937500000001
34.392857142857146 0.6880937500000001
34.42857142857143 0.6880937500000001
34.464285714285715 0.6845468750000001
34.5 0.6845468750000001
34.535714285714285 0.6880937500000001
34.57142857142857 0.6880937500000001
34.607142857142854 0.6845468750000001
34.642857142857146 0.6845468750000001
34.67857142857143 0.6880937500000001
34.714285714285715 0.6880937500000001
34.75 0.6845468750000001
34.785714285714285 0.6845468750000001
34.82142857142857 0.6880937500000001
34.857142857142854 0.6880937500000001
34.892857142857146 0.6880937500000001
34.92857142857143 0.6880937500000001
34.964285714285715 0.6880937500000001
35.0 0.6880937500000001
35.035714285714285 0.6880937500000001
35.357142857142854 0.712921875
35.392857142857146 0.6490781250000001
35.42857142857143 0.6490781250000001
35.464285714285715 0.652625
35.5 0.6561718750000001
35.535714285714285 0.6561718750000001
35.57142857142857 0.6561718750000001
35.607142857142854 0.6561718750000001
35.642857142857146 0.65971875
35.67857142857143 0.6561718750000001
35.714285714285715 0.6561718750000001
35.75 0.6561718750000001
35.785714285714285 0.65971875
35.82142857142857 0.6561718750000001
35.857142857142854 0.65971875
35.892857142857146 0.65971875
35.92857142857143 0.65971875
35.964285714285715 0.65971875
36.0 0.65971875
36.035714285714285 0.65971875
36.07142857142857 0.65971875
36.107142857142854 0.65971875
36.142857142857146 0.65971875
36.17857142857143 0.65971875
36.214285714285715 0.65971875
36.25 0.65971875
36.285714285714285 0.65971875
36.32142857142857 0.65971875
36.357142857142854 0.65971875
36.392857142857146 0.65971875
36.42857142857143 0.6632656250000001
36.464285714285715 0.65971875
36.785714285714285 0.7164687500000001
36.82142857142857 0.6384375000000001
36.857142857142854 0.627796875
36.892857142857146 0.6313437500000001
36.92857142857143 0.634890625
36.964285714285715 0.634890625
37.0 0.634890625
37.035714285714285 0.634890625
37.07142857142857 0.634890625
37.107142857142854 0.634890625
37.142857142857146 0.634890625
37.17857142857143 0.634890625
37.214285714285715 0.634890625
37.25 0.634890625
37.285714285714285 0.634890625
37.32142857142857 0.6384375000000001
37.357142857142854 0.6384375000000001
37.392857142857146 0.634890625
37.42857142857143 0.6384375000000001
37.464285714285715 0.6384375000000001
37.5 0.6384375000000001
37.535714285714285 0.6384375000000001
37.57142857142857 0.6384375000000001
37.607142857142854 0.6384375000000001
37.642857142857146 0.6384375000000001
37.67857142857143 0.6384375000000001
37.714285714285715 0.6384375000000001
37.75 0.6384375000000001
37.785714285714285 0.6384375000000001
37.82142857142857 0.6384375000000001
37.857142857142854 0.6384375000000001
37.892857142857146 0.6384375000000001
38.25 0.6242500000000001
38.285714285714285 0.5852343750000001
38.32142857142857 0.58878125
38.357142857142854 0.5923281250000001
38.392857142857146 0.58878125
38.42857142857143 0.5923281250000001
38.464285714285715 0.595875
38.5 0.5923281250000001
38.535714285714285 0.5923281250000001
38.57142857142857 0.5923281250000001
38.607142857142854 0.595875
38.642857142857146 0.595875
38.67857142857143 0.595875
38.714285714285715 0.595875
38.75 0.595875
38.785714285714285 0.595875
38.82142857142857 0.5923281250000001
38.857142857142854 0.5923281250000001
38.892857142857146 0.5923281250000001
38.92857142857143 0.595875
38.964285714285715 0.595875
39.0 0.595875
39.035714285714285 0.595875
39.07142857142857 0.595875
39.107142857142854 0.5923281250000001
39.142857142857146 0.595875
39.17857142857143 0.5923281250000001
39.214285714285715 0.5923281250000001
39.25 0.5923281250000001
39.285714285714285 0.5923281250000001
39.32142857142857 0.595875
39.67857142857143 0.634890625
39.714285714285715 0.5320312500000001
39.75 0.5391250000000001
39.785714285714285 0.5462187500000001
39.82142857142857 0.5462187500000001
39.857142857142854 0.5462187500000001
39.892857142857146 0.5462187500000001
39.92857142857143 0.542671875
