0.03571428571428571 1.3478125
0.07142857142857142 1.3407187500000002
0.10714285714285714 1.3407187500000002
0.14285714285714285 1.3407187500000002
0.17857142857142858 1.3407187500000002
0.21428571428571427 1.3407187500000002
0.25 1.3407187500000002
0.2857142857142857 1.3407187500000002
0.32142857142857145 1.3407187500000002
0.35714285714285715 1.3407187500000002
0.39285714285714285 1.3407187500000002
0.42857142857142855 1.3407187500000002
0.4642857142857143 1.3407187500000002
0.6071428571428571 1.3407187500000002
0.6428571428571429 1.3407187500000002
0.6785714285714286 1.3407187500000002
0.7142857142857143 1.3407187500000002
0.75 1.3407187500000002
0.7857142857142857 1.3407187500000002
0.8214285714285714 1.3371718750000001
0.8571428571428571 1.3371718750000001
0.8928571428571429 1.3407187500000002
0.9285714285714286 1.3407187500000002
0.9642857142857143 1.3407187500000002
1.0 1.3371718750000001
1.0357142857142858 1.3371718750000001
1.1071428571428572 1.333625
1.1428571428571428 1.3407187500000002
1.1785714285714286 1.3371718750000001
1.2142857142857142 1.3371718750000001
1.25 1.3407187500000002
1.2857142857142858 1.3407187500000002
1.3214285714285714 1.3407187500000002
1.3571428571428572 1.3407187500000002
1.3928571428571428 1.3407187500000002
1.4285714285714286 1.3407187500000002
1.4642857142857142 1.3407187500000002
1.5 1.3407187500000002
1.5357142857142858 1.3407187500000002
1.5714285714285714 1.3407187500000002
1.6071428571428572 1.3407187500000002
1.6428571428571428 1.3407187500000002
1.7142857142857142 1.3407187500000002
1.75 1.3371718750000001
1.7857142857142858 1.3407187500000002
1.8214285714285714 1.3407187500000002
1.8571428571428572 1.3407187500000002
1.8928571428571428 1.3407187500000002
1.9285714285714286 1.3407187500000002
1.9642857142857142 1.3407187500000002
2.0 1.3407187500000002
2.0357142857142856 1.3407187500000002
2.0714285714285716 1.3407187500000002
2.107142857142857 1.3407187500000002
2.142857142857143 1.3407187500000002
2.2142857142857144 1.3407187500000002
2.2857142857142856 1.3407187500000002
2.3214285714285716 1.3407187500000002
2.357142857142857 1.3407187500000002
2.392857142857143 1.3407187500000002
2.4285714285714284 1.3407187500000002
2.4642857142857144 1.3407187500000002
2.5 1.3407187500000002
2.5357142857142856 1.3407187500000002
2.5714285714285716 1.3407187500000002
2.607142857142857 1.3407187500000002
2.642857142857143 1.3407187500000002
2.6785714285714284 1.3407187500000002
2.7142857142857144 1.3407187500000002
2.8214285714285716 1.3407187500000002
2.857142857142857 1.3407187500000002
2.892857142857143 1.3407187500000002
2.9285714285714284 1.3407187500000002
2.9642857142857144 1.3407187500000002
3.0 1.3407187500000002
3.0357142857142856 1.3407187500000002
3.0714285714285716 1.3407187500000002
3.107142857142857 1.3407187500000002
3.142857142857143 1.3407187500000002
3.1785714285714284 1.3407187500000002
3.2142857142857144 1.3407187500000002
3.25 1.3407187500000002
3.3214285714285716 1.3407187500000002
3.392857142857143 1.3407187500000002
3.4285714285714284 1.3407187500000002
3.4642857142857144 1.3371718750000001
3.5 1.3407187500000002
3.5357142857142856 1.3407187500000002
3.5714285714285716 1.3407187500000002
3.607142857142857 1.3407187500000002
3.642857142857143 1.3407187500000002
3.6785714285714284 1.3371718750000001
3.7142857142857144 1.3407187500000002
3.75 1.3407187500000002
3.7857142857142856 1.3407187500000002
3.8214285714285716 1.3407187500000002
3.9285714285714284 1.344265625
3.9642857142857144 1.3371718750000001
4.0 1.3371718750000001
4.035714285714286 1.3371718750000001
4.071428571428571 1.3407187500000002
4.107142857142857 1.3407187500000002
4.142857142857143 1.3407187500000002
4.178571428571429 1.3407187500000002
4.214285714285714 1.3407187500000002
4.25 1.3407187500000002
4.285714285714286 1.3407187500000002
4.321428571428571 1.3407187500000002
4.357142857142857 1.3407187500000002
4.428571428571429 1.3371718750000001
4.5 1.3371718750000001
4.535714285714286 1.3371718750000001
4.571428571428571 1.3371718750000001
4.607142857142857 1.3371718750000001
4.642857142857143 1.3371718750000001
4.678571428571429 1.3371718750000001
4.714285714285714 1.3371718750000001
4.75 1.3371718750000001
4.785714285714286 1.3371718750000001
4.821428571428571 1.3371718750000001
4.857142857142857 1.3371718750000001
4.892857142857143 1.3371718750000001
4.928571428571429 1.3371718750000001
5.0 1.333625
5.071428571428571 1.3371718750000001
5.107142857142857 1.3371718750000001
5.142857142857143 1.3371718750000001
5.178571428571429 1.3371718750000001
5.214285714285714 1.3371718750000001
5.25 1.3371718750000001
5.285714285714286 1.3371718750000001
5.321428571428571 1.3371718750000001
5.357142857142857 1.3371718750000001
5.392857142857143 1.3371718750000001
5.428571428571429 1.3371718750000001
5.464285714285714 1.3371718750000001
5.535714285714286 1.3371718750000001
5.571428571428571 1.3300781250000002
5.607142857142857 1.3371718750000001
5.642857142857143 1.3371718750000001
5.678571428571429 1.3371718750000001
5.714285714285714 1.3371718750000001
5.75 1.3371718750000001
5.785714285714286 1.3371718750000001
5.821428571428571 1.3407187500000002
5.857142857142857 1.3407187500000002
5.892857142857143 1.3371718750000001
5.928571428571429 1.3407187500000002
5.964285714285714 1.3407187500000002
6.0 1.3371718750000001
6.035714285714286 1.3371718750000001
6.107142857142857 1.3371718750000001
6.142857142857143 1.333625
6.178571428571429 1.3371718750000001
6.214285714285714 1.3371718750000001
6.25 1.3371718750000001
6.285714285714286 1.3371718750000001
6.321428571428571 1.3371718750000001
6.357142857142857 1.3371718750000001
6.392857142857143 1.3371718750000001
6.428571428571429 1.3371718750000001
6.464285714285714 1.3371718750000001
6.5 1.3371718750000001
6.535714285714286 1.3371718750000001
6.571428571428571 1.3371718750000001
6.642857142857143 1.3371718750000001
6.714285714285714 1.3371718750000001
6.75 1.3371718750000001
6.785714285714286 1.3371718750000001
6.821428571428571 1.3371718750000001
6.857142857142857 1.3371718750000001
6.892857142857143 1.3371718750000001
6.928571428571429 1.3407187500000002
6.964285714285714 1.3407187500000002
7.0 1.3371718750000001
7.035714285714286 1.3371718750000001
7.071428571428571 1.3407187500000002
7.107142857142857 1.3371718750000001
7.142857142857143 1.3371718750000001
7.25 1.333625
7.285714285714286 1.3371718750000001
7.321428571428571 1.3371718750000001
7.357142857142857 1.3371718750000001
7.392857142857143 1.3371718750000001
7.428571428571429 1.3371718750000001
7.464285714285714 1.3371718750000001
7.5 1.3371718750000001
7.535714285714286 1.3371718750000001
7.571428571428571 1.3371718750000001
7.607142857142857 1.3371718750000001
7.642857142857143 1.3371718750000001
7.678571428571429 1.3371718750000001
7.714285714285714 1.3371718750000001
7.785714285714286 1.333625
7.821428571428571 1.3371718750000001
7.857142857142857 1.3371718750000001
7.892857142857143 1.3371718750000001
7.928571428571429 1.3371718750000001
7.964285714285714 1.3371718750000001
8.0 1.3371718750000001
8.035714285714286 1.3371718750000001
8.071428571428571 1.3371718750000001
8.107142857142858 1.3371718750000001
8.142857142857142 1.3371718750000001
8.178571428571429 1.3371718750000001
8.214285714285714 1.3371718750000001
8.25 1.3371718750000001
8.321428571428571 1.3371718750000001
8.357142857142858 1.3478125
8.392857142857142 1.3371718750000001
8.428571428571429 1.3371718750000001
8.464285714285714 1.3371718750000001
8.5 1.3407187500000002
8.535714285714286 1.3407187500000002
8.571428571428571 1.3407187500000002
8.607142857142858 1.3407187500000002
8.642857142857142 1.3407187500000002
8.678571428571429 1.3407187500000002
8.714285714285714 1.3407187500000002
8.75 1.3407187500000002
8.785714285714286 1.3407187500000002
8.821428571428571 1.3407187500000002
8.857142857142858 1.3371718750000001
8.928571428571429 1.3371718750000001
8.964285714285714 1.3371718750000001
9.0 1.3371718750000001
9.035714285714286 1.3371718750000001
9.071428571428571 1.3371718750000001
9.107142857142858 1.3371718750000001
9.142857142857142 1.3371718750000001
9.178571428571429 1.3371718750000001
9.214285714285714 1.3371718750000001
9.25 1.3371718750000001
9.285714285714286 1.3371718750000001
9.321428571428571 1.3371718750000001
9.357142857142858 1.3371718750000001
9.428571428571429 1.3371718750000001
9.5 1.3371718750000001
9.535714285714286 1.3371718750000001
9.571428571428571 1.3371718750000001
9.607142857142858 1.3371718750000001
9.642857142857142 1.3371718750000001
9.678571428571429 1.3371718750000001
9.714285714285714 1.3371718750000001
9.75 1.3371718750000001
9.785714285714286 1.3371718750000001
9.821428571428571 1.3371718750000001
9.857142857142858 1.3371718750000001
9.892857142857142 1.3371718750000001
9.928571428571429 1.3371718750000001
10.035714285714286 1.333625
10.071428571428571 1.3371718750000001
10.107142857142858 1.3371718750000001
10.142857142857142 1.3371718750000001
10.178571428571429 1.3371718750000001
10.214285714285714 1.3371718750000001
10.25 1.3371718750000001
10.285714285714286 1.3371718750000001
10.321428571428571 1.3371718750000001
10.357142857142858 1.3371718750000001
10.392857142857142 1.3371718750000001
10.428571428571429 1.3371718750000001
10.464285714285714 1.3371718750000001
10.535714285714286 1.3371718750000001
10.571428571428571 1.333625
10.607142857142858 1.3371718750000001
10.642857142857142 1.3371718750000001
10.678571428571429 1.3371718750000001
10.714285714285714 1.3371718750000001
10.75 1.3371718750000001
10.785714285714286 1.3371718750000001
10.821428571428571 1.3371718750000001
10.857142857142858 1.3371718750000001
10.892857142857142 1.3371718750000001
10.928571428571429 1.3371718750000001
10.964285714285714 1.3371718750000001
11.0 1.3371718750000001
11.035714285714286 1.3371718750000001
11.142857142857142 1.344265625
11.178571428571429 1.3371718750000001
11.214285714285714 1.3407187500000002
11.25 1.3407187500000002
11.285714285714286 1.3407187500000002
11.321428571428571 1.3407187500000002
11.357142857142858 1.3407187500000002
11.392857142857142 1.3407187500000002
11.428571428571429 1.3407187500000002
11.464285714285714 1.3407187500000002
11.5 1.3407187500000002
11.535714285714286 1.3407187500000002
11.571428571428571 1.3407187500000002
11.642857142857142 1.3371718750000001
11.678571428571429 1.3371718750000001
11.714285714285714 1.3371718750000001
11.75 1.3371718750000001
11.785714285714286 1.3371718750000001
11.821428571428571 1.3371718750000001
11.857142857142858 1.3371718750000001
11.892857142857142 1.3371718750000001
11.928571428571429 1.3371718750000001
11.964285714285714 1.3371718750000001
12.0 1.3371718750000001
12.035714285714286 1.3371718750000001
12.071428571428571 1.3371718750000001
12.107142857142858 1.3371718750000001
12.142857142857142 1.3371718750000001
12.214285714285714 1.3371718750000001
12.25 1.344265625
12.285714285714286 1.3371718750000001
12.321428571428571 1.3371718750000001
12.357142857142858 1.3371718750000001
12.392857142857142 1.3371718750000001
12.428571428571429 1.3371718750000001
12.464285714285714 1.3371718750000001
12.5 1.3371718750000001
12.535714285714286 1.3371718750000001
12.571428571428571 1.3371718750000001
12.607142857142858 1.3371718750000001
12.642857142857142 1.3371718750000001
12.678571428571429 1.3371718750000001
12.75 1.3371718750000001
12.785714285714286 1.3371718750000001
12.821428571428571 1.333625
12.857142857142858 1.3371718750000001
12.892857142857142 1.3371718750000001
12.928571428571429 1.3371718750000001
12.964285714285714 1.3371718750000001
13.0 1.3371718750000001
13.035714285714286 1.3371718750000001
13.071428571428571 1.3371718750000001
13.107142857142858 1.3371718750000001
13.142857142857142 1.3371718750000001
13.178571428571429 1.3371718750000001
13.214285714285714 1.3371718750000001
13.25 1.3371718750000001
13.321428571428571 1.3371718750000001
13.357142857142858 1.3371718750000001
13.392857142857142 1.3371718750000001
13.428571428571429 1.3371718750000001
13.464285714285714 1.3407187500000002
13.5 1.3371718750000001
13.535714285714286 1.3371718750000001
13.571428571428571 1.3407187500000002
13.607142857142858 1.3407187500000002
13.642857142857142 1.3407187500000002
13.678571428571429 1.3371718750000001
13.714285714285714 1.3407187500000002
13.75 1.3407187500000002
13.785714285714286 1.3407187500000002
13.821428571428571 1.3371718750000001
13.857142857142858 1.3371718750000001
13.928571428571429 1.3407187500000002
13.964285714285714 1.3371718750000001
14.0 1.3407187500000002
14.035714285714286 1.3407187500000002
14.071428571428571 1.3371718750000001
14.107142857142858 1.3407187500000002
14.142857142857142 1.3407187500000002
14.178571428571429 1.3407187500000002
14.214285714285714 1.3407187500000002
14.25 1.3407187500000002
14.285714285714286 1.3407187500000002
14.321428571428571 1.3407187500000002
14.357142857142858 1.3371718750000001
14.428571428571429 1.3371718750000001
14.5 1.3371718750000001
14.535714285714286 1.3371718750000001
14.571428571428571 1.3407187500000002
14.607142857142858 1.3407187500000002
14.642857142857142 1.3407187500000002
14.678571428571429 1.3407187500000002
14.714285714285714 1.3407187500000002
14.75 1.3371718750000001
14.785714285714286 1.3371718750000001
14.821428571428571 1.3371718750000001
14.857142857142858 1.3407187500000002
14.892857142857142 1.3407187500000002
14.928571428571429 1.3407187500000002
14.964285714285714 1.3371718750000001
15.035714285714286 1.344265625
15.071428571428571 1.3371718750000001
15.107142857142858 1.3371718750000001
15.142857142857142 1.3371718750000001
15.178571428571429 1.3371718750000001
15.214285714285714 1.3407187500000002
15.25 1.3407187500000002
15.285714285714286 1.3371718750000001
15.321428571428571 1.3407187500000002
15.357142857142858 1.3407187500000002
15.392857142857142 1.3407187500000002
15.428571428571429 1.3407187500000002
15.464285714285714 1.3407187500000002
15.535714285714286 1.3371718750000001
15.607142857142858 1.333625
15.642857142857142 1.3371718750000001
15.678571428571429 1.3371718750000001
15.714285714285714 1.3371718750000001
15.75 1.3371718750000001
15.785714285714286 1.3371718750000001
15.821428571428571 1.3371718750000001
15.857142857142858 1.3371718750000001
15.892857142857142 1.3407187500000002
15.928571428571429 1.3371718750000001
15.964285714285714 1.3371718750000001
16.0 1.3407187500000002
16.035714285714285 1.3371718750000001
16.142857142857142 1.3549062500000002
16.178571428571427 1.3407187500000002
16.214285714285715 1.3407187500000002
16.25 1.3407187500000002
16.285714285714285 1.344265625
16.321428571428573 1.3407187500000002
16.357142857142858 1.3407187500000002
16.392857142857142 1.3407187500000002
16.428571428571427 1.3407187500000002
16.464285714285715 1.3407187500000002
16.5 1.344265625
16.535714285714285 1.3407187500000002
16.571428571428573 1.3407187500000002
16.642857142857142 1.3371718750000001
16.714285714285715 1.333625
16.75 1.3371718750000001
16.785714285714285 1.3371718750000001
16.821428571428573 1.3371718750000001
16.857142857142858 1.3371718750000001
16.892857142857142 1.3371718750000001
16.928571428571427 1.3371718750000001
16.964285714285715 1.3371718750000001
17.0 1.3371718750000001
17.035714285714285 1.3371718750000001
17.071428571428573 1.3371718750000001
17.107142857142858 1.3371718750000001
17.142857142857142 1.3371718750000001
17.214285714285715 1.333625
17.25 1.333625
17.285714285714285 1.333625
17.321428571428573 1.333625
17.357142857142858 1.3371718750000001
17.392857142857142 1.3371718750000001
17.428571428571427 1.3371718750000001
17.464285714285715 1.333625
17.5 1.333625
17.535714285714285 1.3371718750000001
17.571428571428573 1.3371718750000001
17.607142857142858 1.3371718750000001
17.642857142857142 1.3371718750000001
17.678571428571427 1.3371718750000001
17.714285714285715 1.3371718750000001
17.75 1.3371718750000001
17.821428571428573 1.3407187500000002
17.857142857142858 1.3371718750000001
17.892857142857142 1.3371718750000001
17.928571428571427 1.3371718750000001
17.964285714285715 1.3371718750000001
18.0 1.3371718750000001
18.035714285714285 1.3371718750000001
18.071428571428573 1.3371718750000001
18.107142857142858 1.3371718750000001
18.142857142857142 1.3371718750000001
18.178571428571427 1.3371718750000001
18.214285714285715 1.3371718750000001
18.25 1.3407187500000002
18.321428571428573 1.3371718750000001
18.357142857142858 1.333625
18.392857142857142 1.3371718750000001
18.428571428571427 1.3371718750000001
18.464285714285715 1.3371718750000001
18.5 1.3371718750000001
18.535714285714285 1.3371718750000001
18.571428571428573 1.3371718750000001
18.607142857142858 1.3371718750000001
18.642857142857142 1.3371718750000001
18.678571428571427 1.3407187500000002
18.714285714285715 1.3407187500000002
18.75 1.3407187500000002
18.785714285714285 1.3407187500000002
18.821428571428573 1.3371718750000001
18.928571428571427 1.3371718750000001
18.964285714285715 1.3371718750000001
19.0 1.3407187500000002
19.035714285714285 1.3407187500000002
19.071428571428573 1.3371718750000001
19.107142857142858 1.3371718750000001
19.142857142857142 1.3407187500000002
19.178571428571427 1.3371718750000001
19.214285714285715 1.3407187500000002
19.25 1.3407187500000002
19.285714285714285 1.3407187500000002
19.321428571428573 1.3407187500000002
19.357142857142858 1.3407187500000002
19.428571428571427 1.3371718750000001
19.5 1.3371718750000001
19.535714285714285 1.3371718750000001
19.571428571428573 1.3371718750000001
19.607142857142858 1.3371718750000001
19.642857142857142 1.3371718750000001
19.678571428571427 1.3407187500000002
19.714285714285715 1.3371718750000001
19.75 1.3371718750000001
19.785714285714285 1.3371718750000001
19.821428571428573 1.3371718750000001
19.857142857142858 1.3371718750000001
19.928571428571427 1.3407187500000002
19.964285714285715 1.3407187500000002
20.035714285714285 1.3407187500000002
20.071428571428573 1.3407187500000002
20.107142857142858 1.344265625
20.142857142857142 1.344265625
20.178571428571427 1.344265625
20.214285714285715 1.344265625
20.25 1.344265625
20.285714285714285 1.344265625
20.321428571428573 1.344265625
20.357142857142858 1.344265625
20.392857142857142 1.344265625
20.428571428571427 1.344265625
20.464285714285715 1.344265625
20.535714285714285 1.3407187500000002
20.607142857142858 1.3371718750000001
20.642857142857142 1.3371718750000001
20.678571428571427 1.3371718750000001
20.714285714285715 1.3407187500000002
20.75 1.3371718750000001
20.785714285714285 1.3371718750000001
20.821428571428573 1.3407187500000002
20.857142857142858 1.3407187500000002
20.892857142857142 1.3407187500000002
20.928571428571427 1.3407187500000002
20.964285714285715 1.3407187500000002
21.0 1.3407187500000002
21.035714285714285 1.3407187500000002
21.107142857142858 1.333625
21.178571428571427 1.3371718750000001
21.214285714285715 1.3371718750000001
21.25 1.3371718750000001
21.285714285714285 1.3371718750000001
21.321428571428573 1.3371718750000001
21.357142857142858 1.3371718750000001
21.392857142857142 1.3371718750000001
21.428571428571427 1.3371718750000001
21.464285714285715 1.3371718750000001
21.5 1.3371718750000001
21.535714285714285 1.3371718750000001
21.571428571428573 1.3371718750000001
21.642857142857142 1.3371718750000001
21.714285714285715 1.344265625
21.75 1.3371718750000001
21.785714285714285 1.3407187500000002
21.821428571428573 1.3371718750000001
21.857142857142858 1.3371718750000001
21.892857142857142 1.3371718750000001
21.928571428571427 1.3371718750000001
21.964285714285715 1.3371718750000001
22.0 1.3371718750000001
22.035714285714285 1.3371718750000001
22.071428571428573 1.3407187500000002
22.107142857142858 1.3371718750000001
22.142857142857142 1.3371718750000001
22.214285714285715 1.3371718750000001
22.25 1.333625
22.285714285714285 1.3371718750000001
22.321428571428573 1.3371718750000001
22.357142857142858 1.3371718750000001
22.392857142857142 1.3371718750000001
22.428571428571427 1.3371718750000001
22.464285714285715 1.3371718750000001
22.5 1.3371718750000001
22.535714285714285 1.3371718750000001
22.571428571428573 1.3371718750000001
22.607142857142858 1.3371718750000001
22.642857142857142 1.3371718750000001
22.678571428571427 1.3371718750000001
22.714285714285715 1.3371718750000001
22.75 1.3371718750000001
22.785714285714285 1.333625
22.821428571428573 1.3407187500000002
22.857142857142858 1.3371718750000001
22.892857142857142 1.3371718750000001
22.928571428571427 1.3371718750000001
22.964285714285715 1.3371718750000001
23.0 1.3371718750000001
23.035714285714285 1.3371718750000001
23.071428571428573 1.3371718750000001
23.107142857142858 1.3371718750000001
23.142857142857142 1.3371718750000001
23.178571428571427 1.3371718750000001
23.214285714285715 1.3371718750000001
23.25 1.3371718750000001
23.321428571428573 1.3371718750000001
23.357142857142858 1.3371718750000001
23.392857142857142 1.333625
23.428571428571427 1.3371718750000001
23.464285714285715 1.3371718750000001
23.5 1.3371718750000001
23.535714285714285 1.3371718750000001
23.571428571428573 1.3371718750000001
23.607142857142858 1.3371718750000001
23.642857142857142 1.333625
23.678571428571427 1.333625
23.714285714285715 1.3371718750000001
23.75 1.3371718750000001
23.785714285714285 1.3371718750000001
23.821428571428573 1.3371718750000001
23.857142857142858 1.3371718750000001
23.892857142857142 1.333625
23.928571428571427 1.333625
23.964285714285715 1.333625
24.0 1.3371718750000001
24.035714285714285 1.3371718750000001
24.071428571428573 1.3371718750000001
24.107142857142858 1.3371718750000001
24.142857142857142 1.3371718750000001
24.178571428571427 1.333625
24.214285714285715 1.3371718750000001
24.25 1.3371718750000001
24.285714285714285 1.3371718750000001
24.321428571428573 1.3371718750000001
24.357142857142858 1.3371718750000001
24.428571428571427 1.3371718750000001
24.5 1.3371718750000001
24.535714285714285 1.3371718750000001
24.571428571428573 1.3371718750000001
24.607142857142858 1.3371718750000001
24.642857142857142 1.3371718750000001
24.678571428571427 1.3371718750000001
24.714285714285715 1.3371718750000001
24.75 1.3371718750000001
24.785714285714285 1.3371718750000001
24.821428571428573 1.3371718750000001
24.857142857142858 1.3371718750000001
24.892857142857142 1.3371718750000001
24.928571428571427 1.3371718750000001
25.0 1.3371718750000001
25.035714285714285 1.3371718750000001
25.071428571428573 1.3371718750000001
25.107142857142858 1.3371718750000001
25.142857142857142 1.3371718750000001
25.178571428571427 1.3371718750000001
25.214285714285715 1.3371718750000001
25.25 1.3371718750000001
25.285714285714285 1.3371718750000001
25.321428571428573 1.3371718750000001
25.357142857142858 1.3371718750000001
25.392857142857142 1.3371718750000001
25.428571428571427 1.3371718750000001
25.535714285714285 1.3371718750000001
25.607142857142858 1.333625
25.642857142857142 1.3371718750000001
25.678571428571427 1.3371718750000001
25.714285714285715 1.3371718750000001
25.75 1.3371718750000001
25.785714285714285 1.3371718750000001
25.821428571428573 1.3371718750000001
25.857142857142858 1.3371718750000001
25.892857142857142 1.3371718750000001
25.928571428571427 1.3371718750000001
25.964285714285715 1.3371718750000001
26.0 1.3371718750000001
26.107142857142858 1.333625
26.142857142857142 1.3371718750000001
26.178571428571427 1.3371718750000001
26.214285714285715 1.3371718750000001
26.25 1.3371718750000001
26.285714285714285 1.3371718750000001
26.321428571428573 1.3371718750000001
26.357142857142858 1.3371718750000001
26.392857142857142 1.3371718750000001
26.428571428571427 1.3371718750000001
26.464285714285715 1.3371718750000001
26.5 1.3371718750000001
26.535714285714285 1.3371718750000001
26.571428571428573 1.3371718750000001
26.642857142857142 1.333625
26.678571428571427 1.333625
26.714285714285715 1.333625
26.75 1.333625
26.785714285714285 1.3371718750000001
26.821428571428573 1.3371718750000001
26.857142857142858 1.3371718750000001
26.892857142857142 1.3371718750000001
26.928571428571427 1.3371718750000001
26.964285714285715 1.3371718750000001
27.0 1.3371718750000001
27.035714285714285 1.3371718750000001
27.071428571428573 1.3371718750000001
27.107142857142858 1.3371718750000001
27.142857142857142 1.3371718750000001
27.214285714285715 1.3371718750000001
27.25 1.3407187500000002
27.285714285714285 1.333625
27.321428571428573 1.3371718750000001
27.357142857142858 1.3371718750000001
27.392857142857142 1.3371718750000001
27.428571428571427 1.3371718750000001
27.464285714285715 1.3371718750000001
27.5 1.3371718750000001
27.535714285714285 1.3371718750000001
27.571428571428573 1.3371718750000001
27.607142857142858 1.3371718750000001
27.642857142857142 1.3371718750000001
27.678571428571427 1.3371718750000001
27.75 1.3371718750000001
27.785714285714285 1.333625
27.821428571428573 1.333625
27.857142857142858 1.333625
27.892857142857142 1.3371718750000001
27.928571428571427 1.3371718750000001
27.964285714285715 1.3371718750000001
28.0 1.3371718750000001
28.035714285714285 1.3371718750000001
28.071428571428573 1.3371718750000001
28.107142857142858 1.3371718750000001
28.142857142857142 1.3371718750000001
28.178571428571427 1.3371718750000001
28.214285714285715 1.3371718750000001
28.321428571428573 1.333625
28.357142857142858 1.3371718750000001
28.392857142857142 1.333625
28.428571428571427 1.333625
28.464285714285715 1.333625
28.5 1.3371718750000001
28.535714285714285 1.333625
28.571428571428573 1.333625
28.607142857142858 1.3371718750000001
28.642857142857142 1.3371718750000001
28.678571428571427 1.3371718750000001
28.714285714285715 1.3371718750000001
28.75 1.3371718750000001
28.785714285714285 1.3371718750000001
28.857142857142858 1.3371718750000001
28.892857142857142 1.333625
28.928571428571427 1.333625
28.964285714285715 1.3371718750000001
29.0 1.3371718750000001
29.035714285714285 1.3371718750000001
29.071428571428573 1.3371718750000001
29.107142857142858 1.3371718750000001
29.142857142857142 1.3371718750000001
29.178571428571427 1.3371718750000001
29.214285714285715 1.3371718750000001
29.25 1.3371718750000001
29.285714285714285 1.3371718750000001
29.321428571428573 1.3371718750000001
29.357142857142858 1.3371718750000001
29.428571428571427 1.3371718750000001
29.5 1.3371718750000001
29.535714285714285 1.3371718750000001
29.571428571428573 1.3371718750000001
29.607142857142858 1.3371718750000001
29.642857142857142 1.3371718750000001
29.678571428571427 1.3371718750000001
29.714285714285715 1.3371718750000001
29.75 1.3371718750000001
29.785714285714285 1.3371718750000001
29.821428571428573 1.3371718750000001
29.857142857142858 1.3371718750000001
29.892857142857142 1.3371718750000001
29.928571428571427 1.3371718750000001
30.0 1.3371718750000001
30.035714285714285 1.3371718750000001
30.071428571428573 1.3371718750000001
30.107142857142858 1.3371718750000001
30.142857142857142 1.3371718750000001
30.178571428571427 1.3371718750000001
30.214285714285715 1.3371718750000001
30.25 1.3371718750000001
30.285714285714285 1.3371718750000001
30.321428571428573 1.3371718750000001
30.357142857142858 1.3371718750000001
30.392857142857142 1.3371718750000001
30.428571428571427 1.3371718750000001
30.464285714285715 1.3371718750000001
30.535714285714285 1.3371718750000001
30.571428571428573 1.3371718750000001
30.607142857142858 1.3371718750000001
30.642857142857142 1.3371718750000001
30.678571428571427 1.3371718750000001
30.714285714285715 1.3371718750000001
30.75 1.3371718750000001
30.785714285714285 1.3371718750000001
30.821428571428573 1.3371718750000001
30.857142857142858 1.3371718750000001
30.892857142857142 1.3371718750000001
30.928571428571427 1.3371718750000001
30.964285714285715 1.3371718750000001
31.0 1.3371718750000001
31.035714285714285 1.3371718750000001
31.142857142857142 1.3407187500000002
31.178571428571427 1.3371718750000001
31.214285714285715 1.3371718750000001
31.25 1.3371718750000001
31.285714285714285 1.3371718750000001
31.321428571428573 1.3371718750000001
31.357142857142858 1.3371718750000001
31.392857142857142 1.3371718750000001
31.428571428571427 1.3371718750000001
31.464285714285715 1.3371718750000001
31.5 1.3371718750000001
31.535714285714285 1.3371718750000001
31.571428571428573 1.3371718750000001
31.642857142857142 1.3371718750000001
31.714285714285715 1.333625
31.75 1.3371718750000001
31.785714285714285 1.3371718750000001
31.821428571428573 1.3371718750000001
31.857142857142858 1.3371718750000001
31.892857142857142 1.3371718750000001
31.928571428571427 1.3371718750000001
31.964285714285715 1.3371718750000001
32.0 1.3371718750000001
32.035714285714285 1.3371718750000001
32.07142857142857 1.3371718750000001
32.107142857142854 1.3371718750000001
32.142857142857146 1.3371718750000001
32.214285714285715 1.333625
32.25 1.3371718750000001
32.285714285714285 1.333625
32.32142857142857 1.3371718750000001
32.357142857142854 1.3371718750000001
32.392857142857146 1.333625
32.42857142857143 1.3371718750000001
32.464285714285715 1.333625
32.5 1.3371718750000001
32.535714285714285 1.3371718750000001
32.57142857142857 1.3371718750000001
32.607142857142854 1.3371718750000001
32.642857142857146 1.3371718750000001
32.67857142857143 1.3371718750000001
32.714285714285715 1.3371718750000001
32.75 1.3371718750000001
32.785714285714285 1.3300781250000002
32.82142857142857 1.333625
32.857142857142854 1.3371718750000001
32.892857142857146 1.3407187500000002
32.92857142857143 1.3371718750000001
32.964285714285715 1.3371718750000001
33.0 1.3371718750000001
33.035714285714285 1.3371718750000001
33.07142857142857 1.3371718750000001
33.107142857142854 1.3371718750000001
33.142857142857146 1.3371718750000001
33.17857142857143 1.3371718750000001
33.214285714285715 1.3371718750000001
33.25 1.3371718750000001
33.32142857142857 1.3371718750000001
33.357142857142854 1.3371718750000001
33.392857142857146 1.3371718750000001
33.42857142857143 1.3371718750000001
33.464285714285715 1.3371718750000001
33.5 1.3407187500000002
33.535714285714285 1.3371718750000001
33.57142857142857 1.3371718750000001
33.607142857142854 1.3371718750000001
33.642857142857146 1.3371718750000001
33.67857142857143 1.3371718750000001
33.714285714285715 1.3371718750000001
33.75 1.3371718750000001
33.785714285714285 1.3371718750000001
33.82142857142857 1.3371718750000001
33.857142857142854 1.3371718750000001
33.92857142857143 1.344265625
33.964285714285715 1.3371718750000001
34.0 1.3371718750000001
34.035714285714285 1.3407187500000002
34.07142857142857 1.3371718750000001
34.107142857142854 1.3371718750000001
34.142857142857146 1.3371718750000001
34.17857142857143 1.3371718750000001
34.214285714285715 1.3371718750000001
34.25 1.3371718750000001
34.285714285714285 1.3371718750000001
34.32142857142857 1.3371718750000001
34.357142857142854 1.3371718750000001
34.42857142857143 1.3371718750000001
34.5 1.3371718750000001
34.535714285714285 1.3371718750000001
34.57142857142857 1.3371718750000001
34.607142857142854 1.3371718750000001
34.642857142857146 1.3371718750000001
34.67857142857143 1.3371718750000001
34.714285714285715 1.3371718750000001
34.75 1.3371718750000001
34.785714285714285 1.3371718750000001
34.82142857142857 1.3371718750000001
34.857142857142854 1.3371718750000001
34.892857142857146 1.3371718750000001
34.92857142857143 1.3371718750000001
35.035714285714285 1.3371718750000001
35.07142857142857 1.333625
35.107142857142854 1.3371718750000001
35.142857142857146 1.3371718750000001
35.17857142857143 1.3371718750000001
35.214285714285715 1.333625
35.25 1.333625
35.285714285714285 1.3371718750000001
35.32142857142857 1.3371718750000001
35.357142857142854 1.3371718750000001
35.392857142857146 1.3371718750000001
35.42857142857143 1.3371718750000001
35.464285714285715 1.333625
35.535714285714285 1.333625
35.607142857142854 1.333625
35.642857142857146 1.333625
35.67857142857143 1.3371718750000001
35.714285714285715 1.333625
35.75 1.3371718750000001
35.785714285714285 1.3371718750000001
35.82142857142857 1.3371718750000001
35.857142857142854 1.3371718750000001
35.892857142857146 1.3371718750000001
35.92857142857143 1.3371718750000001
35.964285714285715 1.3371718750000001
36.0 1.3371718750000001
36.035714285714285 1.3371718750000001
36.07142857142857 1.333625
36.107142857142854 1.333625
36.142857142857146 1.333625
36.17857142857143 1.333625
36.214285714285715 1.3371718750000001
36.25 1.3371718750000001
36.285714285714285 1.3371718750000001
36.32142857142857 1.3371718750000001
36.357142857142854 1.3371718750000001
36.392857142857146 1.3371718750000001
36.42857142857143 1.3371718750000001
36.464285714285715 1.3371718750000001
36.5 1.3371718750000001
36.535714285714285 1.3371718750000001
36.57142857142857 1.3371718750000001
36.642857142857146 1.3371718750000001
36.714285714285715 1.3371718750000001
36.75 1.3371718750000001
36.785714285714285 1.3371718750000001
36.82142857142857 1.3371718750000001
36.857142857142854 1.3371718750000001
36.892857142857146 1.3371718750000001
36.92857142857143 1.3371718750000001
36.964285714285715 1.3371718750000001
37.0 1.3371718750000001
37.035714285714285 1.3371718750000001
37.07142857142857 1.3371718750000001
37.107142857142854 1.3371718750000001
37.142857142857146 1.3371718750000001
37.214285714285715 1.3371718750000001
37.285714285714285 1.3371718750000001
37.32142857142857 1.3371718750000001
37.357142857142854 1.3371718750000001
37.392857142857146 1.3371718750000001
37.42857142857143 1.3371718750000001
37.464285714285715 1.3371718750000001
37.5 1.3371718750000001
37.535714285714285 1.3371718750000001
37.57142857142857 1.3371718750000001
37.607142857142854 1.3371718750000001
37.642857142857146 1.3371718750000001
37.67857142857143 1.3371718750000001
37.714285714285715 1.3371718750000001
37.75 1.3371718750000001
37.82142857142857 1.3407187500000002
37.857142857142854 1.3371718750000001
37.892857142857146 1.3371718750000001
37.92857142857143 1.3371718750000001
37.964285714285715 1.3371718750000001
38.0 1.3371718750000001
38.035714285714285 1.3371718750000001
38.07142857142857 1.3371718750000001
38.107142857142854 1.3371718750000001
38.142857142857146 1.3371718750000001
38.17857142857143 1.3371718750000001
38.214285714285715 1.3371718750000001
38.25 1.3371718750000001
38.32142857142857 1.3371718750000001
38.357142857142854 1.333625
38.392857142857146 1.3371718750000001
38.42857142857143 1.3371718750000001
38.464285714285715 1.3371718750000001
38.5 1.3371718750000001
38.535714285714285 1.3371718750000001
38.57142857142857 1.3371718750000001
38.607142857142854 1.3371718750000001
38.642857142857146 1.3371718750000001
38.67857142857143 1.3371718750000001
38.714285714285715 1.3371718750000001
38.75 1.3371718750000001
38.785714285714285 1.3371718750000001
38.82142857142857 1.3371718750000001
38.857142857142854 1.3371718750000001
38.892857142857146 1.333625
38.92857142857143 1.3371718750000001
38.964285714285715 1.3371718750000001
39.0 1.3371718750000001
39.035714285714285 1.3407187500000002
39.07142857142857 1.3371718750000001
39.107142857142854 1.3371718750000001
39.142857142857146 1.3407187500000002
39.17857142857143 1.3407187500000002
39.214285714285715 1.3371718750000001
39.25 1.3371718750000001
39.285714285714285 1.3371718750000001
39.32142857142857 1.3371718750000001
39.357142857142854 1.3371718750000001
39.42857142857143 1.3371718750000001
39.5 1.3371718750000001
39.535714285714285 1.3371718750000001
39.57142857142857 1.3407187500000002
39.607142857142854 1.3371718750000001
39.642857142857146 1.3407187500000002
39.67857142857143 1.3407187500000002
39.714285714285715 1.3407187500000002
39.75 1.3407187500000002
39.785714285714285 1.3407187500000002
39.82142857142857 1.3407187500000002
39.857142857142854 1.3407187500000002
39.892857142857146 1.3371718750000001
