0.03571428571428571 1.9933437500000002
0.07142857142857142 1.9933437500000002
0.10714285714285714 1.9933437500000002
0.14285714285714285 1.9933437500000002
0.17857142857142858 1.9827031250000002
0.21428571428571427 1.9791562500000002
0.25 2.2097031250000003
0.2857142857142857 1.9968906250000003
0.32142857142857145 2.0004375000000003
0.35714285714285715 2.0039843750000004
0.39285714285714285 2.0004375000000003
0.42857142857142855 1.9968906250000003
0.4642857142857143 1.9968906250000003
0.5 1.9933437500000002
0.5357142857142857 1.9933437500000002
0.5714285714285714 1.9897968750000001
0.6071428571428571 1.9897968750000001
0.6428571428571429 1.9897968750000001
0.6785714285714286 1.9897968750000001
0.7142857142857143 1.9897968750000001
0.75 1.9897968750000001
0.7857142857142857 1.9897968750000001
0.8214285714285714 1.9897968750000001
0.8571428571428571 1.9897968750000001
0.8928571428571429 1.9897968750000001
0.9285714285714286 1.9897968750000001
0.9642857142857143 1.9897968750000001
1.0 1.9827031250000002
1.0357142857142858 1.9756093750000001
1.0714285714285714 1.98625
1.1071428571428572 2.0039843750000004
1.1428571428571428 1.9933437500000002
1.1785714285714286 1.9968906250000003
1.2142857142857142 1.9968906250000003
1.25 1.9968906250000003
1.2857142857142858 1.9933437500000002
1.3214285714285714 1.9933437500000002
1.3571428571428572 1.9897968750000001
1.3928571428571428 1.9897968750000001
1.4285714285714286 1.9897968750000001
1.4642857142857142 1.9897968750000001
1.5 1.9897968750000001
1.5357142857142858 1.9897968750000001
1.5714285714285714 1.9897968750000001
1.6071428571428572 1.9897968750000001
1.6428571428571428 1.9897968750000001
1.6785714285714286 1.9897968750000001
1.7142857142857142 1.9897968750000001
1.75 1.9897968750000001
1.7857142857142858 1.9897968750000001
1.8214285714285714 1.9897968750000001
1.8571428571428572 1.9791562500000002
1.8928571428571428 1.9968906250000003
1.9285714285714286 2.1777812500000002
1.9642857142857142 2.0039843750000004
2.0 2.011078125
2.0357142857142856 2.011078125
2.0714285714285716 2.011078125
2.107142857142857 2.00753125
2.142857142857143 2.00753125
2.1785714285714284 2.0039843750000004
2.2142857142857144 2.0039843750000004
2.25 2.0039843750000004
2.2857142857142856 2.0039843750000004
2.3214285714285716 2.0039843750000004
2.357142857142857 2.0039843750000004
2.392857142857143 2.00753125
2.4285714285714284 2.0039843750000004
2.4642857142857144 2.0039843750000004
2.5 2.0039843750000004
2.5357142857142856 2.0039843750000004
2.5714285714285716 2.0039843750000004
2.607142857142857 2.0039843750000004
2.642857142857143 2.0039843750000004
2.6785714285714284 1.9968906250000003
2.7142857142857144 1.9933437500000002
2.75 2.223890625
2.7857142857142856 2.014625
2.8214285714285716 2.014625
2.857142857142857 2.014625
2.892857142857143 2.014625
2.9285714285714284 2.011078125
2.9642857142857144 2.011078125
3.0 2.0039843750000004
3.0357142857142856 2.0039843750000004
3.0714285714285716 2.0039843750000004
3.107142857142857 2.0039843750000004
3.142857142857143 2.0039843750000004
3.1785714285714284 2.0039843750000004
3.2142857142857144 2.0004375000000003
3.25 2.0004375000000003
3.2857142857142856 2.0004375000000003
3.3214285714285716 2.0004375000000003
3.357142857142857 2.0004375000000003
3.392857142857143 2.0004375000000003
3.4285714285714284 2.0004375000000003
3.4642857142857144 1.9968906250000003
3.5 1.9968906250000003
3.5357142857142856 1.9933437500000002
3.5714285714285716 2.011078125
3.607142857142857 2.0288125000000004
3.642857142857143 2.0252656250000003
3.6785714285714284 2.0288125000000004
3.7142857142857144 2.0252656250000003
3.75 2.0217187500000002
3.7857142857142856 2.018171875
3.8214285714285716 2.018171875
3.857142857142857 2.014625
3.892857142857143 2.014625
3.9285714285714284 2.011078125
3.9642857142857144 2.014625
4.0 2.014625
4.035714285714286 2.011078125
4.071428571428571 2.014625
4.107142857142857 2.014625
4.142857142857143 2.014625
4.178571428571429 2.011078125
4.214285714285714 2.011078125
4.25 2.011078125
4.285714285714286 2.011078125
4.321428571428571 2.011078125
4.357142857142857 2.00753125
4.392857142857143 2.0217187500000002
4.428571428571429 2.0820156250000004
4.464285714285714 2.0288125000000004
4.5 2.032359375
4.535714285714286 2.032359375
4.571428571428571 2.0288125000000004
4.607142857142857 2.0288125000000004
4.642857142857143 2.0252656250000003
4.678571428571429 2.0252656250000003
4.714285714285714 2.0217187500000002
4.75 2.0217187500000002
4.785714285714286 2.0217187500000002
4.821428571428571 2.0217187500000002
4.857142857142857 2.0217187500000002
4.892857142857143 2.0217187500000002
4.928571428571429 2.0217187500000002
4.964285714285714 2.0217187500000002
5.0 2.0217187500000002
5.035714285714286 2.018171875
5.071428571428571 2.018171875
5.107142857142857 2.018171875
5.142857142857143 2.018171875
5.178571428571429 2.014625
5.214285714285714 2.014625
5.25 2.1068437500000003
5.285714285714286 2.03590625
5.321428571428571 2.043
5.357142857142857 2.043
5.392857142857143 2.043
5.428571428571429 2.043
5.464285714285714 2.039453125
5.5 2.03590625
5.535714285714286 2.03590625
5.571428571428571 2.032359375
5.607142857142857 2.032359375
5.642857142857143 2.032359375
5.678571428571429 2.032359375
5.714285714285714 2.032359375
5.75 2.032359375
5.785714285714286 2.032359375
5.821428571428571 2.032359375
5.857142857142857 2.032359375
5.892857142857143 2.032359375
5.928571428571429 2.0288125000000004
5.964285714285714 2.032359375
6.0 2.0217187500000002
6.035714285714286 2.014625
6.071428571428571 2.0288125000000004
6.107142857142857 2.0500937500000003
6.142857142857143 2.039453125
6.178571428571429 2.043
6.214285714285714 2.039453125
6.25 2.039453125
6.285714285714286 2.03590625
6.321428571428571 2.032359375
6.357142857142857 2.032359375
6.392857142857143 2.032359375
6.428571428571429 2.0288125000000004
6.464285714285714 2.0288125000000004
6.5 2.0288125000000004
6.535714285714286 2.0288125000000004
6.571428571428571 2.0288125000000004
6.607142857142857 2.0288125000000004
6.642857142857143 2.0288125000000004
6.678571428571429 2.0288125000000004
6.714285714285714 2.0288125000000004
6.75 2.0288125000000004
6.785714285714286 2.0288125000000004
6.821428571428571 2.0217187500000002
6.857142857142857 2.014625
6.892857142857143 2.032359375
6.928571428571429 2.0855625
6.964285714285714 2.032359375
7.0 2.03590625
7.035714285714286 2.039453125
7.071428571428571 2.039453125
7.107142857142857 2.032359375
7.142857142857143 2.032359375
7.178571428571429 2.032359375
7.214285714285714 2.0288125000000004
7.25 2.0288125000000004
7.285714285714286 2.0288125000000004
7.321428571428571 2.0288125000000004
7.357142857142857 2.0252656250000003
7.392857142857143 2.0252656250000003
7.428571428571429 2.0288125000000004
7.464285714285714 2.0288125000000004
7.5 2.0288125000000004
7.535714285714286 2.0288125000000004
7.571428571428571 2.0288125000000004
7.607142857142857 2.0288125000000004
7.642857142857143 2.0288125000000004
7.678571428571429 2.0252656250000003
7.714285714285714 2.039453125
7.75 2.124578125
7.785714285714286 2.046546875
7.821428571428571 2.046546875
7.857142857142857 2.0500937500000003
7.892857142857143 2.0500937500000003
7.928571428571429 2.046546875
7.964285714285714 2.046546875
8.0 2.046546875
8.035714285714286 2.043
8.071428571428571 2.043
8.107142857142858 2.043
8.142857142857142 2.043
8.178571428571429 2.043
8.214285714285714 2.043
8.25 2.043
8.285714285714286 2.043
8.321428571428571 2.043
8.357142857142858 2.043
8.392857142857142 2.043
8.428571428571429 2.043
8.464285714285714 2.043
8.5 2.039453125
8.535714285714286 2.043
8.571428571428571 2.039453125
8.607142857142858 2.06428125
8.642857142857142 2.0571875000000004
8.678571428571429 2.0571875000000004
8.714285714285714 2.0571875000000004
8.75 2.0571875000000004
8.785714285714286 2.0571875000000004
8.821428571428571 2.0571875000000004
8.857142857142858 2.0571875000000004
8.892857142857142 2.0536406250000003
8.928571428571429 2.0536406250000003
8.964285714285714 2.0536406250000003
9.0 2.0536406250000003
9.035714285714286 2.0536406250000003
9.071428571428571 2.0571875000000004
9.107142857142858 2.0571875000000004
9.142857142857142 2.0571875000000004
9.178571428571429 2.0536406250000003
9.214285714285714 2.0571875000000004
9.25 2.0571875000000004
9.285714285714286 2.0571875000000004
9.321428571428571 2.0536406250000003
9.357142857142858 2.0500937500000003
9.392857142857142 2.0536406250000003
9.428571428571429 2.1103906250000004
9.464285714285714 2.060734375
9.5 2.06428125
9.535714285714286 2.067828125
9.571428571428571 2.067828125
9.607142857142858 2.067828125
9.642857142857142 2.06428125
9.678571428571429 2.06428125
9.714285714285714 2.06428125
9.75 2.06428125
9.785714285714286 2.06428125
9.821428571428571 2.06428125
9.857142857142858 2.06428125
9.892857142857142 2.06428125
9.928571428571429 2.06428125
9.964285714285714 2.06428125
10.0 2.06428125
10.035714285714286 2.06428125
10.071428571428571 2.06428125
10.107142857142858 2.06428125
10.142857142857142 2.06428125
10.178571428571429 2.0536406250000003
10.214285714285714 2.0749218750000002
10.25 2.1600468750000004
10.285714285714286 2.0749218750000002
10.321428571428571 2.0749218750000002
10.357142857142858 2.0749218750000002
10.392857142857142 2.071375
10.428571428571429 2.071375
10.464285714285714 2.067828125
10.5 2.067828125
10.535714285714286 2.06428125
10.571428571428571 2.06428125
10.607142857142858 2.06428125
10.642857142857142 2.06428125
10.678571428571429 2.06428125
10.714285714285714 2.06428125
10.75 2.06428125
10.785714285714286 2.06428125
10.821428571428571 2.06428125
10.857142857142858 2.06428125
10.892857142857142 2.06428125
10.928571428571429 2.06428125
10.964285714285714 2.06428125
11.0 2.060734375
11.035714285714286 2.071375
11.071428571428571 2.301921875
11.107142857142858 2.0749218750000002
11.142857142857142 2.0784687500000003
11.178571428571429 2.0784687500000003
11.214285714285714 2.0820156250000004
11.25 2.0784687500000003
11.285714285714286 2.0784687500000003
11.321428571428571 2.0784687500000003
11.357142857142858 2.0784687500000003
11.392857142857142 2.0749218750000002
11.428571428571429 2.0749218750000002
11.464285714285714 2.0784687500000003
11.5 2.0749218750000002
11.535714285714286 2.0749218750000002
11.571428571428571 2.0749218750000002
11.607142857142858 2.0749218750000002
11.642857142857142 2.0749218750000002
11.678571428571429 2.0784687500000003
11.714285714285714 2.0749218750000002
11.75 2.0749218750000002
11.785714285714286 2.0749218750000002
11.821428571428571 2.071375
11.857142857142858 2.071375
11.892857142857142 2.0784687500000003
11.928571428571429 2.124578125
11.964285714285714 2.0855625
12.0 2.0855625
12.035714285714286 2.089109375
12.071428571428571 2.089109375
12.107142857142858 2.0855625
12.142857142857142 2.0855625
12.178571428571429 2.0855625
12.214285714285714 2.0855625
12.25 2.0855625
12.285714285714286 2.0855625
12.321428571428571 2.0855625
12.357142857142858 2.0855625
12.392857142857142 2.0855625
12.428571428571429 2.0855625
12.464285714285714 2.0855625
12.5 2.0855625
12.535714285714286 2.0855625
12.571428571428571 2.0855625
12.607142857142858 2.0820156250000004
12.642857142857142 2.0820156250000004
12.678571428571429 2.0784687500000003
12.714285714285714 2.089109375
12.75 2.1777812500000002
12.785714285714286 2.09265625
12.821428571428571 2.09265625
12.857142857142858 2.09265625
12.892857142857142 2.09265625
12.928571428571429 2.09265625
12.964285714285714 2.09265625
13.0 2.09265625
13.035714285714286 2.09265625
13.071428571428571 2.09265625
13.107142857142858 2.089109375
13.142857142857142 2.089109375
13.178571428571429 2.089109375
13.214285714285714 2.089109375
13.25 2.09265625
13.285714285714286 2.089109375
13.321428571428571 2.089109375
13.357142857142858 2.089109375
13.392857142857142 2.089109375
13.428571428571429 2.089109375
13.464285714285714 2.089109375
13.5 2.0855625
13.535714285714286 2.0997500000000002
13.571428571428571 2.32675
13.607142857142858 2.1032968750000003
13.642857142857142 2.1032968750000003
13.678571428571429 2.1068437500000003
13.714285714285714 2.1032968750000003
13.75 2.1032968750000003
13.785714285714286 2.1032968750000003
13.821428571428571 2.1032968750000003
13.857142857142858 2.1032968750000003
13.892857142857142 2.1032968750000003
13.928571428571429 2.1032968750000003
13.964285714285714 2.1032968750000003
14.0 2.1032968750000003
14.035714285714286 2.1032968750000003
14.071428571428571 2.1032968750000003
14.107142857142858 2.1032968750000003
14.142857142857142 2.1068437500000003
14.178571428571429 2.1068437500000003
14.214285714285714 2.1032968750000003
14.25 2.1032968750000003
14.285714285714286 2.0997500000000002
14.321428571428571 2.096203125
14.357142857142858 2.096203125
14.392857142857142 2.252265625
14.428571428571429 2.1068437500000003
14.464285714285714 2.1103906250000004
14.5 2.1103906250000004
14.535714285714286 2.1139375
14.571428571428571 2.1139375
14.607142857142858 2.1139375
14.642857142857142 2.1139375
14.678571428571429 2.1139375
14.714285714285714 2.1139375
14.75 2.1139375
14.785714285714286 2.1139375
14.821428571428571 2.1139375
14.857142857142858 2.1139375
14.892857142857142 2.1139375
14.928571428571429 2.1103906250000004
14.964285714285714 2.1139375
15.0 2.1139375
15.035714285714286 2.1139375
15.071428571428571 2.1139375
15.107142857142858 2.1139375
15.142857142857142 2.1032968750000003
15.178571428571429 2.096203125
15.214285714285714 2.1103906250000004
15.25 2.19196875
15.285714285714286 2.12103125
15.321428571428571 2.12103125
15.357142857142858 2.12103125
15.392857142857142 2.12103125
15.428571428571429 2.12103125
15.464285714285714 2.12103125
15.5 2.12103125
15.535714285714286 2.12103125
15.571428571428571 2.12103125
15.607142857142858 2.12103125
15.642857142857142 2.12103125
15.678571428571429 2.12103125
15.714285714285714 2.12103125
15.75 2.12103125
15.785714285714286 2.12103125
15.821428571428571 2.12103125
15.857142857142858 2.12103125
15.892857142857142 2.12103125
15.928571428571429 2.12103125
15.964285714285714 2.12103125
16.0 2.1068437500000003
16.035714285714285 2.124578125
16.071428571428573 2.202609375
16.107142857142858 2.1281250000000003
16.142857142857142 2.1316718750000003
16.178571428571427 2.1316718750000003
16.214285714285715 2.1316718750000003
16.25 2.1281250000000003
16.285714285714285 2.1281250000000003
16.321428571428573 2.1281250000000003
16.357142857142858 2.1281250000000003
16.392857142857142 2.1281250000000003
16.428571428571427 2.1281250000000003
16.464285714285715 2.1281250000000003
16.5 2.1281250000000003
16.535714285714285 2.1281250000000003
16.571428571428573 2.1281250000000003
16.607142857142858 2.1281250000000003
16.642857142857142 2.1281250000000003
16.678571428571427 2.1281250000000003
16.714285714285715 2.1281250000000003
16.75 2.1281250000000003
16.785714285714285 2.1281250000000003
16.821428571428573 2.12103125
16.857142857142858 2.124578125
16.892857142857142 2.117484375
16.928571428571427 2.145859375
16.964285714285715 2.1316718750000003
17.0 2.1352187500000004
17.035714285714285 2.1352187500000004
17.071428571428573 2.1352187500000004
17.107142857142858 2.1352187500000004
17.142857142857142 2.1316718750000003
17.178571428571427 2.1316718750000003
17.214285714285715 2.1316718750000003
17.25 2.1316718750000003
17.285714285714285 2.1316718750000003
17.321428571428573 2.1316718750000003
17.357142857142858 2.1352187500000004
17.392857142857142 2.1352187500000004
17.428571428571427 2.1352187500000004
17.464285714285715 2.1352187500000004
17.5 2.1352187500000004
17.535714285714285 2.1352187500000004
17.571428571428573 2.1316718750000003
17.607142857142858 2.1316718750000003
17.642857142857142 2.1281250000000003
17.678571428571427 2.124578125
17.714285714285715 2.138765625
17.75 2.1990625
17.785714285714285 2.14940625
17.821428571428573 2.14940625
17.857142857142858 2.14940625
17.892857142857142 2.14940625
17.928571428571427 2.145859375
17.964285714285715 2.145859375
18.0 2.145859375
18.035714285714285 2.145859375
18.071428571428573 2.1423125
18.107142857142858 2.1423125
18.142857142857142 2.1423125
18.178571428571427 2.1423125
18.214285714285715 2.1423125
18.25 2.145859375
18.285714285714285 2.145859375
18.321428571428573 2.145859375
18.357142857142858 2.145859375
18.392857142857142 2.145859375
18.428571428571427 2.145859375
18.464285714285715 2.145859375
18.5 2.1352187500000004
18.535714285714285 2.145859375
18.571428571428573 2.3657656250000003
18.607142857142858 2.1529531250000002
18.642857142857142 2.1565000000000003
18.678571428571427 2.1565000000000003
18.714285714285715 2.1565000000000003
18.75 2.1565000000000003
18.785714285714285 2.1565000000000003
18.821428571428573 2.1565000000000003
18.857142857142858 2.1565000000000003
18.892857142857142 2.1565000000000003
18.928571428571427 2.1565000000000003
18.964285714285715 2.1565000000000003
19.0 2.1565000000000003
19.035714285714285 2.1565000000000003
19.071428571428573 2.1565000000000003
19.107142857142858 2.1565000000000003
19.142857142857142 2.1565000000000003
19.178571428571427 2.1565000000000003
19.214285714285715 2.1565000000000003
19.25 2.1565000000000003
19.285714285714285 2.1565000000000003
19.321428571428573 2.14940625
19.357142857142858 2.1565000000000003
19.392857142857142 2.2912812500000004
19.428571428571427 2.167140625
19.464285714285715 2.16359375
19.5 2.16359375
19.535714285714285 2.16359375
19.571428571428573 2.16359375
19.607142857142858 2.16359375
19.642857142857142 2.16359375
19.678571428571427 2.16359375
19.714285714285715 2.16359375
19.75 2.16359375
19.785714285714285 2.16359375
19.821428571428573 2.16359375
19.857142857142858 2.16359375
19.892857142857142 2.16359375
19.928571428571427 2.16359375
19.964285714285715 2.16359375
20.0 2.16359375
20.035714285714285 2.16359375
20.071428571428573 2.16359375
20.107142857142858 2.16359375
20.142857142857142 2.1565000000000003
20.178571428571427 2.14940625
20.214285714285715 2.1565000000000003
20.25 2.1706875
20.285714285714285 2.174234375
20.321428571428573 2.1777812500000002
20.357142857142858 2.1777812500000002
20.392857142857142 2.1777812500000002
20.428571428571427 2.1777812500000002
20.464285714285715 2.1777812500000002
20.5 2.174234375
20.535714285714285 2.174234375
20.571428571428573 2.174234375
20.607142857142858 2.174234375
20.642857142857142 2.174234375
20.678571428571427 2.1777812500000002
20.714285714285715 2.1777812500000002
20.75 2.1777812500000002
20.785714285714285 2.1777812500000002
20.821428571428573 2.1777812500000002
20.857142857142858 2.1777812500000002
20.892857142857142 2.1777812500000002
20.928571428571427 2.1777812500000002
20.964285714285715 2.1777812500000002
21.0 2.1706875
21.035714285714285 2.1777812500000002
21.071428571428573 2.2664531250000004
21.107142857142858 2.19196875
21.142857142857142 2.19196875
21.178571428571427 2.19196875
21.214285714285715 2.19196875
21.25 2.19196875
21.285714285714285 2.19196875
21.321428571428573 2.19196875
21.357142857142858 2.19196875
21.392857142857142 2.19196875
21.428571428571427 2.19196875
21.464285714285715 2.19196875
21.5 2.19196875
21.535714285714285 2.19196875
21.571428571428573 2.19196875
21.607142857142858 2.19196875
21.642857142857142 2.19196875
21.678571428571427 2.19196875
21.714285714285715 2.19196875
21.75 2.19196875
21.785714285714285 2.1884218750000004
21.821428571428573 2.1848750000000003
21.857142857142858 2.4260625
21.892857142857142 2.3090156250000002
21.928571428571427 2.195515625
21.964285714285715 2.1990625
22.0 2.1990625
22.035714285714285 2.1990625
22.071428571428573 2.1990625
22.107142857142858 2.1990625
22.142857142857142 2.1990625
22.178571428571427 2.1990625
22.214285714285715 2.1990625
22.25 2.202609375
22.285714285714285 2.202609375
22.321428571428573 2.202609375
22.357142857142858 2.202609375
22.392857142857142 2.202609375
22.428571428571427 2.202609375
22.464285714285715 2.1990625
22.5 2.202609375
22.535714285714285 2.202609375
22.571428571428573 2.202609375
22.607142857142858 2.1990625
22.642857142857142 2.19196875
22.678571428571427 2.195515625
22.714285714285715 2.4508906250000004
22.75 2.1990625
22.785714285714285 2.2061562500000003
22.821428571428573 2.2061562500000003
22.857142857142858 2.2061562500000003
22.892857142857142 2.2061562500000003
22.928571428571427 2.2061562500000003
22.964285714285715 2.2061562500000003
23.0 2.2061562500000003
23.035714285714285 2.2061562500000003
23.071428571428573 2.2061562500000003
23.107142857142858 2.2061562500000003
23.142857142857142 2.2061562500000003
23.178571428571427 2.2061562500000003
23.214285714285715 2.2061562500000003
23.25 2.2061562500000003
23.285714285714285 2.2061562500000003
23.321428571428573 2.2061562500000003
23.357142857142858 2.2061562500000003
23.392857142857142 2.2061562500000003
23.428571428571427 2.2061562500000003
23.464285714285715 2.2061562500000003
23.5 2.195515625
23.535714285714285 2.1990625
23.571428571428573 2.27709375
23.607142857142858 2.2061562500000003
23.642857142857142 2.2097031250000003
23.678571428571427 2.2132500000000004
23.714285714285715 2.2132500000000004
23.75 2.2097031250000003
23.785714285714285 2.2097031250000003
23.821428571428573 2.2097031250000003
23.857142857142858 2.2061562500000003
23.892857142857142 2.2097031250000003
23.928571428571427 2.2097031250000003
23.964285714285715 2.2097031250000003
24.0 2.2097031250000003
24.035714285714285 2.2097031250000003
24.071428571428573 2.2097031250000003
24.107142857142858 2.2097031250000003
24.142857142857142 2.2097031250000003
24.178571428571427 2.2097031250000003
24.214285714285715 2.2097031250000003
24.25 2.2097031250000003
24.285714285714285 2.202609375
24.321428571428573 2.1990625
24.357142857142858 2.2061562500000003
24.392857142857142 2.323203125
24.428571428571427 2.2132500000000004
24.464285714285715 2.2132500000000004
24.5 2.216796875
24.535714285714285 2.216796875
24.571428571428573 2.216796875
24.607142857142858 2.216796875
24.642857142857142 2.216796875
24.678571428571427 2.216796875
24.714285714285715 2.216796875
24.75 2.216796875
24.785714285714285 2.22034375
24.821428571428573 2.216796875
24.857142857142858 2.22034375
24.892857142857142 2.216796875
24.928571428571427 2.216796875
24.964285714285715 2.216796875
25.0 2.216796875
25.035714285714285 2.216796875
25.071428571428573 2.216796875
25.107142857142858 2.2132500000000004
25.142857142857142 2.2097031250000003
25.178571428571427 2.2097031250000003
25.214285714285715 2.202609375
25.25 2.2097031250000003
25.285714285714285 2.2097031250000003
25.321428571428573 2.2132500000000004
25.357142857142858 2.2132500000000004
25.392857142857142 2.2132500000000004
25.428571428571427 2.2132500000000004
25.464285714285715 2.2132500000000004
25.5 2.2132500000000004
25.535714285714285 2.2132500000000004
25.571428571428573 2.2132500000000004
25.607142857142858 2.2132500000000004
25.642857142857142 2.2132500000000004
25.678571428571427 2.2132500000000004
25.714285714285715 2.2132500000000004
25.75 2.2132500000000004
25.785714285714285 2.2132500000000004
25.821428571428573 2.2132500000000004
25.857142857142858 2.2132500000000004
25.892857142857142 2.2132500000000004
25.928571428571427 2.2132500000000004
25.964285714285715 2.2061562500000003
26.0 2.195515625
26.035714285714285 2.4154218750000003
26.071428571428573 2.2841875000000003
26.107142857142858 2.2132500000000004
26.142857142857142 2.2132500000000004
26.178571428571427 2.2132500000000004
26.214285714285715 2.216796875
26.25 2.2132500000000004
26.285714285714285 2.2132500000000004
26.321428571428573 2.2132500000000004
26.357142857142858 2.2132500000000004
26.392857142857142 2.2132500000000004
26.428571428571427 2.2132500000000004
26.464285714285715 2.2132500000000004
26.5 2.2132500000000004
26.535714285714285 2.2132500000000004
26.571428571428573 2.2132500000000004
26.607142857142858 2.2132500000000004
26.642857142857142 2.216796875
26.678571428571427 2.216796875
26.714285714285715 2.216796875
26.75 2.2132500000000004
26.785714285714285 2.2097031250000003
26.821428571428573 2.2061562500000003
26.857142857142858 2.202609375
26.892857142857142 2.3373906250000003
26.928571428571427 2.2061562500000003
26.964285714285715 2.2097031250000003
27.0 2.2132500000000004
27.035714285714285 2.2132500000000004
27.071428571428573 2.2132500000000004
27.107142857142858 2.2132500000000004
27.142857142857142 2.2132500000000004
27.178571428571427 2.2132500000000004
27.214285714285715 2.2132500000000004
27.25 2.2132500000000004
27.285714285714285 2.2132500000000004
27.321428571428573 2.2132500000000004
27.357142857142858 2.2132500000000004
27.392857142857142 2.2132500000000004
27.428571428571427 2.2132500000000004
27.464285714285715 2.2132500000000004
27.5 2.2132500000000004
27.535714285714285 2.2132500000000004
27.571428571428573 2.2132500000000004
27.607142857142858 2.2097031250000003
27.642857142857142 2.202609375
27.678571428571427 2.1990625
27.714285714285715 2.1990625
27.75 2.2061562500000003
27.785714285714285 2.2061562500000003
27.821428571428573 2.2097031250000003
27.857142857142858 2.2132500000000004
27.892857142857142 2.2132500000000004
27.928571428571427 2.2132500000000004
27.964285714285715 2.2132500000000004
28.0 2.2132500000000004
28.035714285714285 2.2132500000000004
28.071428571428573 2.2132500000000004
28.107142857142858 2.2132500000000004
28.142857142857142 2.2132500000000004
28.178571428571427 2.2132500000000004
28.214285714285715 2.2132500000000004
28.25 2.2132500000000004
28.285714285714285 2.2132500000000004
28.321428571428573 2.2132500000000004
28.357142857142858 2.2132500000000004
28.392857142857142 2.216796875
28.428571428571427 2.2132500000000004
28.464285714285715 2.2061562500000003
28.5 2.195515625
28.535714285714285 2.429609375
28.571428571428573 2.3090156250000002
28.607142857142858 2.202609375
28.642857142857142 2.2061562500000003
28.678571428571427 2.2061562500000003
28.714285714285715 2.2061562500000003
28.75 2.2097031250000003
28.785714285714285 2.2061562500000003
28.821428571428573 2.2097031250000003
28.857142857142858 2.2061562500000003
28.892857142857142 2.2061562500000003
28.928571428571427 2.2061562500000003
28.964285714285715 2.2061562500000003
29.0 2.2061562500000003
29.035714285714285 2.2061562500000003
29.071428571428573 2.2097031250000003
29.107142857142858 2.2097031250000003
29.142857142857142 2.2097031250000003
29.178571428571427 2.2097031250000003
29.214285714285715 2.2097031250000003
29.25 2.2097031250000003
29.285714285714285 2.2061562500000003
29.321428571428573 2.1990625
29.357142857142858 2.4544375
29.392857142857142 2.3444843750000004
29.428571428571427 2.202609375
29.464285714285715 2.2061562500000003
29.5 2.2097031250000003
29.535714285714285 2.2097031250000003
29.571428571428573 2.2097031250000003
29.607142857142858 2.2097031250000003
29.642857142857142 2.2061562500000003
29.678571428571427 2.2097031250000003
29.714285714285715 2.2097031250000003
29.75 2.2097031250000003
29.785714285714285 2.2097031250000003
29.821428571428573 2.2097031250000003
29.857142857142858 2.2097031250000003
29.892857142857142 2.2097031250000003
29.928571428571427 2.2097031250000003
29.964285714285715 2.2097031250000003
30.0 2.2097031250000003
30.035714285714285 2.2097031250000003
30.071428571428573 2.2097031250000003
30.107142857142858 2.2061562500000003
30.142857142857142 2.19196875
30.178571428571427 2.19196875
30.214285714285715 2.3941406250000004
30.25 2.195515625
30.285714285714285 2.1990625
30.321428571428573 2.202609375
30.357142857142858 2.2061562500000003
30.392857142857142 2.2061562500000003
30.428571428571427 2.2061562500000003
30.464285714285715 2.2061562500000003
30.5 2.2061562500000003
30.535714285714285 2.2061562500000003
30.571428571428573 2.2061562500000003
30.607142857142858 2.2061562500000003
30.642857142857142 2.2061562500000003
30.678571428571427 2.2061562500000003
30.714285714285715 2.2061562500000003
30.75 2.2061562500000003
30.785714285714285 2.2061562500000003
30.821428571428573 2.2061562500000003
30.857142857142858 2.2061562500000003
30.892857142857142 2.2061562500000003
30.928571428571427 2.2061562500000003
30.964285714285715 2.1990625
31.0 2.1848750000000003
31.035714285714285 2.43315625
31.071428571428573 2.32675
31.107142857142858 2.1990625
31.142857142857142 2.202609375
31.178571428571427 2.202609375
31.214285714285715 2.2061562500000003
31.25 2.202609375
31.285714285714285 2.202609375
31.321428571428573 2.202609375
31.357142857142858 2.202609375
31.392857142857142 2.202609375
31.428571428571427 2.202609375
31.464285714285715 2.2061562500000003
31.5 2.2061562500000003
31.535714285714285 2.2061562500000003
31.571428571428573 2.2061562500000003
31.607142857142858 2.2061562500000003
31.642857142857142 2.2061562500000003
31.678571428571427 2.2061562500000003
31.714285714285715 2.2061562500000003
31.75 2.2061562500000003
31.785714285714285 2.2061562500000003
31.821428571428573 2.19196875
31.857142857142858 2.19196875
31.892857142857142 2.355125
31.928571428571427 2.202609375
31.964285714285715 2.2061562500000003
32.0 2.2097031250000003
32.035714285714285 2.2097031250000003
32.07142857142857 2.2097031250000003
32.107142857142854 2.2097031250000003
32.142857142857146 2.2097031250000003
32.17857142857143 2.2097031250000003
32.214285714285715 2.2097031250000003
32.25 2.2097031250000003
32.285714285714285 2.2097031250000003
32.32142857142857 2.2097031250000003
32.357142857142854 2.2097031250000003
32.392857142857146 2.2097031250000003
32.42857142857143 2.2097031250000003
32.464285714285715 2.2132500000000004
32.5 2.2132500000000004
32.535714285714285 2.2132500000000004
32.57142857142857 2.2132500000000004
32.607142857142854 2.2097031250000003
32.642857142857146 2.195515625
32.67857142857143 2.1884218750000004
32.714285714285715 2.4225156250000004
32.75 2.1990625
32.785714285714285 2.2061562500000003
32.82142857142857 2.2061562500000003
32.857142857142854 2.2097031250000003
32.892857142857146 2.2097031250000003
32.92857142857143 2.2097031250000003
32.964285714285715 2.2097031250000003
33.0 2.2097031250000003
33.035714285714285 2.2097031250000003
33.07142857142857 2.2097031250000003
33.107142857142854 2.2097031250000003
33.142857142857146 2.2097031250000003
33.17857142857143 2.2097031250000003
33.214285714285715 2.2097031250000003
33.25 2.2132500000000004
33.285714285714285 2.2132500000000004
33.32142857142857 2.2132500000000004
33.357142857142854 2.2132500000000004
33.392857142857146 2.2132500000000004
33.42857142857143 2.2097031250000003
33.464285714285715 2.2061562500000003
33.5 2.1990625
33.535714285714285 2.4473437500000004
33.57142857142857 2.2132500000000004
33.607142857142854 2.2061562500000003
33.642857142857146 2.2097031250000003
33.67857142857143 2.2132500000000004
33.714285714285715 2.2132500000000004
33.75 2.2132500000000004
33.785714285714285 2.2132500000000004
33.82142857142857 2.2132500000000004
33.857142857142854 2.2132500000000004
33.892857142857146 2.2132500000000004
33.92857142857143 2.2132500000000004
33.964285714285715 2.2132500000000004
34.0 2.2132500000000004
34.035714285714285 2.2132500000000004
34.07142857142857 2.2132500000000004
34.107142857142854 2.2132500000000004
34.142857142857146 2.2132500000000004
34.17857142857143 2.2132500000000004
34.214285714285715 2.2132500000000004
34.25 2.2132500000000004
34.285714285714285 2.2097031250000003
34.32142857142857 2.19196875
34.357142857142854 2.1990625
34.392857142857146 2.2664531250000004
34.42857142857143 2.2061562500000003
34.464285714285715 2.2097031250000003
34.5 2.2132500000000004
34.535714285714285 2.2132500000000004
34.57142857142857 2.2132500000000004
34.607142857142854 2.2132500000000004
34.642857142857146 2.2132500000000004
34.67857142857143 2.2132500000000004
34.714285714285715 2.2132500000000004
34.75 2.2132500000000004
34.785714285714285 2.2132500000000004
34.82142857142857 2.2132500000000004
34.857142857142854 2.2132500000000004
34.892857142857146 2.2132500000000004
34.92857142857143 2.2132500000000004
34.964285714285715 2.2132500000000004
35.0 2.2132500000000004
35.035714285714285 2.2132500000000004
35.07142857142857 2.2132500000000004
35.107142857142854 2.2132500000000004
35.142857142857146 2.1990625
35.17857142857143 2.19196875
35.214285714285715 2.436703125
35.25 2.2097031250000003
35.285714285714285 2.2097031250000003
35.32142857142857 2.2132500000000004
35.357142857142854 2.2132500000000004
35.392857142857146 2.2132500000000004
35.42857142857143 2.2132500000000004
35.464285714285715 2.2132500000000004
35.5 2.2132500000000004
35.535714285714285 2.2132500000000004
35.57142857142857 2.2132500000000004
35.607142857142854 2.2132500000000004
35.642857142857146 2.2132500000000004
35.67857142857143 2.2132500000000004
35.714285714285715 2.2132500000000004
35.75 2.2132500000000004
35.785714285714285 2.2132500000000004
35.82142857142857 2.2132500000000004
35.857142857142854 2.2132500000000004
35.892857142857146 2.2132500000000004
35.92857142857143 2.2132500000000004
35.964285714285715 2.2061562500000003
36.0 2.19196875
36.035714285714285 2.19196875
36.07142857142857 2.34803125
36.107142857142854 2.2061562500000003
36.142857142857146 2.2061562500000003
36.17857142857143 2.2097031250000003
36.214285714285715 2.2097031250000003
36.25 2.2097031250000003
36.285714285714285 2.2097031250000003
36.32142857142857 2.2132500000000004
36.357142857142854 2.2132500000000004
36.392857142857146 2.2132500000000004
36.42857142857143 2.2132500000000004
36.464285714285715 2.2132500000000004
36.5 2.2132500000000004
36.535714285714285 2.2132500000000004
36.57142857142857 2.2132500000000004
36.607142857142854 2.2132500000000004
36.642857142857146 2.2132500000000004
36.67857142857143 2.2132500000000004
36.714285714285715 2.2132500000000004
36.75 2.2132500000000004
36.785714285714285 2.202609375
36.82142857142857 2.195515625
36.857142857142854 2.1990625
36.892857142857146 2.273546875
36.92857142857143 2.2061562500000003
36.964285714285715 2.2132500000000004
37.0 2.2132500000000004
37.035714285714285 2.216796875
37.07142857142857 2.216796875
37.107142857142854 2.216796875
37.142857142857146 2.216796875
37.17857142857143 2.216796875
37.214285714285715 2.2132500000000004
37.25 2.216796875
37.285714285714285 2.2132500000000004
37.32142857142857 2.2132500000000004
37.357142857142854 2.216796875
37.392857142857146 2.2132500000000004
37.42857142857143 2.2132500000000004
37.464285714285715 2.216796875
37.5 2.216796875
37.535714285714285 2.216796875
37.57142857142857 2.216796875
37.607142857142854 2.2097031250000003
37.642857142857146 2.202609375
37.67857142857143 2.202609375
37.714285714285715 2.4437968750000003
37.75 2.2132500000000004
37.785714285714285 2.2132500000000004
37.82142857142857 2.2132500000000004
37.857142857142854 2.216796875
37.892857142857146 2.216796875
37.92857142857143 2.216796875
37.964285714285715 2.216796875
38.0 2.216796875
38.035714285714285 2.2132500000000004
38.07142857142857 2.2132500000000004
38.107142857142854 2.2132500000000004
38.142857142857146 2.216796875
38.17857142857143 2.216796875
38.214285714285715 2.216796875
38.25 2.216796875
38.285714285714285 2.216796875
38.32142857142857 2.216796875
38.357142857142854 2.216796875
38.392857142857146 2.216796875
38.42857142857143 2.2132500000000004
38.464285714285715 2.2132500000000004
38.5 2.1990625
38.535714285714285 2.1990625
38.57142857142857 2.2664531250000004
38.607142857142854 2.2097031250000003
38.642857142857146 2.2132500000000004
38.67857142857143 2.2132500000000004
38.714285714285715 2.2132500000000004
38.75 2.2132500000000004
38.785714285714285 2.2132500000000004
38.82142857142857 2.2132500000000004
38.857142857142854 2.2132500000000004
38.892857142857146 2.2132500000000004
38.92857142857143 2.2132500000000004
38.964285714285715 2.2132500000000004
39.0 2.2132500000000004
39.035714285714285 2.2132500000000004
39.07142857142857 2.2132500000000004
39.107142857142854 2.2132500000000004
39.142857142857146 2.2132500000000004
39.17857142857143 2.2132500000000004
39.214285714285715 2.2132500000000004
39.25 2.2132500000000004
39.285714285714285 2.2097031250000003
39.32142857142857 2.195515625
39.357142857142854 2.429609375
39.392857142857146 2.2877343750000003
39.42857142857143 2.202609375
39.464285714285715 2.2097031250000003
39.5 2.2132500000000004
39.535714285714285 2.2132500000000004
39.57142857142857 2.2132500000000004
39.607142857142854 2.2097031250000003
39.642857142857146 2.2097031250000003
39.67857142857143 2.2097031250000003
39.714285714285715 2.2097031250000003
39.75 2.2097031250000003
39.785714285714285 2.2097031250000003
39.82142857142857 2.2097031250000003
39.857142857142854 2.2132500000000004
39.892857142857146 2.2132500000000004
39.92857142857143 2.2132500000000004
