0.03571428571428571 2.7807500000000003
0.07142857142857142 2.7807500000000003
0.10714285714285714 2.7807500000000003
0.14285714285714285 2.7807500000000003
0.32142857142857145 2.77365625
0.35714285714285715 2.77365625
0.5357142857142857 2.77365625
0.5714285714285714 2.77365625
0.7142857142857143 2.7665625
0.75 2.7665625
0.8571428571428571 2.7665625
0.8928571428571429 2.7665625
0.9285714285714286 2.7665625
0.9642857142857143 2.7665625
1.1071428571428572 2.7559218750000003
1.1428571428571428 2.7559218750000003
1.1785714285714286 2.7559218750000003
1.2142857142857142 2.7559218750000003
1.25 2.7559218750000003
1.2857142857142858 2.7559218750000003
1.3214285714285714 2.7559218750000003
1.3571428571428572 2.7559218750000003
1.5 2.74528125
1.5357142857142858 2.74528125
1.5714285714285714 2.74528125
1.6071428571428572 2.74528125
1.6428571428571428 2.74528125
1.6785714285714286 2.74528125
1.7142857142857142 2.74528125
1.75 2.74528125
1.9285714285714286 2.7381875000000004
1.9642857142857142 2.7381875000000004
2.0 2.7346406250000004
2.0357142857142856 2.7346406250000004
2.0714285714285716 2.7346406250000004
2.107142857142857 2.7346406250000004
2.142857142857143 2.7346406250000004
2.1785714285714284 2.7346406250000004
2.2857142857142856 2.724
2.3214285714285716 2.7275468750000003
2.357142857142857 2.724
2.392857142857143 2.724
2.4285714285714284 2.720453125
2.4642857142857144 2.720453125
2.5 2.724
2.5357142857142856 2.720453125
2.5714285714285716 2.724
2.7142857142857144 2.71690625
2.75 2.71690625
2.7857142857142856 2.7133593750000005
2.8214285714285716 2.7133593750000005
2.857142857142857 2.7098125000000004
2.892857142857143 2.7133593750000005
2.9285714285714284 2.7133593750000005
2.9642857142857144 2.7133593750000005
3.107142857142857 2.7062656250000003
3.142857142857143 2.7062656250000003
3.1785714285714284 2.7062656250000003
3.2142857142857144 2.7062656250000003
3.25 2.7027187500000003
3.2857142857142856 2.7027187500000003
3.3214285714285716 2.7027187500000003
3.357142857142857 2.7027187500000003
3.5 2.695625
3.5357142857142856 2.699171875
3.5714285714285716 2.699171875
3.607142857142857 2.695625
3.642857142857143 2.692078125
3.6785714285714284 2.692078125
3.7142857142857144 2.692078125
3.75 2.692078125
3.7857142857142856 2.692078125
3.892857142857143 2.68853125
3.9285714285714284 2.692078125
3.9642857142857144 2.692078125
4.0 2.68853125
4.035714285714286 2.6849843750000004
4.071428571428571 2.6849843750000004
4.107142857142857 2.6849843750000004
4.142857142857143 2.6849843750000004
4.178571428571429 2.6849843750000004
4.321428571428571 2.6814375000000004
4.357142857142857 2.6814375000000004
4.392857142857143 2.6778906250000003
4.428571428571429 2.6778906250000003
4.464285714285714 2.6778906250000003
4.5 2.6778906250000003
4.535714285714286 2.6743437500000002
4.571428571428571 2.6778906250000003
4.714285714285714 2.6743437500000002
4.75 2.6743437500000002
4.785714285714286 2.670796875
4.821428571428571 2.670796875
4.857142857142857 2.66725
4.892857142857143 2.66725
4.928571428571429 2.66725
4.964285714285714 2.66725
5.107142857142857 2.663703125
5.142857142857143 2.663703125
5.178571428571429 2.663703125
5.214285714285714 2.6601562500000004
5.25 2.6601562500000004
5.285714285714286 2.6566093750000004
5.321428571428571 2.6566093750000004
5.357142857142857 2.6566093750000004
5.5 2.6566093750000004
5.535714285714286 2.6566093750000004
5.571428571428571 2.6566093750000004
5.607142857142857 2.6530625000000003
5.642857142857143 2.6495156250000003
5.678571428571429 2.6495156250000003
5.714285714285714 2.6495156250000003
5.75 2.6495156250000003
5.785714285714286 2.6495156250000003
5.892857142857143 2.6495156250000003
5.928571428571429 2.6530625000000003
5.964285714285714 2.6495156250000003
6.0 2.6495156250000003
6.035714285714286 2.64596875
6.071428571428571 2.64596875
6.107142857142857 2.64596875
6.142857142857143 2.64596875
6.178571428571429 2.64596875
6.321428571428571 2.6495156250000003
6.357142857142857 2.64596875
6.392857142857143 2.642421875
6.428571428571429 2.642421875
6.464285714285714 2.642421875
6.5 2.642421875
6.535714285714286 2.642421875
6.571428571428571 2.642421875
6.714285714285714 2.638875
6.75 2.642421875
6.785714285714286 2.638875
6.821428571428571 2.638875
6.857142857142857 2.635328125
6.892857142857143 2.635328125
6.928571428571429 2.635328125
6.964285714285714 2.635328125
7.107142857142857 2.635328125
7.142857142857143 2.635328125
7.178571428571429 2.635328125
7.214285714285714 2.6317812500000004
7.25 2.6282343750000003
7.285714285714286 2.6282343750000003
7.321428571428571 2.6282343750000003
7.357142857142857 2.6282343750000003
7.392857142857143 2.6282343750000003
7.5 2.6282343750000003
7.535714285714286 2.6282343750000003
7.571428571428571 2.6282343750000003
7.607142857142857 2.6246875000000003
7.642857142857143 2.6246875000000003
7.678571428571429 2.6246875000000003
7.714285714285714 2.6246875000000003
7.75 2.6246875000000003
7.785714285714286 2.6211406250000002
7.892857142857143 2.61759375
7.928571428571429 2.6211406250000002
7.964285714285714 2.6211406250000002
8.0 2.61759375
8.035714285714286 2.61759375
8.071428571428571 2.614046875
8.107142857142858 2.614046875
8.142857142857142 2.614046875
8.178571428571429 2.614046875
8.285714285714286 2.6105
8.321428571428571 2.6105
8.357142857142858 2.6105
8.392857142857142 2.6105
8.428571428571429 2.6069531250000004
8.464285714285714 2.6069531250000004
8.5 2.6069531250000004
8.535714285714286 2.6069531250000004
8.571428571428571 2.6069531250000004
8.714285714285714 2.5998593750000003
8.75 2.6034062500000004
8.785714285714286 2.6034062500000004
8.821428571428571 2.6034062500000004
8.857142857142858 2.5998593750000003
8.892857142857142 2.5998593750000003
8.928571428571429 2.5998593750000003
8.964285714285714 2.5998593750000003
9.107142857142858 2.5998593750000003
9.142857142857142 2.5998593750000003
9.178571428571429 2.5963125000000002
9.214285714285714 2.592765625
9.25 2.592765625
9.285714285714286 2.592765625
9.321428571428571 2.592765625
9.357142857142858 2.592765625
9.5 2.58921875
9.535714285714286 2.592765625
9.571428571428571 2.592765625
9.607142857142858 2.58921875
9.642857142857142 2.58921875
9.678571428571429 2.58921875
9.714285714285714 2.58921875
9.75 2.58921875
9.892857142857142 2.585671875
9.928571428571429 2.592765625
9.964285714285714 2.592765625
10.0 2.58921875
10.035714285714286 2.58921875
10.071428571428571 2.585671875
10.107142857142858 2.585671875
10.142857142857142 2.585671875
10.178571428571429 2.585671875
10.285714285714286 2.5785781250000004
10.321428571428571 2.585671875
10.357142857142858 2.585671875
10.392857142857142 2.5821250000000004
10.428571428571429 2.5821250000000004
10.464285714285714 2.5821250000000004
10.5 2.5785781250000004
10.535714285714286 2.5785781250000004
10.571428571428571 2.5785781250000004
10.714285714285714 2.5785781250000004
10.75 2.5785781250000004
10.785714285714286 2.5785781250000004
10.821428571428571 2.5785781250000004
10.857142857142858 2.5750312500000003
10.892857142857142 2.5750312500000003
10.928571428571429 2.5750312500000003
10.964285714285714 2.5750312500000003
11.107142857142858 2.5750312500000003
11.142857142857142 2.5750312500000003
11.178571428571429 2.5750312500000003
11.214285714285714 2.5750312500000003
11.25 2.5714843750000003
11.285714285714286 2.5714843750000003
11.321428571428571 2.5714843750000003
11.357142857142858 2.5679375
11.5 2.5679375
11.535714285714286 2.5714843750000003
11.571428571428571 2.5714843750000003
11.607142857142858 2.5679375
11.642857142857142 2.5679375
11.678571428571429 2.5679375
11.714285714285714 2.5679375
11.75 2.564390625
11.785714285714286 2.564390625
11.892857142857142 2.5679375
11.928571428571429 2.5679375
11.964285714285714 2.5679375
12.0 2.564390625
12.035714285714286 2.564390625
12.071428571428571 2.564390625
12.107142857142858 2.564390625
12.142857142857142 2.564390625
12.178571428571429 2.564390625
12.285714285714286 2.3905937500000003
12.321428571428571 2.564390625
12.357142857142858 2.564390625
12.392857142857142 2.564390625
12.428571428571429 2.56084375
12.464285714285714 2.56084375
12.5 2.56084375
12.535714285714286 2.56084375
12.571428571428571 2.56084375
12.714285714285714 2.56084375
12.75 2.56084375
12.785714285714286 2.557296875
12.821428571428571 2.557296875
12.857142857142858 2.557296875
12.892857142857142 2.557296875
12.928571428571429 2.557296875
12.964285714285714 2.557296875
13.107142857142858 2.5537500000000004
13.142857142857142 2.5537500000000004
13.178571428571429 2.5537500000000004
13.214285714285714 2.5537500000000004
13.25 2.5502031250000003
13.285714285714286 2.5502031250000003
13.321428571428571 2.5502031250000003
13.357142857142858 2.5502031250000003
13.5 2.5502031250000003
13.535714285714286 2.5502031250000003
13.571428571428571 2.5466562500000003
13.607142857142858 2.5466562500000003
13.642857142857142 2.5466562500000003
13.678571428571429 2.5466562500000003
13.714285714285714 2.5466562500000003
13.75 2.5466562500000003
13.892857142857142 2.5395625
13.928571428571429 2.5431093750000002
13.964285714285714 2.5431093750000002
14.0 2.5431093750000002
14.035714285714286 2.5395625
14.071428571428571 2.5395625
14.107142857142858 2.5395625
14.142857142857142 2.5395625
14.178571428571429 2.536015625
14.321428571428571 2.5395625
14.357142857142858 2.5395625
14.392857142857142 2.536015625
14.428571428571429 2.536015625
14.464285714285714 2.536015625
14.5 2.53246875
14.535714285714286 2.53246875
14.571428571428571 2.53246875
14.678571428571429 2.5289218750000004
14.714285714285714 2.53246875
14.75 2.53246875
14.785714285714286 2.53246875
14.821428571428571 2.5289218750000004
14.857142857142858 2.5289218750000004
14.892857142857142 2.5289218750000004
14.928571428571429 2.5289218750000004
14.964285714285714 2.5289218750000004
15.107142857142858 2.5289218750000004
15.142857142857142 2.5289218750000004
15.178571428571429 2.5289218750000004
15.214285714285714 2.5253750000000004
15.25 2.5253750000000004
15.285714285714286 2.5253750000000004
15.321428571428571 2.5253750000000004
15.357142857142858 2.5253750000000004
15.5 2.5253750000000004
15.535714285714286 2.5253750000000004
15.571428571428571 2.5253750000000004
15.607142857142858 2.5218281250000003
15.642857142857142 2.5218281250000003
15.678571428571429 2.5218281250000003
15.714285714285714 2.5218281250000003
15.75 2.5218281250000003
15.785714285714286 2.5182812500000002
15.892857142857142 2.5218281250000003
15.928571428571429 2.5218281250000003
15.964285714285714 2.5218281250000003
16.0 2.5218281250000003
16.035714285714285 2.5182812500000002
16.071428571428573 2.5182812500000002
16.107142857142858 2.5182812500000002
16.142857142857142 2.5182812500000002
16.178571428571427 2.5182812500000002
16.285714285714285 2.5182812500000002
16.321428571428573 2.5218281250000003
16.357142857142858 2.5218281250000003
16.392857142857142 2.5182812500000002
16.428571428571427 2.5182812500000002
16.464285714285715 2.5182812500000002
16.5 2.5182812500000002
16.535714285714285 2.5182812500000002
16.571428571428573 2.514734375
16.714285714285715 2.5218281250000003
16.75 2.5182812500000002
16.785714285714285 2.5182812500000002
16.821428571428573 2.514734375
16.857142857142858 2.514734375
16.892857142857142 2.514734375
16.928571428571427 2.514734375
16.964285714285715 2.514734375
17.107142857142858 2.5182812500000002
17.142857142857142 2.514734375
17.178571428571427 2.514734375
17.214285714285715 2.514734375
17.25 2.514734375
17.285714285714285 2.5111875
17.321428571428573 2.514734375
17.357142857142858 2.514734375
17.5 2.514734375
17.535714285714285 2.514734375
17.571428571428573 2.5111875
17.607142857142858 2.507640625
17.642857142857142 2.507640625
17.678571428571427 2.507640625
17.714285714285715 2.507640625
17.75 2.507640625
17.785714285714285 2.507640625
17.892857142857142 2.5111875
17.928571428571427 2.5111875
17.964285714285715 2.5111875
18.0 2.507640625
18.035714285714285 2.507640625
18.071428571428573 2.507640625
18.107142857142858 2.507640625
18.142857142857142 2.507640625
18.178571428571427 2.507640625
18.285714285714285 2.5111875
18.321428571428573 2.5111875
18.357142857142858 2.5111875
18.392857142857142 2.5111875
18.428571428571427 2.507640625
18.464285714285715 2.507640625
18.5 2.507640625
18.535714285714285 2.507640625
18.571428571428573 2.507640625
18.678571428571427 2.507640625
18.714285714285715 2.5111875
18.75 2.5111875
18.785714285714285 2.507640625
18.821428571428573 2.507640625
18.857142857142858 2.507640625
18.892857142857142 2.507640625
18.928571428571427 2.507640625
18.964285714285715 2.507640625
19.107142857142858 2.507640625
19.142857142857142 2.507640625
19.178571428571427 2.507640625
19.214285714285715 2.507640625
19.25 2.50409375
19.285714285714285 2.50409375
19.321428571428573 2.50409375
19.357142857142858 2.50409375
19.5 2.507640625
19.535714285714285 2.507640625
19.571428571428573 2.507640625
19.607142857142858 2.50409375
19.642857142857142 2.50409375
19.678571428571427 2.50409375
19.714285714285715 2.50409375
19.75 2.50409375
19.892857142857142 2.50409375
19.928571428571427 2.507640625
19.964285714285715 2.50409375
20.0 2.50409375
20.035714285714285 2.5005468750000004
20.071428571428573 2.5005468750000004
20.107142857142858 2.5005468750000004
20.142857142857142 2.5005468750000004
20.178571428571427 2.5005468750000004
20.285714285714285 2.3373906250000003
20.321428571428573 2.50409375
20.357142857142858 2.5005468750000004
20.392857142857142 2.5005468750000004
20.428571428571427 2.5005468750000004
20.464285714285715 2.5005468750000004
20.5 2.5005468750000004
20.535714285714285 2.5005468750000004
20.571428571428573 2.4970000000000003
20.678571428571427 2.379953125
20.714285714285715 2.5005468750000004
20.75 2.5005468750000004
20.785714285714285 2.5005468750000004
20.821428571428573 2.4970000000000003
20.857142857142858 2.4970000000000003
20.892857142857142 2.4970000000000003
20.928571428571427 2.4970000000000003
20.964285714285715 2.4970000000000003
21.107142857142858 2.5005468750000004
21.142857142857142 2.5005468750000004
21.178571428571427 2.4970000000000003
21.214285714285715 2.4970000000000003
21.25 2.4934531250000003
21.285714285714285 2.4934531250000003
21.321428571428573 2.4934531250000003
21.357142857142858 2.4934531250000003
21.5 2.4970000000000003
21.535714285714285 2.4970000000000003
21.571428571428573 2.4970000000000003
21.607142857142858 2.4934531250000003
21.642857142857142 2.4934531250000003
21.678571428571427 2.4934531250000003
21.714285714285715 2.4934531250000003
21.75 2.4934531250000003
21.892857142857142 2.48990625
21.928571428571427 2.4934531250000003
21.964285714285715 2.4934531250000003
22.0 2.48990625
22.035714285714285 2.48990625
22.071428571428573 2.48990625
22.107142857142858 2.48990625
22.142857142857142 2.48990625
22.178571428571427 2.486359375
22.285714285714285 2.48990625
22.321428571428573 2.4934531250000003
22.357142857142858 2.48990625
22.392857142857142 2.48990625
22.428571428571427 2.48990625
22.464285714285715 2.486359375
22.5 2.486359375
22.535714285714285 2.486359375
22.571428571428573 2.486359375
22.714285714285715 2.48990625
22.75 2.486359375
22.785714285714285 2.486359375
22.821428571428573 2.486359375
22.857142857142858 2.486359375
22.892857142857142 2.486359375
22.928571428571427 2.486359375
22.964285714285715 2.486359375
23.071428571428573 2.4828125
23.107142857142858 2.486359375
23.142857142857142 2.486359375
23.178571428571427 2.4828125
23.214285714285715 2.479265625
23.25 2.4828125
23.285714285714285 2.479265625
23.321428571428573 2.479265625
23.357142857142858 2.479265625
23.5 2.479265625
23.535714285714285 2.4828125
23.571428571428573 2.479265625
23.607142857142858 2.479265625
23.642857142857142 2.479265625
23.678571428571427 2.479265625
23.714285714285715 2.479265625
23.75 2.479265625
23.785714285714285 2.4757187500000004
23.892857142857142 2.479265625
23.928571428571427 2.479265625
23.964285714285715 2.4757187500000004
24.0 2.4757187500000004
24.035714285714285 2.4721718750000004
24.071428571428573 2.4757187500000004
24.107142857142858 2.4757187500000004
24.142857142857142 2.4721718750000004
24.178571428571427 2.4721718750000004
24.285714285714285 2.4721718750000004
24.321428571428573 2.4757187500000004
24.357142857142858 2.4721718750000004
24.392857142857142 2.4721718750000004
24.428571428571427 2.4721718750000004
24.464285714285715 2.4721718750000004
24.5 2.4721718750000004
24.535714285714285 2.4721718750000004
24.571428571428573 2.4686250000000003
24.678571428571427 2.4686250000000003
24.714285714285715 2.4721718750000004
24.75 2.4721718750000004
24.785714285714285 2.4686250000000003
24.821428571428573 2.4686250000000003
24.857142857142858 2.4650781250000002
24.892857142857142 2.4650781250000002
24.928571428571427 2.4650781250000002
24.964285714285715 2.4650781250000002
25.107142857142858 2.4721718750000004
25.142857142857142 2.4686250000000003
25.178571428571427 2.4686250000000003
25.214285714285715 2.4650781250000002
25.25 2.4650781250000002
25.285714285714285 2.4650781250000002
25.321428571428573 2.4650781250000002
25.357142857142858 2.4650781250000002
25.5 2.4650781250000002
25.535714285714285 2.4686250000000003
25.571428571428573 2.4650781250000002
25.607142857142858 2.4650781250000002
25.642857142857142 2.46153125
25.678571428571427 2.46153125
25.714285714285715 2.46153125
25.75 2.46153125
25.892857142857142 2.46153125
25.928571428571427 2.4650781250000002
25.964285714285715 2.46153125
26.0 2.457984375
26.035714285714285 2.457984375
26.071428571428573 2.457984375
26.107142857142858 2.457984375
26.142857142857142 2.457984375
26.178571428571427 2.4544375
26.285714285714285 2.4544375
26.321428571428573 2.457984375
26.357142857142858 2.457984375
26.392857142857142 2.4544375
26.428571428571427 2.4508906250000004
26.464285714285715 2.4508906250000004
26.5 2.4508906250000004
26.535714285714285 2.4508906250000004
26.571428571428573 2.4508906250000004
26.678571428571427 2.4508906250000004
26.714285714285715 2.4508906250000004
26.75 2.4508906250000004
26.785714285714285 2.4508906250000004
26.821428571428573 2.4473437500000004
26.857142857142858 2.4473437500000004
26.892857142857142 2.4473437500000004
26.928571428571427 2.4473437500000004
26.964285714285715 2.4437968750000003
27.107142857142858 2.4473437500000004
27.142857142857142 2.4473437500000004
27.178571428571427 2.4473437500000004
27.214285714285715 2.4437968750000003
27.25 2.4437968750000003
27.285714285714285 2.4437968750000003
27.321428571428573 2.4437968750000003
27.357142857142858 2.4402500000000003
27.5 2.4473437500000004
27.535714285714285 2.4437968750000003
27.571428571428573 2.4437968750000003
27.607142857142858 2.4402500000000003
27.642857142857142 2.4402500000000003
27.678571428571427 2.4402500000000003
27.714285714285715 2.4402500000000003
27.75 2.4402500000000003
27.892857142857142 2.4402500000000003
27.928571428571427 2.4402500000000003
27.964285714285715 2.4402500000000003
28.0 2.436703125
28.035714285714285 2.436703125
28.071428571428573 2.436703125
28.107142857142858 2.436703125
28.142857142857142 2.436703125
28.178571428571427 2.43315625
28.285714285714285 2.436703125
28.321428571428573 2.436703125
28.357142857142858 2.436703125
28.392857142857142 2.43315625
28.428571428571427 2.43315625
28.464285714285715 2.43315625
28.5 2.43315625
28.535714285714285 2.43315625
28.571428571428573 2.43315625
28.678571428571427 2.3125625000000003
28.714285714285715 2.436703125
28.75 2.43315625
28.785714285714285 2.43315625
28.821428571428573 2.429609375
28.857142857142858 2.429609375
28.892857142857142 2.429609375
28.928571428571427 2.429609375
28.964285714285715 2.429609375
29.107142857142858 2.43315625
29.142857142857142 2.43315625
29.178571428571427 2.429609375
29.214285714285715 2.429609375
29.25 2.429609375
29.285714285714285 2.429609375
29.321428571428573 2.429609375
29.357142857142858 2.429609375
29.5 2.43315625
29.535714285714285 2.429609375
29.571428571428573 2.429609375
29.607142857142858 2.429609375
29.642857142857142 2.429609375
29.678571428571427 2.429609375
29.714285714285715 2.429609375
29.75 2.4260625
29.892857142857142 2.4260625
29.928571428571427 2.429609375
29.964285714285715 2.4260625
30.0 2.4260625
30.035714285714285 2.4225156250000004
30.071428571428573 2.4225156250000004
30.107142857142858 2.4225156250000004
30.142857142857142 2.4225156250000004
30.178571428571427 2.4225156250000004
30.285714285714285 2.4225156250000004
30.321428571428573 2.4260625
30.357142857142858 2.4225156250000004
30.392857142857142 2.4225156250000004
30.428571428571427 2.4225156250000004
30.464285714285715 2.4225156250000004
30.5 2.4225156250000004
30.535714285714285 2.4225156250000004
30.571428571428573 2.4189687500000003
30.714285714285715 2.4225156250000004
30.75 2.4225156250000004
30.785714285714285 2.4189687500000003
30.821428571428573 2.4189687500000003
30.857142857142858 2.4189687500000003
30.892857142857142 2.4189687500000003
30.928571428571427 2.4189687500000003
30.964285714285715 2.4189687500000003
31.071428571428573 2.4189687500000003
31.107142857142858 2.4189687500000003
31.142857142857142 2.4189687500000003
31.178571428571427 2.4189687500000003
31.214285714285715 2.4154218750000003
31.25 2.4154218750000003
31.285714285714285 2.4154218750000003
31.321428571428573 2.4154218750000003
31.357142857142858 2.4154218750000003
31.5 2.4154218750000003
31.535714285714285 2.4154218750000003
31.571428571428573 2.4154218750000003
31.607142857142858 2.4154218750000003
31.642857142857142 2.4154218750000003
31.678571428571427 2.4154218750000003
31.714285714285715 2.4154218750000003
31.75 2.411875
31.892857142857142 2.411875
31.928571428571427 2.411875
31.964285714285715 2.411875
32.0 2.408328125
32.035714285714285 2.408328125
32.07142857142857 2.408328125
32.107142857142854 2.408328125
32.142857142857146 2.408328125
32.285714285714285 2.408328125
32.32142857142857 2.411875
32.357142857142854 2.408328125
32.392857142857146 2.408328125
32.42857142857143 2.408328125
32.464285714285715 2.408328125
32.5 2.408328125
32.535714285714285 2.408328125
32.57142857142857 2.40478125
32.67857142857143 2.40478125
32.714285714285715 2.408328125
32.75 2.40478125
32.785714285714285 2.40478125
32.82142857142857 2.401234375
32.857142857142854 2.401234375
32.892857142857146 2.401234375
32.92857142857143 2.401234375
32.964285714285715 2.401234375
33.107142857142854 2.401234375
33.142857142857146 2.401234375
33.17857142857143 2.3976875000000004
33.214285714285715 2.3976875000000004
33.25 2.3976875000000004
33.285714285714285 2.3976875000000004
33.32142857142857 2.3976875000000004
33.357142857142854 2.3941406250000004
33.464285714285715 2.3941406250000004
33.5 2.3976875000000004
33.535714285714285 2.3976875000000004
33.57142857142857 2.3976875000000004
33.607142857142854 2.3941406250000004
33.642857142857146 2.3941406250000004
33.67857142857143 2.3941406250000004
33.714285714285715 2.3941406250000004
33.75 2.3941406250000004
33.785714285714285 2.3941406250000004
33.857142857142854 2.3941406250000004
33.892857142857146 2.3941406250000004
33.92857142857143 2.3941406250000004
33.964285714285715 2.3941406250000004
34.0 2.3941406250000004
34.035714285714285 2.3941406250000004
34.07142857142857 2.3941406250000004
34.107142857142854 2.3941406250000004
34.142857142857146 2.3941406250000004
34.17857142857143 2.3905937500000003
34.285714285714285 2.3905937500000003
34.32142857142857 2.3941406250000004
34.357142857142854 2.3905937500000003
34.392857142857146 2.3905937500000003
34.42857142857143 2.3905937500000003
34.464285714285715 2.3905937500000003
34.5 2.3905937500000003
34.535714285714285 2.3905937500000003
34.57142857142857 2.3870468750000002
34.67857142857143 2.3870468750000002
34.714285714285715 2.3905937500000003
34.75 2.3870468750000002
34.785714285714285 2.3870468750000002
34.82142857142857 2.3870468750000002
34.857142857142854 2.3870468750000002
34.892857142857146 2.3870468750000002
34.92857142857143 2.3870468750000002
34.964285714285715 2.3835
35.107142857142854 2.3870468750000002
35.142857142857146 2.3870468750000002
35.17857142857143 2.3870468750000002
35.214285714285715 2.3835
35.25 2.3835
35.285714285714285 2.3835
35.32142857142857 2.3835
35.357142857142854 2.379953125
35.392857142857146 2.3835
35.5 2.3835
35.535714285714285 2.3835
35.57142857142857 2.3835
35.607142857142854 2.379953125
35.642857142857146 2.379953125
35.67857142857143 2.379953125
35.714285714285715 2.379953125
35.75 2.379953125
35.785714285714285 2.379953125
35.892857142857146 2.379953125
35.92857142857143 2.3835
35.964285714285715 2.379953125
36.0 2.379953125
36.035714285714285 2.379953125
36.07142857142857 2.379953125
36.107142857142854 2.379953125
36.142857142857146 2.379953125
36.17857142857143 2.37640625
36.25 2.379953125
36.285714285714285 2.379953125
36.32142857142857 2.379953125
36.357142857142854 2.379953125
36.392857142857146 2.379953125
36.42857142857143 2.379953125
36.464285714285715 2.379953125
36.5 2.379953125
36.535714285714285 2.379953125
36.57142857142857 2.37640625
36.67857142857143 2.37640625
36.714285714285715 2.379953125
36.75 2.379953125
36.785714285714285 2.37640625
36.82142857142857 2.37640625
36.857142857142854 2.37640625
36.892857142857146 2.37640625
36.92857142857143 2.37640625
36.964285714285715 2.37640625
37.107142857142854 2.37640625
37.142857142857146 2.37640625
37.17857142857143 2.3728593750000004
37.214285714285715 2.3728593750000004
37.25 2.3728593750000004
37.285714285714285 2.3728593750000004
37.32142857142857 2.3728593750000004
37.357142857142854 2.3693125000000004
37.5 2.3693125000000004
37.535714285714285 2.3693125000000004
37.57142857142857 2.3693125000000004
37.607142857142854 2.3657656250000003
37.642857142857146 2.3657656250000003
37.67857142857143 2.3657656250000003
37.714285714285715 2.3693125000000004
37.75 2.3657656250000003
37.892857142857146 2.3693125000000004
37.92857142857143 2.3693125000000004
37.964285714285715 2.3693125000000004
38.0 2.3657656250000003
38.035714285714285 2.3693125000000004
38.07142857142857 2.3657656250000003
38.107142857142854 2.3657656250000003
38.142857142857146 2.3657656250000003
38.285714285714285 2.3657656250000003
38.32142857142857 2.3693125000000004
38.357142857142854 2.3657656250000003
38.392857142857146 2.3657656250000003
38.42857142857143 2.3657656250000003
38.464285714285715 2.3657656250000003
38.5 2.3657656250000003
38.535714285714285 2.3622187500000003
38.57142857142857 2.3622187500000003
38.67857142857143 2.3657656250000003
38.714285714285715 2.3657656250000003
38.75 2.3657656250000003
38.785714285714285 2.3622187500000003
38.82142857142857 2.3622187500000003
38.857142857142854 2.3622187500000003
38.892857142857146 2.3622187500000003
38.92857142857143 2.3622187500000003
38.964285714285715 2.3622187500000003
39.07142857142857 2.3622187500000003
39.107142857142854 2.3657656250000003
39.142857142857146 2.3622187500000003
39.17857142857143 2.358671875
39.214285714285715 2.358671875
39.25 2.358671875
39.32142857142857 2.358671875
39.357142857142854 2.358671875
39.464285714285715 2.358671875
39.5 2.3622187500000003
39.535714285714285 2.3622187500000003
39.57142857142857 2.358671875
39.607142857142854 2.358671875
39.642857142857146 2.358671875
39.67857142857143 2.358671875
39.714285714285715 2.358671875
39.75 2.358671875
39.857142857142854 2.358671875
39.892857142857146 2.358671875
39.92857142857143 2.358671875
