0.03571428571428571 1.138546875
0.07142857142857142 1.138546875
0.10714285714285714 1.138546875
0.14285714285714285 1.138546875
0.17857142857142858 1.138546875
0.21428571428571427 1.138546875
0.25 1.138546875
0.2857142857142857 1.138546875
0.32142857142857145 1.138546875
0.35714285714285715 1.138546875
0.39285714285714285 1.138546875
0.42857142857142855 1.138546875
0.4642857142857143 1.1314531250000002
0.5 1.09953125
0.5357142857142857 1.138546875
0.5714285714285714 1.166921875
0.6071428571428571 1.202390625
0.6428571428571429 1.1846562500000002
0.6785714285714286 1.166921875
0.7142857142857143 1.0888906250000001
0.75 1.003765625
0.7857142857142857 1.0640625000000001
0.8214285714285714 1.1066250000000002
0.8571428571428571 0.9328281250000001
0.8928571428571429 1.07115625
0.9285714285714286 1.07115625
0.9642857142857143 1.07115625
1.0 1.07115625
1.0357142857142858 1.07115625
1.0714285714285714 1.07115625
1.1071428571428572 1.07115625
1.1428571428571428 1.074703125
1.1785714285714286 1.07115625
1.2142857142857142 1.074703125
1.25 1.074703125
1.2857142857142858 1.074703125
1.3214285714285714 1.074703125
1.3571428571428572 1.074703125
1.3928571428571428 1.074703125
1.4285714285714286 1.074703125
1.4642857142857142 1.074703125
1.5 1.074703125
1.5357142857142858 1.074703125
1.5714285714285714 1.074703125
1.6071428571428572 1.074703125
1.6428571428571428 1.074703125
1.6785714285714286 1.074703125
1.7142857142857142 1.074703125
1.75 1.074703125
1.7857142857142858 1.074703125
1.8214285714285714 1.074703125
1.8571428571428572 1.074703125
1.8928571428571428 1.074703125
1.9285714285714286 1.074703125
1.9642857142857142 1.074703125
2.0 1.074703125
2.0357142857142856 1.074703125
2.0714285714285716 1.074703125
2.107142857142857 1.074703125
2.142857142857143 1.074703125
2.1785714285714284 1.074703125
2.2142857142857144 1.074703125
2.25 1.074703125
2.2857142857142856 1.074703125
2.3214285714285716 1.074703125
2.357142857142857 1.074703125
2.392857142857143 1.074703125
2.4285714285714284 1.074703125
2.4642857142857144 1.046328125
2.5 1.1208125000000002
2.5357142857142856 1.124359375
2.5714285714285716 1.1491875
2.607142857142857 1.1811093750000001
2.642857142857143 0.67390625
2.7142857142857144 1.202390625
2.75 1.26978125
2.7857142857142856 1.1846562500000002
2.8214285714285716 1.1456406250000002
2.857142857142857 1.1598281250000002
2.892857142857143 1.1846562500000002
2.9285714285714284 1.2059375
2.9642857142857144 1.21303125
3.0 1.2201250000000001
3.0357142857142856 1.2201250000000001
3.0714285714285716 1.216578125
3.107142857142857 1.216578125
3.142857142857143 1.21303125
3.1785714285714284 1.21303125
3.2142857142857144 1.21303125
3.25 1.21303125
3.2857142857142856 1.21303125
3.3214285714285716 1.21303125
3.357142857142857 1.21303125
3.392857142857143 1.21303125
3.4285714285714284 1.21303125
3.4642857142857144 1.21303125
3.5 1.21303125
3.5357142857142856 1.21303125
3.5714285714285716 1.21303125
3.607142857142857 1.21303125
3.642857142857143 1.21303125
3.6785714285714284 1.21303125
3.7142857142857144 1.21303125
3.75 1.21303125
3.7857142857142856 1.21303125
3.8214285714285716 1.21303125
3.857142857142857 1.21303125
3.892857142857143 1.21303125
3.9285714285714284 1.21303125
3.9642857142857144 1.21303125
4.0 1.21303125
4.035714285714286 1.21303125
4.071428571428571 1.21303125
4.107142857142857 1.21303125
4.142857142857143 1.21303125
4.178571428571429 1.21303125
4.214285714285714 1.21303125
4.25 1.21303125
4.285714285714286 1.21303125
4.321428571428571 1.21303125
4.357142857142857 1.21303125
4.392857142857143 1.21303125
4.428571428571429 1.21303125
4.464285714285714 1.21303125
4.5 1.2059375
4.535714285714286 1.1775625
4.571428571428571 1.202390625
4.607142857142857 1.188203125
4.642857142857143 0.8335156250000001
4.678571428571429 1.110171875
4.714285714285714 0.9292812500000001
4.75 0.9576562500000001
4.785714285714286 0.9682968750000001
4.821428571428571 1.0888906250000001
4.857142857142857 1.017953125
4.892857142857143 0.993125
4.928571428571429 1.0782500000000002
4.964285714285714 1.0782500000000002
5.0 1.0782500000000002
5.035714285714286 1.0782500000000002
5.071428571428571 1.0782500000000002
5.107142857142857 1.074703125
5.142857142857143 1.074703125
5.178571428571429 1.074703125
5.214285714285714 1.074703125
5.25 1.074703125
5.285714285714286 1.074703125
5.321428571428571 1.074703125
5.357142857142857 1.0782500000000002
5.392857142857143 1.0782500000000002
5.428571428571429 1.0782500000000002
5.464285714285714 1.0782500000000002
5.5 1.0782500000000002
5.535714285714286 1.0782500000000002
5.571428571428571 1.0782500000000002
5.607142857142857 1.074703125
5.642857142857143 1.0782500000000002
5.678571428571429 1.0782500000000002
5.714285714285714 1.074703125
5.75 1.074703125
5.785714285714286 1.0782500000000002
5.821428571428571 1.0782500000000002
5.857142857142857 1.0782500000000002
5.892857142857143 1.0782500000000002
5.928571428571429 1.0782500000000002
5.964285714285714 1.0782500000000002
6.0 1.0782500000000002
6.035714285714286 1.0782500000000002
6.071428571428571 1.0782500000000002
6.107142857142857 1.0782500000000002
6.142857142857143 1.0782500000000002
6.178571428571429 1.0782500000000002
6.214285714285714 1.0782500000000002
6.25 1.0782500000000002
6.285714285714286 1.074703125
6.321428571428571 1.074703125
6.357142857142857 1.0782500000000002
6.392857142857143 1.074703125
6.428571428571429 1.081796875
6.464285714285714 1.0534218750000002
6.5 1.135
6.535714285714286 1.074703125
6.571428571428571 1.0250468750000001
6.607142857142857 1.2094843750000002
6.642857142857143 1.2378593750000002
6.714285714285714 1.28396875
6.75 0.961203125
6.785714285714286 1.3371718750000001
6.821428571428571 1.1456406250000002
6.857142857142857 1.216578125
6.892857142857143 1.216578125
6.928571428571429 1.230765625
6.964285714285714 1.2591406250000001
7.0 1.280421875
7.035714285714286 1.28396875
7.071428571428571 1.28396875
7.107142857142857 1.28396875
7.142857142857143 1.28396875
7.178571428571429 1.28396875
7.214285714285714 1.28396875
7.25 1.28396875
7.285714285714286 1.28396875
7.321428571428571 1.28396875
7.357142857142857 1.28396875
7.392857142857143 1.28396875
7.428571428571429 1.28396875
7.464285714285714 1.28396875
7.5 1.28396875
7.535714285714286 1.28396875
7.571428571428571 1.28396875
7.607142857142857 1.28396875
7.642857142857143 1.28396875
7.678571428571429 1.28396875
7.714285714285714 1.28396875
7.75 1.28396875
7.785714285714286 1.28396875
7.821428571428571 1.28396875
7.857142857142857 1.28396875
7.892857142857143 1.28396875
7.928571428571429 1.28396875
7.964285714285714 1.28396875
8.0 1.28396875
8.035714285714286 1.28396875
8.071428571428571 1.28396875
8.107142857142858 1.28396875
8.142857142857142 1.28396875
8.178571428571429 1.28396875
8.214285714285714 1.28396875
8.25 1.28396875
8.285714285714286 1.28396875
8.321428571428571 1.28396875
8.357142857142858 1.28396875
8.392857142857142 1.28396875
8.428571428571429 1.280421875
8.464285714285714 1.280421875
8.5 1.280421875
8.535714285714286 1.2768750000000002
8.571428571428571 1.26978125
8.607142857142858 1.2910625000000002
8.642857142857142 1.30525
8.678571428571429 1.2981562500000001
8.714285714285714 1.294609375
8.75 1.032140625
8.785714285714286 1.05696875
8.821428571428571 1.1208125000000002
8.857142857142858 1.188203125
8.892857142857142 1.1704687500000002
8.928571428571429 1.163375
8.964285714285714 1.1562812500000001
9.0 1.152734375
9.035714285714286 1.152734375
9.071428571428571 1.152734375
9.107142857142858 1.152734375
9.142857142857142 1.152734375
9.178571428571429 1.152734375
9.214285714285714 1.152734375
9.25 1.152734375
9.285714285714286 1.152734375
9.321428571428571 1.152734375
9.357142857142858 1.152734375
9.392857142857142 1.152734375
9.428571428571429 1.152734375
9.464285714285714 1.152734375
9.5 1.152734375
9.535714285714286 1.152734375
9.571428571428571 1.152734375
9.642857142857142 1.1562812500000001
9.678571428571429 1.152734375
9.714285714285714 1.152734375
9.75 1.152734375
9.785714285714286 1.152734375
9.821428571428571 1.152734375
9.857142857142858 1.152734375
9.892857142857142 1.152734375
9.928571428571429 1.152734375
9.964285714285714 1.152734375
10.0 1.152734375
10.035714285714286 1.152734375
10.071428571428571 1.152734375
10.107142857142858 1.152734375
10.142857142857142 1.152734375
10.178571428571429 1.152734375
10.214285714285714 1.152734375
10.25 1.152734375
10.285714285714286 1.152734375
10.321428571428571 1.152734375
10.357142857142858 1.152734375
10.392857142857142 1.152734375
10.428571428571429 1.152734375
10.464285714285714 1.1598281250000002
10.5 1.163375
10.535714285714286 1.21303125
10.571428571428571 1.22721875
10.607142857142858 1.2626875000000002
10.642857142857142 1.30525
10.678571428571429 1.3407187500000002
10.714285714285714 1.362
10.75 1.3761875000000001
10.785714285714286 1.3939218750000002
10.821428571428571 1.138546875
10.857142857142858 1.2768750000000002
10.892857142857142 1.3158906250000002
10.928571428571429 1.362
10.964285714285714 1.372640625
11.0 1.4293906250000001
11.035714285714286 1.4329375000000002
11.071428571428571 1.4329375000000002
11.107142857142858 1.436484375
11.142857142857142 1.436484375
11.178571428571429 1.44003125
11.214285714285714 1.44003125
11.25 1.44003125
11.285714285714286 1.44003125
11.321428571428571 1.44003125
11.357142857142858 1.44003125
11.392857142857142 1.4435781250000002
11.428571428571429 1.44003125
11.464285714285714 1.4435781250000002
11.5 1.4435781250000002
11.535714285714286 1.4435781250000002
11.571428571428571 1.4435781250000002
11.607142857142858 1.4435781250000002
11.642857142857142 1.4435781250000002
11.678571428571429 1.4435781250000002
11.714285714285714 1.4435781250000002
11.75 1.4435781250000002
11.785714285714286 1.4435781250000002
11.821428571428571 1.4435781250000002
11.857142857142858 1.4435781250000002
11.892857142857142 1.4435781250000002
11.928571428571429 1.4435781250000002
11.964285714285714 1.4435781250000002
12.0 1.4435781250000002
12.035714285714286 1.4435781250000002
12.071428571428571 1.4435781250000002
12.107142857142858 1.4435781250000002
12.142857142857142 1.4435781250000002
12.178571428571429 1.4435781250000002
12.214285714285714 1.4435781250000002
12.25 1.4435781250000002
12.285714285714286 1.4435781250000002
12.321428571428571 1.4435781250000002
12.357142857142858 1.4435781250000002
12.392857142857142 1.4435781250000002
12.428571428571429 1.4435781250000002
12.464285714285714 1.4435781250000002
12.5 1.4435781250000002
12.535714285714286 1.44003125
12.571428571428571 1.44003125
12.607142857142858 1.41165625
12.642857142857142 1.479046875
12.678571428571429 1.479046875
12.714285714285714 1.4719531250000002
12.75 1.5180625
12.785714285714286 1.542890625
12.821428571428571 1.5393437500000002
12.857142857142858 1.5322500000000001
12.892857142857142 1.503875
12.928571428571429 1.4577656250000002
12.964285714285714 1.4542187500000001
13.0 1.44003125
13.035714285714286 1.436484375
13.071428571428571 1.4329375000000002
13.107142857142858 1.4293906250000001
13.142857142857142 1.4293906250000001
13.178571428571429 1.42584375
13.214285714285714 1.4293906250000001
13.25 1.4293906250000001
13.285714285714286 1.42584375
13.321428571428571 1.42584375
13.357142857142858 1.42584375
13.392857142857142 1.42584375
13.428571428571429 1.42584375
13.464285714285714 1.42584375
13.5 1.42584375
13.535714285714286 1.42584375
13.571428571428571 1.42584375
13.607142857142858 1.42584375
13.642857142857142 1.42584375
13.678571428571429 1.42584375
13.714285714285714 1.42584375
13.75 1.42584375
13.785714285714286 1.42584375
13.821428571428571 1.42584375
13.857142857142858 1.42584375
13.892857142857142 1.42584375
13.928571428571429 1.42584375
13.964285714285714 1.42584375
14.0 1.42584375
14.035714285714286 1.42584375
14.071428571428571 1.42584375
14.107142857142858 1.42584375
14.142857142857142 1.42584375
14.178571428571429 1.42584375
14.214285714285714 1.42584375
14.25 1.42584375
14.285714285714286 1.42584375
14.321428571428571 1.42584375
14.357142857142858 1.42584375
14.392857142857142 1.42584375
14.428571428571429 1.42584375
14.464285714285714 1.42584375
14.5 1.42584375
14.535714285714286 1.42584375
14.571428571428571 1.42584375
14.607142857142858 1.4222968750000002
14.642857142857142 1.4187500000000002
14.678571428571429 1.41165625
14.714285714285714 1.436484375
14.75 1.4222968750000002
14.785714285714286 1.4081093750000002
14.821428571428571 1.174015625
14.857142857142858 1.2910625000000002
14.892857142857142 1.3655468750000002
14.928571428571429 1.3549062500000002
14.964285714285714 1.3265312500000002
15.0 1.30525
15.035714285714286 1.2981562500000001
15.071428571428571 1.294609375
15.107142857142858 1.294609375
15.142857142857142 1.294609375
15.178571428571429 1.294609375
15.214285714285714 1.294609375
15.25 1.294609375
15.285714285714286 1.294609375
15.321428571428571 1.294609375
15.357142857142858 1.294609375
15.392857142857142 1.294609375
15.428571428571429 1.294609375
15.464285714285714 1.294609375
15.5 1.294609375
15.535714285714286 1.294609375
15.571428571428571 1.294609375
15.607142857142858 1.294609375
15.642857142857142 1.294609375
15.678571428571429 1.294609375
15.714285714285714 1.294609375
15.75 1.294609375
15.785714285714286 1.294609375
15.821428571428571 1.294609375
15.857142857142858 1.294609375
15.892857142857142 1.294609375
15.928571428571429 1.294609375
15.964285714285714 1.294609375
16.0 1.294609375
16.035714285714285 1.294609375
16.071428571428573 1.294609375
16.107142857142858 1.294609375
16.142857142857142 1.294609375
16.178571428571427 1.294609375
16.214285714285715 1.2981562500000001
16.25 1.294609375
16.285714285714285 1.294609375
16.321428571428573 1.2981562500000001
16.357142857142858 1.2981562500000001
16.392857142857142 1.2981562500000001
16.428571428571427 1.294609375
16.464285714285715 1.294609375
16.5 1.294609375
16.535714285714285 1.2768750000000002
16.571428571428573 1.2733281250000001
16.607142857142858 1.3371718750000001
16.642857142857142 1.358453125
16.678571428571427 0.798046875
16.75 1.38328125
16.785714285714285 1.3797343750000002
16.821428571428573 1.3797343750000002
16.857142857142858 1.24140625
16.892857142857142 1.2910625000000002
16.928571428571427 1.4187500000000002
16.964285714285715 1.41165625
17.0 1.4152031250000001
17.035714285714285 1.4187500000000002
17.071428571428573 1.4187500000000002
17.107142857142858 1.4187500000000002
17.142857142857142 1.4187500000000002
17.178571428571427 1.4187500000000002
17.214285714285715 1.4187500000000002
17.25 1.4187500000000002
17.285714285714285 1.4187500000000002
17.321428571428573 1.4187500000000002
17.357142857142858 1.4187500000000002
17.392857142857142 1.4187500000000002
17.428571428571427 1.4187500000000002
17.464285714285715 1.4152031250000001
17.5 1.4152031250000001
17.535714285714285 1.4152031250000001
17.571428571428573 1.4152031250000001
17.607142857142858 1.4152031250000001
17.642857142857142 1.4152031250000001
17.678571428571427 1.4152031250000001
17.714285714285715 1.4152031250000001
17.75 1.4152031250000001
17.785714285714285 1.4152031250000001
17.821428571428573 1.4152031250000001
17.857142857142858 1.4152031250000001
17.892857142857142 1.4152031250000001
17.928571428571427 1.4152031250000001
17.964285714285715 1.4152031250000001
18.0 1.4152031250000001
18.035714285714285 1.4152031250000001
18.071428571428573 1.4152031250000001
18.107142857142858 1.4152031250000001
18.142857142857142 1.4152031250000001
18.178571428571427 1.4152031250000001
18.214285714285715 1.4152031250000001
18.25 1.4152031250000001
18.285714285714285 1.4152031250000001
18.321428571428573 1.4152031250000001
18.357142857142858 1.4152031250000001
18.392857142857142 1.4152031250000001
18.428571428571427 1.4152031250000001
18.464285714285715 1.4152031250000001
18.5 1.4152031250000001
18.535714285714285 1.41165625
18.571428571428573 1.39746875
18.607142857142858 1.450671875
18.642857142857142 1.4542187500000001
18.678571428571427 1.4613125000000002
18.714285714285715 1.4932343750000001
18.75 1.503875
18.785714285714285 1.5322500000000001
18.821428571428573 1.5322500000000001
18.857142857142858 1.5641718750000002
18.892857142857142 1.5641718750000002
18.928571428571427 1.3939218750000002
18.964285714285715 1.450671875
19.0 1.4435781250000002
19.035714285714285 1.4435781250000002
19.071428571428573 1.44003125
19.107142857142858 1.436484375
19.142857142857142 1.4293906250000001
19.178571428571427 1.4293906250000001
19.214285714285715 1.4293906250000001
19.25 1.42584375
19.285714285714285 1.4222968750000002
19.321428571428573 1.4222968750000002
19.357142857142858 1.4222968750000002
19.392857142857142 1.4222968750000002
19.428571428571427 1.4187500000000002
19.464285714285715 1.4187500000000002
19.5 1.4187500000000002
19.535714285714285 1.4187500000000002
19.571428571428573 1.4187500000000002
19.607142857142858 1.4187500000000002
19.642857142857142 1.4187500000000002
19.678571428571427 1.4187500000000002
19.714285714285715 1.4187500000000002
19.75 1.4187500000000002
19.785714285714285 1.4187500000000002
19.821428571428573 1.4187500000000002
19.857142857142858 1.4187500000000002
19.892857142857142 1.4187500000000002
19.928571428571427 1.4187500000000002
19.964285714285715 1.4187500000000002
20.0 1.4187500000000002
20.035714285714285 1.4187500000000002
20.071428571428573 1.4187500000000002
20.107142857142858 1.4187500000000002
20.142857142857142 1.4187500000000002
20.178571428571427 1.4187500000000002
20.214285714285715 1.4187500000000002
20.25 1.4187500000000002
20.285714285714285 1.4187500000000002
20.321428571428573 1.4187500000000002
20.357142857142858 1.4187500000000002
20.392857142857142 1.4187500000000002
20.428571428571427 1.4187500000000002
20.464285714285715 1.4187500000000002
20.5 1.4187500000000002
20.535714285714285 1.4187500000000002
20.571428571428573 1.4187500000000002
20.607142857142858 1.4152031250000001
20.642857142857142 1.4081093750000002
20.678571428571427 1.42584375
20.714285714285715 1.436484375
20.75 1.1172656250000002
20.785714285714285 1.081796875
20.857142857142858 1.2875156250000002
20.892857142857142 1.3194375
20.928571428571427 1.3265312500000002
20.964285714285715 1.3158906250000002
21.0 1.3017031250000002
21.035714285714285 1.294609375
21.071428571428573 1.2910625000000002
21.107142857142858 1.2910625000000002
21.142857142857142 1.2910625000000002
21.178571428571427 1.2910625000000002
21.214285714285715 1.2910625000000002
21.25 1.2910625000000002
21.285714285714285 1.2910625000000002
21.321428571428573 1.2910625000000002
21.357142857142858 1.2910625000000002
21.392857142857142 1.2910625000000002
21.428571428571427 1.2910625000000002
21.464285714285715 1.2910625000000002
21.5 1.2910625000000002
21.535714285714285 1.2910625000000002
21.571428571428573 1.2910625000000002
21.607142857142858 1.2910625000000002
21.642857142857142 1.2910625000000002
21.678571428571427 1.2910625000000002
21.714285714285715 1.2910625000000002
21.75 1.2910625000000002
21.785714285714285 1.2910625000000002
21.821428571428573 1.2910625000000002
21.857142857142858 1.2910625000000002
21.892857142857142 1.2910625000000002
21.928571428571427 1.2910625000000002
21.964285714285715 1.2910625000000002
22.0 1.2910625000000002
22.035714285714285 1.2910625000000002
22.071428571428573 1.2910625000000002
22.107142857142858 1.2910625000000002
22.142857142857142 1.2910625000000002
22.178571428571427 1.2910625000000002
22.214285714285715 1.2910625000000002
22.25 1.2910625000000002
22.285714285714285 1.2910625000000002
22.321428571428573 1.2910625000000002
22.357142857142858 1.2910625000000002
22.392857142857142 1.2910625000000002
22.428571428571427 1.2910625000000002
22.464285714285715 1.2910625000000002
22.5 1.2910625000000002
22.535714285714285 1.2768750000000002
22.571428571428573 1.3300781250000002
22.607142857142858 1.344265625
22.642857142857142 1.3478125
22.678571428571427 1.386828125
22.714285714285715 1.4293906250000001
22.75 1.450671875
22.785714285714285 1.4684062500000001
22.821428571428573 1.4825937500000002
22.857142857142858 1.4896875
22.892857142857142 1.4861406250000002
22.928571428571427 1.4825937500000002
22.964285714285715 1.4293906250000001
23.0 1.4684062500000001
23.035714285714285 1.4684062500000001
23.071428571428573 1.464859375
23.107142857142858 1.464859375
23.142857142857142 1.464859375
23.178571428571427 1.464859375
23.214285714285715 1.4684062500000001
23.25 1.464859375
23.285714285714285 1.464859375
23.321428571428573 1.4684062500000001
23.357142857142858 1.4684062500000001
23.392857142857142 1.4684062500000001
23.428571428571427 1.4684062500000001
23.464285714285715 1.4684062500000001
23.5 1.4684062500000001
23.535714285714285 1.4684062500000001
23.571428571428573 1.4684062500000001
23.607142857142858 1.4684062500000001
23.642857142857142 1.4684062500000001
23.678571428571427 1.4684062500000001
23.714285714285715 1.4684062500000001
23.75 1.4684062500000001
23.785714285714285 1.4684062500000001
23.821428571428573 1.4684062500000001
23.857142857142858 1.4684062500000001
23.892857142857142 1.4684062500000001
23.928571428571427 1.4684062500000001
23.964285714285715 1.4684062500000001
24.0 1.4684062500000001
24.035714285714285 1.4684062500000001
24.071428571428573 1.4684062500000001
24.107142857142858 1.4684062500000001
24.142857142857142 1.4684062500000001
24.178571428571427 1.4684062500000001
24.214285714285715 1.4684062500000001
24.25 1.4684062500000001
24.285714285714285 1.4684062500000001
24.321428571428573 1.4684062500000001
24.357142857142858 1.4684062500000001
24.392857142857142 1.4684062500000001
24.428571428571427 1.4684062500000001
24.464285714285715 1.4684062500000001
24.5 1.4684062500000001
24.535714285714285 1.4684062500000001
24.571428571428573 1.4684062500000001
24.607142857142858 1.4329375000000002
24.642857142857142 1.4577656250000002
24.678571428571427 1.4861406250000002
24.714285714285715 1.479046875
24.75 1.528703125
24.785714285714285 1.5216093750000002
24.821428571428573 1.5464375000000001
24.857142857142858 1.5606250000000002
24.892857142857142 1.557078125
24.928571428571427 1.5606250000000002
24.964285714285715 1.464859375
25.0 1.5322500000000001
25.035714285714285 1.5322500000000001
25.071428571428573 1.5322500000000001
25.107142857142858 1.5322500000000001
25.142857142857142 1.5322500000000001
25.178571428571427 1.528703125
25.214285714285715 1.5251562500000002
25.25 1.5216093750000002
25.285714285714285 1.5216093750000002
25.321428571428573 1.5180625
25.357142857142858 1.514515625
25.392857142857142 1.5109687500000002
25.428571428571427 1.5109687500000002
25.464285714285715 1.5109687500000002
25.5 1.5074218750000001
25.535714285714285 1.5074218750000001
25.571428571428573 1.5074218750000001
25.607142857142858 1.503875
25.642857142857142 1.503875
25.678571428571427 1.503875
25.714285714285715 1.5003281250000002
25.75 1.5003281250000002
25.785714285714285 1.5003281250000002
25.821428571428573 1.5003281250000002
25.857142857142858 1.5003281250000002
25.892857142857142 1.5003281250000002
25.928571428571427 1.5003281250000002
25.964285714285715 1.5003281250000002
26.0 1.5003281250000002
26.035714285714285 1.5003281250000002
26.071428571428573 1.5003281250000002
26.107142857142858 1.5003281250000002
26.142857142857142 1.5003281250000002
26.178571428571427 1.5003281250000002
26.214285714285715 1.5003281250000002
26.25 1.5003281250000002
26.285714285714285 1.5003281250000002
26.321428571428573 1.4967812500000002
26.357142857142858 1.5003281250000002
26.392857142857142 1.5003281250000002
26.428571428571427 1.5003281250000002
26.464285714285715 1.5003281250000002
26.5 1.4967812500000002
26.535714285714285 1.4967812500000002
26.571428571428573 1.4967812500000002
26.607142857142858 1.503875
26.642857142857142 1.4684062500000001
26.678571428571427 1.514515625
26.714285714285715 1.514515625
26.75 1.5074218750000001
26.785714285714285 1.5251562500000002
26.821428571428573 1.5251562500000002
26.857142857142858 1.4542187500000001
26.892857142857142 1.450671875
26.928571428571427 1.4329375000000002
26.964285714285715 1.4293906250000001
27.0 1.4081093750000002
27.035714285714285 1.4187500000000002
27.071428571428573 1.4187500000000002
27.107142857142858 1.4152031250000001
27.142857142857142 1.4152031250000001
27.178571428571427 1.41165625
27.214285714285715 1.41165625
27.25 1.41165625
27.285714285714285 1.41165625
27.321428571428573 1.41165625
27.357142857142858 1.41165625
27.392857142857142 1.41165625
27.428571428571427 1.41165625
27.464285714285715 1.41165625
27.5 1.41165625
27.535714285714285 1.4152031250000001
27.571428571428573 1.4152031250000001
27.607142857142858 1.4152031250000001
27.642857142857142 1.4152031250000001
27.678571428571427 1.4152031250000001
27.714285714285715 1.4152031250000001
27.75 1.4152031250000001
27.785714285714285 1.4152031250000001
27.821428571428573 1.4152031250000001
27.857142857142858 1.4152031250000001
27.892857142857142 1.4152031250000001
27.928571428571427 1.4152031250000001
27.964285714285715 1.4152031250000001
28.0 1.4152031250000001
28.035714285714285 1.4152031250000001
28.071428571428573 1.4152031250000001
28.107142857142858 1.4152031250000001
28.142857142857142 1.4152031250000001
28.178571428571427 1.4152031250000001
28.214285714285715 1.4152031250000001
28.25 1.4152031250000001
28.285714285714285 1.4152031250000001
28.321428571428573 1.4152031250000001
28.357142857142858 1.4152031250000001
28.392857142857142 1.4152031250000001
28.428571428571427 1.4152031250000001
28.464285714285715 1.4152031250000001
28.5 1.4152031250000001
28.535714285714285 1.4152031250000001
28.571428571428573 1.4152031250000001
28.607142857142858 1.4152031250000001
28.642857142857142 1.41165625
28.678571428571427 1.4152031250000001
28.714285714285715 1.436484375
28.75 1.450671875
28.785714285714285 1.4435781250000002
28.821428571428573 1.4542187500000001
28.857142857142858 1.3903750000000001
28.892857142857142 1.41165625
28.928571428571427 1.4293906250000001
28.964285714285715 1.4435781250000002
29.0 1.4329375000000002
29.035714285714285 1.42584375
29.071428571428573 1.4187500000000002
29.107142857142858 1.436484375
29.142857142857142 1.4435781250000002
29.178571428571427 1.4471250000000002
29.214285714285715 1.4471250000000002
29.25 1.4471250000000002
29.285714285714285 1.4471250000000002
29.321428571428573 1.4471250000000002
29.357142857142858 1.4471250000000002
29.392857142857142 1.4471250000000002
29.428571428571427 1.4471250000000002
29.464285714285715 1.4471250000000002
29.5 1.4471250000000002
29.535714285714285 1.4471250000000002
29.571428571428573 1.4471250000000002
29.607142857142858 1.4435781250000002
29.642857142857142 1.4435781250000002
29.678571428571427 1.4435781250000002
29.714285714285715 1.4471250000000002
29.75 1.4471250000000002
29.785714285714285 1.4435781250000002
29.821428571428573 1.4471250000000002
29.857142857142858 1.4471250000000002
29.892857142857142 1.4471250000000002
29.928571428571427 1.4435781250000002
29.964285714285715 1.4435781250000002
30.0 1.4471250000000002
30.035714285714285 1.4471250000000002
30.071428571428573 1.4471250000000002
30.107142857142858 1.4435781250000002
30.142857142857142 1.4435781250000002
30.178571428571427 1.4435781250000002
30.214285714285715 1.4435781250000002
30.25 1.4435781250000002
30.285714285714285 1.4435781250000002
30.321428571428573 1.4435781250000002
30.357142857142858 1.4435781250000002
30.392857142857142 1.4435781250000002
30.428571428571427 1.4435781250000002
30.464285714285715 1.4435781250000002
30.5 1.4435781250000002
30.535714285714285 1.4435781250000002
30.571428571428573 1.4435781250000002
30.607142857142858 1.4435781250000002
30.642857142857142 1.4435781250000002
30.678571428571427 1.4471250000000002
30.714285714285715 1.4435781250000002
30.75 1.4896875
30.785714285714285 1.5003281250000002
30.821428571428573 1.4967812500000002
30.857142857142858 1.5216093750000002
30.892857142857142 1.4719531250000002
30.928571428571427 1.3797343750000002
30.964285714285715 1.4932343750000001
31.0 1.5109687500000002
31.035714285714285 1.4967812500000002
31.071428571428573 1.4932343750000001
31.107142857142858 1.4825937500000002
31.142857142857142 1.4755
31.178571428571427 1.4577656250000002
31.214285714285715 1.4471250000000002
31.25 1.44003125
31.285714285714285 1.436484375
31.321428571428573 1.4329375000000002
31.357142857142858 1.4329375000000002
31.392857142857142 1.4329375000000002
31.428571428571427 1.4329375000000002
31.464285714285715 1.4329375000000002
31.5 1.4293906250000001
31.535714285714285 1.4293906250000001
31.571428571428573 1.4293906250000001
31.607142857142858 1.4293906250000001
31.642857142857142 1.4293906250000001
31.678571428571427 1.4293906250000001
31.714285714285715 1.4293906250000001
31.75 1.4293906250000001
31.785714285714285 1.4293906250000001
31.821428571428573 1.4293906250000001
31.857142857142858 1.4293906250000001
31.892857142857142 1.42584375
31.928571428571427 1.42584375
31.964285714285715 1.42584375
32.0 1.42584375
32.035714285714285 1.42584375
32.07142857142857 1.42584375
32.107142857142854 1.42584375
32.142857142857146 1.42584375
32.17857142857143 1.42584375
32.214285714285715 1.42584375
32.25 1.42584375
32.285714285714285 1.42584375
32.32142857142857 1.4222968750000002
32.357142857142854 1.42584375
32.392857142857146 1.42584375
32.42857142857143 1.42584375
32.464285714285715 1.42584375
32.5 1.42584375
32.535714285714285 1.42584375
32.57142857142857 1.42584375
32.607142857142854 1.42584375
32.642857142857146 1.42584375
32.67857142857143 1.42584375
32.714285714285715 1.4222968750000002
32.75 1.4967812500000002
32.785714285714285 1.528703125
32.82142857142857 1.5925468750000003
32.857142857142854 1.542890625
32.892857142857146 1.4825937500000002
32.92857142857143 1.3797343750000002
32.964285714285715 1.4329375000000002
33.0 1.44003125
33.035714285714285 1.4435781250000002
33.07142857142857 1.4542187500000001
33.107142857142854 1.4613125000000002
33.142857142857146 1.4613125000000002
33.17857142857143 1.4613125000000002
33.214285714285715 1.4613125000000002
33.25 1.4613125000000002
33.285714285714285 1.4613125000000002
33.32142857142857 1.4613125000000002
33.357142857142854 1.4613125000000002
33.392857142857146 1.4613125000000002
33.42857142857143 1.4613125000000002
33.464285714285715 1.4613125000000002
33.5 1.4613125000000002
33.535714285714285 1.4613125000000002
33.57142857142857 1.4613125000000002
33.607142857142854 1.4613125000000002
33.642857142857146 1.4613125000000002
33.67857142857143 1.4613125000000002
33.714285714285715 1.4613125000000002
33.75 1.4613125000000002
33.785714285714285 1.4613125000000002
33.82142857142857 1.4613125000000002
33.857142857142854 1.4613125000000002
33.892857142857146 1.4613125000000002
33.92857142857143 1.4613125000000002
33.964285714285715 1.4613125000000002
34.0 1.4613125000000002
34.035714285714285 1.4613125000000002
34.07142857142857 1.4613125000000002
34.107142857142854 1.4613125000000002
34.142857142857146 1.4613125000000002
34.17857142857143 1.4613125000000002
34.214285714285715 1.4613125000000002
34.25 1.4613125000000002
34.285714285714285 1.4613125000000002
34.32142857142857 1.4613125000000002
34.357142857142854 1.4613125000000002
34.392857142857146 1.4613125000000002
34.42857142857143 1.4613125000000002
34.464285714285715 1.4613125000000002
34.5 1.4613125000000002
34.535714285714285 1.4613125000000002
34.57142857142857 1.4613125000000002
34.607142857142854 1.4613125000000002
34.642857142857146 1.4613125000000002
34.67857142857143 1.4542187500000001
34.714285714285715 1.4577656250000002
34.75 1.514515625
34.785714285714285 1.5535312500000003
34.82142857142857 1.1314531250000002
34.857142857142854 1.6031875000000002
34.892857142857146 0.7483906250000001
34.92857142857143 1.6634843750000001
34.964285714285715 1.6173750000000002
35.0 1.5783593750000002
35.035714285714285 1.6244687500000001
35.07142857142857 1.6244687500000001
35.107142857142854 1.6244687500000001
35.142857142857146 1.6244687500000001
35.17857142857143 1.6244687500000001
35.214285714285715 1.6244687500000001
35.25 1.6244687500000001
35.285714285714285 1.6244687500000001
35.32142857142857 1.6244687500000001
35.357142857142854 1.6244687500000001
35.392857142857146 1.6244687500000001
35.42857142857143 1.6244687500000001
35.464285714285715 1.6244687500000001
35.5 1.6244687500000001
35.535714285714285 1.6244687500000001
35.57142857142857 1.6244687500000001
35.607142857142854 1.6244687500000001
35.642857142857146 1.6244687500000001
35.67857142857143 1.6244687500000001
35.714285714285715 1.6244687500000001
35.75 1.6244687500000001
35.785714285714285 1.6244687500000001
35.82142857142857 1.6244687500000001
35.857142857142854 1.6244687500000001
35.892857142857146 1.6244687500000001
35.92857142857143 1.6244687500000001
35.964285714285715 1.6244687500000001
36.0 1.620921875
36.035714285714285 1.620921875
36.07142857142857 1.620921875
36.107142857142854 1.620921875
36.142857142857146 1.620921875
36.17857142857143 1.620921875
36.214285714285715 1.620921875
36.25 1.620921875
36.285714285714285 1.620921875
36.32142857142857 1.620921875
36.357142857142854 1.620921875
36.392857142857146 1.620921875
36.42857142857143 1.620921875
36.464285714285715 1.620921875
36.5 1.620921875
36.535714285714285 1.620921875
36.57142857142857 1.620921875
36.607142857142854 1.620921875
36.642857142857146 1.6244687500000001
36.67857142857143 1.61028125
36.714285714285715 1.6422031250000002
36.75 1.64575
36.785714285714285 1.6670312500000002
36.82142857142857 1.674125
36.857142857142854 1.6776718750000001
36.892857142857146 1.6812187500000002
36.92857142857143 1.6883125
36.964285714285715 1.6776718750000001
37.0 1.59609375
37.035714285714285 1.6634843750000001
37.07142857142857 1.6599375
37.107142857142854 1.6563906250000002
37.142857142857146 1.649296875
37.17857142857143 1.64575
37.214285714285715 1.6422031250000002
37.25 1.6386562500000001
37.285714285714285 1.6315625000000002
37.32142857142857 1.6315625000000002
37.357142857142854 1.6244687500000001
37.392857142857146 1.6244687500000001
37.42857142857143 1.620921875
37.464285714285715 1.620921875
37.5 1.620921875
37.535714285714285 1.620921875
37.57142857142857 1.620921875
37.607142857142854 1.620921875
37.642857142857146 1.620921875
37.67857142857143 1.620921875
37.714285714285715 1.6173750000000002
37.75 1.620921875
37.785714285714285 1.620921875
37.82142857142857 1.620921875
37.857142857142854 1.620921875
37.892857142857146 1.620921875
37.92857142857143 1.620921875
37.964285714285715 1.620921875
38.0 1.6173750000000002
38.035714285714285 1.620921875
38.07142857142857 1.6173750000000002
38.107142857142854 1.6173750000000002
38.142857142857146 1.6173750000000002
38.17857142857143 1.6173750000000002
38.214285714285715 1.6173750000000002
38.25 1.6173750000000002
38.285714285714285 1.6173750000000002
38.32142857142857 1.6173750000000002
38.357142857142854 1.6173750000000002
38.392857142857146 1.6173750000000002
38.42857142857143 1.6173750000000002
38.464285714285715 1.6173750000000002
38.5 1.6173750000000002
38.535714285714285 1.6173750000000002
38.57142857142857 1.6173750000000002
38.607142857142854 1.6173750000000002
38.642857142857146 1.6173750000000002
38.67857142857143 1.5996406250000001
38.714285714285715 1.6244687500000001
38.75 1.6386562500000001
38.785714285714285 1.6599375
38.82142857142857 1.6528437500000002
38.857142857142854 1.6883125
38.892857142857146 1.6173750000000002
38.92857142857143 1.5854531250000001
38.964285714285715 1.6244687500000001
39.0 1.6031875000000002
39.035714285714285 1.59609375
39.07142857142857 1.606734375
39.107142857142854 1.6244687500000001
39.142857142857146 1.635109375
39.17857142857143 1.64575
39.214285714285715 1.6599375
39.25 1.6670312500000002
39.285714285714285 1.6705781250000002
39.32142857142857 1.6705781250000002
39.357142857142854 1.6705781250000002
39.392857142857146 1.6705781250000002
39.42857142857143 1.6705781250000002
39.464285714285715 1.6705781250000002
39.5 1.6705781250000002
39.535714285714285 1.6705781250000002
39.57142857142857 1.6705781250000002
39.607142857142854 1.6705781250000002
39.642857142857146 1.6705781250000002
39.67857142857143 1.6705781250000002
39.714285714285715 1.6705781250000002
39.75 1.6705781250000002
39.785714285714285 1.6705781250000002
39.82142857142857 1.6705781250000002
39.857142857142854 1.6705781250000002
39.892857142857146 1.6705781250000002
39.92857142857143 1.6705781250000002
