0.03571428571428571 1.8301875
0.07142857142857142 1.8301875
0.10714285714285714 1.8301875
0.14285714285714285 1.8301875
0.17857142857142858 1.8301875
0.21428571428571427 1.8301875
0.25 1.8301875
0.2857142857142857 1.8301875
0.32142857142857145 1.8301875
0.35714285714285715 1.8301875
0.39285714285714285 1.8301875
0.42857142857142855 1.8301875
0.4642857142857143 1.8301875
0.5 1.8301875
0.5357142857142857 1.8301875
0.5714285714285714 1.8301875
0.6071428571428571 1.8301875
0.6428571428571429 1.8301875
0.6785714285714286 1.8301875
0.7142857142857143 1.8337343750000001
0.75 1.8337343750000001
0.7857142857142857 1.8301875
0.8214285714285714 1.8301875
0.8571428571428571 1.8337343750000001
0.8928571428571429 1.8337343750000001
0.9285714285714286 1.8337343750000001
0.9642857142857143 1.8301875
1.0 1.8301875
1.0357142857142858 1.8301875
1.0714285714285714 1.8301875
1.1071428571428572 1.8301875
1.1428571428571428 1.8301875
1.1785714285714286 1.8301875
1.2142857142857142 1.8301875
1.25 1.8301875
1.2857142857142858 1.8301875
1.3214285714285714 1.8301875
1.3571428571428572 1.8301875
1.3928571428571428 1.8301875
1.4285714285714286 1.8301875
1.4642857142857142 1.8301875
1.5 1.8301875
1.5357142857142858 1.8301875
1.5714285714285714 1.8301875
1.6071428571428572 1.8301875
1.6428571428571428 1.8301875
1.6785714285714286 1.8301875
1.7142857142857142 1.8301875
1.75 1.8301875
1.7857142857142858 1.8301875
1.8214285714285714 1.8301875
1.8571428571428572 1.8301875
1.8928571428571428 1.8301875
1.9285714285714286 1.8301875
1.9642857142857142 1.8301875
2.0 1.8301875
2.0357142857142856 1.8301875
2.0714285714285716 1.8301875
2.107142857142857 1.8301875
2.142857142857143 1.8301875
2.1785714285714284 1.8301875
2.2142857142857144 1.8301875
2.25 1.8301875
2.2857142857142856 1.8301875
2.3214285714285716 1.8301875
2.357142857142857 1.8301875
2.392857142857143 1.8301875
2.4285714285714284 1.8301875
2.4642857142857144 1.8301875
2.5 1.8301875
2.5357142857142856 1.8301875
2.5714285714285716 1.8301875
2.607142857142857 1.8301875
2.642857142857143 1.8301875
2.6785714285714284 1.8301875
2.7142857142857144 1.8301875
2.75 1.8301875
2.7857142857142856 1.8337343750000001
2.8214285714285716 1.8301875
2.857142857142857 1.8301875
2.892857142857143 1.8301875
2.9285714285714284 1.8301875
2.9642857142857144 1.8301875
3.0 1.8301875
3.0357142857142856 1.8301875
3.0714285714285716 1.8337343750000001
3.107142857142857 1.8337343750000001
3.142857142857143 1.8301875
3.1785714285714284 1.8337343750000001
3.2142857142857144 1.8337343750000001
3.25 1.8301875
3.2857142857142856 1.8301875
3.3214285714285716 1.8301875
3.357142857142857 1.8301875
3.392857142857143 1.8337343750000001
3.4285714285714284 1.8301875
3.4642857142857144 1.8301875
3.5 1.8301875
3.5357142857142856 1.8301875
3.5714285714285716 1.8301875
3.607142857142857 1.8301875
3.642857142857143 1.8301875
3.6785714285714284 1.8301875
3.7142857142857144 1.8301875
3.75 1.8301875
3.7857142857142856 1.8301875
3.8214285714285716 1.8301875
3.857142857142857 1.8301875
3.892857142857143 1.8301875
3.9285714285714284 1.8301875
3.9642857142857144 1.8301875
4.0 1.8301875
4.035714285714286 1.8301875
4.071428571428571 1.8301875
4.107142857142857 1.8301875
4.142857142857143 1.8337343750000001
4.178571428571429 1.8301875
4.214285714285714 1.8301875
4.25 1.8337343750000001
4.285714285714286 1.8301875
4.321428571428571 1.8301875
4.357142857142857 1.8301875
4.392857142857143 1.8301875
4.428571428571429 1.8301875
4.464285714285714 1.8301875
4.5 1.8301875
4.535714285714286 1.8301875
4.571428571428571 1.8301875
4.607142857142857 1.8337343750000001
4.642857142857143 1.8408281250000003
4.678571428571429 1.844375
4.714285714285714 1.8408281250000003
4.75 1.8514687500000002
4.785714285714286 1.869203125
4.821428571428571 1.869203125
4.857142857142857 1.8514687500000002
4.892857142857143 1.8514687500000002
4.928571428571429 1.8337343750000001
4.964285714285714 1.8195468750000001
5.0 1.8230937500000002
5.035714285714286 1.8301875
5.071428571428571 1.8479218750000002
5.107142857142857 1.8408281250000003
5.142857142857143 2.7133593750000005
5.178571428571429 1.8514687500000002
5.214285714285714 1.8585625000000001
5.25 1.844375
5.285714285714286 2.638875
5.321428571428571 2.635328125
5.357142857142857 2.614046875
5.392857142857143 1.7805312500000001
5.428571428571429 1.76634375
5.464285714285714 1.7627968750000003
5.5 1.776984375
5.535714285714286 1.791171875
5.571428571428571 1.8124531250000002
5.607142857142857 1.8124531250000002
5.642857142857143 1.791171875
5.678571428571429 1.7734375000000002
5.714285714285714 2.43315625
5.75 1.7592500000000002
5.785714285714286 1.76634375
5.821428571428571 1.76634375
5.857142857142857 1.776984375
5.892857142857143 1.76634375
5.928571428571429 1.727328125
5.964285714285714 1.7202343750000002
6.0 1.7095937500000002
6.035714285714286 1.7237812500000003
6.071428571428571 1.7627968750000003
6.107142857142857 1.805359375
6.142857142857143 1.8195468750000001
6.178571428571429 1.8727500000000001
6.214285714285714 1.9117656250000001
6.25 2.0252656250000003
6.285714285714286 2.2664531250000004
6.321428571428571 2.2593593750000003
6.357142857142857 2.24871875
6.392857142857143 2.245171875
6.428571428571429 2.2593593750000003
6.464285714285714 2.298375
6.5 2.3161093750000004
6.535714285714286 2.330296875
6.571428571428571 2.401234375
6.607142857142857 2.411875
6.642857142857143 2.429609375
6.678571428571429 2.457984375
6.714285714285714 2.4721718750000004
6.75 2.5253750000000004
6.785714285714286 2.5431093750000002
6.821428571428571 2.5821250000000004
6.857142857142857 2.1068437500000003
6.892857142857143 2.1103906250000004
6.928571428571429 2.1139375
6.964285714285714 2.1139375
7.0 2.117484375
7.035714285714286 2.12103125
7.071428571428571 2.12103125
7.107142857142857 2.1281250000000003
7.142857142857143 2.1281250000000003
7.178571428571429 2.1316718750000003
7.214285714285714 2.1316718750000003
7.25 2.1352187500000004
7.285714285714286 2.138765625
7.321428571428571 2.1423125
7.357142857142857 2.145859375
7.392857142857143 2.145859375
7.428571428571429 2.14940625
7.464285714285714 2.14940625
7.5 2.1529531250000002
7.535714285714286 2.1565000000000003
7.571428571428571 2.1565000000000003
7.607142857142857 2.1600468750000004
7.642857142857143 2.16359375
7.678571428571429 2.16359375
7.714285714285714 2.16359375
7.75 2.167140625
7.785714285714286 2.167140625
7.821428571428571 2.167140625
7.857142857142857 2.1706875
7.892857142857143 2.167140625
7.928571428571429 2.167140625
7.964285714285714 2.16359375
8.0 2.16359375
8.035714285714286 2.16359375
8.071428571428571 2.16359375
8.107142857142858 2.167140625
8.142857142857142 2.167140625
8.178571428571429 2.16359375
8.214285714285714 2.16359375
8.25 2.167140625
8.285714285714286 2.16359375
8.321428571428571 2.16359375
8.357142857142858 2.167140625
8.392857142857142 2.167140625
8.428571428571429 2.167140625
8.464285714285714 2.167140625
8.5 2.16359375
8.535714285714286 2.167140625
8.571428571428571 2.167140625
8.607142857142858 2.167140625
8.642857142857142 2.167140625
8.678571428571429 2.167140625
8.714285714285714 2.167140625
8.75 2.167140625
8.785714285714286 2.167140625
8.821428571428571 2.167140625
8.857142857142858 2.167140625
8.892857142857142 2.167140625
8.928571428571429 2.167140625
8.964285714285714 2.167140625
9.0 2.16359375
9.035714285714286 2.167140625
9.071428571428571 2.167140625
9.107142857142858 2.167140625
9.142857142857142 2.16359375
9.178571428571429 2.16359375
9.214285714285714 2.16359375
9.25 2.16359375
9.285714285714286 2.167140625
9.321428571428571 2.167140625
9.357142857142858 2.167140625
9.392857142857142 2.167140625
9.428571428571429 2.167140625
9.464285714285714 2.167140625
9.5 2.167140625
9.535714285714286 2.167140625
9.571428571428571 2.16359375
9.607142857142858 2.16359375
9.642857142857142 2.167140625
9.678571428571429 2.167140625
9.714285714285714 2.167140625
9.75 2.167140625
9.785714285714286 2.16359375
9.821428571428571 2.16359375
9.857142857142858 2.167140625
9.892857142857142 2.16359375
9.928571428571429 2.16359375
9.964285714285714 2.167140625
10.0 2.167140625
10.035714285714286 2.167140625
10.071428571428571 2.167140625
10.107142857142858 2.167140625
10.142857142857142 2.167140625
10.178571428571429 2.167140625
10.214285714285714 2.167140625
10.25 2.167140625
10.285714285714286 2.167140625
10.321428571428571 2.16359375
10.357142857142858 2.16359375
10.392857142857142 2.167140625
10.428571428571429 2.167140625
10.464285714285714 2.167140625
10.5 2.167140625
10.535714285714286 2.167140625
10.571428571428571 2.167140625
10.607142857142858 2.167140625
10.642857142857142 2.167140625
10.678571428571429 2.167140625
10.714285714285714 2.167140625
10.75 2.16359375
10.785714285714286 2.16359375
10.821428571428571 2.167140625
10.857142857142858 2.167140625
10.892857142857142 2.167140625
10.928571428571429 2.167140625
10.964285714285714 2.167140625
11.0 2.167140625
11.035714285714286 2.167140625
11.071428571428571 2.167140625
11.107142857142858 2.16359375
11.142857142857142 2.167140625
11.178571428571429 2.16359375
11.214285714285714 2.16359375
11.25 2.16359375
11.285714285714286 2.16359375
11.321428571428571 2.167140625
11.357142857142858 2.167140625
11.392857142857142 2.167140625
11.428571428571429 2.167140625
11.464285714285714 2.167140625
11.5 2.16359375
11.535714285714286 2.16359375
11.571428571428571 2.167140625
11.607142857142858 2.167140625
11.642857142857142 2.167140625
11.678571428571429 2.167140625
11.714285714285714 2.167140625
11.75 2.167140625
11.785714285714286 2.167140625
11.821428571428571 2.167140625
11.857142857142858 2.167140625
11.892857142857142 2.167140625
11.928571428571429 2.167140625
11.964285714285714 2.167140625
12.0 2.167140625
12.035714285714286 2.167140625
12.071428571428571 2.167140625
12.107142857142858 2.167140625
12.142857142857142 2.167140625
12.178571428571429 2.167140625
12.214285714285714 2.167140625
12.25 2.167140625
12.285714285714286 2.167140625
12.321428571428571 2.16359375
12.357142857142858 2.16359375
12.392857142857142 2.167140625
12.428571428571429 2.167140625
12.464285714285714 2.167140625
12.5 2.167140625
12.535714285714286 2.167140625
12.571428571428571 2.167140625
12.607142857142858 2.167140625
12.642857142857142 2.167140625
12.678571428571429 2.167140625
12.714285714285714 2.167140625
12.75 2.167140625
12.785714285714286 2.167140625
12.821428571428571 2.167140625
12.857142857142858 2.167140625
12.892857142857142 2.167140625
12.928571428571429 2.167140625
12.964285714285714 2.167140625
13.0 2.167140625
13.035714285714286 2.167140625
13.071428571428571 2.167140625
13.107142857142858 2.167140625
13.142857142857142 2.167140625
13.178571428571429 2.167140625
13.214285714285714 2.167140625
13.25 2.167140625
13.285714285714286 2.167140625
13.321428571428571 2.167140625
13.357142857142858 2.167140625
13.392857142857142 2.167140625
13.428571428571429 2.167140625
13.464285714285714 2.167140625
13.5 2.167140625
13.535714285714286 2.167140625
13.571428571428571 2.167140625
13.607142857142858 2.167140625
13.642857142857142 2.167140625
13.678571428571429 2.167140625
13.714285714285714 2.167140625
13.75 2.16359375
13.785714285714286 2.167140625
13.821428571428571 2.167140625
13.857142857142858 2.167140625
13.892857142857142 2.167140625
13.928571428571429 2.167140625
13.964285714285714 2.167140625
14.0 2.167140625
14.035714285714286 2.16359375
14.071428571428571 2.167140625
14.107142857142858 2.167140625
14.142857142857142 2.167140625
14.178571428571429 2.167140625
14.214285714285714 2.167140625
14.25 2.167140625
14.285714285714286 2.167140625
14.321428571428571 2.167140625
14.357142857142858 2.174234375
14.392857142857142 2.1777812500000002
14.428571428571429 2.174234375
14.464285714285714 2.1706875
14.5 2.138765625
14.535714285714286 2.1529531250000002
14.571428571428571 2.16359375
14.607142857142858 2.1529531250000002
14.642857142857142 2.1529531250000002
14.678571428571429 2.1600468750000004
14.714285714285714 2.174234375
14.75 2.138765625
14.785714285714286 2.1316718750000003
14.821428571428571 2.124578125
14.857142857142858 2.1068437500000003
14.892857142857142 2.117484375
14.928571428571429 2.1423125
14.964285714285714 2.1706875
15.0 2.1706875
15.035714285714286 2.1423125
15.071428571428571 2.1139375
15.107142857142858 2.0536406250000003
15.142857142857142 2.7133593750000005
15.178571428571429 2.071375
15.214285714285714 2.0784687500000003
15.25 2.0855625
15.285714285714286 2.0820156250000004
15.321428571428571 2.039453125
15.357142857142858 2.014625
15.392857142857142 2.018171875
15.428571428571429 2.0252656250000003
15.464285714285714 2.03590625
15.5 2.0536406250000003
15.535714285714286 2.060734375
15.571428571428571 2.039453125
15.607142857142858 2.0039843750000004
15.642857142857142 1.9897968750000001
15.678571428571429 2.0039843750000004
15.714285714285714 2.014625
15.75 2.071375
15.785714285714286 2.0749218750000002
15.821428571428571 2.1068437500000003
15.857142857142858 2.19196875
15.892857142857142 2.3444843750000004
15.928571428571429 2.3090156250000002
15.964285714285714 2.294828125
16.0 2.2912812500000004
16.035714285714285 2.280640625
16.071428571428573 2.27
16.107142857142858 2.216796875
16.142857142857142 2.22034375
16.178571428571427 2.195515625
16.214285714285715 2.19196875
16.25 2.1777812500000002
16.285714285714285 2.174234375
16.321428571428573 2.174234375
16.357142857142858 2.167140625
16.392857142857142 2.167140625
16.428571428571427 2.167140625
16.464285714285715 2.167140625
16.5 2.16359375
16.535714285714285 2.167140625
16.571428571428573 2.16359375
16.607142857142858 2.1600468750000004
16.642857142857142 2.1600468750000004
16.678571428571427 2.1600468750000004
16.714285714285715 2.1600468750000004
16.75 2.1600468750000004
16.785714285714285 2.1600468750000004
16.821428571428573 2.1600468750000004
16.857142857142858 2.1600468750000004
16.892857142857142 2.1600468750000004
16.928571428571427 2.1600468750000004
16.964285714285715 2.1600468750000004
17.0 2.1600468750000004
17.035714285714285 2.1600468750000004
17.071428571428573 2.1600468750000004
17.107142857142858 2.1600468750000004
17.142857142857142 2.1600468750000004
17.178571428571427 2.1600468750000004
17.214285714285715 2.1600468750000004
17.25 2.1600468750000004
17.285714285714285 2.1600468750000004
17.321428571428573 2.1600468750000004
17.357142857142858 2.1600468750000004
17.392857142857142 2.1600468750000004
17.428571428571427 2.1600468750000004
17.464285714285715 2.1600468750000004
17.5 2.1600468750000004
17.535714285714285 2.1565000000000003
17.571428571428573 2.1565000000000003
17.607142857142858 2.1565000000000003
17.642857142857142 2.1600468750000004
17.678571428571427 2.1600468750000004
17.714285714285715 2.1600468750000004
17.75 2.1565000000000003
17.785714285714285 2.1565000000000003
17.821428571428573 2.1600468750000004
17.857142857142858 2.1600468750000004
17.892857142857142 2.1600468750000004
17.928571428571427 2.1600468750000004
17.964285714285715 2.1600468750000004
18.0 2.1600468750000004
18.035714285714285 2.1600468750000004
18.071428571428573 2.1600468750000004
18.107142857142858 2.1600468750000004
18.142857142857142 2.1600468750000004
18.178571428571427 2.1600468750000004
18.214285714285715 2.1600468750000004
18.25 2.1565000000000003
18.285714285714285 2.1600468750000004
18.321428571428573 2.1565000000000003
18.357142857142858 2.1565000000000003
18.392857142857142 2.1600468750000004
18.428571428571427 2.1600468750000004
18.464285714285715 2.1600468750000004
18.5 2.1600468750000004
18.535714285714285 2.1600468750000004
18.571428571428573 2.1600468750000004
18.607142857142858 2.1600468750000004
18.642857142857142 2.1565000000000003
18.678571428571427 2.1565000000000003
18.714285714285715 2.1600468750000004
18.75 2.1600468750000004
18.785714285714285 2.1600468750000004
18.821428571428573 2.1600468750000004
18.857142857142858 2.1600468750000004
18.892857142857142 2.1600468750000004
18.928571428571427 2.1600468750000004
18.964285714285715 2.1600468750000004
19.0 2.1600468750000004
19.035714285714285 2.1600468750000004
19.071428571428573 2.1600468750000004
19.107142857142858 2.1600468750000004
19.142857142857142 2.1600468750000004
19.178571428571427 2.1600468750000004
19.214285714285715 2.1600468750000004
19.25 2.1600468750000004
19.285714285714285 2.1600468750000004
19.321428571428573 2.1600468750000004
19.357142857142858 2.1600468750000004
19.392857142857142 2.1600468750000004
19.428571428571427 2.1600468750000004
19.464285714285715 2.1600468750000004
19.5 2.1600468750000004
19.535714285714285 2.1600468750000004
19.571428571428573 2.1600468750000004
19.607142857142858 2.1600468750000004
19.642857142857142 2.1600468750000004
19.678571428571427 2.1600468750000004
19.714285714285715 2.1600468750000004
19.75 2.1600468750000004
19.785714285714285 2.1600468750000004
19.821428571428573 2.1600468750000004
19.857142857142858 2.1600468750000004
19.892857142857142 2.1600468750000004
19.928571428571427 2.1600468750000004
19.964285714285715 2.1600468750000004
20.0 2.1565000000000003
20.035714285714285 2.1565000000000003
20.071428571428573 2.1600468750000004
20.107142857142858 2.1600468750000004
20.142857142857142 2.1600468750000004
20.178571428571427 2.1600468750000004
20.214285714285715 2.1600468750000004
20.25 2.1600468750000004
20.285714285714285 2.1600468750000004
20.321428571428573 2.1600468750000004
20.357142857142858 2.1600468750000004
20.392857142857142 2.1565000000000003
20.428571428571427 2.1600468750000004
20.464285714285715 2.1600468750000004
20.5 2.1600468750000004
20.535714285714285 2.1600468750000004
20.571428571428573 2.1600468750000004
20.607142857142858 2.1600468750000004
20.642857142857142 2.1600468750000004
20.678571428571427 2.1600468750000004
20.714285714285715 2.1600468750000004
20.75 2.1600468750000004
20.785714285714285 2.1565000000000003
20.821428571428573 2.1565000000000003
20.857142857142858 2.1600468750000004
20.892857142857142 2.1600468750000004
20.928571428571427 2.1600468750000004
20.964285714285715 2.1600468750000004
21.0 2.1600468750000004
21.035714285714285 2.1600468750000004
21.071428571428573 2.1600468750000004
21.107142857142858 2.1600468750000004
21.142857142857142 2.1600468750000004
21.178571428571427 2.1600468750000004
21.214285714285715 2.1600468750000004
21.25 2.1600468750000004
21.285714285714285 2.1600468750000004
21.321428571428573 2.1600468750000004
21.357142857142858 2.1600468750000004
21.392857142857142 2.1600468750000004
21.428571428571427 2.1600468750000004
21.464285714285715 2.1600468750000004
21.5 2.1600468750000004
21.535714285714285 2.1600468750000004
21.571428571428573 2.1600468750000004
21.607142857142858 2.1600468750000004
21.642857142857142 2.1600468750000004
21.678571428571427 2.1600468750000004
21.714285714285715 2.1600468750000004
21.75 2.1600468750000004
21.785714285714285 2.1600468750000004
21.821428571428573 2.1600468750000004
21.857142857142858 2.1600468750000004
21.892857142857142 2.1600468750000004
21.928571428571427 2.1600468750000004
21.964285714285715 2.1600468750000004
22.0 2.1600468750000004
22.035714285714285 2.1600468750000004
22.071428571428573 2.1565000000000003
22.107142857142858 2.1565000000000003
22.142857142857142 2.1600468750000004
22.178571428571427 2.1600468750000004
22.214285714285715 2.1600468750000004
22.25 2.1565000000000003
22.285714285714285 2.1600468750000004
22.321428571428573 2.1600468750000004
22.357142857142858 2.1600468750000004
22.392857142857142 2.1600468750000004
22.428571428571427 2.1600468750000004
22.464285714285715 2.1600468750000004
22.5 2.1600468750000004
22.535714285714285 2.1600468750000004
22.571428571428573 2.1600468750000004
22.607142857142858 2.1600468750000004
22.642857142857142 2.1565000000000003
22.678571428571427 2.1565000000000003
22.714285714285715 2.1600468750000004
22.75 2.1600468750000004
22.785714285714285 2.1600468750000004
22.821428571428573 2.1600468750000004
22.857142857142858 2.1600468750000004
22.892857142857142 2.1600468750000004
22.928571428571427 2.1600468750000004
22.964285714285715 2.1600468750000004
23.0 2.1600468750000004
23.035714285714285 2.1600468750000004
23.071428571428573 2.1565000000000003
23.107142857142858 2.1600468750000004
23.142857142857142 2.1600468750000004
23.178571428571427 2.1600468750000004
23.214285714285715 2.1565000000000003
23.25 2.1600468750000004
23.285714285714285 2.1565000000000003
23.321428571428573 2.1565000000000003
23.357142857142858 2.1565000000000003
23.392857142857142 2.1600468750000004
23.428571428571427 2.1600468750000004
23.464285714285715 2.1600468750000004
23.5 2.1600468750000004
23.535714285714285 2.1600468750000004
23.571428571428573 2.1600468750000004
23.607142857142858 2.1600468750000004
23.642857142857142 2.1600468750000004
23.678571428571427 2.1600468750000004
23.714285714285715 2.1600468750000004
23.75 2.1600468750000004
23.785714285714285 2.1600468750000004
23.821428571428573 2.1600468750000004
23.857142857142858 2.1600468750000004
23.892857142857142 2.1600468750000004
23.928571428571427 2.1600468750000004
23.964285714285715 2.1600468750000004
24.0 2.1600468750000004
24.035714285714285 2.1600468750000004
24.071428571428573 2.1706875
24.107142857142858 2.19196875
24.142857142857142 2.19196875
24.178571428571427 2.2274375
24.214285714285715 2.216796875
24.25 2.19196875
24.285714285714285 2.1777812500000002
24.321428571428573 2.16359375
24.357142857142858 2.1813281250000003
24.392857142857142 2.1884218750000004
24.428571428571427 2.195515625
24.464285714285715 2.2309843750000002
24.5 2.2558125
24.535714285714285 2.216796875
24.571428571428573 2.2132500000000004
24.607142857142858 2.1813281250000003
24.642857142857142 2.174234375
24.678571428571427 2.1529531250000002
24.714285714285715 2.14940625
24.75 2.1565000000000003
24.785714285714285 2.167140625
24.821428571428573 2.1706875
24.857142857142858 2.174234375
24.892857142857142 2.1529531250000002
24.928571428571427 2.138765625
24.964285714285715 2.138765625
25.0 2.167140625
25.035714285714285 2.167140625
25.071428571428573 2.174234375
25.107142857142858 2.14940625
25.142857142857142 2.7133593750000005
25.214285714285715 2.0820156250000004
25.25 2.0749218750000002
25.285714285714285 2.0820156250000004
25.321428571428573 2.0997500000000002
25.357142857142858 2.14940625
25.392857142857142 2.2061562500000003
25.428571428571427 2.216796875
25.464285714285715 2.174234375
25.5 2.1068437500000003
25.535714285714285 2.089109375
25.571428571428573 2.067828125
25.607142857142858 2.0855625
25.642857142857142 2.1032968750000003
25.678571428571427 2.1032968750000003
25.714285714285715 2.0536406250000003
25.75 2.06428125
25.785714285714285 2.12103125
25.821428571428573 2.1423125
25.857142857142858 2.16359375
25.892857142857142 2.1706875
25.928571428571427 2.1813281250000003
25.964285714285715 2.30546875
26.0 2.138765625
26.035714285714285 2.1423125
26.071428571428573 2.1352187500000004
26.107142857142858 2.117484375
26.142857142857142 2.1139375
26.178571428571427 2.2132500000000004
26.214285714285715 2.1068437500000003
26.25 2.1068437500000003
26.285714285714285 2.1068437500000003
26.321428571428573 2.1068437500000003
26.357142857142858 2.1139375
26.392857142857142 2.1032968750000003
26.428571428571427 2.1032968750000003
26.464285714285715 2.0997500000000002
26.5 2.1032968750000003
26.535714285714285 2.1032968750000003
26.571428571428573 2.1032968750000003
26.607142857142858 2.1032968750000003
26.642857142857142 2.1032968750000003
26.678571428571427 2.1032968750000003
26.714285714285715 2.1032968750000003
26.75 2.1032968750000003
26.785714285714285 2.1032968750000003
26.821428571428573 2.1032968750000003
26.857142857142858 2.1032968750000003
26.892857142857142 2.1032968750000003
26.928571428571427 2.1032968750000003
26.964285714285715 2.1032968750000003
27.0 2.1032968750000003
27.035714285714285 2.1032968750000003
27.071428571428573 2.1032968750000003
27.107142857142858 2.1032968750000003
27.142857142857142 2.1032968750000003
27.178571428571427 2.1032968750000003
27.214285714285715 2.1032968750000003
27.25 2.1032968750000003
27.285714285714285 2.1032968750000003
27.321428571428573 2.1032968750000003
27.357142857142858 2.1032968750000003
27.392857142857142 2.1032968750000003
27.428571428571427 2.1032968750000003
27.464285714285715 2.1032968750000003
27.5 2.1032968750000003
27.535714285714285 2.1032968750000003
27.571428571428573 2.1032968750000003
27.607142857142858 2.1032968750000003
27.642857142857142 2.1032968750000003
27.678571428571427 2.1032968750000003
27.714285714285715 2.1032968750000003
27.75 2.1032968750000003
27.785714285714285 2.1032968750000003
27.821428571428573 2.1032968750000003
27.857142857142858 2.1032968750000003
27.892857142857142 2.1032968750000003
27.928571428571427 2.1032968750000003
27.964285714285715 2.1032968750000003
28.0 2.1032968750000003
28.035714285714285 2.1032968750000003
28.071428571428573 2.1032968750000003
28.107142857142858 2.1032968750000003
28.142857142857142 2.1032968750000003
28.178571428571427 2.1032968750000003
28.214285714285715 2.1032968750000003
28.25 2.1032968750000003
28.285714285714285 2.1032968750000003
28.321428571428573 2.1032968750000003
28.357142857142858 2.1032968750000003
28.392857142857142 2.1032968750000003
28.428571428571427 2.1032968750000003
28.464285714285715 2.1032968750000003
28.5 2.1032968750000003
28.535714285714285 2.1032968750000003
28.571428571428573 2.1032968750000003
28.607142857142858 2.1032968750000003
28.642857142857142 2.1032968750000003
28.678571428571427 2.1032968750000003
28.714285714285715 2.1032968750000003
28.75 2.1032968750000003
28.785714285714285 2.1032968750000003
28.821428571428573 2.1032968750000003
28.857142857142858 2.1032968750000003
28.892857142857142 2.1032968750000003
28.928571428571427 2.1032968750000003
28.964285714285715 2.1032968750000003
29.0 2.1032968750000003
29.035714285714285 2.1032968750000003
29.071428571428573 2.1032968750000003
29.107142857142858 2.1032968750000003
29.142857142857142 2.1032968750000003
29.178571428571427 2.1032968750000003
29.214285714285715 2.1032968750000003
29.25 2.1032968750000003
29.285714285714285 2.1032968750000003
29.321428571428573 2.1032968750000003
29.357142857142858 2.1032968750000003
29.392857142857142 2.1032968750000003
29.428571428571427 2.1032968750000003
29.464285714285715 2.1032968750000003
29.5 2.1032968750000003
29.535714285714285 2.1032968750000003
29.571428571428573 2.1032968750000003
29.607142857142858 2.1032968750000003
29.642857142857142 2.1032968750000003
29.678571428571427 2.1032968750000003
29.714285714285715 2.1032968750000003
29.75 2.1032968750000003
29.785714285714285 2.1032968750000003
29.821428571428573 2.1032968750000003
29.857142857142858 2.1032968750000003
29.892857142857142 2.1032968750000003
29.928571428571427 2.1032968750000003
29.964285714285715 2.1032968750000003
30.0 2.1032968750000003
30.035714285714285 2.1068437500000003
30.071428571428573 2.1032968750000003
30.107142857142858 2.1032968750000003
30.142857142857142 2.1032968750000003
30.178571428571427 2.1032968750000003
30.214285714285715 2.1032968750000003
30.25 2.1032968750000003
30.285714285714285 2.1032968750000003
30.321428571428573 2.1032968750000003
30.357142857142858 2.1032968750000003
30.392857142857142 2.1032968750000003
30.428571428571427 2.1032968750000003
30.464285714285715 2.1032968750000003
30.5 2.1032968750000003
30.535714285714285 2.1032968750000003
30.571428571428573 2.1032968750000003
30.607142857142858 2.1032968750000003
30.642857142857142 2.1032968750000003
30.678571428571427 2.1032968750000003
30.714285714285715 2.1032968750000003
30.75 2.1032968750000003
30.785714285714285 2.1032968750000003
30.821428571428573 2.1032968750000003
30.857142857142858 2.1032968750000003
30.892857142857142 2.1032968750000003
30.928571428571427 2.1032968750000003
30.964285714285715 2.1032968750000003
31.0 2.1032968750000003
31.035714285714285 2.1032968750000003
31.071428571428573 2.1032968750000003
31.107142857142858 2.1032968750000003
31.142857142857142 2.1032968750000003
31.178571428571427 2.1032968750000003
31.214285714285715 2.1032968750000003
31.25 2.1032968750000003
31.285714285714285 2.1032968750000003
31.321428571428573 2.1032968750000003
31.357142857142858 2.1032968750000003
31.392857142857142 2.1032968750000003
31.428571428571427 2.1032968750000003
31.464285714285715 2.1032968750000003
31.5 2.1032968750000003
31.535714285714285 2.1032968750000003
31.571428571428573 2.1032968750000003
31.607142857142858 2.1032968750000003
31.642857142857142 2.1032968750000003
31.678571428571427 2.1032968750000003
31.714285714285715 2.1032968750000003
31.75 2.1032968750000003
31.785714285714285 2.1032968750000003
31.821428571428573 2.1032968750000003
31.857142857142858 2.1032968750000003
31.892857142857142 2.1032968750000003
31.928571428571427 2.1032968750000003
31.964285714285715 2.1032968750000003
32.0 2.1032968750000003
32.035714285714285 2.1032968750000003
32.07142857142857 2.1032968750000003
32.107142857142854 2.1032968750000003
32.142857142857146 2.1032968750000003
32.17857142857143 2.1032968750000003
32.214285714285715 2.1032968750000003
32.25 2.1032968750000003
32.285714285714285 2.1032968750000003
32.32142857142857 2.1032968750000003
32.357142857142854 2.1032968750000003
32.392857142857146 2.1032968750000003
32.42857142857143 2.1032968750000003
32.464285714285715 2.1032968750000003
32.5 2.1032968750000003
32.535714285714285 2.1032968750000003
32.57142857142857 2.1032968750000003
32.607142857142854 2.1032968750000003
32.642857142857146 2.1032968750000003
32.67857142857143 2.1032968750000003
32.714285714285715 2.1032968750000003
32.75 2.1032968750000003
32.785714285714285 2.1032968750000003
32.82142857142857 2.1032968750000003
32.857142857142854 2.1032968750000003
32.892857142857146 2.1032968750000003
32.92857142857143 2.1032968750000003
32.964285714285715 2.1032968750000003
33.0 2.1032968750000003
33.035714285714285 2.1032968750000003
33.07142857142857 2.1032968750000003
33.107142857142854 2.1032968750000003
33.142857142857146 2.1032968750000003
33.17857142857143 2.1032968750000003
33.214285714285715 2.1032968750000003
33.25 2.1032968750000003
33.285714285714285 2.1032968750000003
33.32142857142857 2.1032968750000003
33.357142857142854 2.1032968750000003
33.392857142857146 2.1032968750000003
33.42857142857143 2.1032968750000003
33.464285714285715 2.1032968750000003
33.5 2.1032968750000003
33.535714285714285 2.1032968750000003
33.57142857142857 2.1032968750000003
33.607142857142854 2.1032968750000003
33.642857142857146 2.1032968750000003
33.67857142857143 2.1032968750000003
33.714285714285715 2.1032968750000003
33.75 2.1032968750000003
33.785714285714285 2.1032968750000003
33.82142857142857 2.1032968750000003
33.857142857142854 2.1032968750000003
33.892857142857146 2.1032968750000003
33.92857142857143 2.1032968750000003
33.964285714285715 2.1032968750000003
34.0 2.1032968750000003
34.035714285714285 2.1032968750000003
34.07142857142857 2.1032968750000003
34.107142857142854 2.1032968750000003
34.142857142857146 2.1032968750000003
34.17857142857143 2.1032968750000003
34.214285714285715 2.1032968750000003
34.25 2.1032968750000003
34.285714285714285 2.1032968750000003
34.32142857142857 2.1032968750000003
34.357142857142854 2.1032968750000003
34.392857142857146 2.1032968750000003
34.42857142857143 2.1032968750000003
34.464285714285715 2.1032968750000003
34.5 2.1032968750000003
34.535714285714285 2.1032968750000003
34.57142857142857 2.1032968750000003
34.607142857142854 2.1032968750000003
34.642857142857146 2.1032968750000003
34.67857142857143 2.1032968750000003
34.714285714285715 2.1032968750000003
34.75 2.1032968750000003
34.785714285714285 2.1032968750000003
34.82142857142857 2.1032968750000003
34.857142857142854 2.1032968750000003
34.892857142857146 2.1032968750000003
34.92857142857143 2.1032968750000003
34.964285714285715 2.1032968750000003
35.0 2.1032968750000003
35.035714285714285 2.1032968750000003
35.07142857142857 2.1032968750000003
35.107142857142854 2.1032968750000003
35.142857142857146 2.1032968750000003
35.17857142857143 2.1032968750000003
35.214285714285715 2.1032968750000003
35.25 2.1032968750000003
35.285714285714285 2.1032968750000003
35.32142857142857 2.1032968750000003
35.357142857142854 2.1032968750000003
35.392857142857146 2.1032968750000003
35.42857142857143 2.1032968750000003
35.464285714285715 2.1032968750000003
35.5 2.1032968750000003
35.535714285714285 2.1032968750000003
35.57142857142857 2.1032968750000003
35.607142857142854 2.1032968750000003
35.642857142857146 2.1032968750000003
35.67857142857143 2.1032968750000003
35.714285714285715 2.1032968750000003
35.75 2.1032968750000003
35.785714285714285 2.1032968750000003
35.82142857142857 2.1032968750000003
35.857142857142854 2.1032968750000003
35.892857142857146 2.1032968750000003
35.92857142857143 2.1032968750000003
35.964285714285715 2.1032968750000003
36.0 2.1068437500000003
36.035714285714285 2.1103906250000004
36.07142857142857 2.1103906250000004
36.107142857142854 2.1103906250000004
36.142857142857146 2.1103906250000004
36.17857142857143 2.1103906250000004
36.214285714285715 2.1103906250000004
36.25 2.1139375
36.285714285714285 2.1139375
36.32142857142857 2.1316718750000003
36.357142857142854 2.117484375
36.392857142857146 2.1103906250000004
36.42857142857143 2.09265625
36.464285714285715 2.067828125
36.5 2.1139375
36.535714285714285 2.1139375
36.57142857142857 2.1139375
36.607142857142854 2.1139375
36.642857142857146 2.1139375
36.67857142857143 2.1139375
36.714285714285715 2.1139375
36.75 2.1139375
36.785714285714285 2.1139375
36.82142857142857 2.1139375
36.857142857142854 2.1139375
36.892857142857146 2.1139375
36.92857142857143 2.1139375
36.964285714285715 2.1139375
37.0 2.1139375
37.035714285714285 2.1139375
37.07142857142857 2.1139375
37.107142857142854 2.1139375
37.142857142857146 2.1139375
37.17857142857143 2.1139375
37.214285714285715 2.1139375
37.25 2.1139375
37.285714285714285 2.1139375
37.32142857142857 2.1139375
37.357142857142854 2.1139375
37.392857142857146 2.1139375
37.42857142857143 2.1139375
37.464285714285715 2.1139375
37.5 2.1139375
37.535714285714285 2.1139375
37.57142857142857 2.1139375
37.607142857142854 2.1139375
37.642857142857146 2.1139375
37.67857142857143 2.1139375
37.714285714285715 2.1139375
37.75 2.1139375
37.785714285714285 2.1139375
37.82142857142857 2.1139375
37.857142857142854 2.1139375
37.892857142857146 2.1139375
37.92857142857143 2.1139375
37.964285714285715 2.1139375
38.0 2.1139375
38.035714285714285 2.1139375
38.07142857142857 2.1139375
38.107142857142854 2.1139375
38.142857142857146 2.1139375
38.17857142857143 2.1139375
38.214285714285715 2.1139375
38.25 2.1139375
38.285714285714285 2.1139375
38.32142857142857 2.1139375
38.357142857142854 2.1139375
38.392857142857146 2.1139375
38.42857142857143 2.1139375
38.464285714285715 2.1139375
38.5 2.1139375
38.535714285714285 2.1139375
38.57142857142857 2.1139375
38.607142857142854 2.1139375
38.642857142857146 2.1139375
38.67857142857143 2.1139375
38.714285714285715 2.1139375
38.75 2.1139375
38.785714285714285 2.1139375
38.82142857142857 2.1139375
38.857142857142854 2.1139375
38.892857142857146 2.1139375
38.92857142857143 2.1139375
38.964285714285715 2.1139375
39.0 2.1139375
39.035714285714285 2.1139375
39.07142857142857 2.1139375
39.107142857142854 2.1139375
39.142857142857146 2.1139375
39.17857142857143 2.1139375
39.214285714285715 2.1139375
39.25 2.1139375
39.285714285714285 2.1139375
39.32142857142857 2.1139375
39.357142857142854 2.1139375
39.392857142857146 2.1139375
39.42857142857143 2.1139375
39.464285714285715 2.1139375
39.5 2.1139375
39.535714285714285 2.1139375
39.57142857142857 2.1139375
39.607142857142854 2.1139375
39.642857142857146 2.1139375
39.67857142857143 2.1139375
39.714285714285715 2.1139375
39.75 2.1139375
39.785714285714285 2.1139375
39.82142857142857 2.1139375
39.857142857142854 2.1139375
39.892857142857146 2.1139375
39.92857142857143 2.1139375
