0.03571428571428571 3.188640625
0.07142857142857142 3.188640625
0.10714285714285714 3.188640625
0.14285714285714285 3.188640625
0.17857142857142858 3.1850937500000005
0.21428571428571427 3.1850937500000005
0.25 3.1744531250000003
0.2857142857142857 3.1850937500000005
0.32142857142857145 3.1815468750000004
0.35714285714285715 3.1780000000000004
0.39285714285714285 3.1780000000000004
0.42857142857142855 3.1780000000000004
0.4642857142857143 3.1780000000000004
0.5 3.1780000000000004
0.5357142857142857 3.1780000000000004
0.5714285714285714 3.1780000000000004
0.6071428571428571 3.1815468750000004
0.6428571428571429 2.933265625
0.6785714285714286 3.1780000000000004
0.7142857142857143 3.1744531250000003
0.75 3.167359375
0.7857142857142857 3.1709062500000003
0.8214285714285714 3.1709062500000003
0.8571428571428571 3.1709062500000003
0.8928571428571429 3.1709062500000003
0.9285714285714286 3.1709062500000003
0.9642857142857143 3.1744531250000003
1.0 2.8587812500000003
1.0357142857142858 3.1744531250000003
1.0714285714285714 3.167359375
1.1071428571428572 3.1638125
1.1428571428571428 3.160265625
1.1785714285714286 3.160265625
1.2142857142857142 3.160265625
1.25 3.160265625
1.2857142857142858 3.160265625
1.3214285714285714 3.160265625
1.3571428571428572 3.1531718750000004
1.3928571428571428 3.167359375
1.4285714285714286 3.1638125
1.4642857142857142 3.160265625
1.5 3.1567187500000005
1.5357142857142858 3.1567187500000005
1.5714285714285714 3.1567187500000005
1.6071428571428572 3.1567187500000005
1.6428571428571428 3.160265625
1.6785714285714286 3.1567187500000005
1.7142857142857142 3.160265625
1.75 2.90134375
1.7857142857142858 3.160265625
1.8214285714285714 3.1567187500000005
1.8571428571428572 3.1496250000000003
1.8928571428571428 3.1496250000000003
1.9285714285714286 3.1531718750000004
1.9642857142857142 3.1531718750000004
2.0 3.1531718750000004
2.0357142857142856 3.1496250000000003
2.0714285714285716 3.1531718750000004
2.107142857142857 2.826859375
2.142857142857143 3.1531718750000004
2.1785714285714284 3.1496250000000003
2.2142857142857144 3.1460781250000003
2.25 3.14253125
2.2857142857142856 3.14253125
2.3214285714285716 3.14253125
2.357142857142857 3.14253125
2.392857142857143 3.14253125
2.4285714285714284 3.14253125
2.4642857142857144 3.14253125
2.5 3.1496250000000003
2.5357142857142856 3.14253125
2.5714285714285716 3.138984375
2.607142857142857 3.1354375
2.642857142857143 3.1354375
2.6785714285714284 3.1354375
2.7142857142857144 3.138984375
2.75 3.138984375
2.7857142857142856 3.1354375
2.8214285714285716 3.138984375
2.857142857142857 2.8694218750000005
2.892857142857143 3.1354375
2.9285714285714284 3.1318906250000005
2.9642857142857144 3.1283437500000004
3.0 3.1283437500000004
3.0357142857142856 3.1283437500000004
3.0714285714285716 3.1283437500000004
3.107142857142857 3.1283437500000004
3.142857142857143 3.1283437500000004
3.1785714285714284 3.1283437500000004
3.2142857142857144 3.1283437500000004
3.25 3.1354375
3.2857142857142856 3.1283437500000004
3.3214285714285716 3.1247968750000004
3.357142857142857 3.1247968750000004
3.392857142857143 3.1247968750000004
3.4285714285714284 3.1247968750000004
3.4642857142857144 3.1247968750000004
3.5 3.1247968750000004
3.5357142857142856 3.1247968750000004
3.5714285714285716 3.1247968750000004
3.607142857142857 3.1318906250000005
3.642857142857143 3.1247968750000004
3.6785714285714284 3.1212500000000003
3.7142857142857144 3.1212500000000003
3.75 3.1212500000000003
3.7857142857142856 3.1212500000000003
3.8214285714285716 3.1212500000000003
3.857142857142857 3.1212500000000003
3.892857142857143 3.1177031250000002
3.9285714285714284 3.1212500000000003
3.9642857142857144 2.8587812500000003
4.0 3.1212500000000003
4.035714285714286 3.11415625
4.071428571428571 3.11415625
4.107142857142857 3.11415625
4.142857142857143 3.11415625
4.178571428571429 3.11415625
4.214285714285714 3.11415625
4.25 3.110609375
4.285714285714286 3.110609375
4.321428571428571 3.11415625
4.357142857142857 3.1177031250000002
4.392857142857143 3.11415625
4.428571428571429 3.110609375
4.464285714285714 3.1070625000000005
4.5 3.110609375
4.535714285714286 3.110609375
4.571428571428571 3.110609375
4.607142857142857 3.1070625000000005
4.642857142857143 3.1035156250000004
4.678571428571429 3.1070625000000005
4.714285714285714 2.8836093750000003
4.75 3.1070625000000005
4.785714285714286 3.0999687500000004
4.821428571428571 3.0999687500000004
4.857142857142857 3.1035156250000004
4.892857142857143 3.0999687500000004
4.928571428571429 3.0999687500000004
4.964285714285714 3.0999687500000004
5.0 3.0964218750000003
5.035714285714286 3.0999687500000004
5.071428571428571 2.819765625
5.107142857142857 3.0999687500000004
5.142857142857143 3.0964218750000003
5.178571428571429 3.0928750000000003
5.214285714285714 3.0928750000000003
5.25 3.0928750000000003
5.285714285714286 3.0964218750000003
5.321428571428571 3.0928750000000003
5.357142857142857 3.0928750000000003
5.392857142857143 3.089328125
5.428571428571429 2.7630156250000004
5.464285714285714 3.0964218750000003
5.5 3.089328125
5.535714285714286 3.08578125
5.571428571428571 3.08578125
5.607142857142857 3.08578125
5.642857142857143 3.08578125
5.678571428571429 3.08578125
5.714285714285714 3.08578125
5.75 3.082234375
5.785714285714286 3.08578125
5.821428571428571 2.8304062500000002
5.857142857142857 3.08578125
5.892857142857143 3.0786875000000005
5.928571428571429 3.0786875000000005
5.964285714285714 3.082234375
6.0 3.082234375
6.035714285714286 3.0786875000000005
6.071428571428571 3.082234375
6.107142857142857 3.0786875000000005
6.142857142857143 3.0786875000000005
6.178571428571429 2.7878437500000004
6.214285714285714 3.0786875000000005
6.25 3.0786875000000005
6.285714285714286 3.0751406250000004
6.321428571428571 3.0786875000000005
6.357142857142857 3.0751406250000004
6.392857142857143 3.0751406250000004
6.428571428571429 3.0751406250000004
6.464285714285714 3.0751406250000004
6.5 3.0715937500000003
6.535714285714286 2.724
6.571428571428571 3.0715937500000003
6.607142857142857 3.0715937500000003
6.642857142857143 3.0680468750000003
6.678571428571429 3.0715937500000003
6.714285714285714 3.0715937500000003
6.75 3.0715937500000003
6.785714285714286 3.0715937500000003
6.821428571428571 3.0680468750000003
6.857142857142857 3.0680468750000003
6.892857142857143 3.0680468750000003
6.928571428571429 2.8055781250000003
6.964285714285714 3.0680468750000003
7.0 3.0645000000000002
7.035714285714286 3.0645000000000002
7.071428571428571 3.0645000000000002
7.107142857142857 3.0645000000000002
7.142857142857143 3.0645000000000002
7.178571428571429 3.0645000000000002
7.214285714285714 3.0645000000000002
7.25 3.0645000000000002
7.321428571428571 3.0645000000000002
7.357142857142857 3.0645000000000002
7.392857142857143 3.060953125
7.428571428571429 3.060953125
7.464285714285714 3.0645000000000002
7.5 3.060953125
7.535714285714286 3.060953125
7.571428571428571 3.060953125
7.607142857142857 3.05740625
7.642857142857143 2.7133593750000005
7.678571428571429 2.8233125
7.714285714285714 3.060953125
7.75 3.0538593750000005
7.785714285714286 3.05740625
7.821428571428571 3.05740625
7.857142857142857 3.05740625
7.892857142857143 3.05740625
7.928571428571429 3.05740625
7.964285714285714 3.0538593750000005
8.0 3.0538593750000005
8.035714285714286 2.7842968750000003
8.071428571428571 3.0538593750000005
8.107142857142858 3.0503125000000004
8.142857142857142 3.0503125000000004
8.178571428571429 3.0503125000000004
8.214285714285714 3.0538593750000005
8.25 3.0503125000000004
8.285714285714286 3.0503125000000004
8.321428571428571 3.0503125000000004
8.357142857142858 3.0503125000000004
8.428571428571429 3.0503125000000004
8.464285714285714 3.0467656250000004
8.5 3.0467656250000004
8.535714285714286 3.0467656250000004
8.571428571428571 3.0467656250000004
8.607142857142858 3.0467656250000004
8.642857142857142 3.0467656250000004
8.678571428571429 3.0467656250000004
8.714285714285714 3.0467656250000004
8.75 3.0396718750000002
8.785714285714286 2.7878437500000004
8.821428571428571 3.0432187500000003
8.857142857142858 3.0396718750000002
8.892857142857142 3.0396718750000002
8.928571428571429 3.0396718750000002
8.964285714285714 3.0432187500000003
9.0 3.0396718750000002
9.035714285714286 3.0396718750000002
9.071428571428571 3.036125
9.107142857142858 3.036125
9.142857142857142 2.7133593750000005
9.178571428571429 3.036125
9.214285714285714 3.036125
9.25 3.032578125
9.285714285714286 3.032578125
9.321428571428571 3.032578125
9.357142857142858 3.032578125
9.392857142857142 3.032578125
9.428571428571429 3.032578125
9.464285714285714 3.032578125
9.5 2.6778906250000003
9.535714285714286 3.032578125
9.571428571428571 3.032578125
9.607142857142858 3.0254843750000004
9.642857142857142 3.02903125
9.678571428571429 3.02903125
9.714285714285714 3.02903125
9.75 3.02903125
9.785714285714286 3.02903125
9.821428571428571 3.0254843750000004
9.857142857142858 3.0254843750000004
9.892857142857142 3.0254843750000004
9.928571428571429 3.0254843750000004
9.964285714285714 3.0219375000000004
10.0 3.0219375000000004
10.035714285714286 3.0219375000000004
10.071428571428571 3.0254843750000004
10.107142857142858 3.0254843750000004
10.142857142857142 3.0254843750000004
10.178571428571429 3.0219375000000004
10.214285714285714 3.0219375000000004
10.25 2.68853125
10.285714285714286 3.0219375000000004
10.321428571428571 3.0219375000000004
10.357142857142858 3.0183906250000003
10.392857142857142 3.0183906250000003
10.428571428571429 3.0219375000000004
10.464285714285714 3.0219375000000004
10.5 3.0183906250000003
10.535714285714286 3.0183906250000003
10.571428571428571 3.0183906250000003
10.607142857142858 2.6814375000000004
10.642857142857142 3.0183906250000003
10.678571428571429 3.0183906250000003
10.714285714285714 3.0148437500000003
10.75 3.0148437500000003
10.785714285714286 3.0148437500000003
10.821428571428571 3.0148437500000003
10.857142857142858 3.0148437500000003
10.892857142857142 3.0148437500000003
10.928571428571429 3.011296875
10.964285714285714 3.0148437500000003
11.0 2.724
11.035714285714286 3.011296875
11.071428571428571 3.011296875
11.107142857142858 3.00775
11.142857142857142 3.00775
11.178571428571429 3.011296875
11.214285714285714 3.00775
11.25 3.00775
11.285714285714286 3.00775
11.321428571428571 3.011296875
11.357142857142858 2.66725
11.392857142857142 3.00775
11.428571428571429 3.00775
11.464285714285714 3.00775
11.5 3.00775
11.535714285714286 3.00775
11.571428571428571 3.00775
11.607142857142858 3.00775
11.642857142857142 3.00775
11.678571428571429 3.00775
11.714285714285714 2.6495156250000003
11.75 3.00775
11.785714285714286 3.004203125
11.821428571428571 3.0006562500000005
11.857142857142858 3.0006562500000005
11.892857142857142 3.0006562500000005
11.928571428571429 3.004203125
11.964285714285714 3.0006562500000005
12.0 3.0006562500000005
12.035714285714286 3.0006562500000005
12.071428571428571 3.004203125
12.107142857142858 2.6849843750000004
12.142857142857142 3.0006562500000005
12.178571428571429 2.9971093750000004
12.214285714285714 2.9971093750000004
12.25 2.9971093750000004
12.285714285714286 2.9971093750000004
12.321428571428571 2.9971093750000004
12.357142857142858 2.9971093750000004
12.392857142857142 2.9971093750000004
12.428571428571429 2.9971093750000004
12.464285714285714 2.642421875
12.5 3.0006562500000005
12.535714285714286 2.9971093750000004
12.571428571428571 2.9935625000000003
12.607142857142858 2.9971093750000004
12.642857142857142 2.9971093750000004
12.678571428571429 2.9971093750000004
12.714285714285714 2.9971093750000004
12.75 2.9971093750000004
12.785714285714286 2.9971093750000004
12.821428571428571 3.0006562500000005
12.857142857142858 2.9971093750000004
12.892857142857142 2.9971093750000004
12.928571428571429 2.9935625000000003
12.964285714285714 2.9935625000000003
13.0 2.9971093750000004
13.035714285714286 2.9935625000000003
13.071428571428571 2.9971093750000004
13.107142857142858 2.9935625000000003
13.142857142857142 2.9935625000000003
13.178571428571429 2.9935625000000003
13.214285714285714 2.663703125
13.25 2.9935625000000003
13.285714285714286 2.9935625000000003
13.321428571428571 2.9935625000000003
13.357142857142858 2.9935625000000003
13.392857142857142 2.9935625000000003
13.428571428571429 2.9935625000000003
13.464285714285714 2.9935625000000003
13.5 2.9935625000000003
13.535714285714286 2.9935625000000003
13.571428571428571 2.9900156250000003
13.607142857142858 2.9935625000000003
13.642857142857142 2.9935625000000003
13.678571428571429 2.9900156250000003
13.714285714285714 2.9935625000000003
13.75 2.9935625000000003
13.785714285714286 2.9935625000000003
13.821428571428571 2.9935625000000003
13.857142857142858 2.9900156250000003
13.892857142857142 2.9900156250000003
13.928571428571429 2.9864687500000002
13.964285714285714 2.68853125
14.0 2.9864687500000002
14.035714285714286 2.9864687500000002
14.071428571428571 2.9864687500000002
14.107142857142858 2.9864687500000002
14.142857142857142 2.9864687500000002
14.178571428571429 2.9864687500000002
14.214285714285714 2.982921875
14.25 2.982921875
14.285714285714286 2.9864687500000002
14.321428571428571 2.6317812500000004
14.357142857142858 2.9864687500000002
14.392857142857142 2.982921875
14.428571428571429 2.979375
14.464285714285714 2.979375
14.5 2.979375
14.535714285714286 2.979375
14.571428571428571 2.982921875
14.607142857142858 2.979375
14.642857142857142 2.979375
14.678571428571429 2.5998593750000003
14.714285714285714 2.7133593750000005
14.75 2.979375
14.785714285714286 2.9758281250000005
14.821428571428571 2.9758281250000005
14.857142857142858 2.9758281250000005
14.892857142857142 2.9758281250000005
14.928571428571429 2.9758281250000005
14.964285714285714 2.9758281250000005
15.0 2.9758281250000005
15.035714285714286 2.979375
15.071428571428571 2.6495156250000003
15.107142857142858 2.9758281250000005
15.142857142857142 2.9722812500000004
15.178571428571429 2.9722812500000004
15.214285714285714 2.9722812500000004
15.25 2.9722812500000004
15.285714285714286 2.9722812500000004
15.321428571428571 2.9722812500000004
15.357142857142858 2.9722812500000004
15.392857142857142 2.9722812500000004
15.428571428571429 2.6069531250000004
15.464285714285714 2.7381875000000004
15.5 2.9722812500000004
15.535714285714286 2.9687343750000004
15.571428571428571 2.9687343750000004
15.607142857142858 2.9687343750000004
15.642857142857142 2.9687343750000004
15.678571428571429 2.9687343750000004
15.714285714285714 2.9687343750000004
15.75 2.9687343750000004
15.785714285714286 2.9651875000000003
15.821428571428571 2.9687343750000004
15.857142857142858 2.9687343750000004
15.892857142857142 2.9687343750000004
15.928571428571429 2.9651875000000003
15.964285714285714 2.9651875000000003
16.0 2.9651875000000003
16.035714285714285 2.9651875000000003
16.071428571428573 2.9651875000000003
16.107142857142858 2.9616406250000002
16.142857142857142 2.9616406250000002
16.178571428571427 2.614046875
16.214285714285715 2.9651875000000003
16.25 2.9651875000000003
16.285714285714285 2.9616406250000002
16.321428571428573 2.9616406250000002
16.357142857142858 2.9616406250000002
16.392857142857142 2.9616406250000002
16.428571428571427 2.9616406250000002
16.464285714285715 2.9616406250000002
16.5 2.9651875000000003
16.571428571428573 2.9651875000000003
16.607142857142858 2.9651875000000003
16.642857142857142 2.9616406250000002
16.678571428571427 2.9616406250000002
16.714285714285715 2.9616406250000002
16.75 2.9616406250000002
16.785714285714285 2.9616406250000002
16.821428571428573 2.9616406250000002
16.857142857142858 2.9616406250000002
16.892857142857142 2.9616406250000002
16.928571428571427 2.9651875000000003
16.964285714285715 2.9651875000000003
17.0 2.9616406250000002
17.035714285714285 2.95809375
17.071428571428573 2.9616406250000002
17.107142857142858 2.9616406250000002
17.142857142857142 2.9616406250000002
17.178571428571427 2.9616406250000002
17.214285714285715 2.9616406250000002
17.25 2.9651875000000003
17.285714285714285 2.6069531250000004
17.321428571428573 2.9651875000000003
17.357142857142858 2.9616406250000002
17.392857142857142 2.95809375
17.428571428571427 2.9616406250000002
17.464285714285715 2.9616406250000002
17.5 2.9616406250000002
17.535714285714285 2.9616406250000002
17.571428571428573 2.9616406250000002
17.607142857142858 2.9651875000000003
17.642857142857142 2.58921875
17.678571428571427 2.9616406250000002
17.714285714285715 2.9651875000000003
17.75 2.95809375
17.785714285714285 2.95809375
17.821428571428573 2.9616406250000002
17.857142857142858 2.95809375
17.892857142857142 2.95809375
17.928571428571427 2.9616406250000002
17.964285714285715 2.9616406250000002
18.0 2.9616406250000002
18.035714285714285 2.638875
18.071428571428573 2.9616406250000002
18.107142857142858 2.9616406250000002
18.142857142857142 2.95809375
18.178571428571427 2.95809375
18.214285714285715 2.95809375
18.25 2.95809375
18.285714285714285 2.95809375
18.321428571428573 2.95809375
18.357142857142858 2.9616406250000002
18.392857142857142 2.741734375
18.428571428571427 2.9616406250000002
18.464285714285715 2.9616406250000002
18.5 2.95809375
18.535714285714285 2.95809375
18.571428571428573 2.95809375
18.607142857142858 2.95809375
18.642857142857142 2.95809375
18.678571428571427 2.954546875
18.714285714285715 2.95809375
18.75 2.6778906250000003
18.785714285714285 2.95809375
18.821428571428573 2.95809375
18.857142857142858 2.95809375
18.892857142857142 2.95809375
18.928571428571427 2.95809375
18.964285714285715 2.95809375
19.0 2.95809375
19.035714285714285 2.95809375
19.071428571428573 2.95809375
19.107142857142858 2.9616406250000002
19.142857142857142 2.95809375
19.178571428571427 2.95809375
19.214285714285715 2.95809375
19.25 2.95809375
19.285714285714285 2.95809375
19.321428571428573 2.954546875
19.357142857142858 2.954546875
19.392857142857142 2.954546875
19.428571428571427 2.954546875
19.464285714285715 2.954546875
19.5 2.7027187500000003
19.535714285714285 2.95809375
19.571428571428573 2.954546875
19.607142857142858 2.954546875
19.642857142857142 2.954546875
19.678571428571427 2.954546875
19.714285714285715 2.954546875
19.75 2.954546875
19.785714285714285 2.954546875
19.821428571428573 2.954546875
19.857142857142858 2.954546875
19.892857142857142 2.954546875
19.928571428571427 2.954546875
19.964285714285715 2.951
20.0 2.954546875
20.035714285714285 2.954546875
20.071428571428573 2.951
20.107142857142858 2.951
20.142857142857142 2.951
20.178571428571427 2.951
20.214285714285715 2.954546875
20.25 2.954546875
20.285714285714285 2.954546875
20.321428571428573 2.951
20.357142857142858 2.951
20.392857142857142 2.951
20.428571428571427 2.951
20.464285714285715 2.951
20.5 2.951
20.535714285714285 2.951
20.571428571428573 2.951
20.607142857142858 2.6778906250000003
20.642857142857142 2.951
20.678571428571427 2.951
20.714285714285715 2.951
20.75 2.951
20.785714285714285 2.951
20.821428571428573 2.951
20.857142857142858 2.9474531250000005
20.892857142857142 2.9474531250000005
20.928571428571427 2.9474531250000005
20.964285714285715 2.9474531250000005
21.0 2.9474531250000005
21.035714285714285 2.9474531250000005
21.071428571428573 2.9474531250000005
21.107142857142858 2.9474531250000005
21.142857142857142 2.9474531250000005
21.178571428571427 2.9474531250000005
21.214285714285715 2.9474531250000005
21.25 2.9474531250000005
21.285714285714285 2.9439062500000004
21.321428571428573 2.9474531250000005
21.357142857142858 2.7027187500000003
21.392857142857142 2.9474531250000005
21.428571428571427 2.9474531250000005
21.464285714285715 2.9439062500000004
21.5 2.9439062500000004
21.535714285714285 2.9439062500000004
21.571428571428573 2.9439062500000004
21.607142857142858 2.9439062500000004
21.642857142857142 2.9403593750000003
21.678571428571427 2.9439062500000004
21.714285714285715 2.9403593750000003
21.75 2.9403593750000003
21.785714285714285 2.9439062500000004
21.821428571428573 2.9403593750000003
21.857142857142858 2.9403593750000003
21.892857142857142 2.9403593750000003
21.928571428571427 2.9403593750000003
21.964285714285715 2.9403593750000003
22.0 2.9403593750000003
22.035714285714285 2.9403593750000003
22.071428571428573 2.9403593750000003
22.107142857142858 2.9368125000000003
22.142857142857142 2.9403593750000003
22.178571428571427 2.9403593750000003
22.214285714285715 2.9368125000000003
22.25 2.9368125000000003
22.285714285714285 2.9368125000000003
22.321428571428573 2.9368125000000003
22.357142857142858 2.9368125000000003
22.392857142857142 2.9368125000000003
22.428571428571427 2.9403593750000003
22.464285714285715 2.9368125000000003
22.5 2.9403593750000003
22.535714285714285 2.9368125000000003
22.571428571428573 2.9368125000000003
22.607142857142858 2.9368125000000003
22.642857142857142 2.9368125000000003
22.678571428571427 2.9368125000000003
22.714285714285715 2.9368125000000003
22.75 2.933265625
22.785714285714285 2.933265625
22.821428571428573 2.933265625
22.857142857142858 2.933265625
22.892857142857142 2.9368125000000003
22.928571428571427 2.933265625
22.964285714285715 2.933265625
23.0 2.933265625
23.035714285714285 2.933265625
23.071428571428573 2.933265625
23.107142857142858 2.933265625
23.142857142857142 2.92971875
23.178571428571427 2.92971875
23.214285714285715 2.926171875
23.25 2.92971875
23.285714285714285 2.92971875
23.321428571428573 2.92971875
23.357142857142858 2.92971875
23.392857142857142 2.92971875
23.428571428571427 2.926171875
23.464285714285715 2.926171875
23.5 2.926171875
23.535714285714285 2.92971875
23.571428571428573 2.926171875
23.607142857142858 2.92971875
23.642857142857142 2.92971875
23.678571428571427 2.926171875
23.714285714285715 2.926171875
23.75 2.92971875
23.785714285714285 2.926171875
23.821428571428573 2.926171875
23.857142857142858 2.926171875
23.892857142857142 2.9226250000000005
23.928571428571427 2.9226250000000005
23.964285714285715 2.9226250000000005
24.0 2.9226250000000005
24.035714285714285 2.9226250000000005
24.071428571428573 2.9226250000000005
24.107142857142858 2.9226250000000005
24.142857142857142 2.9226250000000005
24.178571428571427 2.9226250000000005
24.214285714285715 2.9226250000000005
24.25 2.9226250000000005
24.285714285714285 2.9226250000000005
24.321428571428573 2.670796875
24.357142857142858 2.9226250000000005
24.392857142857142 2.9226250000000005
24.428571428571427 2.9226250000000005
24.464285714285715 2.9226250000000005
24.5 2.9190781250000004
24.535714285714285 2.9226250000000005
24.571428571428573 2.9226250000000005
24.607142857142858 2.9190781250000004
24.642857142857142 2.9190781250000004
24.678571428571427 2.9190781250000004
24.714285714285715 2.9190781250000004
24.75 2.9190781250000004
24.785714285714285 2.9190781250000004
24.821428571428573 2.9190781250000004
24.857142857142858 2.9190781250000004
24.892857142857142 2.9190781250000004
24.928571428571427 2.9155312500000004
24.964285714285715 2.9190781250000004
25.0 2.9155312500000004
25.035714285714285 2.9155312500000004
25.071428571428573 2.9155312500000004
25.107142857142858 2.9155312500000004
25.142857142857142 2.9155312500000004
25.178571428571427 2.9155312500000004
25.214285714285715 2.9155312500000004
25.25 2.9155312500000004
25.285714285714285 2.9155312500000004
25.321428571428573 2.9155312500000004
25.357142857142858 2.9084375000000002
25.392857142857142 2.9119843750000003
25.428571428571427 2.635328125
25.464285714285715 2.9119843750000003
25.5 2.9084375000000002
25.535714285714285 2.9084375000000002
25.571428571428573 2.9084375000000002
25.607142857142858 2.9084375000000002
25.642857142857142 2.9084375000000002
25.678571428571427 2.9084375000000002
25.714285714285715 2.9084375000000002
25.75 2.9084375000000002
25.785714285714285 2.5785781250000004
25.821428571428573 2.9084375000000002
25.857142857142858 2.9084375000000002
25.892857142857142 2.904890625
25.928571428571427 2.904890625
25.964285714285715 2.9084375000000002
26.0 2.904890625
26.035714285714285 2.9084375000000002
26.071428571428573 2.904890625
26.107142857142858 2.904890625
26.178571428571427 2.6601562500000004
26.214285714285715 2.9084375000000002
26.25 2.904890625
26.285714285714285 2.904890625
26.321428571428573 2.904890625
26.357142857142858 2.904890625
26.392857142857142 2.904890625
26.428571428571427 2.904890625
26.464285714285715 2.90134375
26.5 2.90134375
26.535714285714285 2.90134375
26.571428571428573 2.90134375
26.607142857142858 2.90134375
26.642857142857142 2.90134375
26.678571428571427 2.90134375
26.714285714285715 2.90134375
26.75 2.90134375
26.785714285714285 2.897796875
26.821428571428573 2.897796875
26.857142857142858 2.897796875
26.892857142857142 2.897796875
26.928571428571427 2.897796875
26.964285714285715 2.90134375
27.0 2.897796875
27.035714285714285 2.897796875
27.071428571428573 2.897796875
27.107142857142858 2.897796875
27.142857142857142 2.897796875
27.178571428571427 2.897796875
27.214285714285715 2.8907031250000004
27.25 2.5182812500000002
27.285714285714285 2.6317812500000004
27.321428571428573 2.897796875
27.357142857142858 2.8942500000000004
27.392857142857142 2.8907031250000004
27.428571428571427 2.8907031250000004
27.464285714285715 2.8907031250000004
27.5 2.8907031250000004
27.535714285714285 2.8907031250000004
27.571428571428573 2.8907031250000004
27.642857142857142 2.5785781250000004
27.678571428571427 2.8942500000000004
27.714285714285715 2.8942500000000004
27.75 2.8907031250000004
27.785714285714285 2.8907031250000004
27.821428571428573 2.8907031250000004
27.857142857142858 2.8907031250000004
27.892857142857142 2.8907031250000004
27.928571428571427 2.8871562500000003
27.964285714285715 2.8871562500000003
28.0 2.5289218750000004
28.071428571428573 2.8871562500000003
28.107142857142858 2.8871562500000003
28.142857142857142 2.8836093750000003
28.178571428571427 2.8836093750000003
28.214285714285715 2.8836093750000003
28.25 2.8836093750000003
28.285714285714285 2.8836093750000003
28.321428571428573 2.8800625
28.357142857142858 2.8800625
28.392857142857142 2.6105
28.428571428571427 2.8836093750000003
28.464285714285715 2.8836093750000003
28.5 2.8800625
28.535714285714285 2.8800625
28.571428571428573 2.8800625
28.607142857142858 2.8800625
28.642857142857142 2.8800625
28.678571428571427 2.8800625
28.714285714285715 2.8800625
28.75 2.564390625
28.785714285714285 2.8836093750000003
28.821428571428573 2.8836093750000003
28.857142857142858 2.8800625
28.892857142857142 2.8800625
28.928571428571427 2.8800625
28.964285714285715 2.8800625
29.0 2.8800625
29.035714285714285 2.8800625
29.071428571428573 2.876515625
29.107142857142858 2.87296875
29.142857142857142 2.638875
29.178571428571427 2.8800625
29.214285714285715 2.876515625
29.25 2.876515625
29.285714285714285 2.876515625
29.321428571428573 2.876515625
29.357142857142858 2.87296875
29.392857142857142 2.87296875
29.428571428571427 2.8694218750000005
29.464285714285715 2.87296875
29.5 2.5963125000000002
29.535714285714285 2.876515625
29.571428571428573 2.87296875
29.607142857142858 2.87296875
29.642857142857142 2.87296875
29.678571428571427 2.8694218750000005
29.714285714285715 2.8694218750000005
29.75 2.8694218750000005
29.785714285714285 2.8694218750000005
29.821428571428573 2.8694218750000005
29.892857142857142 2.87296875
29.928571428571427 2.87296875
29.964285714285715 2.8694218750000005
30.0 2.8694218750000005
30.035714285714285 2.8694218750000005
30.071428571428573 2.8694218750000005
30.107142857142858 2.8694218750000005
30.142857142857142 2.8694218750000005
30.178571428571427 2.8658750000000004
30.25 2.5998593750000003
30.285714285714285 2.8694218750000005
30.321428571428573 2.8694218750000005
30.357142857142858 2.8658750000000004
30.392857142857142 2.8658750000000004
30.428571428571427 2.8658750000000004
30.464285714285715 2.8658750000000004
30.5 2.8658750000000004
30.535714285714285 2.8658750000000004
30.571428571428573 2.8694218750000005
30.607142857142858 2.53246875
30.642857142857142 2.8694218750000005
30.678571428571427 2.8694218750000005
30.714285714285715 2.8658750000000004
30.75 2.8658750000000004
30.785714285714285 2.8658750000000004
30.821428571428573 2.8694218750000005
30.857142857142858 2.8658750000000004
30.892857142857142 2.8694218750000005
30.928571428571427 2.8658750000000004
31.0 2.8694218750000005
31.035714285714285 2.8694218750000005
31.071428571428573 2.8658750000000004
31.107142857142858 2.8658750000000004
31.142857142857142 2.8658750000000004
31.178571428571427 2.8658750000000004
31.214285714285715 2.8658750000000004
31.25 2.8658750000000004
31.285714285714285 2.8658750000000004
31.321428571428573 2.8658750000000004
31.357142857142858 2.5750312500000003
31.392857142857142 2.8658750000000004
31.428571428571427 2.8658750000000004
31.464285714285715 2.8658750000000004
31.5 2.8658750000000004
31.535714285714285 2.8658750000000004
31.571428571428573 2.8623281250000003
31.607142857142858 2.8658750000000004
31.642857142857142 2.8623281250000003
31.678571428571427 2.8658750000000004
31.714285714285715 2.53246875
31.75 2.8658750000000004
31.785714285714285 2.8658750000000004
31.821428571428573 2.8623281250000003
31.857142857142858 2.8623281250000003
31.892857142857142 2.8623281250000003
31.928571428571427 2.8623281250000003
31.964285714285715 2.8623281250000003
32.0 2.8623281250000003
32.035714285714285 2.8623281250000003
32.07142857142857 2.8623281250000003
32.107142857142854 2.8658750000000004
32.142857142857146 2.8658750000000004
32.17857142857143 2.8623281250000003
32.214285714285715 2.8623281250000003
32.25 2.8623281250000003
32.285714285714285 2.8623281250000003
32.32142857142857 2.8623281250000003
32.357142857142854 2.8623281250000003
32.392857142857146 2.8587812500000003
32.42857142857143 2.8587812500000003
32.464285714285715 2.5395625
32.5 2.8587812500000003
32.535714285714285 2.8587812500000003
32.57142857142857 2.8587812500000003
32.607142857142854 2.8587812500000003
32.642857142857146 2.8587812500000003
32.67857142857143 2.8587812500000003
32.714285714285715 2.855234375
32.75 2.855234375
32.785714285714285 2.855234375
32.82142857142857 2.50409375
32.857142857142854 2.855234375
32.892857142857146 2.855234375
32.92857142857143 2.855234375
32.964285714285715 2.8516875
33.0 2.8516875
33.035714285714285 2.8516875
33.07142857142857 2.8516875
33.107142857142854 2.8516875
33.142857142857146 2.8516875
33.17857142857143 2.848140625
33.214285714285715 2.5785781250000004
33.25 2.855234375
33.285714285714285 2.8516875
33.32142857142857 2.8516875
33.357142857142854 2.8516875
33.392857142857146 2.8516875
33.42857142857143 2.8516875
33.464285714285715 2.848140625
33.5 2.848140625
33.535714285714285 2.8516875
33.57142857142857 2.5111875
33.607142857142854 2.8516875
33.642857142857146 2.855234375
33.67857142857143 2.8516875
33.714285714285715 2.848140625
33.75 2.848140625
33.785714285714285 2.848140625
33.82142857142857 2.848140625
33.857142857142854 2.848140625
33.892857142857146 2.848140625
33.964285714285715 2.5998593750000003
34.0 2.8516875
34.035714285714285 2.848140625
34.07142857142857 2.8445937500000005
34.107142857142854 2.8445937500000005
34.142857142857146 2.8445937500000005
34.17857142857143 2.8445937500000005
34.214285714285715 2.848140625
34.25 2.8445937500000005
34.32142857142857 2.536015625
34.357142857142854 2.848140625
34.392857142857146 2.8445937500000005
34.42857142857143 2.8445937500000005
34.464285714285715 2.8445937500000005
34.5 2.8445937500000005
34.535714285714285 2.8445937500000005
34.57142857142857 2.8445937500000005
34.607142857142854 2.8410468750000004
34.67857142857143 2.4970000000000003
34.714285714285715 2.8445937500000005
34.75 2.8445937500000005
34.785714285714285 2.8410468750000004
34.82142857142857 2.8410468750000004
34.857142857142854 2.8410468750000004
34.892857142857146 2.8410468750000004
34.92857142857143 2.8410468750000004
34.964285714285715 2.8410468750000004
35.0 2.8375000000000004
35.035714285714285 2.8375000000000004
35.07142857142857 2.5821250000000004
35.107142857142854 2.8410468750000004
35.142857142857146 2.8410468750000004
35.17857142857143 2.8375000000000004
35.214285714285715 2.8410468750000004
35.25 2.8375000000000004
35.285714285714285 2.8375000000000004
35.32142857142857 2.8375000000000004
35.357142857142854 2.8339531250000003
35.392857142857146 2.8304062500000002
35.42857142857143 2.5005468750000004
35.464285714285715 2.8339531250000003
35.5 2.8304062500000002
35.535714285714285 2.8304062500000002
35.57142857142857 2.8304062500000002
35.607142857142854 2.8304062500000002
35.642857142857146 2.8304062500000002
35.67857142857143 2.8304062500000002
35.714285714285715 2.8304062500000002
35.75 2.8304062500000002
35.785714285714285 2.4650781250000002
35.82142857142857 2.8304062500000002
35.857142857142854 2.8304062500000002
35.892857142857146 2.826859375
35.92857142857143 2.826859375
35.964285714285715 2.826859375
36.0 2.826859375
36.035714285714285 2.826859375
36.07142857142857 2.826859375
36.107142857142854 2.826859375
36.142857142857146 2.4402500000000003
36.17857142857143 2.53246875
36.214285714285715 2.826859375
36.25 2.826859375
36.285714285714285 2.826859375
36.32142857142857 2.826859375
36.357142857142854 2.826859375
36.392857142857146 2.826859375
36.42857142857143 2.826859375
36.464285714285715 2.826859375
36.5 2.826859375
36.535714285714285 2.4828125
36.57142857142857 2.826859375
36.607142857142854 2.826859375
36.642857142857146 2.826859375
36.67857142857143 2.826859375
36.714285714285715 2.826859375
36.75 2.8233125
36.785714285714285 2.8233125
36.82142857142857 2.8233125
36.857142857142854 2.8233125
36.892857142857146 2.4473437500000004
36.92857142857143 2.8233125
36.964285714285715 2.8233125
37.0 2.8233125
37.035714285714285 2.819765625
37.07142857142857 2.819765625
37.107142857142854 2.819765625
37.142857142857146 2.819765625
37.17857142857143 2.819765625
37.214285714285715 2.8162187500000004
37.285714285714285 2.819765625
37.32142857142857 2.819765625
37.357142857142854 2.8162187500000004
37.392857142857146 2.8162187500000004
37.42857142857143 2.8162187500000004
37.464285714285715 2.8162187500000004
37.5 2.8162187500000004
37.535714285714285 2.8162187500000004
37.57142857142857 2.8126718750000004
37.642857142857146 2.4508906250000004
37.67857142857143 2.8162187500000004
37.714285714285715 2.8162187500000004
37.75 2.8126718750000004
37.785714285714285 2.8126718750000004
37.82142857142857 2.8126718750000004
37.857142857142854 2.8126718750000004
37.892857142857146 2.8126718750000004
37.92857142857143 2.8126718750000004
37.964285714285715 2.8126718750000004
38.0 2.43315625
38.035714285714285 2.536015625
38.07142857142857 2.8126718750000004
38.107142857142854 2.8126718750000004
38.142857142857146 2.8091250000000003
38.17857142857143 2.8091250000000003
38.214285714285715 2.8091250000000003
38.25 2.8091250000000003
38.285714285714285 2.8091250000000003
38.32142857142857 2.8055781250000003
38.392857142857146 2.8091250000000003
38.42857142857143 2.8091250000000003
38.464285714285715 2.8091250000000003
38.5 2.8055781250000003
38.535714285714285 2.8055781250000003
38.57142857142857 2.8055781250000003
38.607142857142854 2.8055781250000003
38.642857142857146 2.8055781250000003
38.67857142857143 2.80203125
38.714285714285715 2.8055781250000003
38.75 2.436703125
38.785714285714285 2.8055781250000003
38.82142857142857 2.8055781250000003
38.857142857142854 2.80203125
38.892857142857146 2.8055781250000003
38.92857142857143 2.8055781250000003
38.964285714285715 2.8055781250000003
39.0 2.80203125
39.035714285714285 2.80203125
39.07142857142857 2.80203125
39.142857142857146 2.80203125
39.17857142857143 2.80203125
39.214285714285715 2.80203125
39.25 2.798484375
39.285714285714285 2.798484375
39.32142857142857 2.798484375
39.357142857142854 2.798484375
39.392857142857146 2.798484375
39.42857142857143 2.7949375
39.464285714285715 2.798484375
39.5 2.798484375
39.535714285714285 2.80203125
39.57142857142857 2.798484375
39.607142857142854 2.798484375
39.642857142857146 2.798484375
39.67857142857143 2.798484375
39.714285714285715 2.798484375
39.75 2.798484375
39.785714285714285 2.798484375
39.82142857142857 2.798484375
39.857142857142854 2.4260625
39.892857142857146 2.798484375
39.92857142857143 2.798484375
