0.03571428571428571 3.4652968750000004
0.07142857142857142 3.4652968750000004
0.10714285714285714 3.4652968750000004
0.14285714285714285 3.4652968750000004
0.17857142857142858 3.4652968750000004
0.2857142857142857 3.451109375
0.32142857142857145 3.45465625
0.35714285714285715 3.45465625
0.39285714285714285 3.451109375
0.42857142857142855 3.451109375
0.4642857142857143 3.45465625
0.5 3.45465625
0.5357142857142857 3.45465625
0.6785714285714286 3.451109375
0.7142857142857143 3.451109375
0.75 3.4475625000000005
0.7857142857142857 3.4475625000000005
0.8214285714285714 3.451109375
0.8571428571428571 3.451109375
0.8928571428571429 3.451109375
0.9285714285714286 3.451109375
1.0 3.45465625
1.0357142857142858 3.4475625000000005
1.0714285714285714 3.451109375
1.1071428571428572 3.4475625000000005
1.1428571428571428 3.4475625000000005
1.1785714285714286 3.451109375
1.2142857142857142 3.451109375
1.25 3.451109375
1.2857142857142858 3.451109375
1.3571428571428572 3.45465625
1.3928571428571428 3.4404687500000004
1.4285714285714286 3.4440156250000005
1.4642857142857142 3.4440156250000005
1.5 3.4440156250000005
1.5357142857142858 3.4440156250000005
1.5714285714285714 3.4440156250000005
1.6071428571428572 3.4440156250000005
1.6428571428571428 3.4475625000000005
1.75 3.4369218750000003
1.7857142857142858 3.4404687500000004
1.8214285714285714 3.4404687500000004
1.8571428571428572 3.4404687500000004
1.8928571428571428 3.4404687500000004
1.9285714285714286 3.4404687500000004
1.9642857142857142 3.4404687500000004
2.0 3.4404687500000004
2.0357142857142856 3.4404687500000004
2.142857142857143 3.4369218750000003
2.1785714285714284 3.4404687500000004
2.2142857142857144 3.4369218750000003
2.25 3.4369218750000003
2.2857142857142856 3.4404687500000004
2.3214285714285716 3.4404687500000004
2.357142857142857 3.4404687500000004
2.392857142857143 3.4404687500000004
2.5357142857142856 3.4369218750000003
2.5714285714285716 3.4369218750000003
2.607142857142857 3.4333750000000003
2.642857142857143 3.4333750000000003
2.6785714285714284 3.4333750000000003
2.7142857142857144 3.4333750000000003
2.75 3.4333750000000003
2.7857142857142856 3.4333750000000003
2.8214285714285716 3.4404687500000004
2.892857142857143 3.4298281250000002
2.9285714285714284 3.4333750000000003
2.9642857142857144 3.4298281250000002
3.0 3.4298281250000002
3.0357142857142856 3.4333750000000003
3.0714285714285716 3.4333750000000003
3.107142857142857 3.4333750000000003
3.142857142857143 3.4298281250000002
3.25 3.422734375
3.2857142857142856 3.42628125
3.3214285714285716 3.422734375
3.357142857142857 3.422734375
3.392857142857143 3.422734375
3.4285714285714284 3.422734375
3.4642857142857144 3.422734375
3.5 3.422734375
3.642857142857143 3.4191875000000005
3.6785714285714284 3.422734375
3.7142857142857144 3.4191875000000005
3.75 3.4156406250000004
3.7857142857142856 3.4156406250000004
3.8214285714285716 3.4191875000000005
3.857142857142857 3.4191875000000005
3.892857142857143 3.4191875000000005
3.9642857142857144 3.422734375
4.0 3.4191875000000005
4.035714285714286 3.4191875000000005
4.071428571428571 3.4156406250000004
4.107142857142857 3.4156406250000004
4.142857142857143 3.4156406250000004
4.178571428571429 3.4156406250000004
4.214285714285714 3.4156406250000004
4.25 3.4156406250000004
4.321428571428571 3.4191875000000005
4.357142857142857 3.4085468750000003
4.392857142857143 3.4120937500000004
4.428571428571429 3.4120937500000004
4.464285714285714 3.4085468750000003
4.5 3.4085468750000003
4.535714285714286 3.4085468750000003
4.571428571428571 3.4085468750000003
4.607142857142857 3.4085468750000003
4.642857142857143 3.4050000000000002
4.75 3.4085468750000003
4.785714285714286 3.4085468750000003
4.821428571428571 3.4050000000000002
4.857142857142857 3.401453125
4.892857142857143 3.4050000000000002
4.928571428571429 3.4050000000000002
4.964285714285714 3.4050000000000002
5.0 3.401453125
5.071428571428571 3.4050000000000002
5.107142857142857 3.401453125
5.142857142857143 3.401453125
5.178571428571429 3.39790625
5.214285714285714 3.39790625
5.25 3.401453125
5.285714285714286 3.39790625
5.321428571428571 3.39790625
5.357142857142857 3.39790625
5.392857142857143 3.39790625
5.5 3.39790625
5.535714285714286 3.3943593750000005
5.571428571428571 3.3943593750000005
5.607142857142857 3.3908125000000005
5.642857142857143 3.3943593750000005
5.678571428571429 3.3943593750000005
5.714285714285714 3.3943593750000005
5.75 3.3908125000000005
5.785714285714286 3.39790625
5.857142857142857 3.3943593750000005
5.892857142857143 3.3943593750000005
5.928571428571429 3.3872656250000004
5.964285714285714 3.3872656250000004
6.0 3.3872656250000004
6.035714285714286 3.3872656250000004
6.071428571428571 3.3872656250000004
6.107142857142857 3.3872656250000004
6.142857142857143 3.3908125000000005
6.178571428571429 3.3943593750000005
6.214285714285714 3.3801718750000003
6.25 3.3908125000000005
6.285714285714286 3.3872656250000004
6.321428571428571 3.3837187500000003
6.357142857142857 3.3837187500000003
6.392857142857143 3.3872656250000004
6.428571428571429 3.3872656250000004
6.464285714285714 3.3837187500000003
6.607142857142857 3.3837187500000003
6.642857142857143 3.3837187500000003
6.678571428571429 3.3801718750000003
6.714285714285714 3.3801718750000003
6.75 3.3801718750000003
6.785714285714286 3.3801718750000003
6.821428571428571 3.3801718750000003
6.857142857142857 3.3801718750000003
6.928571428571429 3.3837187500000003
6.964285714285714 3.376625
7.0 3.376625
7.035714285714286 3.376625
7.071428571428571 3.376625
7.107142857142857 3.3801718750000003
7.142857142857143 3.3801718750000003
7.178571428571429 3.376625
7.214285714285714 3.3801718750000003
7.25 3.376625
7.321428571428571 3.3659843750000005
7.357142857142857 3.376625
7.392857142857143 3.373078125
7.428571428571429 3.36953125
7.464285714285714 3.36953125
7.5 3.373078125
7.535714285714286 3.373078125
7.571428571428571 3.373078125
7.642857142857143 3.376625
7.714285714285714 3.3659843750000005
7.75 3.3659843750000005
7.785714285714286 3.3659843750000005
7.821428571428571 3.3659843750000005
7.857142857142857 3.3659843750000005
7.892857142857143 3.3659843750000005
7.928571428571429 3.3659843750000005
7.964285714285714 3.3624375000000004
8.071428571428571 3.3624375000000004
8.107142857142858 3.3659843750000005
8.142857142857142 3.3624375000000004
8.178571428571429 3.3624375000000004
8.214285714285714 3.3588906250000004
8.25 3.3624375000000004
8.285714285714286 3.3624375000000004
8.321428571428571 3.3624375000000004
8.357142857142858 3.3588906250000004
8.428571428571429 3.3553437500000003
8.464285714285714 3.3624375000000004
8.5 3.3588906250000004
8.535714285714286 3.3553437500000003
8.571428571428571 3.3588906250000004
8.607142857142858 3.3588906250000004
8.642857142857142 3.3553437500000003
8.678571428571429 3.3553437500000003
8.714285714285714 3.3553437500000003
8.821428571428571 3.3517968750000002
8.857142857142858 3.3553437500000003
8.892857142857142 3.3517968750000002
8.928571428571429 3.3517968750000002
8.964285714285714 3.3517968750000002
9.0 3.3517968750000002
9.035714285714286 3.3517968750000002
9.071428571428571 3.34825
9.178571428571429 3.344703125
9.214285714285714 3.34825
9.25 3.34825
9.285714285714286 3.344703125
9.321428571428571 3.344703125
9.357142857142858 3.344703125
9.392857142857142 3.344703125
9.428571428571429 3.344703125
9.464285714285714 3.344703125
9.571428571428571 3.344703125
9.607142857142858 3.344703125
9.642857142857142 3.3411562500000005
9.678571428571429 3.3411562500000005
9.714285714285714 3.344703125
9.75 3.3411562500000005
9.785714285714286 3.3411562500000005
9.821428571428571 3.3376093750000004
9.928571428571429 3.3340625000000004
9.964285714285714 3.3376093750000004
10.0 3.3340625000000004
10.035714285714286 3.3340625000000004
10.071428571428571 3.3376093750000004
10.107142857142858 3.3376093750000004
10.142857142857142 3.3376093750000004
10.178571428571429 3.3340625000000004
10.285714285714286 3.3305156250000003
10.321428571428571 3.3340625000000004
10.357142857142858 3.3305156250000003
10.392857142857142 3.3269687500000003
10.428571428571429 3.3305156250000003
10.464285714285714 3.3305156250000003
10.5 3.3305156250000003
10.535714285714286 3.3269687500000003
10.571428571428571 3.3269687500000003
10.678571428571429 3.3269687500000003
10.714285714285714 3.3269687500000003
10.75 3.323421875
10.785714285714286 3.323421875
10.821428571428571 3.323421875
10.857142857142858 3.323421875
10.892857142857142 3.323421875
10.928571428571429 3.319875
11.035714285714286 3.3163281250000005
11.071428571428571 3.323421875
11.107142857142858 3.319875
11.142857142857142 3.3163281250000005
11.178571428571429 3.319875
11.214285714285714 3.319875
11.25 3.319875
11.285714285714286 3.3163281250000005
11.321428571428571 3.3163281250000005
11.428571428571429 3.3163281250000005
11.464285714285714 3.3127812500000005
11.5 3.3092343750000004
11.535714285714286 3.3092343750000004
11.571428571428571 3.3092343750000004
11.607142857142858 3.3127812500000005
11.642857142857142 3.3092343750000004
11.678571428571429 3.3092343750000004
11.714285714285714 3.3127812500000005
11.785714285714286 3.3056875000000003
11.821428571428571 3.3056875000000003
11.857142857142858 3.3021406250000003
11.892857142857142 3.3021406250000003
11.928571428571429 3.3021406250000003
11.964285714285714 3.3021406250000003
12.0 3.3021406250000003
12.035714285714286 3.29859375
12.142857142857142 3.295046875
12.178571428571429 3.29859375
12.214285714285714 3.295046875
12.25 3.295046875
12.285714285714286 3.29859375
12.321428571428571 3.29859375
12.357142857142858 3.295046875
12.392857142857142 3.295046875
12.5 3.2915
12.535714285714286 3.295046875
12.571428571428571 3.2915
12.607142857142858 3.2879531250000005
12.642857142857142 3.2915
12.678571428571429 3.2915
12.714285714285714 3.2915
12.75 3.2915
12.892857142857142 3.2879531250000005
12.928571428571429 3.2879531250000005
12.964285714285714 3.2844062500000004
13.0 3.2844062500000004
13.035714285714286 3.2844062500000004
13.071428571428571 3.2844062500000004
13.107142857142858 3.2844062500000004
13.142857142857142 3.2844062500000004
13.214285714285714 3.2844062500000004
13.25 3.2808593750000004
13.285714285714286 3.2808593750000004
13.321428571428571 3.2773125000000003
13.357142857142858 3.2773125000000003
13.392857142857142 3.2773125000000003
13.428571428571429 3.2773125000000003
13.464285714285714 3.2773125000000003
13.5 3.2773125000000003
13.571428571428571 3.2737656250000002
13.607142857142858 3.2737656250000002
13.642857142857142 3.2773125000000003
13.678571428571429 3.2773125000000003
13.714285714285714 3.2737656250000002
13.75 3.2737656250000002
13.785714285714286 3.2737656250000002
13.821428571428571 3.2737656250000002
13.857142857142858 3.2737656250000002
13.892857142857142 3.2737656250000002
13.928571428571429 3.2773125000000003
14.0 3.27021875
14.035714285714286 3.2737656250000002
14.071428571428571 3.27021875
14.107142857142858 3.27021875
14.142857142857142 3.27021875
14.178571428571429 3.27021875
14.214285714285714 3.27021875
14.25 3.27021875
14.285714285714286 3.27021875
14.321428571428571 3.27021875
14.357142857142858 3.266671875
14.392857142857142 3.27021875
14.428571428571429 3.266671875
14.464285714285714 3.266671875
14.5 3.266671875
14.535714285714286 3.266671875
14.571428571428571 3.266671875
14.607142857142858 3.266671875
14.75 3.2595781250000004
14.785714285714286 3.2595781250000004
14.821428571428571 3.2595781250000004
14.857142857142858 3.2595781250000004
14.892857142857142 3.2595781250000004
14.928571428571429 3.2595781250000004
14.964285714285714 3.2595781250000004
15.107142857142858 3.2595781250000004
15.142857142857142 3.2560312500000004
15.178571428571429 3.2560312500000004
15.214285714285714 3.2560312500000004
15.25 3.2560312500000004
15.285714285714286 3.2560312500000004
15.321428571428571 3.2560312500000004
15.357142857142858 3.2560312500000004
15.5 3.2560312500000004
15.535714285714286 3.2524843750000003
15.571428571428571 3.2524843750000003
15.607142857142858 3.2524843750000003
15.642857142857142 3.2524843750000003
15.678571428571429 3.2524843750000003
15.714285714285714 3.2524843750000003
15.785714285714286 3.2489375000000003
15.857142857142858 3.2489375000000003
15.892857142857142 3.2489375000000003
15.928571428571429 3.2489375000000003
15.964285714285714 3.245390625
16.0 3.2489375000000003
16.035714285714285 3.2489375000000003
16.071428571428573 3.2489375000000003
16.142857142857142 3.2489375000000003
16.214285714285715 3.245390625
16.25 3.245390625
16.285714285714285 3.245390625
16.321428571428573 3.245390625
16.357142857142858 3.245390625
16.392857142857142 3.245390625
16.428571428571427 3.245390625
16.464285714285715 3.245390625
16.535714285714285 3.24184375
16.607142857142858 3.245390625
16.642857142857142 3.24184375
16.678571428571427 3.24184375
16.714285714285715 3.24184375
16.75 3.24184375
16.785714285714285 3.24184375
16.821428571428573 3.24184375
16.892857142857142 3.245390625
16.964285714285715 3.24184375
17.0 3.238296875
17.035714285714285 3.2347500000000005
17.071428571428573 3.2347500000000005
17.107142857142858 3.2347500000000005
17.142857142857142 3.2347500000000005
17.178571428571427 3.2347500000000005
17.214285714285715 3.2347500000000005
17.25 3.238296875
17.321428571428573 3.2347500000000005
17.357142857142858 3.238296875
17.392857142857142 3.238296875
17.428571428571427 3.2347500000000005
17.464285714285715 3.2347500000000005
17.5 3.2347500000000005
17.535714285714285 3.2347500000000005
17.642857142857142 3.2347500000000005
17.714285714285715 3.2347500000000005
17.75 3.2312031250000004
17.785714285714285 3.2312031250000004
17.821428571428573 3.2312031250000004
17.857142857142858 3.2312031250000004
17.892857142857142 3.2312031250000004
17.928571428571427 3.2312031250000004
17.964285714285715 3.2312031250000004
18.0 3.2347500000000005
18.071428571428573 3.2347500000000005
18.107142857142858 3.2347500000000005
18.142857142857142 3.2312031250000004
18.178571428571427 3.2312031250000004
18.214285714285715 3.2312031250000004
18.25 3.2312031250000004
18.285714285714285 3.2347500000000005
18.321428571428573 3.2312031250000004
18.357142857142858 3.238296875
18.392857142857142 3.2276562500000003
18.464285714285715 3.2347500000000005
18.5 3.2312031250000004
18.535714285714285 3.2276562500000003
18.571428571428573 3.2312031250000004
18.607142857142858 3.2312031250000004
18.642857142857142 3.2312031250000004
18.678571428571427 3.2312031250000004
18.714285714285715 3.2312031250000004
18.75 3.2347500000000005
18.785714285714285 3.2347500000000005
18.821428571428573 3.2347500000000005
18.857142857142858 3.2312031250000004
18.892857142857142 3.2276562500000003
18.928571428571427 3.2312031250000004
18.964285714285715 3.2276562500000003
19.0 3.2312031250000004
19.035714285714285 3.2312031250000004
19.071428571428573 3.2312031250000004
19.107142857142858 3.2312031250000004
19.178571428571427 3.2312031250000004
19.214285714285715 3.2347500000000005
19.25 3.2312031250000004
19.285714285714285 3.2276562500000003
19.321428571428573 3.2312031250000004
19.357142857142858 3.2312031250000004
19.392857142857142 3.2312031250000004
19.428571428571427 3.2312031250000004
19.5 3.2312031250000004
19.535714285714285 3.2347500000000005
19.571428571428573 3.2312031250000004
19.607142857142858 3.2276562500000003
19.642857142857142 3.2276562500000003
19.678571428571427 3.2276562500000003
19.714285714285715 3.2276562500000003
19.75 3.2276562500000003
19.785714285714285 3.2276562500000003
19.821428571428573 3.2276562500000003
19.857142857142858 3.2276562500000003
19.892857142857142 3.2241093750000003
19.928571428571427 3.2276562500000003
19.964285714285715 3.2276562500000003
20.0 3.2241093750000003
20.035714285714285 3.2205625
20.071428571428573 3.2241093750000003
20.107142857142858 3.2241093750000003
20.142857142857142 3.2241093750000003
20.178571428571427 3.2241093750000003
20.214285714285715 3.2276562500000003
20.25 3.2205625
20.285714285714285 3.2276562500000003
20.321428571428573 3.2241093750000003
20.357142857142858 3.2241093750000003
20.392857142857142 3.2241093750000003
20.428571428571427 3.2241093750000003
20.464285714285715 3.2241093750000003
20.5 3.2241093750000003
20.535714285714285 3.2241093750000003
20.571428571428573 3.2241093750000003
20.607142857142858 3.2205625
20.642857142857142 3.2205625
20.678571428571427 3.2241093750000003
20.714285714285715 3.2205625
20.75 3.217015625
20.785714285714285 3.217015625
20.821428571428573 3.217015625
20.857142857142858 3.217015625
20.892857142857142 3.217015625
20.928571428571427 3.217015625
20.964285714285715 3.2205625
21.0 3.2205625
21.035714285714285 3.2205625
21.071428571428573 3.217015625
21.107142857142858 3.21346875
21.142857142857142 3.21346875
21.178571428571427 3.21346875
21.214285714285715 3.21346875
21.25 3.21346875
21.285714285714285 3.21346875
21.321428571428573 3.21346875
21.357142857142858 3.2099218750000005
21.392857142857142 3.21346875
21.428571428571427 3.217015625
21.464285714285715 3.21346875
21.5 3.2099218750000005
21.535714285714285 3.2099218750000005
21.571428571428573 3.2099218750000005
21.607142857142858 3.2099218750000005
21.642857142857142 3.21346875
21.714285714285715 3.217015625
21.75 3.217015625
21.785714285714285 3.2205625
21.821428571428573 3.21346875
21.857142857142858 3.2099218750000005
21.892857142857142 3.2099218750000005
21.928571428571427 3.2099218750000005
21.964285714285715 3.2099218750000005
22.0 3.2099218750000005
22.035714285714285 3.21346875
22.071428571428573 3.21346875
22.107142857142858 3.0396718750000002
22.142857142857142 3.217015625
22.178571428571427 3.21346875
22.214285714285715 3.2099218750000005
22.25 3.2099218750000005
22.285714285714285 3.2099218750000005
22.321428571428573 3.2099218750000005
22.357142857142858 3.2099218750000005
22.392857142857142 3.2063750000000004
22.428571428571427 3.2099218750000005
22.464285714285715 3.2063750000000004
22.5 3.2099218750000005
22.535714285714285 3.21346875
22.571428571428573 3.2099218750000005
22.607142857142858 3.2028281250000004
22.642857142857142 3.2063750000000004
22.678571428571427 3.2063750000000004
22.714285714285715 3.2063750000000004
22.75 3.2063750000000004
22.821428571428573 3.2063750000000004
22.857142857142858 3.2099218750000005
22.892857142857142 3.2099218750000005
22.928571428571427 3.2063750000000004
22.964285714285715 3.2063750000000004
23.0 3.2028281250000004
23.035714285714285 3.2028281250000004
23.071428571428573 3.2063750000000004
23.107142857142858 3.2063750000000004
23.178571428571427 3.1992812500000003
23.214285714285715 3.1957343750000002
23.25 3.2028281250000004
23.285714285714285 3.2028281250000004
23.321428571428573 3.1992812500000003
23.357142857142858 3.1957343750000002
23.392857142857142 3.1957343750000002
23.428571428571427 3.1957343750000002
23.464285714285715 3.1957343750000002
23.5 3.1921875
23.571428571428573 3.1957343750000002
23.607142857142858 3.1992812500000003
23.642857142857142 3.1992812500000003
23.678571428571427 3.1957343750000002
23.714285714285715 3.1921875
23.75 3.1921875
23.785714285714285 3.1921875
23.821428571428573 3.1921875
23.857142857142858 3.188640625
23.892857142857142 3.188640625
23.928571428571427 3.1921875
24.0 3.1957343750000002
24.035714285714285 3.1921875
24.071428571428573 3.188640625
24.107142857142858 3.188640625
24.142857142857142 3.188640625
24.178571428571427 3.188640625
24.214285714285715 3.188640625
24.285714285714285 3.1921875
24.321428571428573 3.1850937500000005
24.357142857142858 3.1921875
24.392857142857142 3.1921875
24.428571428571427 3.1850937500000005
24.464285714285715 3.1850937500000005
24.5 3.1850937500000005
24.535714285714285 3.1850937500000005
24.571428571428573 3.1850937500000005
24.607142857142858 3.1815468750000004
24.678571428571427 3.1850937500000005
24.75 3.188640625
24.785714285714285 3.1850937500000005
24.821428571428573 3.1815468750000004
24.857142857142858 3.1850937500000005
24.892857142857142 3.1850937500000005
24.928571428571427 3.1815468750000004
24.964285714285715 3.1815468750000004
25.035714285714285 3.1850937500000005
25.107142857142858 3.1850937500000005
25.142857142857142 3.1850937500000005
25.178571428571427 3.1815468750000004
25.214285714285715 3.1780000000000004
25.25 3.1815468750000004
25.285714285714285 3.1815468750000004
25.321428571428573 3.1780000000000004
25.357142857142858 3.1780000000000004
25.392857142857142 3.1850937500000005
25.428571428571427 3.1780000000000004
25.464285714285715 3.1850937500000005
25.5 3.1850937500000005
25.535714285714285 3.1780000000000004
25.571428571428573 3.1780000000000004
25.607142857142858 3.1780000000000004
25.642857142857142 3.1780000000000004
25.678571428571427 3.1815468750000004
25.714285714285715 3.1815468750000004
25.785714285714285 3.1780000000000004
25.857142857142858 3.1815468750000004
25.892857142857142 3.1780000000000004
25.928571428571427 3.1744531250000003
25.964285714285715 3.1744531250000003
26.0 3.1780000000000004
26.035714285714285 3.1780000000000004
26.071428571428573 3.1780000000000004
26.142857142857142 3.1780000000000004
26.214285714285715 3.1780000000000004
26.25 3.1780000000000004
26.285714285714285 3.1709062500000003
26.321428571428573 3.1709062500000003
26.357142857142858 3.1709062500000003
26.392857142857142 3.1709062500000003
26.428571428571427 3.1709062500000003
26.464285714285715 3.1709062500000003
26.5 3.1744531250000003
26.571428571428573 3.1744531250000003
26.607142857142858 3.1744531250000003
26.642857142857142 3.1709062500000003
26.678571428571427 3.167359375
26.714285714285715 3.167359375
26.75 3.167359375
26.785714285714285 3.167359375
26.821428571428573 3.167359375
26.857142857142858 3.1638125
26.892857142857142 3.167359375
26.964285714285715 3.1709062500000003
27.0 3.167359375
27.035714285714285 3.1638125
27.071428571428573 3.160265625
27.107142857142858 3.160265625
27.142857142857142 3.160265625
27.178571428571427 3.160265625
27.214285714285715 3.160265625
27.25 3.1638125
27.321428571428573 3.167359375
27.357142857142858 3.167359375
27.392857142857142 3.160265625
27.428571428571427 3.1567187500000005
27.464285714285715 3.1567187500000005
27.5 3.1567187500000005
27.535714285714285 3.1567187500000005
27.571428571428573 3.1567187500000005
27.607142857142858 3.160265625
27.642857142857142 3.1567187500000005
27.678571428571427 3.167359375
27.714285714285715 3.1638125
27.75 3.160265625
27.785714285714285 3.1567187500000005
27.821428571428573 3.1567187500000005
27.857142857142858 3.1567187500000005
27.892857142857142 3.1567187500000005
27.928571428571427 3.1567187500000005
28.0 3.160265625
28.035714285714285 3.167359375
28.071428571428573 3.167359375
28.107142857142858 3.160265625
28.142857142857142 3.160265625
28.178571428571427 3.1567187500000005
28.214285714285715 3.1567187500000005
28.25 3.1567187500000005
28.285714285714285 3.1567187500000005
28.321428571428573 3.1531718750000004
28.357142857142858 3.160265625
28.392857142857142 3.1531718750000004
28.428571428571427 3.1638125
28.464285714285715 3.1638125
28.5 3.1567187500000005
28.535714285714285 3.1531718750000004
28.571428571428573 3.1531718750000004
28.607142857142858 3.1531718750000004
28.642857142857142 3.1531718750000004
28.678571428571427 3.1496250000000003
28.714285714285715 3.1531718750000004
28.785714285714285 3.160265625
28.821428571428573 3.160265625
28.857142857142858 3.1567187500000005
28.892857142857142 3.1531718750000004
28.928571428571427 3.1496250000000003
28.964285714285715 3.1496250000000003
29.0 3.1531718750000004
29.035714285714285 3.1496250000000003
29.071428571428573 3.1496250000000003
29.178571428571427 3.1567187500000005
29.214285714285715 3.1531718750000004
29.25 3.1531718750000004
29.285714285714285 3.1460781250000003
29.321428571428573 3.1460781250000003
29.357142857142858 3.1460781250000003
29.392857142857142 3.1460781250000003
29.428571428571427 3.14253125
29.535714285714285 3.1567187500000005
29.571428571428573 3.1531718750000004
29.607142857142858 3.1496250000000003
29.642857142857142 3.14253125
29.678571428571427 3.14253125
29.714285714285715 3.1460781250000003
29.75 3.1460781250000003
29.785714285714285 3.14253125
29.857142857142858 3.1460781250000003
29.892857142857142 3.1496250000000003
29.928571428571427 3.1496250000000003
29.964285714285715 3.1496250000000003
30.0 3.14253125
30.035714285714285 3.14253125
30.071428571428573 3.14253125
30.107142857142858 3.14253125
30.142857142857142 3.14253125
30.178571428571427 3.138984375
30.214285714285715 3.14253125
30.25 3.1460781250000003
30.285714285714285 3.1496250000000003
30.321428571428573 3.1496250000000003
30.357142857142858 3.14253125
30.392857142857142 3.138984375
30.428571428571427 3.14253125
30.464285714285715 3.138984375
30.5 3.14253125
30.535714285714285 3.138984375
30.642857142857142 3.1531718750000004
30.678571428571427 3.1496250000000003
30.714285714285715 3.1460781250000003
30.75 3.138984375
30.785714285714285 3.14253125
30.821428571428573 3.14253125
30.857142857142858 3.14253125
30.892857142857142 3.14253125
30.964285714285715 3.14253125
31.0 3.1460781250000003
31.035714285714285 3.1460781250000003
31.071428571428573 3.1460781250000003
31.107142857142858 3.138984375
31.142857142857142 3.138984375
31.178571428571427 3.138984375
31.214285714285715 3.138984375
31.25 3.138984375
31.285714285714285 3.1354375
31.357142857142858 3.0219375000000004
31.392857142857142 3.1460781250000003
31.428571428571427 3.1460781250000003
31.464285714285715 3.14253125
31.5 3.1354375
31.535714285714285 3.1354375
31.571428571428573 3.1354375
31.607142857142858 3.138984375
31.642857142857142 3.1354375
31.678571428571427 3.138984375
31.75 3.1496250000000003
31.785714285714285 3.1460781250000003
31.821428571428573 3.138984375
31.857142857142858 3.138984375
31.892857142857142 3.138984375
31.928571428571427 3.138984375
31.964285714285715 3.138984375
32.0 3.138984375
32.107142857142854 3.1460781250000003
32.142857142857146 3.14253125
32.17857142857143 3.138984375
32.214285714285715 3.1354375
32.25 3.1354375
32.285714285714285 3.1354375
32.32142857142857 3.1354375
32.357142857142854 3.1354375
32.392857142857146 3.1318906250000005
32.42857142857143 3.1354375
32.464285714285715 3.1354375
32.5 3.138984375
32.535714285714285 3.1354375
32.57142857142857 3.1318906250000005
32.607142857142854 3.1318906250000005
32.642857142857146 3.1318906250000005
32.67857142857143 3.1318906250000005
32.714285714285715 3.1318906250000005
32.75 3.1283437500000004
32.82142857142857 3.1354375
32.857142857142854 3.138984375
32.892857142857146 3.1354375
32.92857142857143 3.1283437500000004
32.964285714285715 3.1283437500000004
33.0 3.1318906250000005
33.035714285714285 3.1318906250000005
33.07142857142857 3.1318906250000005
33.107142857142854 3.1283437500000004
33.142857142857146 3.1247968750000004
33.214285714285715 3.0183906250000003
33.25 3.1354375
33.285714285714285 3.1354375
33.32142857142857 3.1283437500000004
33.357142857142854 3.1283437500000004
33.392857142857146 3.1283437500000004
33.42857142857143 3.1283437500000004
33.464285714285715 3.1283437500000004
33.5 3.1247968750000004
33.535714285714285 3.1283437500000004
33.607142857142854 3.1354375
33.642857142857146 3.1318906250000005
33.67857142857143 3.1283437500000004
33.714285714285715 3.1283437500000004
33.75 3.1283437500000004
33.785714285714285 3.1283437500000004
33.82142857142857 3.1283437500000004
33.857142857142854 3.1247968750000004
33.892857142857146 3.1247968750000004
33.92857142857143 3.1283437500000004
33.964285714285715 3.1354375
34.0 3.1318906250000005
34.035714285714285 3.1283437500000004
34.07142857142857 3.1247968750000004
34.107142857142854 3.1247968750000004
34.142857142857146 3.1247968750000004
34.17857142857143 3.1247968750000004
34.214285714285715 3.1247968750000004
34.285714285714285 3.1247968750000004
34.357142857142854 3.1283437500000004
34.392857142857146 3.1283437500000004
34.42857142857143 3.1212500000000003
34.464285714285715 3.1212500000000003
34.5 3.1212500000000003
34.535714285714285 3.1212500000000003
34.57142857142857 3.1212500000000003
34.607142857142854 3.1177031250000002
34.642857142857146 3.1177031250000002
34.67857142857143 3.1212500000000003
34.714285714285715 3.1283437500000004
34.75 3.1212500000000003
34.785714285714285 3.1177031250000002
34.82142857142857 3.1177031250000002
34.857142857142854 3.1177031250000002
34.892857142857146 3.1177031250000002
34.92857142857143 3.1177031250000002
34.964285714285715 3.1177031250000002
35.07142857142857 3.1247968750000004
35.107142857142854 3.1247968750000004
35.142857142857146 3.1177031250000002
35.17857142857143 3.11415625
35.214285714285715 3.11415625
35.25 3.1177031250000002
35.285714285714285 3.1177031250000002
35.32142857142857 3.1177031250000002
35.392857142857146 3.11415625
35.464285714285715 3.1247968750000004
35.5 3.11415625
35.535714285714285 3.110609375
35.57142857142857 3.110609375
35.607142857142854 3.110609375
35.642857142857146 3.110609375
35.67857142857143 3.110609375
35.714285714285715 3.1070625000000005
35.75 3.110609375
35.785714285714285 3.11415625
35.82142857142857 3.1247968750000004
35.857142857142854 3.1177031250000002
35.892857142857146 3.110609375
35.92857142857143 3.110609375
35.964285714285715 3.110609375
36.0 3.110609375
36.035714285714285 3.110609375
36.07142857142857 3.110609375
36.142857142857146 3.11415625
36.214285714285715 3.1177031250000002
36.25 3.110609375
36.285714285714285 3.110609375
36.32142857142857 3.110609375
36.357142857142854 3.110609375
36.392857142857146 3.110609375
36.42857142857143 3.1070625000000005
36.464285714285715 3.1070625000000005
36.5 3.110609375
36.57142857142857 3.1247968750000004
36.607142857142854 3.11415625
36.642857142857146 3.1070625000000005
36.67857142857143 3.110609375
36.714285714285715 3.110609375
36.75 3.110609375
36.785714285714285 3.1070625000000005
36.82142857142857 3.1070625000000005
36.892857142857146 3.1070625000000005
36.92857142857143 3.1177031250000002
36.964285714285715 3.11415625
37.0 3.1070625000000005
37.035714285714285 3.1070625000000005
37.07142857142857 3.1070625000000005
37.107142857142854 3.1070625000000005
37.142857142857146 3.1070625000000005
37.17857142857143 3.1070625000000005
37.214285714285715 3.1035156250000004
37.25 3.1070625000000005
37.32142857142857 3.1212500000000003
37.357142857142854 3.1070625000000005
37.392857142857146 3.1070625000000005
37.42857142857143 3.1070625000000005
37.464285714285715 3.1070625000000005
37.5 3.1070625000000005
37.535714285714285 3.1070625000000005
37.57142857142857 3.1070625000000005
37.67857142857143 3.1177031250000002
37.714285714285715 3.11415625
37.75 3.1070625000000005
37.785714285714285 3.1070625000000005
37.82142857142857 3.1070625000000005
37.857142857142854 3.1070625000000005
37.892857142857146 3.1070625000000005
37.92857142857143 3.1070625000000005
37.964285714285715 3.1070625000000005
38.0 3.1070625000000005
38.07142857142857 3.11415625
38.107142857142854 3.1070625000000005
38.142857142857146 3.1070625000000005
38.17857142857143 3.1070625000000005
38.214285714285715 3.1070625000000005
38.25 3.1070625000000005
38.285714285714285 3.1070625000000005
38.357142857142854 3.1070625000000005
38.42857142857143 3.110609375
38.464285714285715 3.1070625000000005
38.5 3.1035156250000004
38.535714285714285 3.1035156250000004
38.57142857142857 3.1035156250000004
38.607142857142854 3.1035156250000004
38.642857142857146 3.1035156250000004
38.67857142857143 3.1035156250000004
38.75 3.0999687500000004
38.785714285714285 3.1070625000000005
38.82142857142857 3.1070625000000005
38.857142857142854 3.1035156250000004
38.892857142857146 3.0999687500000004
38.92857142857143 3.0999687500000004
38.964285714285715 3.0999687500000004
39.0 3.0999687500000004
39.035714285714285 3.0999687500000004
39.107142857142854 3.0999687500000004
39.17857142857143 3.1070625000000005
39.214285714285715 3.1035156250000004
39.25 3.0964218750000003
39.285714285714285 3.0999687500000004
39.32142857142857 3.0999687500000004
39.357142857142854 3.0999687500000004
39.392857142857146 3.0999687500000004
39.42857142857143 3.0999687500000004
39.464285714285715 3.0999687500000004
39.535714285714285 3.1035156250000004
39.57142857142857 3.0964218750000003
39.607142857142854 3.0928750000000003
39.642857142857146 3.0964218750000003
39.67857142857143 3.0964218750000003
39.714285714285715 3.0964218750000003
39.75 3.0964218750000003
39.785714285714285 3.0964218750000003
39.82142857142857 3.0928750000000003
39.857142857142854 3.0928750000000003
39.892857142857146 3.1035156250000004
