0.03571428571428571 0.7235625000000001
0.07142857142857142 0.7271093750000001
0.10714285714285714 0.7271093750000001
0.14285714285714285 0.7271093750000001
0.17857142857142858 0.7235625000000001
0.21428571428571427 0.7271093750000001
0.25 0.7271093750000001
0.2857142857142857 0.7271093750000001
0.32142857142857145 0.7271093750000001
0.35714285714285715 0.7235625000000001
0.39285714285714285 0.720015625
0.42857142857142855 0.7235625000000001
0.4642857142857143 0.7271093750000001
0.5 0.7235625000000001
0.5357142857142857 0.7271093750000001
0.5714285714285714 0.7235625000000001
0.6071428571428571 0.7271093750000001
0.6428571428571429 0.7271093750000001
0.6785714285714286 0.7271093750000001
0.7142857142857143 0.7235625000000001
0.75 0.720015625
0.7857142857142857 0.7271093750000001
0.8214285714285714 0.7306562500000001
0.8571428571428571 0.7271093750000001
0.8928571428571429 0.7271093750000001
0.9285714285714286 0.7271093750000001
0.9642857142857143 0.7235625000000001
1.0 0.7271093750000001
1.0357142857142858 0.7271093750000001
1.0714285714285714 0.7235625000000001
1.1071428571428572 0.7306562500000001
1.1428571428571428 0.7235625000000001
1.1785714285714286 0.7306562500000001
1.2142857142857142 0.7271093750000001
1.25 0.7235625000000001
1.2857142857142858 0.7271093750000001
1.3214285714285714 0.7235625000000001
1.3571428571428572 0.7271093750000001
1.3928571428571428 0.7271093750000001
1.4285714285714286 0.7271093750000001
1.4642857142857142 0.7271093750000001
1.5 0.7235625000000001
1.5357142857142858 0.7235625000000001
1.5714285714285714 0.7271093750000001
1.6071428571428572 0.7271093750000001
1.6428571428571428 0.7271093750000001
1.6785714285714286 0.7271093750000001
1.7142857142857142 0.7235625000000001
1.75 0.7271093750000001
1.7857142857142858 0.7271093750000001
1.8214285714285714 0.7271093750000001
1.8571428571428572 0.7235625000000001
1.8928571428571428 0.7235625000000001
1.9285714285714286 0.7271093750000001
1.9642857142857142 0.7271093750000001
2.0 0.7271093750000001
2.0357142857142856 0.7271093750000001
2.0714285714285716 0.7271093750000001
2.107142857142857 0.7271093750000001
2.142857142857143 0.7271093750000001
2.1785714285714284 0.7271093750000001
2.2142857142857144 0.7235625000000001
2.25 0.7235625000000001
2.2857142857142856 0.7306562500000001
2.3214285714285716 0.7306562500000001
2.357142857142857 0.7271093750000001
2.392857142857143 0.7271093750000001
2.4285714285714284 0.7271093750000001
2.4642857142857144 0.7271093750000001
2.5 0.7271093750000001
2.5357142857142856 0.7271093750000001
2.5714285714285716 0.7235625000000001
2.607142857142857 0.7235625000000001
2.642857142857143 0.7306562500000001
2.6785714285714284 0.7306562500000001
2.7142857142857144 0.7271093750000001
2.75 0.7271093750000001
2.7857142857142856 0.7271093750000001
2.8214285714285716 0.7271093750000001
2.857142857142857 0.7271093750000001
2.892857142857143 0.7306562500000001
2.9285714285714284 0.7271093750000001
2.9642857142857144 0.720015625
3.0 0.7271093750000001
3.0357142857142856 0.7306562500000001
3.0714285714285716 0.7306562500000001
3.107142857142857 0.7306562500000001
3.142857142857143 0.7306562500000001
3.1785714285714284 0.7306562500000001
3.2142857142857144 0.7306562500000001
3.25 0.7306562500000001
3.2857142857142856 0.7235625000000001
3.3214285714285716 0.7271093750000001
3.357142857142857 0.7271093750000001
3.392857142857143 0.7271093750000001
3.4285714285714284 0.7271093750000001
3.4642857142857144 0.7235625000000001
3.5 0.7271093750000001
3.5357142857142856 0.7271093750000001
3.5714285714285716 0.7271093750000001
3.607142857142857 0.7271093750000001
3.642857142857143 0.7306562500000001
3.6785714285714284 0.7306562500000001
3.7142857142857144 0.7271093750000001
3.75 0.7306562500000001
3.7857142857142856 0.7306562500000001
3.8214285714285716 0.7306562500000001
3.857142857142857 0.7306562500000001
3.892857142857143 0.7306562500000001
3.9285714285714284 0.7306562500000001
3.9642857142857144 0.7306562500000001
4.0 0.7306562500000001
4.035714285714286 0.7271093750000001
4.071428571428571 0.7235625000000001
4.107142857142857 0.7306562500000001
4.142857142857143 0.7306562500000001
4.178571428571429 0.7306562500000001
4.214285714285714 0.7271093750000001
4.25 0.7306562500000001
4.285714285714286 0.7306562500000001
4.321428571428571 0.7306562500000001
4.357142857142857 0.7306562500000001
4.392857142857143 0.7306562500000001
4.428571428571429 0.7306562500000001
4.464285714285714 0.7271093750000001
4.5 0.7342031250000001
4.535714285714286 0.7342031250000001
4.571428571428571 0.7342031250000001
4.607142857142857 0.7306562500000001
4.642857142857143 0.7306562500000001
4.678571428571429 0.7306562500000001
4.714285714285714 0.7306562500000001
4.75 0.7306562500000001
4.785714285714286 0.7306562500000001
4.821428571428571 0.7235625000000001
4.857142857142857 0.7342031250000001
4.892857142857143 0.7342031250000001
4.928571428571429 0.7306562500000001
4.964285714285714 0.7342031250000001
5.0 0.7306562500000001
5.035714285714286 0.7306562500000001
5.071428571428571 0.7306562500000001
5.107142857142857 0.7342031250000001
5.142857142857143 0.7271093750000001
5.178571428571429 0.7306562500000001
5.214285714285714 0.7306562500000001
5.25 0.7306562500000001
5.285714285714286 0.7306562500000001
5.321428571428571 0.7306562500000001
5.357142857142857 0.7306562500000001
5.392857142857143 0.7306562500000001
5.428571428571429 0.7306562500000001
5.464285714285714 0.7342031250000001
5.5 0.7306562500000001
5.535714285714286 0.7306562500000001
5.571428571428571 0.7306562500000001
5.607142857142857 0.73775
5.642857142857143 0.7342031250000001
5.678571428571429 0.7342031250000001
5.714285714285714 0.7342031250000001
5.75 0.7342031250000001
5.785714285714286 0.7342031250000001
5.821428571428571 0.7342031250000001
5.857142857142857 0.7342031250000001
5.892857142857143 0.7342031250000001
5.928571428571429 0.73775
5.964285714285714 0.7342031250000001
6.0 0.7342031250000001
6.035714285714286 0.7342031250000001
6.071428571428571 0.7342031250000001
6.107142857142857 0.7342031250000001
6.142857142857143 0.7342031250000001
6.178571428571429 0.73775
6.214285714285714 0.73775
6.25 0.7342031250000001
6.285714285714286 0.7342031250000001
6.321428571428571 0.7342031250000001
6.357142857142857 0.7412968750000001
6.392857142857143 0.73775
6.428571428571429 0.73775
6.464285714285714 0.73775
6.5 0.73775
6.535714285714286 0.73775
6.571428571428571 0.73775
6.607142857142857 0.73775
6.642857142857143 0.7342031250000001
6.678571428571429 0.73775
6.714285714285714 0.7412968750000001
6.75 0.7412968750000001
6.785714285714286 0.7412968750000001
6.821428571428571 0.73775
6.857142857142857 0.73775
6.892857142857143 0.73775
6.928571428571429 0.7412968750000001
6.964285714285714 0.7412968750000001
7.0 0.73775
7.035714285714286 0.7412968750000001
7.071428571428571 0.73775
7.107142857142857 0.74484375
7.142857142857143 0.74484375
7.178571428571429 0.7412968750000001
7.214285714285714 0.7412968750000001
7.25 0.7412968750000001
7.285714285714286 0.7412968750000001
7.321428571428571 0.7412968750000001
7.357142857142857 0.7412968750000001
7.392857142857143 1.1775625
7.428571428571429 0.73775
7.464285714285714 0.74484375
7.5 0.74484375
7.535714285714286 0.74484375
7.571428571428571 0.7412968750000001
7.607142857142857 0.74484375
7.642857142857143 0.74484375
7.678571428571429 0.74484375
7.714285714285714 0.74484375
7.75 0.7412968750000001
7.785714285714286 0.7483906250000001
7.821428571428571 0.74484375
7.857142857142857 0.74484375
7.892857142857143 0.74484375
7.928571428571429 0.74484375
7.964285714285714 0.74484375
8.0 0.74484375
8.035714285714286 0.74484375
8.071428571428571 0.74484375
8.107142857142858 0.74484375
8.142857142857142 0.7412968750000001
8.178571428571429 0.7412968750000001
8.214285714285714 0.7483906250000001
8.25 0.74484375
8.285714285714286 0.74484375
8.321428571428571 0.74484375
8.357142857142858 0.74484375
8.392857142857142 0.74484375
8.428571428571429 0.74484375
8.464285714285714 0.74484375
8.5 0.74484375
8.535714285714286 0.73775
8.571428571428571 0.74484375
8.607142857142858 0.74484375
8.642857142857142 0.74484375
8.678571428571429 0.74484375
8.714285714285714 0.74484375
8.75 0.74484375
8.785714285714286 0.74484375
8.821428571428571 0.74484375
8.857142857142858 0.74484375
8.892857142857142 0.74484375
8.928571428571429 0.7483906250000001
8.964285714285714 0.7483906250000001
9.0 0.74484375
9.035714285714286 0.74484375
9.071428571428571 0.7483906250000001
9.107142857142858 0.74484375
9.142857142857142 0.7483906250000001
9.178571428571429 0.74484375
9.214285714285714 0.74484375
9.25 0.74484375
9.285714285714286 0.74484375
9.321428571428571 0.7519375
9.357142857142858 0.7483906250000001
9.392857142857142 0.7483906250000001
9.428571428571429 0.7483906250000001
9.464285714285714 0.7519375
9.5 0.7483906250000001
9.535714285714286 0.7483906250000001
9.571428571428571 0.7483906250000001
9.607142857142858 0.7342031250000001
9.642857142857142 0.7483906250000001
9.678571428571429 0.7519375
9.714285714285714 0.7519375
9.75 0.7519375
9.785714285714286 0.7519375
9.821428571428571 0.7519375
9.857142857142858 0.7519375
9.892857142857142 0.7554843750000001
9.928571428571429 0.7519375
9.964285714285714 0.7519375
10.0 0.7483906250000001
10.035714285714286 0.7519375
10.071428571428571 0.7519375
10.107142857142858 0.7554843750000001
10.142857142857142 0.7519375
10.178571428571429 0.7519375
10.214285714285714 0.7519375
10.25 0.7519375
10.285714285714286 0.7519375
10.321428571428571 0.7519375
10.357142857142858 0.7519375
10.392857142857142 0.7483906250000001
10.428571428571429 0.7554843750000001
10.464285714285714 0.75903125
10.5 0.7554843750000001
10.535714285714286 0.7554843750000001
10.571428571428571 0.7554843750000001
10.607142857142858 0.7554843750000001
10.642857142857142 0.7554843750000001
10.678571428571429 0.7554843750000001
10.714285714285714 0.7554843750000001
10.75 0.7519375
10.785714285714286 0.7554843750000001
10.821428571428571 0.7554843750000001
10.857142857142858 0.7554843750000001
10.892857142857142 0.7519375
10.928571428571429 0.7554843750000001
10.964285714285714 0.7554843750000001
11.0 0.7554843750000001
11.035714285714286 0.7554843750000001
11.071428571428571 0.7554843750000001
11.107142857142858 0.7554843750000001
11.142857142857142 0.75903125
11.178571428571429 0.75903125
11.214285714285714 0.7554843750000001
11.25 0.7554843750000001
11.285714285714286 0.7554843750000001
11.321428571428571 0.7554843750000001
11.357142857142858 0.7554843750000001
11.392857142857142 0.75903125
11.428571428571429 0.7625781250000001
11.464285714285714 0.75903125
11.5 0.75903125
11.535714285714286 0.75903125
11.571428571428571 0.7625781250000001
11.607142857142858 0.7625781250000001
11.642857142857142 0.7625781250000001
11.678571428571429 0.7625781250000001
11.714285714285714 0.7625781250000001
11.75 0.7625781250000001
11.785714285714286 0.7625781250000001
11.821428571428571 0.7625781250000001
11.857142857142858 0.7554843750000001
11.892857142857142 0.75903125
11.928571428571429 0.7625781250000001
11.964285714285714 0.7625781250000001
12.0 0.7625781250000001
12.035714285714286 0.7625781250000001
12.071428571428571 0.7625781250000001
12.107142857142858 0.7625781250000001
12.142857142857142 0.7661250000000001
12.178571428571429 0.7625781250000001
12.214285714285714 0.7554843750000001
12.25 0.75903125
12.285714285714286 0.7661250000000001
12.321428571428571 0.7625781250000001
12.357142857142858 0.7625781250000001
12.392857142857142 0.7625781250000001
12.428571428571429 0.7661250000000001
12.464285714285714 0.7661250000000001
12.5 0.7661250000000001
12.535714285714286 0.7625781250000001
12.571428571428571 0.7625781250000001
12.607142857142858 0.7625781250000001
12.642857142857142 0.7625781250000001
12.678571428571429 0.7661250000000001
12.714285714285714 0.7696718750000001
12.75 0.7661250000000001
12.785714285714286 0.7661250000000001
12.821428571428571 0.7661250000000001
12.857142857142858 0.7696718750000001
12.892857142857142 0.7732187500000001
12.928571428571429 0.7661250000000001
12.964285714285714 0.7625781250000001
13.0 0.7661250000000001
13.035714285714286 0.7732187500000001
13.071428571428571 0.7696718750000001
13.107142857142858 0.7696718750000001
13.142857142857142 0.7696718750000001
13.178571428571429 0.7696718750000001
13.214285714285714 0.7696718750000001
13.25 0.7696718750000001
13.285714285714286 0.7661250000000001
13.321428571428571 0.7661250000000001
13.357142857142858 0.7696718750000001
13.392857142857142 0.7732187500000001
13.428571428571429 0.7732187500000001
13.464285714285714 0.7732187500000001
13.5 0.7732187500000001
13.535714285714286 0.7732187500000001
13.571428571428571 0.7732187500000001
13.607142857142858 0.7732187500000001
13.642857142857142 0.7732187500000001
13.678571428571429 0.7696718750000001
13.714285714285714 0.7732187500000001
13.75 0.7696718750000001
13.785714285714286 0.7767656250000001
13.821428571428571 0.7732187500000001
13.857142857142858 0.7732187500000001
13.892857142857142 0.7732187500000001
13.928571428571429 0.7732187500000001
13.964285714285714 0.7732187500000001
14.0 0.7767656250000001
14.035714285714286 0.7732187500000001
14.071428571428571 0.7696718750000001
14.107142857142858 0.7732187500000001
14.142857142857142 0.7732187500000001
14.178571428571429 0.7732187500000001
14.214285714285714 0.7732187500000001
14.25 0.7732187500000001
14.285714285714286 0.7732187500000001
14.321428571428571 0.7767656250000001
14.357142857142858 0.7767656250000001
14.392857142857142 0.7767656250000001
14.428571428571429 0.7661250000000001
14.464285714285714 0.7732187500000001
14.5 0.7767656250000001
14.535714285714286 0.7803125000000001
14.571428571428571 0.7767656250000001
14.607142857142858 0.7767656250000001
14.642857142857142 0.7803125000000001
14.678571428571429 0.7767656250000001
14.714285714285714 0.7803125000000001
14.75 0.7803125000000001
14.785714285714286 0.7732187500000001
14.821428571428571 0.7767656250000001
14.857142857142858 0.7767656250000001
14.892857142857142 0.7803125000000001
14.928571428571429 0.7803125000000001
14.964285714285714 0.7803125000000001
15.0 0.7803125000000001
15.035714285714286 0.7803125000000001
15.071428571428571 0.7803125000000001
15.107142857142858 0.7803125000000001
15.142857142857142 0.7767656250000001
15.178571428571429 0.7767656250000001
15.214285714285714 0.7767656250000001
15.25 0.783859375
15.285714285714286 0.783859375
15.321428571428571 0.783859375
15.357142857142858 0.783859375
15.392857142857142 0.7803125000000001
15.428571428571429 0.783859375
15.464285714285714 0.783859375
15.5 0.7803125000000001
15.535714285714286 0.7696718750000001
15.571428571428571 0.7803125000000001
15.607142857142858 0.7803125000000001
15.642857142857142 0.7803125000000001
15.678571428571429 0.7803125000000001
15.714285714285714 0.7803125000000001
15.75 0.783859375
15.785714285714286 0.783859375
15.821428571428571 0.783859375
15.857142857142858 0.783859375
15.892857142857142 0.7803125000000001
15.928571428571429 0.7767656250000001
15.964285714285714 0.7803125000000001
16.0 0.783859375
16.035714285714285 0.7803125000000001
16.071428571428573 0.7803125000000001
16.107142857142858 0.783859375
16.142857142857142 0.783859375
16.178571428571427 0.783859375
16.214285714285715 0.783859375
16.25 0.7803125000000001
16.285714285714285 0.7696718750000001
16.321428571428573 0.7767656250000001
16.357142857142858 0.783859375
16.392857142857142 0.783859375
16.428571428571427 0.7803125000000001
16.464285714285715 0.7803125000000001
16.5 0.7803125000000001
16.535714285714285 0.7803125000000001
16.571428571428573 0.783859375
16.607142857142858 0.783859375
16.642857142857142 0.7767656250000001
16.678571428571427 0.7767656250000001
16.714285714285715 0.7803125000000001
16.75 0.783859375
16.785714285714285 0.7803125000000001
16.821428571428573 0.7803125000000001
16.857142857142858 0.7803125000000001
16.892857142857142 0.7803125000000001
16.928571428571427 0.783859375
16.964285714285715 0.7803125000000001
17.0 0.7803125000000001
17.035714285714285 0.7767656250000001
17.071428571428573 0.7803125000000001
17.107142857142858 0.783859375
17.142857142857142 0.7803125000000001
17.178571428571427 0.7803125000000001
17.214285714285715 0.7803125000000001
17.25 0.7803125000000001
17.285714285714285 0.7803125000000001
17.321428571428573 0.783859375
17.357142857142858 0.7803125000000001
17.392857142857142 0.7732187500000001
17.428571428571427 0.7767656250000001
17.464285714285715 0.783859375
17.5 0.783859375
17.535714285714285 0.7803125000000001
17.571428571428573 0.7803125000000001
17.607142857142858 0.7803125000000001
17.642857142857142 0.7803125000000001
17.678571428571427 0.783859375
17.714285714285715 0.783859375
17.75 0.7803125000000001
17.785714285714285 0.7767656250000001
17.821428571428573 0.7803125000000001
17.857142857142858 0.783859375
17.892857142857142 0.783859375
17.928571428571427 0.783859375
17.964285714285715 0.783859375
18.0 0.783859375
18.035714285714285 0.783859375
18.071428571428573 0.783859375
18.107142857142858 0.783859375
18.142857142857142 0.7767656250000001
18.178571428571427 0.7803125000000001
18.214285714285715 0.783859375
18.25 0.7874062500000001
18.285714285714285 0.783859375
18.321428571428573 0.783859375
18.357142857142858 0.7874062500000001
18.392857142857142 0.7874062500000001
18.428571428571427 0.7874062500000001
18.464285714285715 0.7874062500000001
18.5 0.7803125000000001
18.535714285714285 0.7803125000000001
18.571428571428573 0.7874062500000001
18.607142857142858 0.7874062500000001
18.642857142857142 0.790953125
18.678571428571427 0.7874062500000001
18.714285714285715 0.7874062500000001
18.75 0.7874062500000001
18.785714285714285 0.7874062500000001
18.821428571428573 0.790953125
18.857142857142858 0.7874062500000001
18.892857142857142 0.783859375
18.928571428571427 0.783859375
18.964285714285715 0.790953125
19.0 0.790953125
19.035714285714285 0.790953125
19.071428571428573 0.790953125
19.107142857142858 0.790953125
19.142857142857142 0.790953125
19.178571428571427 0.7945000000000001
19.214285714285715 0.790953125
19.25 0.790953125
19.285714285714285 0.790953125
19.321428571428573 0.790953125
19.357142857142858 0.790953125
19.392857142857142 0.790953125
19.428571428571427 0.7945000000000001
19.464285714285715 0.7945000000000001
19.5 0.7945000000000001
19.535714285714285 0.7945000000000001
19.571428571428573 0.7945000000000001
19.607142857142858 0.783859375
19.642857142857142 0.7874062500000001
19.678571428571427 0.7874062500000001
19.714285714285715 0.790953125
19.75 0.790953125
19.785714285714285 0.790953125
19.821428571428573 0.790953125
19.857142857142858 0.790953125
19.892857142857142 0.790953125
19.928571428571427 0.7945000000000001
19.964285714285715 0.790953125
20.0 0.790953125
20.035714285714285 0.7874062500000001
20.071428571428573 0.790953125
20.107142857142858 0.7874062500000001
20.142857142857142 0.790953125
20.178571428571427 0.790953125
20.214285714285715 0.790953125
20.25 0.790953125
20.285714285714285 0.790953125
20.321428571428573 0.790953125
20.357142857142858 0.783859375
20.392857142857142 0.7874062500000001
20.428571428571427 0.790953125
20.464285714285715 0.7945000000000001
20.5 0.790953125
20.535714285714285 0.790953125
20.571428571428573 0.790953125
20.607142857142858 0.790953125
20.642857142857142 0.7945000000000001
20.678571428571427 0.7945000000000001
20.714285714285715 0.7874062500000001
20.75 0.7874062500000001
20.785714285714285 0.790953125
20.821428571428573 0.7945000000000001
20.857142857142858 0.790953125
20.892857142857142 0.7945000000000001
20.928571428571427 0.7945000000000001
20.964285714285715 0.7945000000000001
21.0 0.790953125
21.035714285714285 0.7945000000000001
21.071428571428573 0.790953125
21.107142857142858 0.7945000000000001
21.142857142857142 0.7874062500000001
21.178571428571427 0.7945000000000001
21.214285714285715 0.7945000000000001
21.25 0.7945000000000001
21.285714285714285 0.7945000000000001
21.321428571428573 0.7945000000000001
21.357142857142858 0.7945000000000001
21.392857142857142 0.7945000000000001
21.428571428571427 0.7945000000000001
21.464285714285715 0.9505625000000001
21.5 0.7874062500000001
21.535714285714285 0.7945000000000001
21.571428571428573 0.798046875
21.607142857142858 0.7945000000000001
21.642857142857142 0.7945000000000001
21.678571428571427 0.7945000000000001
21.714285714285715 0.7945000000000001
21.75 0.7945000000000001
21.785714285714285 0.7945000000000001
21.821428571428573 0.7874062500000001
21.857142857142858 0.783859375
21.892857142857142 0.790953125
21.928571428571427 0.7945000000000001
21.964285714285715 0.7945000000000001
22.0 0.7945000000000001
22.035714285714285 0.790953125
22.071428571428573 0.7945000000000001
22.107142857142858 0.7945000000000001
22.142857142857142 0.7945000000000001
22.178571428571427 0.7945000000000001
22.214285714285715 0.7874062500000001
22.25 0.790953125
22.285714285714285 0.7945000000000001
22.321428571428573 0.7945000000000001
22.357142857142858 0.7945000000000001
22.392857142857142 0.7945000000000001
22.428571428571427 0.7945000000000001
22.464285714285715 0.7945000000000001
22.5 0.7945000000000001
22.535714285714285 0.7945000000000001
22.571428571428573 0.790953125
22.607142857142858 0.790953125
22.642857142857142 0.798046875
22.678571428571427 0.798046875
22.714285714285715 0.7945000000000001
22.75 0.7945000000000001
22.785714285714285 0.7945000000000001
22.821428571428573 0.7945000000000001
22.857142857142858 0.798046875
22.892857142857142 0.798046875
22.928571428571427 0.790953125
22.964285714285715 0.790953125
23.0 0.7945000000000001
23.035714285714285 0.7945000000000001
23.071428571428573 0.7945000000000001
23.107142857142858 0.7945000000000001
23.142857142857142 0.7945000000000001
23.178571428571427 0.7945000000000001
23.214285714285715 0.7945000000000001
23.25 0.7945000000000001
23.285714285714285 0.790953125
23.321428571428573 0.9576562500000001
23.357142857142858 0.7874062500000001
23.392857142857142 0.790953125
23.428571428571427 0.7945000000000001
23.464285714285715 0.790953125
23.5 0.790953125
23.535714285714285 0.790953125
23.571428571428573 0.790953125
23.607142857142858 0.7945000000000001
23.642857142857142 0.7945000000000001
23.678571428571427 0.790953125
23.714285714285715 0.790953125
23.75 0.7945000000000001
23.785714285714285 0.798046875
23.821428571428573 0.7945000000000001
23.857142857142858 0.790953125
23.892857142857142 0.790953125
23.928571428571427 0.7945000000000001
23.964285714285715 0.7945000000000001
24.0 0.7945000000000001
24.035714285714285 0.7945000000000001
24.071428571428573 0.783859375
24.107142857142858 0.790953125
24.142857142857142 0.7945000000000001
24.178571428571427 0.7945000000000001
24.214285714285715 0.7945000000000001
24.25 0.790953125
24.285714285714285 0.7945000000000001
24.321428571428573 0.7945000000000001
24.357142857142858 0.7945000000000001
24.392857142857142 0.790953125
24.428571428571427 0.790953125
24.464285714285715 0.790953125
24.5 0.7945000000000001
24.535714285714285 0.7945000000000001
24.571428571428573 0.7945000000000001
24.607142857142858 0.7945000000000001
24.642857142857142 0.7945000000000001
24.678571428571427 0.7945000000000001
24.714285714285715 0.7945000000000001
24.75 0.7945000000000001
24.785714285714285 0.790953125
24.821428571428573 0.790953125
24.857142857142858 0.7945000000000001
24.892857142857142 0.7945000000000001
24.928571428571427 0.7945000000000001
24.964285714285715 0.7945000000000001
25.0 0.7945000000000001
25.035714285714285 0.7945000000000001
25.071428571428573 0.7945000000000001
25.107142857142858 0.7945000000000001
25.142857142857142 0.7945000000000001
25.178571428571427 0.7945000000000001
25.214285714285715 0.790953125
25.25 0.7945000000000001
25.285714285714285 0.7945000000000001
25.321428571428573 0.798046875
25.357142857142858 0.798046875
25.392857142857142 0.798046875
25.428571428571427 0.7945000000000001
25.464285714285715 0.7945000000000001
25.5 0.7945000000000001
25.535714285714285 0.7945000000000001
25.571428571428573 0.7945000000000001
25.607142857142858 0.7945000000000001
25.642857142857142 0.798046875
25.678571428571427 0.7945000000000001
25.714285714285715 0.7945000000000001
25.75 0.7945000000000001
25.785714285714285 0.7945000000000001
25.821428571428573 0.7945000000000001
25.857142857142858 0.7945000000000001
25.892857142857142 0.7945000000000001
25.928571428571427 0.783859375
25.964285714285715 0.7945000000000001
26.0 0.7945000000000001
26.035714285714285 0.7945000000000001
26.071428571428573 0.7945000000000001
26.107142857142858 0.7945000000000001
26.142857142857142 0.7945000000000001
26.178571428571427 0.7945000000000001
26.214285714285715 0.7945000000000001
26.25 0.790953125
26.285714285714285 0.790953125
26.321428571428573 0.790953125
26.357142857142858 0.7945000000000001
26.392857142857142 0.798046875
26.428571428571427 0.7945000000000001
26.464285714285715 0.7945000000000001
26.5 0.7945000000000001
26.535714285714285 0.7945000000000001
26.571428571428573 0.790953125
26.607142857142858 0.790953125
26.642857142857142 0.7945000000000001
26.678571428571427 0.790953125
26.714285714285715 0.7945000000000001
26.75 0.7945000000000001
26.785714285714285 0.7945000000000001
26.821428571428573 0.7945000000000001
26.857142857142858 0.7945000000000001
26.892857142857142 0.7945000000000001
26.928571428571427 0.7945000000000001
26.964285714285715 0.7945000000000001
27.0 0.7945000000000001
27.035714285714285 0.7945000000000001
27.071428571428573 0.7945000000000001
27.107142857142858 0.798046875
27.142857142857142 0.7945000000000001
27.178571428571427 0.7945000000000001
27.214285714285715 0.7945000000000001
27.25 0.7945000000000001
27.285714285714285 0.7945000000000001
27.321428571428573 0.790953125
27.357142857142858 0.790953125
27.392857142857142 0.7945000000000001
27.428571428571427 0.7945000000000001
27.464285714285715 0.798046875
27.5 0.7945000000000001
27.535714285714285 0.7945000000000001
27.571428571428573 0.7945000000000001
27.607142857142858 0.798046875
27.642857142857142 0.798046875
27.678571428571427 0.798046875
27.714285714285715 0.798046875
27.75 0.7874062500000001
27.785714285714285 0.798046875
27.821428571428573 0.798046875
27.857142857142858 0.798046875
27.892857142857142 0.798046875
27.928571428571427 0.7945000000000001
27.964285714285715 0.798046875
28.0 0.7945000000000001
28.035714285714285 0.798046875
28.071428571428573 0.7945000000000001
28.107142857142858 0.7945000000000001
28.142857142857142 0.7945000000000001
28.178571428571427 0.7945000000000001
28.214285714285715 0.7945000000000001
28.25 0.798046875
28.285714285714285 0.798046875
28.321428571428573 0.7945000000000001
28.357142857142858 0.798046875
28.392857142857142 0.798046875
28.428571428571427 0.7945000000000001
28.464285714285715 0.7945000000000001
28.5 0.7945000000000001
28.535714285714285 0.7945000000000001
28.571428571428573 0.7945000000000001
28.607142857142858 0.798046875
28.642857142857142 0.7945000000000001
28.678571428571427 0.7945000000000001
28.714285714285715 0.7945000000000001
28.75 0.7945000000000001
28.785714285714285 0.798046875
28.821428571428573 0.798046875
28.857142857142858 0.798046875
28.892857142857142 0.7945000000000001
28.928571428571427 0.798046875
28.964285714285715 0.8015937500000001
29.0 0.8015937500000001
29.035714285714285 0.798046875
29.071428571428573 0.798046875
29.107142857142858 0.798046875
29.142857142857142 0.798046875
29.178571428571427 0.7945000000000001
29.214285714285715 0.7945000000000001
29.25 0.7945000000000001
29.285714285714285 0.7945000000000001
29.321428571428573 0.7945000000000001
29.357142857142858 0.798046875
29.392857142857142 0.798046875
29.428571428571427 0.798046875
29.464285714285715 0.798046875
29.5 0.798046875
29.535714285714285 0.798046875
29.571428571428573 0.798046875
29.607142857142858 0.790953125
29.642857142857142 0.798046875
29.678571428571427 0.8015937500000001
29.714285714285715 0.8015937500000001
29.75 0.798046875
29.785714285714285 0.798046875
29.821428571428573 0.798046875
29.857142857142858 0.798046875
29.892857142857142 0.8015937500000001
29.928571428571427 0.8015937500000001
29.964285714285715 0.798046875
30.0 0.798046875
30.035714285714285 0.798046875
30.071428571428573 0.8015937500000001
30.107142857142858 0.8015937500000001
30.142857142857142 0.798046875
30.178571428571427 0.8015937500000001
30.214285714285715 0.8015937500000001
30.25 0.8015937500000001
30.285714285714285 0.8015937500000001
30.321428571428573 0.798046875
30.357142857142858 0.8015937500000001
30.392857142857142 0.7945000000000001
30.428571428571427 0.8015937500000001
30.464285714285715 0.8015937500000001
30.5 0.8015937500000001
30.535714285714285 0.8015937500000001
30.571428571428573 0.8015937500000001
30.607142857142858 0.8015937500000001
30.642857142857142 0.805140625
30.678571428571427 0.805140625
30.714285714285715 0.8015937500000001
30.75 0.8015937500000001
30.785714285714285 0.8015937500000001
30.821428571428573 0.8015937500000001
30.857142857142858 0.8015937500000001
30.892857142857142 0.8015937500000001
30.928571428571427 0.8015937500000001
30.964285714285715 0.8015937500000001
31.0 0.8015937500000001
31.035714285714285 0.8015937500000001
31.071428571428573 0.798046875
31.107142857142858 0.798046875
31.142857142857142 0.8015937500000001
31.178571428571427 0.8015937500000001
31.214285714285715 0.8015937500000001
31.25 0.8015937500000001
31.285714285714285 0.8015937500000001
31.321428571428573 0.8015937500000001
31.357142857142858 0.8015937500000001
31.392857142857142 0.8015937500000001
31.428571428571427 0.798046875
31.464285714285715 0.798046875
31.5 0.798046875
31.535714285714285 0.8015937500000001
31.571428571428573 0.8015937500000001
31.607142857142858 0.8015937500000001
31.642857142857142 0.8015937500000001
31.678571428571427 0.8015937500000001
31.714285714285715 0.8015937500000001
31.75 0.8015937500000001
31.785714285714285 0.8015937500000001
31.821428571428573 0.8015937500000001
31.857142857142858 0.8015937500000001
31.892857142857142 0.805140625
31.928571428571427 0.805140625
31.964285714285715 0.8086875000000001
32.0 0.805140625
32.035714285714285 0.805140625
32.07142857142857 0.805140625
32.107142857142854 0.805140625
32.142857142857146 0.805140625
32.17857142857143 0.805140625
32.214285714285715 0.805140625
32.25 0.805140625
32.285714285714285 0.805140625
32.32142857142857 0.8086875000000001
32.357142857142854 0.8086875000000001
32.392857142857146 0.8086875000000001
32.42857142857143 0.8086875000000001
32.464285714285715 0.8086875000000001
32.5 0.8086875000000001
32.535714285714285 0.8086875000000001
32.57142857142857 0.805140625
32.607142857142854 0.8015937500000001
32.642857142857146 0.805140625
32.67857142857143 0.8086875000000001
32.714285714285715 0.8086875000000001
32.75 0.8086875000000001
32.785714285714285 0.8086875000000001
32.82142857142857 0.8122343750000001
32.857142857142854 0.8122343750000001
32.892857142857146 0.8086875000000001
32.92857142857143 0.805140625
32.964285714285715 0.798046875
33.0 0.805140625
33.035714285714285 0.8086875000000001
33.07142857142857 0.8086875000000001
33.107142857142854 0.8086875000000001
33.142857142857146 0.8086875000000001
33.17857142857143 0.8086875000000001
33.214285714285715 0.8086875000000001
33.25 0.8086875000000001
33.285714285714285 0.8015937500000001
33.32142857142857 0.798046875
33.357142857142854 0.8015937500000001
33.392857142857146 0.805140625
33.42857142857143 0.805140625
33.464285714285715 0.805140625
33.5 0.805140625
33.535714285714285 0.805140625
33.57142857142857 0.805140625
33.607142857142854 0.805140625
33.642857142857146 0.805140625
33.67857142857143 0.805140625
33.714285714285715 0.805140625
33.75 0.805140625
33.785714285714285 0.8086875000000001
33.82142857142857 0.805140625
33.857142857142854 0.805140625
33.892857142857146 0.805140625
33.92857142857143 0.805140625
33.964285714285715 0.805140625
34.0 0.8086875000000001
34.035714285714285 0.805140625
34.07142857142857 0.8015937500000001
34.107142857142854 0.805140625
34.142857142857146 0.8086875000000001
34.17857142857143 0.805140625
34.214285714285715 0.805140625
34.25 0.805140625
34.285714285714285 0.805140625
34.32142857142857 0.805140625
34.357142857142854 0.805140625
34.392857142857146 0.805140625
34.42857142857143 0.790953125
34.464285714285715 0.8086875000000001
34.5 0.805140625
34.535714285714285 0.8086875000000001
34.57142857142857 0.805140625
34.607142857142854 0.805140625
34.642857142857146 0.805140625
34.67857142857143 0.805140625
34.714285714285715 0.805140625
34.75 0.805140625
34.785714285714285 0.8015937500000001
34.82142857142857 0.805140625
34.857142857142854 0.805140625
34.892857142857146 0.805140625
34.92857142857143 0.805140625
34.964285714285715 0.805140625
35.0 0.805140625
35.035714285714285 0.805140625
35.07142857142857 0.805140625
35.107142857142854 0.805140625
35.142857142857146 0.805140625
35.17857142857143 0.805140625
35.214285714285715 0.805140625
35.25 0.8086875000000001
35.285714285714285 0.8086875000000001
35.32142857142857 0.805140625
35.357142857142854 0.805140625
35.392857142857146 0.805140625
35.42857142857143 0.8086875000000001
35.464285714285715 0.8086875000000001
35.5 0.805140625
35.535714285714285 0.8015937500000001
35.57142857142857 0.8015937500000001
35.607142857142854 0.8086875000000001
35.642857142857146 0.8086875000000001
35.67857142857143 0.805140625
35.714285714285715 0.805140625
35.75 0.805140625
35.785714285714285 0.805140625
35.82142857142857 0.805140625
35.857142857142854 0.8086875000000001
35.892857142857146 0.8015937500000001
35.92857142857143 0.8086875000000001
35.964285714285715 0.805140625
36.0 0.805140625
36.035714285714285 0.805140625
36.07142857142857 0.805140625
36.107142857142854 0.805140625
36.142857142857146 0.805140625
36.17857142857143 0.805140625
36.214285714285715 0.805140625
36.25 0.805140625
36.285714285714285 0.7945000000000001
36.32142857142857 0.8086875000000001
36.357142857142854 0.8086875000000001
36.392857142857146 0.8086875000000001
36.42857142857143 0.805140625
36.464285714285715 0.805140625
36.5 0.805140625
36.535714285714285 0.805140625
36.57142857142857 0.8086875000000001
36.607142857142854 0.805140625
36.642857142857146 0.9576562500000001
36.67857142857143 0.8015937500000001
36.714285714285715 0.8015937500000001
36.75 0.805140625
36.785714285714285 0.8015937500000001
36.82142857142857 0.8015937500000001
36.857142857142854 0.8015937500000001
36.892857142857146 0.805140625
36.92857142857143 0.805140625
36.964285714285715 0.8015937500000001
37.0 0.805140625
37.035714285714285 0.8086875000000001
37.07142857142857 0.8015937500000001
37.107142857142854 0.805140625
37.142857142857146 0.8086875000000001
37.17857142857143 0.805140625
37.214285714285715 0.805140625
37.25 0.805140625
37.285714285714285 0.805140625
37.32142857142857 0.805140625
37.357142857142854 0.8086875000000001
37.392857142857146 0.798046875
37.42857142857143 0.8015937500000001
37.464285714285715 0.805140625
37.5 0.8086875000000001
37.535714285714285 0.805140625
37.57142857142857 0.805140625
37.607142857142854 0.8086875000000001
37.642857142857146 0.8086875000000001
37.67857142857143 0.8086875000000001
37.714285714285715 0.8086875000000001
37.75 0.805140625
37.785714285714285 0.805140625
37.82142857142857 0.805140625
37.857142857142854 0.8086875000000001
37.892857142857146 0.8086875000000001
37.92857142857143 0.8086875000000001
37.964285714285715 0.8086875000000001
38.0 0.8086875000000001
38.035714285714285 0.8086875000000001
38.07142857142857 0.8086875000000001
38.107142857142854 0.805140625
38.142857142857146 0.798046875
38.17857142857143 0.805140625
38.214285714285715 0.8086875000000001
38.25 0.8086875000000001
38.285714285714285 0.8086875000000001
38.32142857142857 0.8086875000000001
38.357142857142854 0.8086875000000001
38.392857142857146 0.8086875000000001
38.42857142857143 0.8086875000000001
38.464285714285715 0.8086875000000001
38.5 0.9647500000000001
38.535714285714285 0.805140625
38.57142857142857 0.8086875000000001
38.607142857142854 0.8086875000000001
38.642857142857146 0.8086875000000001
38.67857142857143 0.8086875000000001
38.714285714285715 0.8086875000000001
38.75 0.8086875000000001
38.785714285714285 0.8086875000000001
38.82142857142857 0.8086875000000001
38.857142857142854 0.805140625
38.892857142857146 0.805140625
38.92857142857143 0.8086875000000001
38.964285714285715 0.8122343750000001
39.0 0.8086875000000001
39.035714285714285 0.8086875000000001
39.07142857142857 0.805140625
39.107142857142854 0.8086875000000001
39.142857142857146 0.805140625
39.17857142857143 0.805140625
39.214285714285715 0.8086875000000001
39.25 0.798046875
39.285714285714285 0.8086875000000001
39.32142857142857 0.8122343750000001
39.357142857142854 0.8122343750000001
39.392857142857146 0.8122343750000001
39.42857142857143 0.8086875000000001
39.464285714285715 0.8086875000000001
39.5 0.8086875000000001
39.535714285714285 0.8122343750000001
39.57142857142857 0.8122343750000001
39.607142857142854 0.8086875000000001
39.642857142857146 0.805140625
39.67857142857143 0.8086875000000001
39.714285714285715 0.8122343750000001
39.75 0.8122343750000001
39.785714285714285 0.8122343750000001
39.82142857142857 0.8122343750000001
39.857142857142854 0.8122343750000001
39.892857142857146 0.8122343750000001
39.92857142857143 0.8157812500000001
