0.03571428571428571 3.898015625
0.07142857142857142 3.898015625
0.10714285714285714 3.89446875
0.14285714285714285 3.89446875
0.17857142857142858 3.89446875
0.21428571428571427 3.89446875
0.25 3.9015625000000003
0.4642857142857143 3.8909218750000005
0.5 3.8909218750000005
0.5357142857142857 3.8909218750000005
0.5714285714285714 3.8909218750000005
0.6071428571428571 3.8909218750000005
0.6428571428571429 3.8909218750000005
0.6785714285714286 3.8909218750000005
0.8571428571428571 3.8838281250000004
0.8928571428571429 3.8873750000000005
0.9285714285714286 3.8873750000000005
0.9642857142857143 3.8873750000000005
1.0 3.8838281250000004
1.0357142857142858 3.8838281250000004
1.0714285714285714 3.8873750000000005
1.1071428571428572 3.8873750000000005
1.3214285714285714 3.8873750000000005
1.3571428571428572 3.8838281250000004
1.3928571428571428 3.8802812500000003
1.4285714285714286 3.8802812500000003
1.4642857142857142 3.8838281250000004
1.5 3.8838281250000004
1.5357142857142858 3.8838281250000004
1.7857142857142858 3.8802812500000003
1.8214285714285714 3.8802812500000003
1.8571428571428572 3.8767343750000003
1.8928571428571428 3.8767343750000003
1.9285714285714286 3.8767343750000003
1.9642857142857142 3.8802812500000003
2.2142857142857144 3.8767343750000003
2.25 3.8731875000000002
2.2857142857142856 3.8731875000000002
2.3214285714285716 3.8731875000000002
2.357142857142857 3.8731875000000002
2.392857142857143 3.8731875000000002
2.4285714285714284 3.8767343750000003
2.642857142857143 3.869640625
2.6785714285714284 3.8660937500000006
2.7142857142857144 3.8660937500000006
2.75 3.8660937500000006
2.7857142857142856 3.8660937500000006
2.8214285714285716 3.869640625
3.0714285714285716 3.8660937500000006
3.107142857142857 3.8625468750000005
3.142857142857143 3.8625468750000005
3.1785714285714284 3.8625468750000005
3.2142857142857144 3.8625468750000005
3.25 3.8625468750000005
3.2857142857142856 3.8660937500000006
3.5 3.8625468750000005
3.5357142857142856 3.8590000000000004
3.5714285714285716 3.8590000000000004
3.607142857142857 3.8590000000000004
3.642857142857143 3.8590000000000004
3.6785714285714284 3.8590000000000004
3.7142857142857144 3.8590000000000004
3.9642857142857144 3.8590000000000004
4.0 3.8590000000000004
4.035714285714286 3.8590000000000004
4.071428571428571 3.8590000000000004
4.107142857142857 3.8590000000000004
4.142857142857143 3.8590000000000004
4.357142857142857 3.8590000000000004
4.392857142857143 3.8590000000000004
4.428571428571429 3.8554531250000004
4.464285714285714 3.8554531250000004
4.5 3.8554531250000004
4.535714285714286 3.8590000000000004
4.571428571428571 3.8590000000000004
4.607142857142857 3.8590000000000004
4.821428571428571 3.8554531250000004
4.892857142857143 3.8554531250000004
4.928571428571429 3.8554531250000004
4.964285714285714 3.8554531250000004
5.0 3.8554531250000004
5.035714285714286 3.8554531250000004
5.25 3.8554531250000004
5.285714285714286 3.8519062500000003
5.321428571428571 3.8519062500000003
5.357142857142857 3.8554531250000004
5.392857142857143 3.8554531250000004
5.428571428571429 3.8554531250000004
5.464285714285714 3.8554531250000004
5.714285714285714 3.8483593750000002
5.75 3.8483593750000002
5.785714285714286 3.8483593750000002
5.821428571428571 3.8483593750000002
5.857142857142857 3.8519062500000003
5.892857142857143 3.8519062500000003
6.142857142857143 3.8448125
6.178571428571429 3.8448125
6.214285714285714 3.8448125
6.25 3.8448125
6.285714285714286 3.8448125
6.321428571428571 3.8448125
6.535714285714286 3.8448125
6.571428571428571 3.8448125
6.607142857142857 3.8412656250000006
6.642857142857143 3.8412656250000006
6.678571428571429 3.8412656250000006
6.714285714285714 3.8412656250000006
6.75 3.8448125
7.0 3.8412656250000006
7.035714285714286 3.8412656250000006
7.071428571428571 3.8412656250000006
7.107142857142857 3.8412656250000006
7.142857142857143 3.8412656250000006
7.178571428571429 3.8412656250000006
7.214285714285714 3.8448125
7.464285714285714 3.8377187500000005
7.5 3.8412656250000006
7.535714285714286 3.8412656250000006
7.571428571428571 3.8412656250000006
7.607142857142857 3.8448125
7.642857142857143 3.8448125
7.857142857142857 3.8412656250000006
7.892857142857143 3.8412656250000006
7.928571428571429 3.8412656250000006
7.964285714285714 3.8412656250000006
8.0 3.8412656250000006
8.035714285714286 3.8412656250000006
8.071428571428571 3.8448125
8.285714285714286 3.8377187500000005
8.321428571428571 3.8377187500000005
8.357142857142858 3.8377187500000005
8.392857142857142 3.8377187500000005
8.428571428571429 3.8377187500000005
8.464285714285714 3.8412656250000006
8.5 3.8412656250000006
8.75 3.8377187500000005
8.785714285714286 3.8377187500000005
8.821428571428571 3.8377187500000005
8.857142857142858 3.8412656250000006
8.892857142857142 3.8412656250000006
8.928571428571429 3.8412656250000006
9.178571428571429 3.8377187500000005
9.214285714285714 3.8377187500000005
9.25 3.8377187500000005
9.285714285714286 3.8377187500000005
9.321428571428571 3.8412656250000006
9.357142857142858 3.8412656250000006
9.571428571428571 3.8377187500000005
9.607142857142858 3.8377187500000005
9.642857142857142 3.8377187500000005
9.678571428571429 3.8412656250000006
9.714285714285714 3.8412656250000006
9.75 3.8412656250000006
9.785714285714286 3.8412656250000006
10.071428571428571 3.8341718750000005
10.107142857142858 3.8341718750000005
10.142857142857142 3.8377187500000005
10.178571428571429 3.8377187500000005
10.214285714285714 3.8412656250000006
10.464285714285714 3.8341718750000005
10.5 3.8341718750000005
10.535714285714286 3.8341718750000005
10.571428571428571 3.8341718750000005
10.607142857142858 3.8341718750000005
10.642857142857142 3.8377187500000005
10.678571428571429 3.8377187500000005
10.928571428571429 3.8341718750000005
10.964285714285714 3.8341718750000005
11.0 3.8377187500000005
11.035714285714286 3.8377187500000005
11.071428571428571 3.8377187500000005
11.107142857142858 3.8377187500000005
11.392857142857142 3.8306250000000004
11.428571428571429 3.8341718750000005
11.464285714285714 3.8341718750000005
11.5 3.8377187500000005
11.535714285714286 3.8377187500000005
11.785714285714286 3.8270781250000003
11.821428571428571 3.8270781250000003
11.857142857142858 3.8270781250000003
11.892857142857142 3.8270781250000003
11.928571428571429 3.8306250000000004
11.964285714285714 3.8306250000000004
12.25 3.8235312500000003
12.285714285714286 3.8235312500000003
12.321428571428571 3.8235312500000003
12.357142857142858 3.8270781250000003
12.392857142857142 3.8306250000000004
12.428571428571429 3.8270781250000003
12.642857142857142 3.8235312500000003
12.678571428571429 3.8235312500000003
12.714285714285714 3.819984375
12.75 3.8235312500000003
12.785714285714286 3.8235312500000003
12.821428571428571 3.8270781250000003
12.857142857142858 3.8270781250000003
13.071428571428571 3.8235312500000003
13.107142857142858 3.8235312500000003
13.142857142857142 3.8235312500000003
13.178571428571429 3.8235312500000003
13.214285714285714 3.8235312500000003
13.25 3.8235312500000003
13.285714285714286 3.8270781250000003
13.5 3.8235312500000003
13.535714285714286 3.8235312500000003
13.571428571428571 3.8235312500000003
13.607142857142858 3.8235312500000003
13.642857142857142 3.8235312500000003
13.678571428571429 3.8270781250000003
13.714285714285714 3.8270781250000003
13.964285714285714 3.8235312500000003
14.0 3.8235312500000003
14.035714285714286 3.8235312500000003
14.071428571428571 3.8235312500000003
14.107142857142858 3.8270781250000003
14.142857142857142 3.8270781250000003
14.464285714285714 3.819984375
14.5 3.8235312500000003
14.535714285714286 3.8235312500000003
14.571428571428571 3.8270781250000003
14.821428571428571 3.819984375
14.857142857142858 3.819984375
14.892857142857142 3.819984375
14.928571428571429 3.819984375
14.964285714285714 3.819984375
15.0 3.819984375
15.25 3.819984375
15.285714285714286 3.819984375
15.321428571428571 3.819984375
15.357142857142858 3.819984375
15.392857142857142 3.819984375
15.428571428571429 3.8235312500000003
15.464285714285714 3.8235312500000003
15.678571428571429 3.8235312500000003
15.714285714285714 3.819984375
15.75 3.819984375
15.785714285714286 3.8235312500000003
15.821428571428571 3.8235312500000003
15.857142857142858 3.8235312500000003
15.892857142857142 3.8270781250000003
16.107142857142858 3.819984375
16.178571428571427 3.819984375
16.214285714285715 3.819984375
16.25 3.819984375
16.285714285714285 3.8235312500000003
16.321428571428573 3.8235312500000003
16.607142857142858 3.819984375
16.642857142857142 3.819984375
16.678571428571427 3.819984375
16.714285714285715 3.8235312500000003
16.75 3.8235312500000003
17.0 3.8164375
17.035714285714285 3.8164375
17.071428571428573 3.8164375
17.107142857142858 3.819984375
17.142857142857142 3.819984375
17.178571428571427 3.819984375
17.5 3.8164375
17.535714285714285 3.8164375
17.571428571428573 3.819984375
17.607142857142858 3.819984375
17.857142857142858 3.8164375
17.892857142857142 3.8164375
17.928571428571427 3.8164375
17.964285714285715 3.8164375
18.0 3.8164375
18.035714285714285 3.8164375
18.285714285714285 3.8128906250000005
18.321428571428573 3.8128906250000005
18.357142857142858 3.8128906250000005
18.392857142857142 3.8128906250000005
18.428571428571427 3.8128906250000005
18.464285714285715 3.8164375
18.5 3.8164375
18.785714285714285 3.8093437500000005
18.821428571428573 3.8093437500000005
18.857142857142858 3.8093437500000005
18.892857142857142 3.8093437500000005
18.928571428571427 3.8128906250000005
19.178571428571427 3.8093437500000005
19.214285714285715 3.8093437500000005
19.25 3.8093437500000005
19.285714285714285 3.8093437500000005
19.321428571428573 3.8093437500000005
19.357142857142858 3.8093437500000005
19.678571428571427 3.8057968750000004
19.714285714285715 3.8093437500000005
19.75 3.8093437500000005
19.785714285714285 3.8093437500000005
19.821428571428573 3.8093437500000005
20.0 3.8057968750000004
20.035714285714285 3.8057968750000004
20.071428571428573 3.8057968750000004
20.107142857142858 3.8057968750000004
20.142857142857142 3.8057968750000004
20.178571428571427 3.8057968750000004
20.214285714285715 3.8093437500000005
20.25 3.8093437500000005
20.5 3.8022500000000004
20.535714285714285 3.8022500000000004
20.571428571428573 3.8057968750000004
20.607142857142858 3.8057968750000004
20.642857142857142 3.8057968750000004
20.678571428571427 3.8057968750000004
20.928571428571427 3.7987031250000003
20.964285714285715 3.8022500000000004
21.0 3.8022500000000004
21.035714285714285 3.8022500000000004
21.071428571428573 3.8022500000000004
21.107142857142858 3.8022500000000004
21.357142857142858 3.7951562500000002
21.392857142857142 3.7987031250000003
21.428571428571427 3.7987031250000003
21.464285714285715 3.7987031250000003
21.5 3.7987031250000003
21.535714285714285 3.7987031250000003
21.75 3.7951562500000002
21.785714285714285 3.7951562500000002
21.821428571428573 3.7951562500000002
21.857142857142858 3.7951562500000002
21.892857142857142 3.7951562500000002
21.928571428571427 3.7987031250000003
21.964285714285715 3.7987031250000003
22.214285714285715 3.791609375
22.25 3.7951562500000002
22.285714285714285 3.7951562500000002
22.321428571428573 3.7951562500000002
22.357142857142858 3.7951562500000002
22.392857142857142 3.7951562500000002
22.714285714285715 3.791609375
22.75 3.791609375
22.785714285714285 3.7951562500000002
22.821428571428573 3.7951562500000002
22.857142857142858 3.7951562500000002
23.071428571428573 3.791609375
23.107142857142858 3.791609375
23.142857142857142 3.7951562500000002
23.178571428571427 3.7951562500000002
23.214285714285715 3.7951562500000002
23.25 3.7951562500000002
23.285714285714285 3.7951562500000002
23.607142857142858 3.791609375
23.678571428571427 3.791609375
23.714285714285715 3.7951562500000002
23.964285714285715 3.791609375
24.0 3.791609375
24.035714285714285 3.791609375
24.071428571428573 3.791609375
24.107142857142858 3.791609375
24.142857142857142 3.7951562500000002
24.428571428571427 3.7880625000000006
24.5 3.791609375
24.535714285714285 3.791609375
24.571428571428573 3.791609375
24.857142857142858 3.7845156250000005
24.892857142857142 3.7845156250000005
24.928571428571427 3.7845156250000005
24.964285714285715 3.7880625000000006
25.0 3.7880625000000006
25.035714285714285 3.7880625000000006
25.285714285714285 3.7845156250000005
25.321428571428573 3.7845156250000005
25.357142857142858 3.7845156250000005
25.392857142857142 3.7845156250000005
25.428571428571427 3.7880625000000006
25.464285714285715 3.7880625000000006
25.714285714285715 3.7809687500000004
25.75 3.7809687500000004
25.785714285714285 3.7845156250000005
25.821428571428573 3.7845156250000005
25.857142857142858 3.7845156250000005
25.892857142857142 3.7845156250000005
26.142857142857142 3.7809687500000004
26.178571428571427 3.7809687500000004
26.214285714285715 3.7809687500000004
26.25 3.7845156250000005
26.285714285714285 3.7845156250000005
26.714285714285715 3.7809687500000004
26.75 3.7809687500000004
27.035714285714285 3.7738750000000003
27.142857142857142 3.7774218750000004
27.178571428571427 3.7774218750000004
27.428571428571427 3.7703281250000003
27.607142857142858 3.7738750000000003
27.928571428571427 3.7703281250000003
27.964285714285715 3.7703281250000003
28.0 3.7738750000000003
28.035714285714285 3.7738750000000003
28.071428571428573 3.7738750000000003
28.321428571428573 3.76678125
28.357142857142858 3.76678125
28.392857142857142 3.7703281250000003
28.428571428571427 3.7703281250000003
28.464285714285715 3.7703281250000003
28.5 3.7738750000000003
28.892857142857142 3.7703281250000003
28.928571428571427 3.7703281250000003
29.357142857142858 3.763234375
29.642857142857142 3.7561406250000005
29.714285714285715 3.7596875000000005
30.107142857142858 3.7561406250000005
30.142857142857142 3.7596875000000005
30.178571428571427 3.7596875000000005
30.25 3.7596875000000005
30.535714285714285 3.7525937500000004
30.571428571428573 3.7525937500000004
30.607142857142858 3.7561406250000005
30.642857142857142 3.7561406250000005
30.678571428571427 3.7561406250000005
31.035714285714285 3.7525937500000004
31.071428571428573 3.7525937500000004
31.464285714285715 3.7455000000000003
31.892857142857142 3.7455000000000003
31.928571428571427 3.7455000000000003
31.964285714285715 3.7455000000000003
32.214285714285715 3.7348593750000005
32.75 3.7348593750000005
32.785714285714285 3.741953125
32.82142857142857 3.7455000000000003
32.857142857142854 3.7348593750000005
33.17857142857143 3.7490468750000003
33.214285714285715 3.741953125
33.25 3.7455000000000003
33.285714285714285 3.7455000000000003
34.07142857142857 3.7206718750000003
34.107142857142854 3.7206718750000003
34.142857142857146 3.7206718750000003
34.57142857142857 3.713578125
35.0 3.7064843750000005
35.392857142857146 3.7029375000000004
35.42857142857143 3.7029375000000004
35.464285714285715 3.7064843750000005
35.857142857142854 3.7029375000000004
36.214285714285715 3.6922968750000003
36.25 3.6958437500000003
36.285714285714285 3.6958437500000003
36.32142857142857 3.6958437500000003
36.67857142857143 3.68875
36.714285714285715 3.68875
36.75 3.685203125
37.07142857142857 3.6816562500000005
37.107142857142854 3.6816562500000005
37.142857142857146 3.7845156250000005
37.17857142857143 3.685203125
37.57142857142857 3.6816562500000005
37.607142857142854 3.6816562500000005
37.642857142857146 3.6816562500000005
37.964285714285715 3.6745625000000004
38.0 3.6745625000000004
38.035714285714285 3.6745625000000004
38.42857142857143 3.6710156250000003
38.464285714285715 3.6710156250000003
38.5 3.6710156250000003
38.82142857142857 3.6674687500000003
38.857142857142854 3.6710156250000003
38.892857142857146 3.6710156250000003
38.92857142857143 3.6710156250000003
39.285714285714285 3.6674687500000003
39.32142857142857 3.6674687500000003
39.357142857142854 3.6674687500000003
39.714285714285715 3.663921875
39.75 3.663921875
39.785714285714285 3.663921875
39.82142857142857 3.663921875
