0.03571428571428571 1.3288125
0.07142857142857142 1.3288125
0.10714285714285714 1.3288125
0.14285714285714285 1.3288125
0.17857142857142858 1.3288125
0.21428571428571427 1.3288125
0.5 1.303875
0.5357142857142857 1.311
0.5714285714285714 1.3145624999999999
0.6071428571428571 1.3145624999999999
0.6428571428571429 1.318125
0.6785714285714286 1.318125
0.7142857142857143 1.318125
0.75 1.318125
0.7857142857142857 1.3216875
0.8214285714285714 1.3252499999999998
0.8571428571428571 1.3252499999999998
0.8928571428571429 1.3252499999999998
0.9285714285714286 1.3252499999999998
0.9642857142857143 1.3252499999999998
1.0 1.3252499999999998
1.0357142857142858 1.3252499999999998
1.0714285714285714 1.3252499999999998
1.1071428571428572 1.3252499999999998
1.1428571428571428 1.3252499999999998
1.1785714285714286 1.3252499999999998
1.2142857142857142 1.3252499999999998
1.5 1.3145624999999999
1.5357142857142858 1.3145624999999999
1.5714285714285714 1.318125
1.6071428571428572 1.3216875
1.6428571428571428 1.3216875
1.6785714285714286 1.3216875
1.7142857142857142 1.3252499999999998
1.75 1.3252499999999998
1.7857142857142858 1.3288125
1.8214285714285714 1.3288125
1.8571428571428572 1.3288125
1.8928571428571428 1.3288125
1.9285714285714286 1.3288125
1.9642857142857142 1.3288125
2.0 1.3288125
2.0357142857142856 1.3288125
2.0714285714285716 1.3288125
2.107142857142857 1.3288125
2.142857142857143 1.3288125
2.1785714285714284 1.3288125
2.2142857142857144 1.3323749999999999
2.5 1.3252499999999998
2.5357142857142856 1.3288125
2.5714285714285716 1.3323749999999999
2.607142857142857 1.3359375
2.642857142857143 1.3359375
2.6785714285714284 1.3359375
2.7142857142857144 1.3395
2.75 1.3395
2.7857142857142856 1.3395
2.8214285714285716 1.3430624999999998
2.857142857142857 1.3395
2.892857142857143 1.3395
2.9285714285714284 1.3430624999999998
2.9642857142857144 1.3430624999999998
3.0 1.3430624999999998
3.0357142857142856 1.3430624999999998
3.0714285714285716 1.3395
3.107142857142857 1.3430624999999998
3.142857142857143 1.3430624999999998
3.1785714285714284 1.3430624999999998
3.2142857142857144 1.3430624999999998
3.5 1.3252499999999998
3.5357142857142856 1.3359375
3.5714285714285716 1.3359375
3.607142857142857 1.3395
3.642857142857143 1.3395
3.6785714285714284 1.3395
3.7142857142857144 1.3430624999999998
3.75 1.3430624999999998
3.7857142857142856 1.3430624999999998
3.8214285714285716 1.3430624999999998
3.857142857142857 1.3430624999999998
3.892857142857143 1.3430624999999998
3.9285714285714284 1.3430624999999998
3.9642857142857144 1.3430624999999998
4.0 1.3430624999999998
4.035714285714286 1.3430624999999998
4.071428571428571 1.3430624999999998
4.107142857142857 1.346625
4.142857142857143 1.3430624999999998
4.178571428571429 1.3430624999999998
4.214285714285714 1.3430624999999998
4.5 1.3288125
4.535714285714286 1.3323749999999999
4.571428571428571 1.3359375
4.607142857142857 1.3395
4.642857142857143 1.3395
4.678571428571429 1.3395
4.714285714285714 1.3430624999999998
4.75 1.3430624999999998
4.785714285714286 1.3430624999999998
4.821428571428571 1.3430624999999998
4.857142857142857 1.3430624999999998
4.892857142857143 1.3430624999999998
4.928571428571429 1.3430624999999998
4.964285714285714 1.3430624999999998
5.0 1.3430624999999998
5.035714285714286 1.3430624999999998
5.071428571428571 1.3430624999999998
5.107142857142857 1.3430624999999998
5.142857142857143 1.3430624999999998
5.178571428571429 1.3430624999999998
5.214285714285714 1.3430624999999998
5.5 1.3252499999999998
5.535714285714286 1.3323749999999999
5.571428571428571 1.3359375
5.607142857142857 1.3359375
5.642857142857143 1.3359375
5.678571428571429 1.3359375
5.714285714285714 1.3395
5.75 1.3395
5.785714285714286 1.3395
5.821428571428571 1.3395
5.857142857142857 1.3395
5.892857142857143 1.3395
5.928571428571429 1.3395
5.964285714285714 1.3395
6.0 1.3395
6.035714285714286 1.3430624999999998
6.071428571428571 1.3395
6.107142857142857 1.3395
6.142857142857143 1.3395
6.178571428571429 1.3395
6.214285714285714 1.3395
6.5 1.3288125
6.535714285714286 1.3323749999999999
6.571428571428571 1.3323749999999999
6.607142857142857 1.3359375
6.642857142857143 1.3395
6.678571428571429 1.3395
6.714285714285714 1.3395
6.75 1.3395
6.785714285714286 1.3395
6.821428571428571 1.3395
6.857142857142857 1.3430624999999998
6.892857142857143 1.3430624999999998
6.928571428571429 1.3430624999999998
6.964285714285714 1.3430624999999998
7.0 1.3430624999999998
7.035714285714286 1.3430624999999998
7.071428571428571 1.3430624999999998
7.107142857142857 1.3430624999999998
7.142857142857143 1.3430624999999998
7.178571428571429 1.3430624999999998
7.214285714285714 1.3430624999999998
7.5 1.3252499999999998
7.535714285714286 1.3288125
7.571428571428571 1.3323749999999999
7.607142857142857 1.3359375
7.642857142857143 1.3359375
7.678571428571429 1.3359375
7.714285714285714 1.3395
7.75 1.3359375
7.785714285714286 1.3359375
7.821428571428571 1.3359375
7.857142857142857 1.3395
7.892857142857143 1.3395
7.928571428571429 1.3395
7.964285714285714 1.3395
8.0 1.3395
8.035714285714286 1.3395
8.071428571428571 1.3395
8.107142857142858 1.3395
8.142857142857142 1.3395
8.178571428571429 1.3395
8.214285714285714 1.3395
8.5 1.3395
8.535714285714286 1.3430624999999998
8.571428571428571 1.346625
8.607142857142858 1.346625
8.642857142857142 1.3501874999999999
8.678571428571429 1.3501874999999999
8.714285714285714 1.35375
8.75 1.35375
8.785714285714286 1.35375
8.821428571428571 1.35375
8.857142857142858 1.35375
8.892857142857142 1.35375
8.928571428571429 1.35375
8.964285714285714 1.35375
9.0 1.35375
9.035714285714286 1.35375
9.071428571428571 1.35375
9.107142857142858 1.35375
9.142857142857142 1.3573125
9.178571428571429 1.35375
9.214285714285714 1.35375
9.5 1.346625
9.535714285714286 1.3501874999999999
9.571428571428571 1.3573125
9.607142857142858 1.3573125
9.642857142857142 1.3573125
9.678571428571429 1.3573125
9.714285714285714 1.3608749999999998
9.75 1.3608749999999998
9.785714285714286 1.3608749999999998
9.821428571428571 1.3608749999999998
9.857142857142858 1.3608749999999998
9.892857142857142 1.3608749999999998
9.928571428571429 1.3608749999999998
9.964285714285714 1.3608749999999998
10.0 1.3644375
10.035714285714286 1.3644375
10.071428571428571 1.3644375
10.107142857142858 1.3644375
10.142857142857142 1.3644375
10.178571428571429 1.3644375
10.214285714285714 1.3644375
10.464285714285714 1.4356875
10.5 1.3679999999999999
10.535714285714286 1.3715624999999998
10.571428571428571 1.3715624999999998
10.607142857142858 1.3715624999999998
10.642857142857142 1.375125
10.678571428571429 1.375125
10.714285714285714 1.375125
10.75 1.375125
10.785714285714286 1.375125
10.821428571428571 1.375125
10.857142857142858 1.375125
10.892857142857142 1.375125
10.928571428571429 1.375125
10.964285714285714 1.375125
11.0 1.3786874999999998
11.035714285714286 1.3786874999999998
11.071428571428571 1.3786874999999998
11.107142857142858 1.3786874999999998
11.142857142857142 1.3786874999999998
11.178571428571429 1.3786874999999998
11.214285714285714 1.3786874999999998
11.5 1.3679999999999999
11.535714285714286 1.3715624999999998
11.571428571428571 1.3715624999999998
11.607142857142858 1.375125
11.642857142857142 1.375125
11.678571428571429 1.375125
11.714285714285714 1.375125
11.75 1.375125
11.785714285714286 1.375125
11.821428571428571 1.375125
11.857142857142858 1.375125
11.892857142857142 1.375125
11.928571428571429 1.375125
11.964285714285714 1.375125
12.0 1.3786874999999998
12.035714285714286 1.375125
12.071428571428571 1.3786874999999998
12.107142857142858 1.3786874999999998
12.142857142857142 1.3786874999999998
12.178571428571429 1.3786874999999998
12.214285714285714 1.3786874999999998
12.464285714285714 1.4356875
12.5 1.3644375
12.535714285714286 1.3715624999999998
12.571428571428571 1.3715624999999998
12.607142857142858 1.375125
12.642857142857142 1.375125
12.678571428571429 1.375125
12.714285714285714 1.375125
12.75 1.375125
12.785714285714286 1.375125
12.821428571428571 1.375125
12.857142857142858 1.375125
12.892857142857142 1.375125
12.928571428571429 1.3786874999999998
12.964285714285714 1.3786874999999998
13.0 1.3786874999999998
13.035714285714286 1.3786874999999998
13.071428571428571 1.375125
13.107142857142858 1.3786874999999998
13.142857142857142 1.3786874999999998
13.178571428571429 1.3786874999999998
13.214285714285714 1.3786874999999998
13.5 1.3679999999999999
13.535714285714286 1.3715624999999998
13.571428571428571 1.375125
13.607142857142858 1.375125
13.642857142857142 1.3786874999999998
13.678571428571429 1.3786874999999998
13.714285714285714 1.3786874999999998
13.75 1.3786874999999998
13.785714285714286 1.3786874999999998
13.821428571428571 1.3786874999999998
13.857142857142858 1.3786874999999998
13.892857142857142 1.38225
13.928571428571429 1.38225
13.964285714285714 1.38225
14.0 1.38225
14.035714285714286 1.38225
14.071428571428571 1.38225
14.107142857142858 1.38225
14.142857142857142 1.38225
14.178571428571429 1.38225
14.214285714285714 1.38225
14.5 1.3644375
14.535714285714286 1.3679999999999999
14.571428571428571 1.3715624999999998
14.607142857142858 1.3715624999999998
14.642857142857142 1.3715624999999998
14.678571428571429 1.3715624999999998
14.714285714285714 1.3679999999999999
14.75 1.3679999999999999
14.785714285714286 1.3679999999999999
14.821428571428571 1.3644375
14.857142857142858 1.3644375
14.892857142857142 1.3644375
14.928571428571429 1.3644375
14.964285714285714 1.3644375
15.0 1.3608749999999998
15.035714285714286 1.3608749999999998
15.071428571428571 1.3608749999999998
15.107142857142858 1.3608749999999998
15.142857142857142 1.3608749999999998
15.178571428571429 1.3608749999999998
15.214285714285714 1.3608749999999998
15.5 1.346625
15.535714285714286 1.35375
15.571428571428571 1.3573125
15.607142857142858 1.3608749999999998
15.642857142857142 1.3608749999999998
15.678571428571429 1.3608749999999998
15.714285714285714 1.3608749999999998
15.75 1.3644375
15.785714285714286 1.3644375
15.821428571428571 1.3644375
15.857142857142858 1.3644375
15.892857142857142 1.3644375
15.928571428571429 1.3644375
15.964285714285714 1.3644375
16.0 1.3644375
16.035714285714285 1.3679999999999999
16.071428571428573 1.3679999999999999
16.107142857142858 1.3679999999999999
16.142857142857142 1.3679999999999999
16.178571428571427 1.3679999999999999
16.214285714285715 1.3679999999999999
16.5 1.3430624999999998
16.535714285714285 1.35375
16.571428571428573 1.35375
16.607142857142858 1.3573125
16.642857142857142 1.3608749999999998
16.678571428571427 1.3608749999999998
16.714285714285715 1.3608749999999998
16.75 1.3608749999999998
16.785714285714285 1.3608749999999998
16.821428571428573 1.3608749999999998
16.857142857142858 1.3608749999999998
16.892857142857142 1.3608749999999998
16.928571428571427 1.3644375
16.964285714285715 1.3644375
17.0 1.3644375
17.035714285714285 1.3644375
17.071428571428573 1.3644375
17.107142857142858 1.3644375
17.142857142857142 1.3644375
17.178571428571427 1.3644375
17.214285714285715 1.3644375
17.5 1.346625
17.535714285714285 1.3501874999999999
17.571428571428573 1.35375
17.607142857142858 1.3573125
17.642857142857142 1.3573125
17.678571428571427 1.3608749999999998
17.714285714285715 1.3608749999999998
17.75 1.3608749999999998
17.785714285714285 1.3608749999999998
17.821428571428573 1.3608749999999998
17.857142857142858 1.3608749999999998
17.892857142857142 1.3608749999999998
17.928571428571427 1.3608749999999998
17.964285714285715 1.3608749999999998
18.0 1.3608749999999998
18.035714285714285 1.3608749999999998
18.071428571428573 1.3608749999999998
18.107142857142858 1.3608749999999998
18.142857142857142 1.3644375
18.178571428571427 1.3644375
18.214285714285715 1.3644375
18.5 1.3395
18.535714285714285 1.3430624999999998
18.571428571428573 1.3430624999999998
18.607142857142858 1.3430624999999998
18.642857142857142 1.3430624999999998
18.678571428571427 1.3430624999999998
18.714285714285715 1.3430624999999998
18.75 1.3430624999999998
18.785714285714285 1.3430624999999998
18.821428571428573 1.3430624999999998
18.857142857142858 1.3430624999999998
18.892857142857142 1.3430624999999998
18.928571428571427 1.3430624999999998
18.964285714285715 1.3430624999999998
19.0 1.3430624999999998
19.035714285714285 1.3430624999999998
19.071428571428573 1.3430624999999998
19.107142857142858 1.3430624999999998
19.142857142857142 1.3430624999999998
19.178571428571427 1.3430624999999998
19.214285714285715 1.3430624999999998
19.5 1.3074374999999998
19.535714285714285 1.311
19.571428571428573 1.311
19.607142857142858 1.3145624999999999
19.642857142857142 1.3145624999999999
19.678571428571427 1.3145624999999999
19.714285714285715 1.318125
19.75 1.318125
19.785714285714285 1.3145624999999999
19.821428571428573 1.318125
19.857142857142858 1.318125
19.892857142857142 1.318125
19.928571428571427 1.318125
19.964285714285715 1.318125
20.0 1.318125
20.035714285714285 1.318125
20.071428571428573 1.318125
20.107142857142858 1.318125
20.142857142857142 1.318125
20.178571428571427 1.318125
20.214285714285715 1.318125
20.5 1.3003125
20.535714285714285 1.303875
20.571428571428573 1.3074374999999998
20.607142857142858 1.3074374999999998
20.642857142857142 1.311
20.678571428571427 1.311
20.714285714285715 1.3145624999999999
20.75 1.3145624999999999
20.785714285714285 1.3145624999999999
20.821428571428573 1.3145624999999999
20.857142857142858 1.318125
20.892857142857142 1.318125
20.928571428571427 1.318125
20.964285714285715 1.318125
21.0 1.318125
21.035714285714285 1.318125
21.071428571428573 1.318125
21.107142857142858 1.318125
21.142857142857142 1.318125
21.178571428571427 1.318125
21.214285714285715 1.318125
21.5 1.311
21.535714285714285 1.311
21.571428571428573 1.3145624999999999
21.607142857142858 1.318125
21.642857142857142 1.3216875
21.678571428571427 1.3216875
21.714285714285715 1.3216875
21.75 1.3216875
21.785714285714285 1.3216875
21.821428571428573 1.3216875
21.857142857142858 1.3216875
21.892857142857142 1.3216875
21.928571428571427 1.3252499999999998
21.964285714285715 1.3252499999999998
22.0 1.3252499999999998
22.035714285714285 1.3252499999999998
22.071428571428573 1.3252499999999998
22.107142857142858 1.3252499999999998
22.142857142857142 1.3252499999999998
22.178571428571427 1.3252499999999998
22.214285714285715 1.3252499999999998
22.5 1.3074374999999998
22.535714285714285 1.3074374999999998
22.571428571428573 1.311
22.607142857142858 1.3145624999999999
22.642857142857142 1.3145624999999999
22.678571428571427 1.3145624999999999
22.714285714285715 1.3145624999999999
22.75 1.3145624999999999
22.785714285714285 1.3145624999999999
22.821428571428573 1.3145624999999999
22.857142857142858 1.318125
22.892857142857142 1.318125
22.928571428571427 1.318125
22.964285714285715 1.318125
23.0 1.318125
23.035714285714285 1.318125
23.071428571428573 1.318125
23.107142857142858 1.318125
23.142857142857142 1.318125
23.178571428571427 1.318125
23.214285714285715 1.318125
23.5 1.3216875
23.535714285714285 1.3288125
23.571428571428573 1.3288125
23.607142857142858 1.3323749999999999
23.642857142857142 1.3323749999999999
23.678571428571427 1.3359375
23.714285714285715 1.3359375
23.75 1.3395
23.785714285714285 1.3395
23.821428571428573 1.3395
23.857142857142858 1.3395
23.892857142857142 1.3395
23.928571428571427 1.3395
23.964285714285715 1.3395
24.0 1.3395
24.035714285714285 1.3395
24.071428571428573 1.3395
24.107142857142858 1.3395
24.142857142857142 1.3395
24.178571428571427 1.3395
24.214285714285715 1.3395
24.5 1.3323749999999999
24.535714285714285 1.3359375
24.571428571428573 1.3395
24.607142857142858 1.3430624999999998
24.642857142857142 1.3430624999999998
24.678571428571427 1.346625
24.714285714285715 1.346625
24.75 1.346625
24.785714285714285 1.346625
24.821428571428573 1.346625
24.857142857142858 1.346625
24.892857142857142 1.346625
24.928571428571427 1.346625
24.964285714285715 1.346625
25.0 1.346625
25.035714285714285 1.346625
25.071428571428573 1.346625
25.107142857142858 1.3501874999999999
25.142857142857142 1.3501874999999999
25.178571428571427 1.3501874999999999
25.214285714285715 1.3501874999999999
25.5 1.3430624999999998
25.535714285714285 1.3501874999999999
25.571428571428573 1.3501874999999999
25.607142857142858 1.35375
25.642857142857142 1.35375
25.678571428571427 1.35375
25.714285714285715 1.35375
25.75 1.3573125
25.785714285714285 1.35375
25.821428571428573 1.35375
25.857142857142858 1.35375
25.892857142857142 1.35375
25.928571428571427 1.3573125
25.964285714285715 1.3573125
26.0 1.3573125
26.035714285714285 1.3573125
26.071428571428573 1.3573125
26.107142857142858 1.3573125
26.142857142857142 1.3573125
26.178571428571427 1.3573125
26.214285714285715 1.3573125
26.5 1.346625
26.535714285714285 1.3501874999999999
26.571428571428573 1.35375
26.607142857142858 1.35375
26.642857142857142 1.35375
26.678571428571427 1.35375
26.714285714285715 1.3501874999999999
26.75 1.3501874999999999
26.785714285714285 1.3501874999999999
26.821428571428573 1.3501874999999999
26.857142857142858 1.3501874999999999
26.892857142857142 1.3501874999999999
26.928571428571427 1.3501874999999999
26.964285714285715 1.3501874999999999
27.0 1.3501874999999999
27.035714285714285 1.3501874999999999
27.071428571428573 1.3501874999999999
27.107142857142858 1.3501874999999999
27.142857142857142 1.3501874999999999
27.178571428571427 1.3501874999999999
27.214285714285715 1.3501874999999999
27.5 1.3252499999999998
27.535714285714285 1.3359375
27.571428571428573 1.3359375
27.607142857142858 1.3395
27.642857142857142 1.3395
27.678571428571427 1.3395
27.714285714285715 1.3430624999999998
27.75 1.3430624999999998
27.785714285714285 1.3430624999999998
27.821428571428573 1.3430624999999998
27.857142857142858 1.3430624999999998
27.892857142857142 1.3430624999999998
27.928571428571427 1.346625
27.964285714285715 1.3430624999999998
28.0 1.3430624999999998
28.035714285714285 1.346625
28.071428571428573 1.346625
28.107142857142858 1.3430624999999998
28.142857142857142 1.3430624999999998
28.178571428571427 1.3430624999999998
28.214285714285715 1.3430624999999998
28.5 1.346625
28.535714285714285 1.346625
28.571428571428573 1.3501874999999999
28.607142857142858 1.35375
28.642857142857142 1.35375
28.678571428571427 1.3573125
28.714285714285715 1.35375
28.75 1.3573125
28.785714285714285 1.3573125
28.821428571428573 1.3573125
28.857142857142858 1.3573125
28.892857142857142 1.3573125
28.928571428571427 1.3573125
28.964285714285715 1.3608749999999998
29.0 1.3573125
29.035714285714285 1.3573125
29.071428571428573 1.3608749999999998
29.107142857142858 1.3608749999999998
29.142857142857142 1.3573125
29.178571428571427 1.3573125
29.214285714285715 1.3573125
29.5 1.346625
29.535714285714285 1.3501874999999999
29.571428571428573 1.35375
29.607142857142858 1.3501874999999999
29.642857142857142 1.3501874999999999
29.678571428571427 1.3501874999999999
29.714285714285715 1.3501874999999999
29.75 1.3501874999999999
29.785714285714285 1.35375
29.821428571428573 1.35375
29.857142857142858 1.35375
29.892857142857142 1.35375
29.928571428571427 1.35375
29.964285714285715 1.35375
30.0 1.35375
30.035714285714285 1.35375
30.071428571428573 1.3501874999999999
30.107142857142858 1.3501874999999999
30.142857142857142 1.3501874999999999
30.178571428571427 1.3501874999999999
30.214285714285715 1.3501874999999999
30.5 1.3145624999999999
30.535714285714285 1.318125
30.571428571428573 1.318125
30.607142857142858 1.3216875
30.642857142857142 1.3252499999999998
30.678571428571427 1.3252499999999998
30.714285714285715 1.3252499999999998
30.75 1.3252499999999998
30.785714285714285 1.3252499999999998
30.821428571428573 1.3252499999999998
30.857142857142858 1.3252499999999998
30.892857142857142 1.3252499999999998
30.928571428571427 1.3252499999999998
30.964285714285715 1.3252499999999998
31.0 1.3252499999999998
31.035714285714285 1.3288125
31.071428571428573 1.3288125
31.107142857142858 1.3288125
31.142857142857142 1.3252499999999998
31.178571428571427 1.3252499999999998
31.214285714285715 1.3252499999999998
31.5 1.3074374999999998
31.535714285714285 1.311
31.571428571428573 1.3145624999999999
31.607142857142858 1.318125
31.642857142857142 1.3216875
31.678571428571427 1.3216875
31.714285714285715 1.3216875
31.75 1.3216875
31.785714285714285 1.3216875
31.821428571428573 1.3216875
31.857142857142858 1.3252499999999998
31.892857142857142 1.3252499999999998
31.928571428571427 1.3252499999999998
31.964285714285715 1.3252499999999998
32.0 1.3252499999999998
32.035714285714285 1.3252499999999998
32.07142857142857 1.3252499999999998
32.107142857142854 1.3252499999999998
32.142857142857146 1.3252499999999998
32.17857142857143 1.3252499999999998
32.214285714285715 1.3252499999999998
32.5 1.311
32.535714285714285 1.3145624999999999
32.57142857142857 1.318125
32.607142857142854 1.318125
32.642857142857146 1.3216875
32.67857142857143 1.3216875
32.714285714285715 1.3216875
32.75 1.3216875
32.785714285714285 1.3216875
32.82142857142857 1.3216875
32.857142857142854 1.3252499999999998
32.892857142857146 1.3252499999999998
32.92857142857143 1.3252499999999998
32.964285714285715 1.3252499999999998
33.0 1.3252499999999998
33.035714285714285 1.3252499999999998
33.07142857142857 1.3252499999999998
33.107142857142854 1.3252499999999998
33.142857142857146 1.3252499999999998
33.17857142857143 1.3252499999999998
33.214285714285715 1.3252499999999998
33.5 1.3003125
33.535714285714285 1.303875
33.57142857142857 1.3074374999999998
33.607142857142854 1.311
33.642857142857146 1.311
33.67857142857143 1.311
33.714285714285715 1.3145624999999999
33.75 1.3145624999999999
33.785714285714285 1.3145624999999999
33.82142857142857 1.3145624999999999
33.857142857142854 1.3145624999999999
33.892857142857146 1.3145624999999999
33.92857142857143 1.3145624999999999
33.964285714285715 1.3145624999999999
34.0 1.318125
34.035714285714285 1.3145624999999999
34.07142857142857 1.3145624999999999
34.107142857142854 1.318125
34.142857142857146 1.318125
34.17857142857143 1.318125
34.214285714285715 1.318125
34.5 1.303875
34.535714285714285 1.2967499999999998
34.57142857142857 1.2967499999999998
34.607142857142854 1.2967499999999998
34.642857142857146 1.3003125
34.67857142857143 1.3003125
34.714285714285715 1.3003125
34.75 1.303875
34.785714285714285 1.303875
34.82142857142857 1.303875
34.857142857142854 1.303875
34.892857142857146 1.303875
34.92857142857143 1.303875
34.964285714285715 1.303875
35.0 1.303875
35.035714285714285 1.303875
35.07142857142857 1.303875
35.107142857142854 1.303875
35.142857142857146 1.303875
35.17857142857143 1.303875
35.214285714285715 1.303875
35.5 1.2896249999999998
35.535714285714285 1.2931875
35.57142857142857 1.3003125
35.607142857142854 1.3003125
35.642857142857146 1.3003125
35.67857142857143 1.3003125
35.714285714285715 1.303875
35.75 1.303875
35.785714285714285 1.303875
35.82142857142857 1.303875
35.857142857142854 1.303875
35.892857142857146 1.303875
35.92857142857143 1.3074374999999998
35.964285714285715 1.303875
36.0 1.303875
36.035714285714285 1.303875
36.07142857142857 1.303875
36.107142857142854 1.303875
36.142857142857146 1.3074374999999998
36.17857142857143 1.3074374999999998
36.214285714285715 1.3074374999999998
36.5 1.3003125
36.535714285714285 1.2967499999999998
36.57142857142857 1.3003125
36.607142857142854 1.3003125
36.642857142857146 1.3003125
36.67857142857143 1.303875
36.714285714285715 1.303875
36.75 1.303875
36.785714285714285 1.303875
36.82142857142857 1.303875
36.857142857142854 1.303875
36.892857142857146 1.3074374999999998
36.92857142857143 1.3074374999999998
36.964285714285715 1.303875
37.0 1.3074374999999998
37.035714285714285 1.3074374999999998
37.07142857142857 1.3074374999999998
37.107142857142854 1.3074374999999998
37.142857142857146 1.3074374999999998
37.17857142857143 1.3074374999999998
37.214285714285715 1.3074374999999998
37.25 1.3074374999999998
37.5 1.2896249999999998
37.535714285714285 1.2967499999999998
37.57142857142857 1.2967499999999998
37.607142857142854 1.3003125
37.642857142857146 1.303875
37.67857142857143 1.303875
37.714285714285715 1.303875
37.75 1.303875
37.785714285714285 1.3074374999999998
37.82142857142857 1.3074374999999998
37.857142857142854 1.3074374999999998
37.892857142857146 1.3074374999999998
37.92857142857143 1.3074374999999998
37.964285714285715 1.3074374999999998
38.0 1.3074374999999998
38.035714285714285 1.3074374999999998
38.07142857142857 1.3074374999999998
38.107142857142854 1.3074374999999998
38.142857142857146 1.3074374999999998
38.17857142857143 1.3074374999999998
38.214285714285715 1.3074374999999998
38.5 1.2967499999999998
38.535714285714285 1.2967499999999998
38.57142857142857 1.3003125
38.607142857142854 1.303875
38.642857142857146 1.303875
38.67857142857143 1.303875
38.714285714285715 1.303875
38.75 1.3074374999999998
38.785714285714285 1.3074374999999998
38.82142857142857 1.303875
38.857142857142854 1.3074374999999998
38.892857142857146 1.3074374999999998
38.92857142857143 1.3074374999999998
38.964285714285715 1.3074374999999998
39.0 1.3074374999999998
39.035714285714285 1.3074374999999998
39.07142857142857 1.3074374999999998
39.107142857142854 1.3074374999999998
39.142857142857146 1.3074374999999998
39.17857142857143 1.3074374999999998
39.214285714285715 1.3074374999999998
39.25 1.3074374999999998
39.5 1.275375
39.535714285714285 1.2789374999999998
39.57142857142857 1.2825
39.607142857142854 1.2825
39.642857142857146 1.2860624999999999
39.67857142857143 1.2860624999999999
39.714285714285715 1.2860624999999999
39.75 1.2860624999999999
39.785714285714285 1.2896249999999998
39.82142857142857 1.2896249999999998
39.857142857142854 1.2896249999999998
39.892857142857146 1.2896249999999998
39.92857142857143 1.2896249999999998
