0.03571428571428571 3.0637499999999998
0.10714285714285714 3.0637499999999998
0.17857142857142858 3.0031874999999997
0.21428571428571427 3.0031874999999997
0.25 3.042375
0.2857142857142857 3.0388124999999997
0.32142857142857145 3.0388124999999997
0.35714285714285715 3.0388124999999997
0.39285714285714285 3.0388124999999997
0.42857142857142855 3.042375
0.4642857142857143 3.042375
0.5 3.042375
0.5357142857142857 3.042375
0.5714285714285714 3.042375
0.6071428571428571 3.042375
0.6428571428571429 3.042375
0.75 2.9818124999999998
0.7857142857142857 2.9782499999999996
0.8214285714285714 3.021
0.8571428571428571 3.0174374999999998
0.8928571428571429 3.021
0.9285714285714286 3.021
0.9642857142857143 3.021
1.0 3.021
1.0357142857142858 3.021
1.0714285714285714 3.021
1.1071428571428572 3.021
1.1428571428571428 3.021
1.1785714285714286 3.021
1.2142857142857142 3.0245624999999996
1.2857142857142858 3.0245624999999996
1.3571428571428572 3.0103125
1.3928571428571428 3.0031874999999997
1.4285714285714286 2.999625
1.4642857142857142 2.999625
1.5 3.0031874999999997
1.5357142857142858 3.0031874999999997
1.5714285714285714 3.0031874999999997
1.6071428571428572 3.0031874999999997
1.6428571428571428 3.0031874999999997
1.6785714285714286 3.0031874999999997
1.7142857142857142 3.0031874999999997
1.75 3.0031874999999997
1.7857142857142858 3.0031874999999997
1.8571428571428572 3.0031874999999997
1.9642857142857142 2.9889374999999996
2.0 2.9818124999999998
2.0357142857142856 2.9818124999999998
2.0714285714285716 2.9818124999999998
2.107142857142857 2.9818124999999998
2.142857142857143 2.9818124999999998
2.1785714285714284 2.985375
2.2142857142857144 2.985375
2.25 2.985375
2.2857142857142856 2.985375
2.3214285714285716 2.985375
2.357142857142857 2.985375
2.392857142857143 2.9818124999999998
2.4642857142857144 2.985375
2.5357142857142856 2.9319374999999996
2.5714285714285716 2.9675624999999997
2.607142857142857 2.964
2.642857142857143 2.964
2.6785714285714284 2.964
2.7142857142857144 2.964
2.75 2.964
2.7857142857142856 2.964
2.8214285714285716 2.964
2.857142857142857 2.9675624999999997
2.892857142857143 2.9675624999999997
2.9285714285714284 2.9675624999999997
2.9642857142857144 2.964
3.0357142857142856 2.9675624999999997
3.107142857142857 2.8998749999999998
3.142857142857143 2.9390625
3.1785714285714284 2.9354999999999998
3.2142857142857144 2.9319374999999996
3.25 2.9319374999999996
3.2857142857142856 2.9319374999999996
3.3214285714285716 2.9319374999999996
3.357142857142857 2.9319374999999996
3.392857142857143 2.9319374999999996
3.4285714285714284 2.9319374999999996
3.4642857142857144 2.9319374999999996
3.5 2.9319374999999996
3.5357142857142856 2.9319374999999996
3.5714285714285716 2.9319374999999996
3.607142857142857 2.9319374999999996
3.642857142857143 2.89275
3.7142857142857144 2.9212499999999997
3.75 2.9105624999999997
3.7857142857142856 2.9069999999999996
3.8214285714285716 2.9069999999999996
3.857142857142857 2.9069999999999996
3.892857142857143 2.9069999999999996
3.9285714285714284 2.9069999999999996
3.9642857142857144 2.9069999999999996
4.0 2.9069999999999996
4.035714285714286 2.9069999999999996
4.071428571428571 2.9069999999999996
4.107142857142857 2.9069999999999996
4.142857142857143 2.9069999999999996
4.214285714285714 2.9069999999999996
4.285714285714286 2.9034375
4.321428571428571 2.8891875
4.357142857142857 2.8856249999999997
4.392857142857143 2.8820625
4.428571428571429 2.8820625
4.464285714285714 2.8785
4.5 2.8820625
4.535714285714286 2.8820625
4.571428571428571 2.8820625
4.607142857142857 2.8820625
4.642857142857143 2.8820625
4.678571428571429 2.8820625
4.714285714285714 2.8820625
4.785714285714286 2.8820625
4.821428571428571 2.8856249999999997
4.892857142857143 2.871375
4.928571428571429 2.8678125
4.964285714285714 2.8642499999999997
5.0 2.8606874999999996
5.035714285714286 2.8606874999999996
5.071428571428571 2.8606874999999996
5.107142857142857 2.8606874999999996
5.142857142857143 2.8606874999999996
5.178571428571429 2.8606874999999996
5.214285714285714 2.8642499999999997
5.25 2.8642499999999997
5.285714285714286 2.8642499999999997
5.321428571428571 2.8606874999999996
5.357142857142857 2.8642499999999997
5.392857142857143 2.8642499999999997
5.464285714285714 2.857125
5.5 2.8499999999999996
5.535714285714286 2.8464375
5.571428571428571 2.8464375
5.607142857142857 2.8464375
5.642857142857143 2.8464375
5.678571428571429 2.8464375
5.714285714285714 2.8464375
5.75 2.8464375
5.785714285714286 2.8464375
5.821428571428571 2.8464375
5.857142857142857 2.8499999999999996
5.892857142857143 2.8499999999999996
5.928571428571429 2.8499999999999996
5.964285714285714 2.8535625
6.035714285714286 2.8499999999999996
6.071428571428571 2.8464375
6.107142857142857 2.8393124999999997
6.142857142857143 2.8393124999999997
6.178571428571429 2.8393124999999997
6.214285714285714 2.83575
6.25 2.83575
6.285714285714286 2.83575
6.321428571428571 2.83575
6.357142857142857 2.8393124999999997
6.392857142857143 2.8393124999999997
6.428571428571429 2.8393124999999997
6.464285714285714 2.8393124999999997
6.5 2.8393124999999997
6.535714285714286 2.8393124999999997
6.571428571428571 2.8393124999999997
6.642857142857143 2.8321875
6.678571428571429 2.8250624999999996
6.714285714285714 2.8250624999999996
6.75 2.8250624999999996
6.785714285714286 2.8250624999999996
6.821428571428571 2.8250624999999996
6.857142857142857 2.8250624999999996
6.892857142857143 2.8250624999999996
6.928571428571429 2.8250624999999996
6.964285714285714 2.8250624999999996
7.0 2.8250624999999996
7.035714285714286 2.8250624999999996
7.071428571428571 2.8250624999999996
7.142857142857143 2.8286249999999997
7.214285714285714 2.8286249999999997
7.25 2.8215
7.285714285714286 2.8215
7.321428571428571 2.8179374999999998
7.357142857142857 2.8179374999999998
7.392857142857143 2.8179374999999998
7.428571428571429 2.8179374999999998
7.464285714285714 2.8179374999999998
7.5 2.8179374999999998
7.535714285714286 2.8179374999999998
7.571428571428571 2.8179374999999998
7.607142857142857 2.8179374999999998
7.642857142857143 2.8179374999999998
7.678571428571429 2.8179374999999998
7.75 2.8179374999999998
7.785714285714286 2.8179374999999998
7.821428571428571 2.8108125
7.857142857142857 2.8036874999999997
7.892857142857143 2.8036874999999997
7.928571428571429 2.8036874999999997
7.964285714285714 2.8036874999999997
8.0 2.8036874999999997
8.035714285714286 2.8036874999999997
8.071428571428571 2.8036874999999997
8.107142857142858 2.8036874999999997
8.142857142857142 2.8036874999999997
8.178571428571429 2.8036874999999997
8.214285714285714 2.8036874999999997
8.25 2.8036874999999997
8.321428571428571 2.8036874999999997
8.392857142857142 2.7965625
8.428571428571429 2.7929999999999997
8.464285714285714 2.785875
8.5 2.785875
8.535714285714286 2.785875
8.571428571428571 2.785875
8.607142857142858 2.785875
8.642857142857142 2.785875
8.678571428571429 2.785875
8.714285714285714 2.785875
8.75 2.785875
8.785714285714286 2.785875
8.821428571428571 2.785875
8.857142857142858 2.785875
8.892857142857142 2.7894375
8.928571428571429 2.7894375
9.0 2.785875
9.035714285714286 2.7823124999999997
9.071428571428571 2.7823124999999997
9.107142857142858 2.7787499999999996
9.142857142857142 2.7787499999999996
9.178571428571429 2.7787499999999996
9.214285714285714 2.7823124999999997
9.25 2.7787499999999996
9.285714285714286 2.7823124999999997
9.321428571428571 2.7823124999999997
9.357142857142858 2.7823124999999997
9.392857142857142 2.7823124999999997
9.428571428571429 2.7823124999999997
9.464285714285714 2.785875
9.5 2.7894375
9.571428571428571 2.7823124999999997
9.607142857142858 2.7751875
9.642857142857142 2.7751875
9.678571428571429 2.7751875
9.714285714285714 2.7751875
9.75 2.7751875
9.785714285714286 2.7751875
9.821428571428571 2.7751875
9.857142857142858 2.7751875
9.892857142857142 2.7751875
9.928571428571429 2.7751875
9.964285714285714 2.7751875
10.0 2.771625
10.035714285714286 2.7787499999999996
10.071428571428571 2.7787499999999996
10.107142857142858 2.7680624999999996
10.142857142857142 2.7680624999999996
10.178571428571429 2.7645
10.214285714285714 2.7609375
10.25 2.7573749999999997
10.285714285714286 2.7573749999999997
10.321428571428571 2.7573749999999997
10.357142857142858 2.7573749999999997
10.392857142857142 2.7573749999999997
10.428571428571429 2.7573749999999997
10.464285714285714 2.7573749999999997
10.5 2.7573749999999997
10.535714285714286 2.7573749999999997
10.571428571428571 2.7573749999999997
10.607142857142858 2.7573749999999997
10.75 2.7466874999999997
10.785714285714286 2.7431249999999996
10.821428571428571 2.7395625
10.857142857142858 2.7395625
10.892857142857142 2.7395625
10.928571428571429 2.7395625
10.964285714285714 2.7395625
11.0 2.7395625
11.035714285714286 2.7395625
11.071428571428571 2.7395625
11.107142857142858 2.7395625
11.142857142857142 2.7431249999999996
11.178571428571429 2.7431249999999996
11.214285714285714 2.7431249999999996
11.321428571428571 2.7359999999999998
11.357142857142858 2.7181875
11.392857142857142 2.7110624999999997
11.428571428571429 2.7110624999999997
11.464285714285714 2.7110624999999997
11.5 2.7075
11.535714285714286 2.7075
11.571428571428571 2.7110624999999997
11.607142857142858 2.7075
11.642857142857142 2.7075
11.678571428571429 2.7110624999999997
11.714285714285714 2.7110624999999997
11.785714285714286 2.7075
11.821428571428571 2.7110624999999997
11.857142857142858 2.69325
11.928571428571429 2.6861249999999997
11.964285714285714 2.6825625
12.0 2.6825625
12.035714285714286 2.679
12.071428571428571 2.679
12.107142857142858 2.679
12.142857142857142 2.679
12.178571428571429 2.679
12.214285714285714 2.679
12.25 2.679
12.285714285714286 2.679
12.321428571428571 2.679
12.357142857142858 2.679
12.392857142857142 2.6825625
12.428571428571429 2.6825625
12.5 2.6683125
12.535714285714286 2.6683125
12.571428571428571 2.6647499999999997
12.607142857142858 2.6647499999999997
12.642857142857142 2.6647499999999997
12.678571428571429 2.6647499999999997
12.714285714285714 2.6647499999999997
12.75 2.6647499999999997
12.785714285714286 2.6647499999999997
12.821428571428571 2.6683125
12.857142857142858 2.6683125
12.892857142857142 2.6683125
12.928571428571429 2.6683125
12.964285714285714 2.6647499999999997
13.0 2.6683125
13.071428571428571 2.6611874999999996
13.107142857142858 2.6469375
13.142857142857142 2.6469375
13.178571428571429 2.643375
13.214285714285714 2.643375
13.25 2.643375
13.285714285714286 2.643375
13.321428571428571 2.643375
13.357142857142858 2.643375
13.392857142857142 2.643375
13.428571428571429 2.6469375
13.464285714285714 2.6469375
13.5 2.6469375
13.535714285714286 2.6469375
13.571428571428571 2.6504999999999996
13.607142857142858 2.6540624999999998
13.678571428571429 2.63625
13.714285714285714 2.6255625
13.75 2.622
13.785714285714286 2.6184374999999998
13.821428571428571 2.6184374999999998
13.857142857142858 2.6184374999999998
13.892857142857142 2.6184374999999998
13.928571428571429 2.6184374999999998
13.964285714285714 2.6184374999999998
14.0 2.622
14.035714285714286 2.622
14.071428571428571 2.622
14.142857142857142 2.622
14.178571428571429 2.6255625
14.25 2.6184374999999998
14.285714285714286 2.60775
14.321428571428571 2.60775
14.357142857142858 2.60775
14.392857142857142 2.60775
14.428571428571429 2.60775
14.464285714285714 2.60775
14.5 2.60775
14.535714285714286 2.60775
14.571428571428571 2.60775
14.607142857142858 2.60775
14.642857142857142 2.60775
14.678571428571429 2.60775
14.714285714285714 2.60775
14.75 2.6113125
14.785714285714286 2.6113125
14.857142857142858 2.600625
14.892857142857142 2.5970625
14.928571428571429 2.5970625
14.964285714285714 2.5970625
15.0 2.5970625
15.035714285714286 2.5970625
15.071428571428571 2.5970625
15.107142857142858 2.5970625
15.142857142857142 2.5970625
15.178571428571429 2.600625
15.214285714285714 2.600625
15.25 2.600625
15.285714285714286 2.5970625
15.321428571428571 2.600625
15.357142857142858 2.600625
15.428571428571429 2.586375
15.464285714285714 2.5792499999999996
15.5 2.5756875
15.535714285714286 2.5756875
15.571428571428571 2.5756875
15.607142857142858 2.5756875
15.642857142857142 2.5756875
15.678571428571429 2.5756875
15.714285714285714 2.5756875
15.75 2.5756875
15.785714285714286 2.5756875
15.821428571428571 2.5756875
15.892857142857142 2.5756875
15.964285714285714 2.5721249999999998
16.0 2.5685624999999996
16.035714285714285 2.565
16.071428571428573 2.5614375
16.107142857142858 2.5578749999999997
16.142857142857142 2.5578749999999997
16.178571428571427 2.5614375
16.214285714285715 2.5614375
16.25 2.5614375
16.285714285714285 2.5614375
16.321428571428573 2.5614375
16.357142857142858 2.5614375
16.392857142857142 2.5614375
16.428571428571427 2.5614375
16.535714285714285 2.5685624999999996
16.607142857142858 2.5614375
16.642857142857142 2.5543125
16.678571428571427 2.5543125
16.714285714285715 2.5543125
16.75 2.5543125
16.785714285714285 2.5543125
16.821428571428573 2.5543125
16.857142857142858 2.5543125
16.892857142857142 2.5543125
16.928571428571427 2.5543125
16.964285714285715 2.5578749999999997
17.0 2.5578749999999997
17.107142857142858 2.5578749999999997
17.142857142857142 2.5400625
17.178571428571427 2.55075
17.214285714285715 2.5471874999999997
17.25 2.5400625
17.285714285714285 2.5400625
17.321428571428573 2.5400625
17.357142857142858 2.5400625
17.392857142857142 2.5400625
17.428571428571427 2.5400625
17.464285714285715 2.5400625
17.5 2.543625
17.535714285714285 2.543625
17.571428571428573 2.543625
17.607142857142858 2.543625
17.642857142857142 2.543625
17.714285714285715 2.543625
17.785714285714285 2.5364999999999998
17.821428571428573 2.5329374999999996
17.857142857142858 2.529375
17.892857142857142 2.529375
17.928571428571427 2.529375
17.964285714285715 2.529375
18.0 2.529375
18.035714285714285 2.5329374999999996
18.071428571428573 2.5329374999999996
18.107142857142858 2.5329374999999996
18.142857142857142 2.5329374999999996
18.178571428571427 2.5329374999999996
18.214285714285715 2.5329374999999996
18.25 2.5329374999999996
18.285714285714285 2.5364999999999998
18.357142857142858 2.5222499999999997
18.392857142857142 2.5186875
18.428571428571427 2.5186875
18.464285714285715 2.5186875
18.5 2.515125
18.535714285714285 2.515125
18.571428571428573 2.515125
18.607142857142858 2.515125
18.642857142857142 2.5186875
18.678571428571427 2.5186875
18.714285714285715 2.5186875
18.75 2.5186875
18.785714285714285 2.5186875
18.857142857142858 2.5186875
18.892857142857142 2.508
18.964285714285715 2.5044375
19.0 2.4973124999999996
19.035714285714285 2.4973124999999996
19.071428571428573 2.4973124999999996
19.107142857142858 2.4973124999999996
19.142857142857142 2.4973124999999996
19.178571428571427 2.4973124999999996
19.214285714285715 2.4973124999999996
19.25 2.4973124999999996
19.285714285714285 2.4973124999999996
19.321428571428573 2.4973124999999996
19.357142857142858 2.4973124999999996
19.428571428571427 2.5044375
19.464285714285715 2.5044375
19.535714285714285 2.5008749999999997
19.571428571428573 2.4866249999999996
19.607142857142858 2.4830625
19.642857142857142 2.4830625
19.678571428571427 2.4830625
19.714285714285715 2.4830625
19.75 2.4830625
19.785714285714285 2.4830625
19.821428571428573 2.4830625
19.857142857142858 2.4830625
19.892857142857142 2.4830625
19.928571428571427 2.4830625
20.035714285714285 2.4901874999999998
20.071428571428573 2.49375
20.107142857142858 2.4795
20.142857142857142 2.4759374999999997
20.178571428571427 2.472375
20.214285714285715 2.4688125
20.25 2.4688125
20.285714285714285 2.4688125
20.321428571428573 2.4688125
20.357142857142858 2.4688125
20.392857142857142 2.4688125
20.428571428571427 2.4688125
20.464285714285715 2.4688125
20.5 2.4688125
20.607142857142858 2.472375
20.642857142857142 2.4759374999999997
20.714285714285715 2.4652499999999997
20.75 2.4545624999999998
20.785714285714285 2.4545624999999998
20.821428571428573 2.4509999999999996
20.857142857142858 2.4509999999999996
20.892857142857142 2.4509999999999996
20.928571428571427 2.4509999999999996
20.964285714285715 2.4509999999999996
21.0 2.4509999999999996
21.035714285714285 2.4509999999999996
21.071428571428573 2.4509999999999996
21.107142857142858 2.4509999999999996
21.178571428571427 2.4545624999999998
21.214285714285715 2.458125
21.25 2.3904375
21.285714285714285 2.4545624999999998
21.321428571428573 2.443875
21.357142857142858 2.4403124999999997
21.392857142857142 2.4403124999999997
21.428571428571427 2.4403124999999997
21.464285714285715 2.43675
21.5 2.43675
21.535714285714285 2.43675
21.571428571428573 2.43675
21.607142857142858 2.43675
21.642857142857142 2.43675
21.678571428571427 2.43675
21.714285714285715 2.43675
21.75 2.43675
21.785714285714285 2.4403124999999997
21.821428571428573 2.4403124999999997
21.857142857142858 2.4403124999999997
21.892857142857142 2.4331875
21.928571428571427 2.4296249999999997
21.964285714285715 2.4260625
22.0 2.4260625
22.035714285714285 2.4260625
22.071428571428573 2.4260625
22.107142857142858 2.4260625
22.142857142857142 2.4260625
22.178571428571427 2.4260625
22.214285714285715 2.4260625
22.25 2.4260625
22.285714285714285 2.4260625
22.392857142857142 2.4260625
22.428571428571427 2.4189374999999997
22.464285714285715 2.415375
22.5 2.4046874999999996
22.535714285714285 2.4046874999999996
22.571428571428573 2.4046874999999996
22.607142857142858 2.401125
22.642857142857142 2.401125
22.678571428571427 2.401125
22.714285714285715 2.401125
22.75 2.401125
22.785714285714285 2.401125
22.821428571428573 2.401125
22.857142857142858 2.401125
22.928571428571427 2.4046874999999996
23.0 2.4046874999999996
23.035714285714285 2.3975625
23.071428571428573 2.386875
23.107142857142858 2.3833124999999997
23.142857142857142 2.37975
23.178571428571427 2.3761875
23.214285714285715 2.37975
23.25 2.3761875
23.285714285714285 2.3761875
23.321428571428573 2.3761875
23.357142857142858 2.3761875
23.392857142857142 2.3761875
23.428571428571427 2.3761875
23.464285714285715 2.3761875
23.5 2.3761875
23.571428571428573 2.37975
23.607142857142858 2.3726249999999998
23.642857142857142 2.3619375
23.678571428571427 2.3548125
23.714285714285715 2.35125
23.75 2.35125
23.785714285714285 2.35125
23.821428571428573 2.35125
23.857142857142858 2.35125
23.892857142857142 2.35125
23.928571428571427 2.35125
23.964285714285715 2.35125
24.0 2.35125
24.035714285714285 2.35125
24.071428571428573 2.35125
24.107142857142858 2.35125
24.142857142857142 2.35125
24.178571428571427 2.3405625
24.25 2.3334375
24.285714285714285 2.329875
24.321428571428573 2.329875
24.357142857142858 2.329875
24.392857142857142 2.329875
24.428571428571427 2.329875
24.464285714285715 2.329875
24.5 2.329875
24.535714285714285 2.329875
24.571428571428573 2.329875
24.607142857142858 2.329875
24.642857142857142 2.329875
24.678571428571427 2.329875
24.75 2.329875
24.785714285714285 2.3263125
24.821428571428573 2.315625
24.857142857142858 2.3120624999999997
24.892857142857142 2.3085
24.928571428571427 2.3085
24.964285714285715 2.3085
25.0 2.3085
25.035714285714285 2.3085
25.071428571428573 2.3085
25.107142857142858 2.3085
25.142857142857142 2.3085
25.178571428571427 2.3085
25.214285714285715 2.3085
25.25 2.3085
25.321428571428573 2.3085
25.357142857142858 2.3013749999999997
25.392857142857142 2.2978125
25.428571428571427 2.29425
25.464285714285715 2.29425
25.5 2.2906874999999998
25.535714285714285 2.2906874999999998
25.571428571428573 2.2906874999999998
25.607142857142858 2.2906874999999998
25.642857142857142 2.2906874999999998
25.678571428571427 2.2906874999999998
25.714285714285715 2.2906874999999998
25.75 2.2906874999999998
25.785714285714285 2.2906874999999998
25.821428571428573 2.2906874999999998
25.892857142857142 2.29425
25.928571428571427 2.2835625
25.964285714285715 2.29425
26.0 2.28
26.035714285714285 2.2764374999999997
26.071428571428573 2.2764374999999997
26.107142857142858 2.2764374999999997
26.142857142857142 2.2764374999999997
26.178571428571427 2.2764374999999997
26.214285714285715 2.2764374999999997
26.25 2.2764374999999997
26.285714285714285 2.2764374999999997
26.321428571428573 2.2764374999999997
26.357142857142858 2.2764374999999997
26.392857142857142 2.2764374999999997
26.5 2.28
26.535714285714285 2.2087499999999998
26.571428571428573 2.2693125
26.607142857142858 2.258625
26.642857142857142 2.258625
26.678571428571427 2.258625
26.714285714285715 2.2550624999999997
26.75 2.258625
26.785714285714285 2.2550624999999997
26.821428571428573 2.2550624999999997
26.857142857142858 2.2550624999999997
26.892857142857142 2.2550624999999997
26.928571428571427 2.2550624999999997
26.964285714285715 2.2550624999999997
27.071428571428573 2.2550624999999997
27.107142857142858 2.18025
27.142857142857142 2.2479375
27.178571428571427 2.2336875
27.214285714285715 2.2336875
27.25 2.2301249999999997
27.285714285714285 2.2301249999999997
27.321428571428573 2.2301249999999997
27.357142857142858 2.2301249999999997
27.392857142857142 2.2301249999999997
27.428571428571427 2.2301249999999997
27.464285714285715 2.2301249999999997
27.5 2.2301249999999997
27.535714285714285 2.2301249999999997
27.642857142857142 2.2301249999999997
27.678571428571427 2.2301249999999997
27.714285714285715 2.2265625
27.75 2.2123125
27.785714285714285 2.2087499999999998
27.821428571428573 2.2087499999999998
27.857142857142858 2.2087499999999998
27.892857142857142 2.2123125
27.928571428571427 2.2123125
27.964285714285715 2.2087499999999998
28.0 2.2123125
28.035714285714285 2.2123125
28.071428571428573 2.2123125
28.107142857142858 2.2123125
28.142857142857142 2.2123125
28.178571428571427 2.2123125
28.214285714285715 2.2123125
28.25 2.2123125
28.321428571428573 2.201625
28.357142857142858 2.1944999999999997
28.392857142857142 2.1944999999999997
28.428571428571427 2.1944999999999997
28.464285714285715 2.1944999999999997
28.5 2.1944999999999997
28.535714285714285 2.1944999999999997
28.571428571428573 2.1944999999999997
28.607142857142858 2.1944999999999997
28.642857142857142 2.1944999999999997
28.678571428571427 2.1944999999999997
28.714285714285715 2.1944999999999997
28.785714285714285 2.1944999999999997
28.821428571428573 2.1944999999999997
28.892857142857142 2.1909375
28.928571428571427 2.187375
28.964285714285715 2.18025
29.0 2.18025
29.035714285714285 2.18025
29.071428571428573 2.18025
29.107142857142858 2.18025
29.142857142857142 2.1838124999999997
29.178571428571427 2.18025
29.214285714285715 2.1838124999999997
29.25 2.1838124999999997
29.285714285714285 2.1838124999999997
29.321428571428573 2.1838124999999997
29.392857142857142 2.1838124999999997
29.428571428571427 2.1838124999999997
29.464285714285715 2.1695625
29.5 2.1731249999999998
29.535714285714285 2.1695625
29.571428571428573 2.1695625
29.607142857142858 2.166
29.642857142857142 2.166
29.678571428571427 2.1695625
29.714285714285715 2.1695625
29.75 2.1695625
29.785714285714285 2.1695625
29.821428571428573 2.1695625
29.857142857142858 2.1695625
29.892857142857142 2.1695625
30.0 2.166
30.035714285714285 2.166
30.071428571428573 2.1588749999999997
30.107142857142858 2.1481874999999997
30.142857142857142 2.144625
30.178571428571427 2.144625
30.214285714285715 2.144625
30.25 2.144625
30.285714285714285 2.144625
30.321428571428573 2.144625
30.357142857142858 2.144625
30.392857142857142 2.144625
30.428571428571427 2.144625
30.464285714285715 2.144625
30.535714285714285 2.144625
30.607142857142858 2.1481874999999997
30.642857142857142 2.1410625
30.678571428571427 2.1339375
30.714285714285715 2.130375
30.75 2.130375
30.785714285714285 2.130375
30.821428571428573 2.130375
30.857142857142858 2.130375
30.892857142857142 2.130375
30.928571428571427 2.130375
30.964285714285715 2.130375
31.0 2.130375
31.035714285714285 2.130375
31.071428571428573 2.130375
31.107142857142858 2.130375
31.178571428571427 2.130375
31.214285714285715 2.116125
31.25 2.116125
31.285714285714285 2.1125624999999997
31.321428571428573 2.1125624999999997
31.357142857142858 2.1125624999999997
31.392857142857142 2.1125624999999997
31.428571428571427 2.1125624999999997
31.464285714285715 2.1125624999999997
31.5 2.1125624999999997
31.535714285714285 2.1125624999999997
31.571428571428573 2.1125624999999997
31.607142857142858 2.109
31.642857142857142 2.1125624999999997
31.678571428571427 2.109
31.714285714285715 2.1125624999999997
31.75 2.1125624999999997
31.785714285714285 2.1125624999999997
31.821428571428573 2.109
31.857142857142858 2.09475
31.892857142857142 2.0911874999999998
31.928571428571427 2.0911874999999998
31.964285714285715 2.087625
32.0 2.087625
32.035714285714285 2.087625
32.07142857142857 2.087625
32.107142857142854 2.087625
32.142857142857146 2.087625
32.17857142857143 2.087625
32.214285714285715 2.087625
32.25 2.087625
32.285714285714285 2.087625
32.357142857142854 2.087625
32.392857142857146 2.0769374999999997
32.42857142857143 2.0698125
32.464285714285715 2.0662499999999997
32.5 2.0662499999999997
32.535714285714285 2.0662499999999997
32.57142857142857 2.0662499999999997
32.607142857142854 2.0662499999999997
32.642857142857146 2.0626875
32.67857142857143 2.0662499999999997
32.714285714285715 2.0662499999999997
32.75 2.0662499999999997
32.785714285714285 2.0662499999999997
32.82142857142857 2.0662499999999997
32.857142857142854 2.0626875
32.92857142857143 2.0626875
32.964285714285715 2.0484375
33.0 2.052
33.035714285714285 2.0484375
33.07142857142857 2.0448749999999998
33.107142857142854 2.0448749999999998
33.142857142857146 2.0448749999999998
33.17857142857143 2.0448749999999998
33.214285714285715 2.0448749999999998
33.25 2.0448749999999998
33.285714285714285 2.0448749999999998
33.32142857142857 2.0448749999999998
33.357142857142854 2.0448749999999998
33.392857142857146 2.0448749999999998
33.42857142857143 2.0448749999999998
33.464285714285715 2.0448749999999998
33.535714285714285 2.0413124999999996
33.57142857142857 1.973625
33.607142857142854 2.0306249999999997
33.642857142857146 2.0270625
33.67857142857143 2.0270625
33.714285714285715 2.0270625
33.75 2.0270625
33.785714285714285 2.0306249999999997
33.82142857142857 2.0270625
33.857142857142854 2.0270625
33.892857142857146 2.0306249999999997
33.92857142857143 2.0306249999999997
33.964285714285715 2.0306249999999997
34.0 2.0306249999999997
34.035714285714285 2.0306249999999997
34.107142857142854 2.0306249999999997
34.142857142857146 2.0199374999999997
34.17857142857143 2.0235
34.214285714285715 2.016375
34.25 2.0128125
34.285714285714285 2.0128125
34.32142857142857 2.0128125
34.357142857142854 2.0128125
34.392857142857146 2.0128125
34.42857142857143 2.0128125
34.464285714285715 2.0128125
34.5 2.016375
34.535714285714285 2.0128125
34.57142857142857 2.016375
34.607142857142854 2.016375
34.714285714285715 2.016375
34.75 2.0092499999999998
34.785714285714285 1.9985624999999998
34.82142857142857 1.9985624999999998
34.857142857142854 1.9985624999999998
34.892857142857146 1.9949999999999999
34.92857142857143 1.9985624999999998
34.964285714285715 1.9985624999999998
35.0 1.9985624999999998
35.035714285714285 1.9985624999999998
35.07142857142857 1.9985624999999998
35.107142857142854 1.9985624999999998
35.142857142857146 1.9985624999999998
35.17857142857143 1.9985624999999998
35.214285714285715 1.9985624999999998
35.285714285714285 1.9985624999999998
35.32142857142857 1.9985624999999998
35.357142857142854 1.9843125
35.392857142857146 1.9843125
35.42857142857143 1.9843125
35.464285714285715 1.9843125
35.5 1.9843125
35.535714285714285 1.9843125
35.57142857142857 1.9843125
35.607142857142854 1.9843125
35.642857142857146 1.9843125
35.67857142857143 1.9843125
35.714285714285715 1.9843125
35.75 1.9843125
35.785714285714285 1.9843125
35.82142857142857 1.9843125
35.857142857142854 1.9807499999999998
35.892857142857146 1.9700624999999998
35.92857142857143 1.9771874999999999
35.964285714285715 1.9700624999999998
36.0 1.9665
36.035714285714285 1.9665
36.07142857142857 1.9665
36.107142857142854 1.9665
36.142857142857146 1.9665
36.17857142857143 1.9700624999999998
36.214285714285715 1.9700624999999998
36.25 1.9700624999999998
36.285714285714285 1.9700624999999998
36.32142857142857 1.9700624999999998
36.357142857142854 1.9700624999999998
36.392857142857146 1.9665
36.464285714285715 1.973625
36.5 1.9665
36.535714285714285 1.9558125
36.57142857142857 1.9522499999999998
36.607142857142854 1.9486875
36.642857142857146 1.9522499999999998
36.67857142857143 1.9522499999999998
36.714285714285715 1.9522499999999998
36.75 1.9522499999999998
36.785714285714285 1.9522499999999998
36.82142857142857 1.9522499999999998
36.857142857142854 1.9522499999999998
36.892857142857146 1.9522499999999998
36.92857142857143 1.9522499999999998
36.964285714285715 1.9522499999999998
37.035714285714285 1.9522499999999998
37.07142857142857 1.9486875
37.107142857142854 1.9415624999999999
37.142857142857146 1.9344374999999998
37.17857142857143 1.9344374999999998
37.214285714285715 1.930875
37.25 1.930875
37.285714285714285 1.930875
37.32142857142857 1.930875
37.357142857142854 1.930875
37.392857142857146 1.930875
37.42857142857143 1.930875
37.464285714285715 1.930875
37.5 1.930875
37.535714285714285 1.930875
37.57142857142857 1.930875
37.642857142857146 1.9273124999999998
37.67857142857143 1.9237499999999998
37.714285714285715 1.9166249999999998
37.75 1.9130624999999999
37.785714285714285 1.9130624999999999
37.82142857142857 1.9130624999999999
37.857142857142854 1.9095
37.892857142857146 1.9130624999999999
37.92857142857143 1.9130624999999999
37.964285714285715 1.9130624999999999
38.0 1.9130624999999999
38.035714285714285 1.9130624999999999
38.07142857142857 1.9130624999999999
38.107142857142854 1.9130624999999999
38.142857142857146 1.9095
38.25 1.9059374999999998
38.285714285714285 1.8988124999999998
38.32142857142857 1.8916875
38.357142857142854 1.8916875
38.392857142857146 1.8881249999999998
38.42857142857143 1.8881249999999998
38.464285714285715 1.8881249999999998
38.5 1.8881249999999998
38.535714285714285 1.8881249999999998
38.57142857142857 1.8881249999999998
38.607142857142854 1.8881249999999998
38.642857142857146 1.8881249999999998
38.67857142857143 1.8881249999999998
38.714285714285715 1.8881249999999998
38.75 1.8845625
38.785714285714285 1.8809999999999998
38.82142857142857 1.8809999999999998
38.857142857142854 1.873875
38.892857142857146 1.8703124999999998
38.92857142857143 1.86675
38.964285714285715 1.86675
39.0 1.8631874999999998
39.035714285714285 1.8631874999999998
39.07142857142857 1.86675
39.107142857142854 1.8631874999999998
39.142857142857146 1.8631874999999998
39.17857142857143 1.8631874999999998
39.214285714285715 1.8631874999999998
39.25 1.8631874999999998
39.285714285714285 1.8631874999999998
39.32142857142857 1.86675
39.357142857142854 1.8631874999999998
39.392857142857146 1.8631874999999998
39.42857142857143 1.8524999999999998
39.464285714285715 1.8453749999999998
39.5 1.8418124999999999
39.535714285714285 1.83825
39.57142857142857 1.83825
39.607142857142854 1.83825
39.642857142857146 1.83825
39.67857142857143 1.83825
39.714285714285715 1.83825
39.75 1.83825
39.785714285714285 1.83825
39.82142857142857 1.83825
39.857142857142854 1.83825
39.892857142857146 1.83825
