0.03571428571428571 2.94975
0.07142857142857142 2.94975
0.10714285714285714 2.94975
0.14285714285714285 2.94975
0.17857142857142858 2.94975
0.21428571428571427 2.94975
0.25 2.94975
0.2857142857142857 2.94975
0.32142857142857145 2.94975
0.35714285714285715 2.94975
0.39285714285714285 2.94975
0.5357142857142857 2.964
0.5714285714285714 2.9533125
0.6071428571428571 2.971125
0.7142857142857143 2.9533125
0.8214285714285714 2.9533125
0.8571428571428571 2.9533125
0.8928571428571429 2.9533125
0.9285714285714286 2.94975
0.9642857142857143 2.94975
1.0 2.9533125
1.0357142857142858 2.94975
1.0714285714285714 2.9533125
1.1071428571428572 2.94975
1.1428571428571428 2.94975
1.1785714285714286 2.9533125
1.2142857142857142 2.94975
1.25 2.94975
1.2857142857142858 2.9533125
1.3214285714285714 2.9533125
1.3571428571428572 2.9533125
1.3928571428571428 2.94975
1.4285714285714286 2.9533125
1.4642857142857142 2.9533125
1.5 2.9533125
1.5357142857142858 2.9533125
1.5714285714285714 2.9533125
1.6428571428571428 2.9533125
1.6785714285714286 2.9533125
1.7142857142857142 2.9533125
1.75 2.9533125
1.7857142857142858 2.94975
1.8214285714285714 2.94975
2.1785714285714284 2.9746875
2.2142857142857144 2.964
2.25 2.971125
2.2857142857142856 2.971125
2.357142857142857 2.9533125
2.392857142857143 2.9533125
2.4642857142857144 2.9533125
2.5 2.9461874999999997
2.5357142857142856 2.9461874999999997
2.5714285714285716 2.9461874999999997
2.607142857142857 2.9461874999999997
2.642857142857143 2.9426249999999996
2.6785714285714284 2.9461874999999997
2.7142857142857144 2.9461874999999997
2.75 2.9426249999999996
2.7857142857142856 2.9426249999999996
2.8214285714285716 2.9461874999999997
2.857142857142857 2.9461874999999997
2.892857142857143 2.9461874999999997
2.9285714285714284 2.9461874999999997
2.9642857142857144 2.9461874999999997
3.0 2.9461874999999997
3.0357142857142856 2.9461874999999997
3.0714285714285716 2.9461874999999997
3.107142857142857 2.9461874999999997
3.142857142857143 2.9461874999999997
3.1785714285714284 2.9461874999999997
3.2142857142857144 2.9461874999999997
3.25 2.9461874999999997
3.2857142857142856 2.9461874999999997
3.3214285714285716 2.9461874999999997
3.357142857142857 2.9461874999999997
3.392857142857143 2.9461874999999997
3.4285714285714284 2.9461874999999997
3.4642857142857144 2.9461874999999997
3.5 2.9461874999999997
3.5357142857142856 2.94975
3.5714285714285716 2.94975
3.607142857142857 2.94975
3.642857142857143 2.94975
3.6785714285714284 2.94975
3.7142857142857144 2.94975
3.75 2.9426249999999996
3.8214285714285716 2.9461874999999997
3.857142857142857 2.9675624999999997
3.892857142857143 2.9461874999999997
3.9285714285714284 2.9568749999999997
4.035714285714286 2.9461874999999997
4.071428571428571 2.9461874999999997
4.107142857142857 2.9461874999999997
4.142857142857143 2.9461874999999997
4.178571428571429 2.9461874999999997
4.214285714285714 2.9461874999999997
4.25 2.9426249999999996
4.285714285714286 2.9461874999999997
4.321428571428571 2.9461874999999997
4.357142857142857 2.9461874999999997
4.392857142857143 2.9461874999999997
4.428571428571429 2.9461874999999997
4.464285714285714 2.9461874999999997
4.5 2.9461874999999997
4.607142857142857 2.94975
4.642857142857143 2.9461874999999997
4.678571428571429 2.9461874999999997
4.714285714285714 2.94975
4.75 2.94975
4.785714285714286 2.9461874999999997
4.821428571428571 2.9461874999999997
4.857142857142857 2.9461874999999997
4.892857142857143 2.9461874999999997
4.928571428571429 2.9461874999999997
4.964285714285714 2.9461874999999997
5.0 2.9426249999999996
5.035714285714286 2.9461874999999997
5.071428571428571 2.9461874999999997
5.107142857142857 2.9461874999999997
5.142857142857143 2.9461874999999997
5.178571428571429 2.9461874999999997
5.214285714285714 2.9426249999999996
5.25 2.9426249999999996
5.285714285714286 2.9426249999999996
5.321428571428571 2.9461874999999997
5.357142857142857 2.9426249999999996
5.392857142857143 2.9461874999999997
5.428571428571429 2.9390625
5.5 2.9426249999999996
5.535714285714286 2.9604375
5.571428571428571 2.9426249999999996
5.607142857142857 2.9604375
5.714285714285714 2.94975
5.75 2.9461874999999997
5.785714285714286 2.9461874999999997
5.892857142857143 2.9461874999999997
5.928571428571429 2.9461874999999997
5.964285714285714 2.9461874999999997
6.0 2.9461874999999997
6.035714285714286 2.9461874999999997
6.071428571428571 2.9461874999999997
6.107142857142857 2.9426249999999996
6.142857142857143 2.9461874999999997
6.178571428571429 2.9461874999999997
6.214285714285714 2.9461874999999997
6.25 2.9426249999999996
6.285714285714286 2.9461874999999997
6.321428571428571 2.9461874999999997
6.357142857142857 2.9426249999999996
6.392857142857143 2.9461874999999997
6.428571428571429 2.9461874999999997
6.464285714285714 2.9461874999999997
6.5 2.9461874999999997
6.535714285714286 2.9461874999999997
6.571428571428571 2.9426249999999996
6.607142857142857 2.9426249999999996
6.642857142857143 2.9426249999999996
6.678571428571429 2.9461874999999997
6.714285714285714 2.9426249999999996
6.75 2.9461874999999997
6.785714285714286 2.9426249999999996
6.821428571428571 2.9426249999999996
6.857142857142857 2.9426249999999996
6.892857142857143 2.9461874999999997
6.928571428571429 2.9426249999999996
6.964285714285714 2.9426249999999996
7.0 2.9426249999999996
7.035714285714286 2.9426249999999996
7.071428571428571 2.9426249999999996
7.142857142857143 2.9426249999999996
7.178571428571429 2.9426249999999996
7.214285714285714 2.9604375
7.25 2.9533125
7.285714285714286 2.964
7.428571428571429 2.9461874999999997
7.607142857142857 2.94975
7.642857142857143 2.9461874999999997
7.678571428571429 2.9461874999999997
7.714285714285714 2.9461874999999997
7.75 2.9461874999999997
7.785714285714286 2.9461874999999997
7.821428571428571 2.9426249999999996
7.857142857142857 2.9426249999999996
7.892857142857143 2.9426249999999996
7.928571428571429 2.9426249999999996
7.964285714285714 2.9426249999999996
8.0 2.9426249999999996
8.035714285714286 2.9426249999999996
8.071428571428571 2.9426249999999996
8.107142857142858 2.9426249999999996
8.142857142857142 2.9426249999999996
8.178571428571429 2.9390625
8.214285714285714 2.9390625
8.25 2.9426249999999996
8.285714285714286 2.9426249999999996
8.321428571428571 2.9426249999999996
8.357142857142858 2.9390625
8.392857142857142 2.9390625
8.428571428571429 2.9426249999999996
8.464285714285714 2.9390625
8.5 2.9390625
8.535714285714286 2.9390625
8.571428571428571 2.9426249999999996
8.607142857142858 2.9390625
8.642857142857142 2.9390625
8.678571428571429 2.9390625
8.714285714285714 2.9426249999999996
8.75 2.9390625
8.821428571428571 2.9354999999999998
8.857142857142858 2.9568749999999997
8.892857142857142 2.9461874999999997
8.928571428571429 2.9461874999999997
9.0 2.9461874999999997
9.035714285714286 2.9461874999999997
9.071428571428571 2.9461874999999997
9.107142857142858 2.9426249999999996
9.142857142857142 2.9461874999999997
9.25 2.9426249999999996
9.285714285714286 2.9390625
9.321428571428571 2.9426249999999996
9.357142857142858 2.9390625
9.392857142857142 2.9390625
9.428571428571429 2.9390625
9.464285714285714 2.9390625
9.5 2.9390625
9.535714285714286 2.9390625
9.571428571428571 2.9390625
9.607142857142858 2.9390625
9.642857142857142 2.9390625
9.678571428571429 2.9390625
9.714285714285714 2.9390625
9.75 2.9390625
9.785714285714286 2.9390625
9.821428571428571 2.9390625
9.857142857142858 2.9390625
9.892857142857142 2.9390625
9.928571428571429 2.9390625
9.964285714285714 2.9390625
10.0 2.9390625
10.035714285714286 2.9390625
10.071428571428571 2.9390625
10.107142857142858 2.9390625
10.142857142857142 2.9390625
10.178571428571429 2.9390625
10.214285714285714 2.9390625
10.25 2.9390625
10.285714285714286 2.9354999999999998
10.321428571428571 2.9390625
10.357142857142858 2.9354999999999998
10.392857142857142 2.9390625
10.428571428571429 2.9354999999999998
10.464285714285714 2.9354999999999998
10.535714285714286 2.9533125
10.571428571428571 2.9426249999999996
10.607142857142858 2.9568749999999997
10.642857142857142 2.9461874999999997
10.678571428571429 2.9461874999999997
10.714285714285714 2.9426249999999996
10.964285714285714 2.9426249999999996
11.0 2.9426249999999996
11.035714285714286 2.9390625
11.071428571428571 2.9390625
11.107142857142858 2.9390625
11.142857142857142 2.9390625
11.178571428571429 2.9390625
11.214285714285714 2.9390625
11.25 2.9390625
11.285714285714286 2.9390625
11.321428571428571 2.9390625
11.357142857142858 2.9390625
11.392857142857142 2.9390625
11.428571428571429 2.9354999999999998
11.464285714285714 2.9390625
11.5 2.9390625
11.535714285714286 2.9390625
11.571428571428571 2.9390625
11.607142857142858 2.9390625
11.642857142857142 2.9354999999999998
11.678571428571429 2.9390625
11.714285714285714 2.9390625
11.75 2.9390625
11.785714285714286 2.9354999999999998
11.821428571428571 2.9354999999999998
11.857142857142858 2.9354999999999998
11.892857142857142 2.9354999999999998
11.928571428571429 2.9354999999999998
11.964285714285714 2.9354999999999998
12.0 2.9354999999999998
12.035714285714286 2.9354999999999998
12.071428571428571 2.9354999999999998
12.142857142857142 2.9354999999999998
12.214285714285714 2.9568749999999997
12.25 2.9461874999999997
12.321428571428571 2.9461874999999997
12.607142857142858 2.9390625
12.642857142857142 2.9390625
12.678571428571429 2.9390625
12.714285714285714 2.9354999999999998
12.75 2.9354999999999998
12.785714285714286 2.9354999999999998
12.821428571428571 2.9354999999999998
12.857142857142858 2.9354999999999998
12.892857142857142 2.9354999999999998
12.928571428571429 2.9354999999999998
12.964285714285714 2.9354999999999998
13.0 2.9354999999999998
13.035714285714286 2.9354999999999998
13.071428571428571 2.9319374999999996
13.107142857142858 2.9354999999999998
13.142857142857142 2.9319374999999996
13.214285714285714 2.9354999999999998
13.25 2.9354999999999998
13.285714285714286 2.9354999999999998
13.321428571428571 2.9319374999999996
13.357142857142858 2.9319374999999996
13.392857142857142 2.9319374999999996
13.428571428571429 2.9319374999999996
13.464285714285714 2.9319374999999996
13.5 2.9319374999999996
13.535714285714286 2.9319374999999996
13.607142857142858 2.9319374999999996
13.642857142857142 2.9319374999999996
13.678571428571429 2.9319374999999996
13.714285714285714 2.9319374999999996
13.75 2.9319374999999996
13.821428571428571 2.9319374999999996
13.857142857142858 2.94975
13.892857142857142 2.9390625
13.928571428571429 2.9461874999999997
13.964285714285714 2.9461874999999997
14.0 2.9426249999999996
14.035714285714286 2.9426249999999996
14.25 2.9390625
14.285714285714286 2.9390625
14.321428571428571 2.9390625
14.357142857142858 2.9390625
14.392857142857142 2.9390625
14.428571428571429 2.9354999999999998
14.464285714285714 2.9390625
14.5 2.9354999999999998
14.535714285714286 2.9354999999999998
14.571428571428571 2.9354999999999998
14.607142857142858 2.9354999999999998
14.642857142857142 2.9354999999999998
14.678571428571429 2.9354999999999998
14.714285714285714 2.9354999999999998
14.75 2.9319374999999996
14.785714285714286 2.9319374999999996
14.821428571428571 2.9319374999999996
14.857142857142858 2.9319374999999996
14.892857142857142 2.9319374999999996
14.928571428571429 2.9319374999999996
14.964285714285714 2.9319374999999996
15.0 2.9319374999999996
15.035714285714286 2.9354999999999998
15.071428571428571 2.9319374999999996
15.107142857142858 2.9319374999999996
15.142857142857142 2.9319374999999996
15.178571428571429 2.9319374999999996
15.214285714285714 2.9319374999999996
15.25 2.9319374999999996
15.285714285714286 2.9319374999999996
15.321428571428571 2.9319374999999996
15.357142857142858 2.9319374999999996
15.392857142857142 2.9319374999999996
15.428571428571429 2.9319374999999996
15.464285714285714 2.928375
15.535714285714286 2.9461874999999997
15.571428571428571 2.9354999999999998
15.607142857142858 2.9461874999999997
15.642857142857142 2.9390625
15.678571428571429 2.9390625
15.714285714285714 2.9426249999999996
15.75 2.9390625
15.785714285714286 2.9426249999999996
15.821428571428571 2.9426249999999996
15.857142857142858 2.9390625
15.892857142857142 2.9354999999999998
15.928571428571429 2.9354999999999998
15.964285714285714 2.9354999999999998
16.0 2.9354999999999998
16.035714285714285 2.9354999999999998
16.071428571428573 2.9354999999999998
16.107142857142858 2.9354999999999998
16.142857142857142 2.9354999999999998
16.178571428571427 2.9354999999999998
16.214285714285715 2.9354999999999998
16.25 2.9319374999999996
16.285714285714285 2.9319374999999996
16.321428571428573 2.9319374999999996
16.357142857142858 2.9319374999999996
16.392857142857142 2.9319374999999996
16.428571428571427 2.9319374999999996
16.464285714285715 2.9319374999999996
16.5 2.9319374999999996
16.535714285714285 2.9319374999999996
16.571428571428573 2.9319374999999996
16.607142857142858 2.9319374999999996
16.642857142857142 2.9319374999999996
16.678571428571427 2.9319374999999996
16.714285714285715 2.928375
16.75 2.9319374999999996
16.785714285714285 2.9319374999999996
16.821428571428573 2.9319374999999996
16.857142857142858 2.928375
16.892857142857142 2.928375
16.928571428571427 2.928375
16.964285714285715 2.9319374999999996
17.0 2.9319374999999996
17.035714285714285 2.928375
17.071428571428573 2.928375
17.142857142857142 2.928375
17.214285714285715 2.9461874999999997
17.25 2.9354999999999998
17.285714285714285 2.9390625
17.321428571428573 2.9354999999999998
17.357142857142858 2.9390625
17.392857142857142 2.9426249999999996
17.428571428571427 2.9426249999999996
17.464285714285715 2.9426249999999996
17.5 2.9390625
17.535714285714285 2.9426249999999996
17.571428571428573 2.9354999999999998
17.607142857142858 2.9319374999999996
17.642857142857142 2.9319374999999996
17.678571428571427 2.9319374999999996
17.714285714285715 2.9319374999999996
17.75 2.9319374999999996
17.785714285714285 2.9319374999999996
17.821428571428573 2.9319374999999996
17.857142857142858 2.9319374999999996
17.892857142857142 2.9319374999999996
17.928571428571427 2.9319374999999996
17.964285714285715 2.9319374999999996
18.0 2.9319374999999996
18.035714285714285 2.9319374999999996
18.071428571428573 2.9319374999999996
18.107142857142858 2.928375
18.142857142857142 2.928375
18.178571428571427 2.928375
18.214285714285715 2.928375
18.25 2.928375
18.285714285714285 2.928375
18.321428571428573 2.928375
18.357142857142858 2.928375
18.392857142857142 2.928375
18.428571428571427 2.928375
18.464285714285715 2.928375
18.5 2.928375
18.535714285714285 2.928375
18.571428571428573 2.928375
18.607142857142858 2.928375
18.642857142857142 2.928375
18.678571428571427 2.928375
18.714285714285715 2.928375
18.75 2.928375
18.821428571428573 2.9248125
18.857142857142858 2.9461874999999997
18.892857142857142 2.9354999999999998
18.928571428571427 2.9390625
18.964285714285715 2.9390625
19.0 2.9354999999999998
19.035714285714285 2.9319374999999996
19.071428571428573 2.9390625
19.107142857142858 2.9354999999999998
19.142857142857142 2.9354999999999998
19.178571428571427 2.9354999999999998
19.214285714285715 2.9354999999999998
19.25 2.9319374999999996
19.285714285714285 2.9319374999999996
19.321428571428573 2.9319374999999996
19.357142857142858 2.9319374999999996
19.392857142857142 2.9319374999999996
19.428571428571427 2.9319374999999996
19.464285714285715 2.9319374999999996
19.5 2.9319374999999996
19.535714285714285 2.9319374999999996
19.571428571428573 2.928375
19.607142857142858 2.9319374999999996
19.642857142857142 2.928375
19.678571428571427 2.928375
19.714285714285715 2.928375
19.75 2.928375
19.785714285714285 2.928375
19.821428571428573 2.928375
19.857142857142858 2.928375
19.892857142857142 2.9248125
19.928571428571427 2.928375
19.964285714285715 2.9248125
20.0 2.928375
20.035714285714285 2.9248125
20.071428571428573 2.9248125
20.107142857142858 2.9248125
20.142857142857142 2.9248125
20.178571428571427 2.9248125
20.214285714285715 2.9248125
20.25 2.9248125
20.285714285714285 2.9248125
20.321428571428573 2.9248125
20.357142857142858 2.9248125
20.392857142857142 2.9248125
20.428571428571427 2.9248125
20.464285714285715 2.9212499999999997
20.5 2.9212499999999997
20.571428571428573 2.9319374999999996
20.607142857142858 2.9354999999999998
20.642857142857142 2.928375
20.678571428571427 2.9319374999999996
20.714285714285715 2.9319374999999996
20.75 2.9319374999999996
20.785714285714285 2.9354999999999998
20.821428571428573 2.9354999999999998
20.857142857142858 2.9319374999999996
20.892857142857142 2.9319374999999996
20.928571428571427 2.928375
20.964285714285715 2.928375
21.0 2.9248125
21.035714285714285 2.9248125
21.071428571428573 2.928375
21.107142857142858 2.9248125
21.142857142857142 2.9248125
21.178571428571427 2.9248125
21.214285714285715 2.9248125
21.25 2.9248125
21.285714285714285 2.9248125
21.321428571428573 2.9212499999999997
21.357142857142858 2.9212499999999997
21.392857142857142 2.9212499999999997
21.428571428571427 2.9212499999999997
21.464285714285715 2.9212499999999997
21.5 2.9212499999999997
21.535714285714285 2.9212499999999997
21.571428571428573 2.9212499999999997
21.607142857142858 2.9212499999999997
21.642857142857142 2.9212499999999997
21.678571428571427 2.9212499999999997
21.714285714285715 2.9212499999999997
21.75 2.9212499999999997
21.785714285714285 2.9212499999999997
21.821428571428573 2.9176875
21.857142857142858 2.9176875
21.892857142857142 2.9176875
21.928571428571427 2.9176875
21.964285714285715 2.9176875
22.0 2.9176875
22.035714285714285 2.9176875
22.071428571428573 2.9176875
22.142857142857142 2.914125
22.178571428571427 2.914125
22.25 2.9248125
22.285714285714285 2.928375
22.321428571428573 2.9212499999999997
22.357142857142858 2.9248125
22.392857142857142 2.9319374999999996
22.428571428571427 2.928375
22.464285714285715 2.928375
22.5 2.928375
22.535714285714285 2.9319374999999996
22.571428571428573 2.928375
22.607142857142858 2.9212499999999997
22.642857142857142 2.9212499999999997
22.678571428571427 2.9212499999999997
22.714285714285715 2.9212499999999997
22.75 2.9212499999999997
22.785714285714285 2.9212499999999997
22.821428571428573 2.9212499999999997
22.857142857142858 2.9212499999999997
22.892857142857142 2.9212499999999997
22.928571428571427 2.9176875
22.964285714285715 2.9212499999999997
23.0 2.9176875
23.035714285714285 2.9176875
23.071428571428573 2.9176875
23.107142857142858 2.9176875
23.142857142857142 2.9176875
23.178571428571427 2.9176875
23.214285714285715 2.9176875
23.25 2.9176875
23.285714285714285 2.9176875
23.321428571428573 2.9176875
23.357142857142858 2.9176875
23.392857142857142 2.914125
23.428571428571427 2.914125
23.464285714285715 2.9176875
23.5 2.914125
23.535714285714285 2.9176875
23.571428571428573 2.914125
23.607142857142858 2.9176875
23.642857142857142 2.914125
23.678571428571427 2.9176875
23.714285714285715 2.9176875
23.75 2.914125
23.785714285714285 2.9176875
23.821428571428573 2.914125
23.892857142857142 2.928375
23.928571428571427 2.928375
23.964285714285715 2.928375
24.0 2.9212499999999997
24.035714285714285 2.9248125
24.071428571428573 2.9248125
24.107142857142858 2.9248125
24.142857142857142 2.928375
24.178571428571427 2.9248125
24.214285714285715 2.9248125
24.25 2.9212499999999997
24.285714285714285 2.9212499999999997
24.321428571428573 2.9212499999999997
24.357142857142858 2.9212499999999997
24.392857142857142 2.9212499999999997
24.428571428571427 2.9212499999999997
24.464285714285715 2.9212499999999997
24.5 2.9212499999999997
24.535714285714285 2.9212499999999997
24.571428571428573 2.9212499999999997
24.607142857142858 2.9212499999999997
24.642857142857142 2.9212499999999997
24.678571428571427 2.9176875
24.714285714285715 2.9212499999999997
24.75 2.9176875
24.785714285714285 2.9176875
24.821428571428573 2.9176875
24.857142857142858 2.9176875
24.892857142857142 2.9176875
24.928571428571427 2.9176875
24.964285714285715 2.9176875
25.0 2.9176875
25.035714285714285 2.9176875
25.071428571428573 2.9176875
25.107142857142858 2.914125
25.142857142857142 2.9176875
25.178571428571427 2.9176875
25.214285714285715 2.9176875
25.25 2.9176875
25.285714285714285 2.9176875
25.321428571428573 2.914125
25.357142857142858 2.914125
25.392857142857142 2.914125
25.428571428571427 2.914125
25.464285714285715 2.9176875
25.5 2.9105624999999997
25.571428571428573 2.9212499999999997
25.607142857142858 2.928375
25.642857142857142 2.9212499999999997
25.678571428571427 2.9212499999999997
25.714285714285715 2.9248125
25.75 2.9248125
25.785714285714285 2.9248125
25.821428571428573 2.9248125
25.857142857142858 2.9212499999999997
25.892857142857142 2.9212499999999997
25.928571428571427 2.9176875
25.964285714285715 2.9176875
26.0 2.9176875
26.035714285714285 2.9176875
26.071428571428573 2.9176875
26.107142857142858 2.9176875
26.142857142857142 2.9176875
26.178571428571427 2.9176875
26.214285714285715 2.9176875
26.25 2.9176875
26.285714285714285 2.9176875
26.321428571428573 2.9176875
26.357142857142858 2.9176875
26.392857142857142 2.9176875
26.428571428571427 2.9176875
26.464285714285715 2.914125
26.5 2.9176875
26.535714285714285 2.914125
26.571428571428573 2.914125
26.607142857142858 2.914125
26.642857142857142 2.914125
26.678571428571427 2.914125
26.714285714285715 2.914125
26.75 2.914125
26.785714285714285 2.914125
26.821428571428573 2.914125
26.857142857142858 2.914125
26.892857142857142 2.914125
26.928571428571427 2.914125
26.964285714285715 2.914125
27.0 2.914125
27.035714285714285 2.914125
27.071428571428573 2.914125
27.107142857142858 2.9105624999999997
27.142857142857142 2.9105624999999997
27.178571428571427 2.9105624999999997
27.214285714285715 2.928375
27.25 2.9248125
27.285714285714285 2.928375
27.321428571428573 2.9212499999999997
27.357142857142858 2.9212499999999997
27.392857142857142 2.9248125
27.428571428571427 2.928375
27.464285714285715 2.9248125
27.5 2.928375
27.535714285714285 2.928375
27.571428571428573 2.9248125
27.607142857142858 2.9212499999999997
27.642857142857142 2.9212499999999997
27.678571428571427 2.9212499999999997
27.714285714285715 2.9212499999999997
27.75 2.9212499999999997
27.785714285714285 2.9176875
27.821428571428573 2.9176875
27.857142857142858 2.9176875
27.892857142857142 2.914125
27.928571428571427 2.914125
27.964285714285715 2.9176875
28.0 2.9176875
28.035714285714285 2.914125
28.071428571428573 2.914125
28.107142857142858 2.914125
28.142857142857142 2.914125
28.178571428571427 2.914125
28.214285714285715 2.914125
28.25 2.914125
28.285714285714285 2.914125
28.321428571428573 2.914125
28.357142857142858 2.914125
28.392857142857142 2.914125
28.428571428571427 2.914125
28.464285714285715 2.914125
28.5 2.9105624999999997
28.535714285714285 2.9105624999999997
28.571428571428573 2.9105624999999997
28.607142857142858 2.9105624999999997
28.642857142857142 2.914125
28.678571428571427 2.914125
28.714285714285715 2.914125
28.75 2.9105624999999997
28.785714285714285 2.914125
28.821428571428573 2.9105624999999997
28.892857142857142 2.9176875
28.928571428571427 2.9212499999999997
28.964285714285715 2.928375
29.0 2.9176875
29.035714285714285 2.9212499999999997
29.071428571428573 2.9248125
29.107142857142858 2.9176875
29.142857142857142 2.9212499999999997
29.178571428571427 2.9176875
29.214285714285715 2.914125
29.25 2.914125
29.285714285714285 2.914125
29.321428571428573 2.914125
29.357142857142858 2.914125
29.392857142857142 2.914125
29.428571428571427 2.914125
29.464285714285715 2.914125
29.5 2.914125
29.535714285714285 2.914125
29.571428571428573 2.9105624999999997
29.607142857142858 2.9105624999999997
29.642857142857142 2.9105624999999997
29.678571428571427 2.9105624999999997
29.714285714285715 2.914125
29.75 2.9105624999999997
29.785714285714285 2.9105624999999997
29.821428571428573 2.9105624999999997
29.857142857142858 2.9105624999999997
29.892857142857142 2.9105624999999997
29.928571428571427 2.9105624999999997
29.964285714285715 2.9105624999999997
30.0 2.9105624999999997
30.035714285714285 2.9105624999999997
30.071428571428573 2.9069999999999996
30.107142857142858 2.9105624999999997
30.142857142857142 2.9105624999999997
30.178571428571427 2.9105624999999997
30.214285714285715 2.9105624999999997
30.25 2.9105624999999997
30.285714285714285 2.9105624999999997
30.321428571428573 2.9105624999999997
30.357142857142858 2.9069999999999996
30.392857142857142 2.9069999999999996
30.428571428571427 2.9069999999999996
30.464285714285715 2.914125
30.5 2.9069999999999996
30.571428571428573 2.9176875
30.607142857142858 2.9248125
30.642857142857142 2.9176875
30.678571428571427 2.9176875
30.714285714285715 2.9176875
30.75 2.9176875
30.785714285714285 2.914125
30.821428571428573 2.9176875
30.857142857142858 2.914125
30.892857142857142 2.914125
30.928571428571427 2.9105624999999997
30.964285714285715 2.9105624999999997
31.0 2.9105624999999997
31.035714285714285 2.9105624999999997
31.071428571428573 2.9105624999999997
31.107142857142858 2.9105624999999997
31.142857142857142 2.9105624999999997
31.178571428571427 2.9105624999999997
31.214285714285715 2.9105624999999997
31.25 2.9105624999999997
31.285714285714285 2.9105624999999997
31.321428571428573 2.9069999999999996
31.357142857142858 2.9069999999999996
31.392857142857142 2.9069999999999996
31.428571428571427 2.9069999999999996
31.464285714285715 2.9069999999999996
31.5 2.9069999999999996
31.535714285714285 2.9069999999999996
31.571428571428573 2.9069999999999996
31.607142857142858 2.9069999999999996
31.642857142857142 2.9069999999999996
31.678571428571427 2.9034375
31.714285714285715 2.9034375
31.75 2.9034375
31.785714285714285 2.9034375
31.821428571428573 2.9069999999999996
31.857142857142858 2.9034375
31.892857142857142 2.9034375
31.928571428571427 2.9034375
31.964285714285715 2.9034375
32.0 2.9034375
32.035714285714285 2.9034375
32.07142857142857 2.9034375
32.107142857142854 2.9034375
32.142857142857146 2.8998749999999998
32.17857142857143 2.8998749999999998
32.214285714285715 2.9212499999999997
32.25 2.9176875
32.285714285714285 2.9176875
32.32142857142857 2.914125
32.357142857142854 2.914125
32.392857142857146 2.914125
32.42857142857143 2.9176875
32.464285714285715 2.914125
32.5 2.914125
32.535714285714285 2.914125
32.57142857142857 2.914125
32.607142857142854 2.9105624999999997
32.642857142857146 2.9105624999999997
32.67857142857143 2.9069999999999996
32.714285714285715 2.9069999999999996
32.75 2.9069999999999996
32.785714285714285 2.9069999999999996
32.82142857142857 2.9034375
32.857142857142854 2.9034375
32.892857142857146 2.9034375
32.92857142857143 2.9034375
32.964285714285715 2.9034375
33.0 2.9034375
33.035714285714285 2.8998749999999998
33.07142857142857 2.8998749999999998
33.107142857142854 2.8998749999999998
33.142857142857146 2.8998749999999998
33.17857142857143 2.8998749999999998
33.214285714285715 2.8998749999999998
33.25 2.8998749999999998
33.285714285714285 2.8998749999999998
33.32142857142857 2.8998749999999998
33.357142857142854 2.8998749999999998
33.392857142857146 2.8998749999999998
33.42857142857143 2.8998749999999998
33.464285714285715 2.8998749999999998
33.5 2.8998749999999998
33.535714285714285 2.8998749999999998
33.57142857142857 2.8998749999999998
33.607142857142854 2.8998749999999998
33.642857142857146 2.8963124999999996
33.67857142857143 2.8998749999999998
33.714285714285715 2.8998749999999998
33.75 2.8998749999999998
33.82142857142857 2.8963124999999996
33.892857142857146 2.9105624999999997
33.92857142857143 2.9105624999999997
33.964285714285715 2.914125
34.0 2.9034375
34.035714285714285 2.9034375
34.07142857142857 2.9105624999999997
34.107142857142854 2.8998749999999998
34.142857142857146 2.9034375
34.17857142857143 2.8998749999999998
34.214285714285715 2.8998749999999998
34.25 2.8998749999999998
34.285714285714285 2.8963124999999996
34.32142857142857 2.8963124999999996
34.357142857142854 2.8963124999999996
34.392857142857146 2.8963124999999996
34.42857142857143 2.8963124999999996
34.464285714285715 2.8963124999999996
34.5 2.8998749999999998
34.535714285714285 2.8963124999999996
34.57142857142857 2.8963124999999996
34.607142857142854 2.8963124999999996
34.642857142857146 2.8963124999999996
34.67857142857143 2.8963124999999996
34.714285714285715 2.8963124999999996
34.75 2.8963124999999996
34.785714285714285 2.8963124999999996
34.82142857142857 2.8963124999999996
34.857142857142854 2.8963124999999996
34.892857142857146 2.8963124999999996
34.92857142857143 2.8963124999999996
34.964285714285715 2.8963124999999996
35.0 2.89275
35.035714285714285 2.89275
35.07142857142857 2.89275
35.107142857142854 2.89275
35.142857142857146 2.89275
35.17857142857143 2.89275
35.214285714285715 2.89275
35.25 2.89275
35.285714285714285 2.89275
35.32142857142857 2.89275
35.357142857142854 2.89275
35.392857142857146 2.89275
35.42857142857143 2.89275
35.5 2.89275
35.57142857142857 2.9069999999999996
35.607142857142854 2.9105624999999997
35.642857142857146 2.9034375
35.67857142857143 2.8998749999999998
35.714285714285715 2.8998749999999998
35.75 2.8998749999999998
35.785714285714285 2.8963124999999996
35.82142857142857 2.8998749999999998
35.857142857142854 2.8963124999999996
35.892857142857146 2.8963124999999996
35.92857142857143 2.89275
35.964285714285715 2.8963124999999996
36.0 2.89275
36.035714285714285 2.89275
36.07142857142857 2.89275
36.107142857142854 2.89275
36.142857142857146 2.89275
36.17857142857143 2.8963124999999996
36.214285714285715 2.89275
36.25 2.89275
36.285714285714285 2.89275
36.32142857142857 2.89275
36.357142857142854 2.89275
36.392857142857146 2.89275
36.42857142857143 2.89275
36.464285714285715 2.89275
36.5 2.89275
36.535714285714285 2.8891875
36.57142857142857 2.89275
36.607142857142854 2.8891875
36.642857142857146 2.89275
36.67857142857143 2.8891875
36.714285714285715 2.8891875
36.75 2.89275
36.785714285714285 2.89275
36.82142857142857 2.89275
36.857142857142854 2.8891875
36.892857142857146 2.8891875
36.92857142857143 2.8891875
36.964285714285715 2.8891875
37.0 2.8891875
37.035714285714285 2.8891875
37.07142857142857 2.8891875
37.142857142857146 2.8856249999999997
37.17857142857143 2.8891875
37.214285714285715 2.9105624999999997
37.25 2.8998749999999998
37.285714285714285 2.9034375
37.32142857142857 2.8998749999999998
37.357142857142854 2.89275
37.392857142857146 2.8963124999999996
37.42857142857143 2.8963124999999996
37.464285714285715 2.8963124999999996
37.5 2.8963124999999996
37.535714285714285 2.89275
37.57142857142857 2.89275
37.607142857142854 2.89275
37.642857142857146 2.89275
37.67857142857143 2.89275
37.714285714285715 2.89275
37.75 2.89275
37.785714285714285 2.89275
37.82142857142857 2.89275
37.857142857142854 2.89275
37.892857142857146 2.89275
37.92857142857143 2.89275
37.964285714285715 2.89275
38.0 2.89275
38.035714285714285 2.89275
38.07142857142857 2.89275
38.107142857142854 2.89275
38.142857142857146 2.8891875
38.17857142857143 2.8891875
38.214285714285715 2.8891875
38.25 2.8891875
38.285714285714285 2.8891875
38.32142857142857 2.8891875
38.357142857142854 2.8891875
38.392857142857146 2.8891875
38.42857142857143 2.8891875
38.464285714285715 2.8891875
38.5 2.8891875
38.535714285714285 2.8891875
38.57142857142857 2.89275
38.607142857142854 2.8891875
38.642857142857146 2.8891875
38.67857142857143 2.8891875
38.714285714285715 2.8891875
38.75 2.8891875
38.82142857142857 2.8856249999999997
38.857142857142854 2.89275
38.892857142857146 2.9034375
38.92857142857143 2.9034375
38.964285714285715 2.9069999999999996
39.0 2.89275
39.035714285714285 2.89275
39.07142857142857 2.8998749999999998
39.107142857142854 2.89275
39.142857142857146 2.89275
39.17857142857143 2.8963124999999996
39.214285714285715 2.89275
39.25 2.89275
39.285714285714285 2.8891875
39.32142857142857 2.8891875
39.357142857142854 2.8891875
39.392857142857146 2.8891875
39.42857142857143 2.8891875
39.464285714285715 2.8891875
39.5 2.8891875
39.535714285714285 2.8891875
39.57142857142857 2.8891875
39.607142857142854 2.8891875
39.642857142857146 2.8891875
39.67857142857143 2.8891875
39.714285714285715 2.8891875
39.75 2.8856249999999997
39.785714285714285 2.8856249999999997
39.82142857142857 2.8856249999999997
39.857142857142854 2.8891875
39.892857142857146 2.8856249999999997
39.92857142857143 2.8891875
