0.03571428571428571 2.3227499999999996
0.07142857142857142 2.315625
0.10714285714285714 2.3191875
0.21428571428571427 2.3369999999999997
0.25 2.3263125
0.2857142857142857 2.3227499999999996
0.32142857142857145 2.3227499999999996
0.35714285714285715 2.3191875
0.39285714285714285 2.3191875
0.42857142857142855 2.3191875
0.4642857142857143 2.3191875
0.5 2.315625
0.5357142857142857 2.3191875
0.5714285714285714 2.315625
0.6071428571428571 2.315625
0.6428571428571429 2.315625
0.6785714285714286 2.315625
0.7142857142857143 2.315625
0.75 2.315625
0.7857142857142857 2.315625
0.8214285714285714 2.3191875
0.8571428571428571 2.3191875
0.8928571428571429 2.315625
0.9285714285714286 2.3369999999999997
0.9642857142857143 2.3227499999999996
1.0357142857142858 2.344125
1.0714285714285714 2.3405625
1.1071428571428572 2.329875
1.1428571428571428 2.329875
1.1785714285714286 2.3263125
1.2142857142857142 2.3263125
1.25 2.3227499999999996
1.2857142857142858 2.3227499999999996
1.3214285714285714 2.3227499999999996
1.3571428571428572 2.3227499999999996
1.3928571428571428 2.3227499999999996
1.4285714285714286 2.3227499999999996
1.4642857142857142 2.3227499999999996
1.5 2.3227499999999996
1.5357142857142858 2.3227499999999996
1.5714285714285714 2.3227499999999996
1.6071428571428572 2.3227499999999996
1.6428571428571428 2.3227499999999996
1.6785714285714286 2.3227499999999996
1.7142857142857142 2.3227499999999996
1.75 2.3405625
1.7857142857142858 2.3227499999999996
1.8571428571428572 2.3405625
1.8928571428571428 2.3334375
1.9285714285714286 2.3227499999999996
1.9642857142857142 2.3227499999999996
2.0 2.3191875
2.0357142857142856 2.3191875
2.0714285714285716 2.315625
2.107142857142857 2.315625
2.142857142857143 2.315625
2.1785714285714284 2.315625
2.2142857142857144 2.315625
2.25 2.315625
2.2857142857142856 2.315625
2.3214285714285716 2.315625
2.357142857142857 2.315625
2.392857142857143 2.315625
2.4285714285714284 2.315625
2.4642857142857144 2.315625
2.5 2.315625
2.5357142857142856 2.3191875
2.5714285714285716 2.315625
2.607142857142857 2.3263125
2.7142857142857144 2.344125
2.75 2.329875
2.7857142857142856 2.329875
2.8214285714285716 2.329875
2.857142857142857 2.3263125
2.892857142857143 2.3263125
2.9285714285714284 2.3227499999999996
2.9642857142857144 2.3227499999999996
3.0 2.3227499999999996
3.0357142857142856 2.3227499999999996
3.0714285714285716 2.3227499999999996
3.107142857142857 2.3227499999999996
3.142857142857143 2.3227499999999996
3.1785714285714284 2.3227499999999996
3.2142857142857144 2.3227499999999996
3.25 2.3227499999999996
3.2857142857142856 2.3227499999999996
3.3214285714285716 2.3263125
3.357142857142857 2.3227499999999996
3.392857142857143 2.3227499999999996
3.4285714285714284 2.3405625
3.4642857142857144 2.3227499999999996
3.5357142857142856 2.3405625
3.5714285714285716 2.3263125
3.607142857142857 2.3263125
3.642857142857143 2.3227499999999996
3.6785714285714284 2.3227499999999996
3.7142857142857144 2.3227499999999996
3.75 2.3191875
3.7857142857142856 2.3191875
3.8214285714285716 2.3191875
3.857142857142857 2.3191875
3.892857142857143 2.3191875
3.9285714285714284 2.3191875
3.9642857142857144 2.3191875
4.0 2.3191875
4.035714285714286 2.3191875
4.071428571428571 2.315625
4.107142857142857 2.315625
4.142857142857143 2.315625
4.178571428571429 2.3227499999999996
4.214285714285714 2.3227499999999996
4.25 2.3334375
4.285714285714286 2.3191875
4.357142857142857 2.3369999999999997
4.392857142857143 2.3227499999999996
4.428571428571429 2.3120624999999997
4.464285714285714 2.3120624999999997
4.5 2.3049375
4.535714285714286 2.3049375
4.571428571428571 2.3049375
4.607142857142857 2.3013749999999997
4.642857142857143 2.3013749999999997
4.678571428571429 2.3013749999999997
4.714285714285714 2.3013749999999997
4.75 2.3013749999999997
4.785714285714286 2.3013749999999997
4.821428571428571 2.3013749999999997
4.857142857142857 2.3013749999999997
4.892857142857143 2.3013749999999997
4.928571428571429 2.3013749999999997
4.964285714285714 2.3013749999999997
5.0 2.3013749999999997
5.035714285714286 2.3049375
5.107142857142857 2.3049375
5.142857142857143 2.29425
5.178571428571429 2.3085
5.214285714285714 2.3085
5.25 2.3120624999999997
5.285714285714286 2.3013749999999997
5.321428571428571 2.2978125
5.357142857142857 2.29425
5.392857142857143 2.29425
5.428571428571429 2.29425
5.464285714285714 2.29425
5.5 2.29425
5.535714285714286 2.29425
5.571428571428571 2.29425
5.607142857142857 2.29425
5.642857142857143 2.29425
5.678571428571429 2.29425
5.714285714285714 2.29425
5.75 2.29425
5.785714285714286 2.2906874999999998
5.821428571428571 2.2978125
5.857142857142857 2.3013749999999997
5.892857142857143 2.2978125
5.928571428571429 2.3227499999999996
5.964285714285714 2.3120624999999997
6.035714285714286 2.3369999999999997
6.071428571428571 2.3227499999999996
6.107142857142857 2.3120624999999997
6.142857142857143 2.3085
6.178571428571429 2.3085
6.214285714285714 2.3049375
6.25 2.3049375
6.285714285714286 2.3049375
6.321428571428571 2.3013749999999997
6.357142857142857 2.3013749999999997
6.392857142857143 2.3013749999999997
6.428571428571429 2.3013749999999997
6.464285714285714 2.3013749999999997
6.5 2.3013749999999997
6.535714285714286 2.3013749999999997
6.571428571428571 2.3013749999999997
6.607142857142857 2.3013749999999997
6.642857142857143 2.3049375
6.678571428571429 2.3013749999999997
6.714285714285714 2.3049375
6.75 2.3120624999999997
6.785714285714286 2.2978125
6.821428571428571 2.2871249999999996
6.857142857142857 2.3191875
6.892857142857143 2.3013749999999997
6.928571428571429 2.2906874999999998
6.964285714285714 2.2906874999999998
7.0 2.2871249999999996
7.035714285714286 2.2835625
7.071428571428571 2.2835625
7.107142857142857 2.28
7.142857142857143 2.2835625
7.178571428571429 2.28
7.214285714285714 2.28
7.25 2.28
7.285714285714286 2.28
7.321428571428571 2.28
7.357142857142857 2.28
7.392857142857143 2.28
7.428571428571429 2.28
7.464285714285714 2.28
7.5 2.2835625
7.535714285714286 2.2871249999999996
7.607142857142857 2.2906874999999998
7.642857142857143 2.28
7.678571428571429 2.29425
7.714285714285714 2.3085
7.75 2.2978125
7.785714285714286 2.2906874999999998
7.821428571428571 2.2871249999999996
7.857142857142857 2.2871249999999996
7.892857142857143 2.2835625
7.928571428571429 2.2835625
7.964285714285714 2.2835625
8.0 2.2835625
8.035714285714286 2.2835625
8.071428571428571 2.2835625
8.107142857142858 2.28
8.142857142857142 2.2835625
8.178571428571429 2.28
8.214285714285714 2.28
8.25 2.28
8.285714285714286 2.28
8.321428571428571 2.2835625
8.428571428571429 2.2978125
8.464285714285714 2.29425
8.5 2.3013749999999997
8.535714285714286 2.3227499999999996
8.571428571428571 2.3085
8.607142857142858 2.29425
8.642857142857142 2.2906874999999998
8.678571428571429 2.2906874999999998
8.714285714285714 2.2906874999999998
8.75 2.2871249999999996
8.785714285714286 2.2871249999999996
8.821428571428571 2.2871249999999996
8.857142857142858 2.2871249999999996
8.892857142857142 2.2871249999999996
8.928571428571429 2.2871249999999996
8.964285714285714 2.2871249999999996
9.0 2.2871249999999996
9.035714285714286 2.2871249999999996
9.071428571428571 2.2871249999999996
9.107142857142858 2.2871249999999996
9.142857142857142 2.2871249999999996
9.178571428571429 2.2906874999999998
9.25 2.3013749999999997
9.285714285714286 2.29425
9.321428571428571 2.2871249999999996
9.357142857142858 2.315625
9.392857142857142 2.3013749999999997
9.428571428571429 2.2906874999999998
9.464285714285714 2.2871249999999996
9.5 2.2835625
9.535714285714286 2.28
9.571428571428571 2.28
9.607142857142858 2.28
9.642857142857142 2.28
9.678571428571429 2.28
9.714285714285714 2.28
9.75 2.28
9.785714285714286 2.28
9.821428571428571 2.28
9.857142857142858 2.28
9.892857142857142 2.28
9.928571428571429 2.28
9.964285714285714 2.28
10.0 2.2835625
10.107142857142858 2.2906874999999998
10.142857142857142 2.28
10.178571428571429 2.29425
10.214285714285714 2.3013749999999997
10.25 2.2906874999999998
10.285714285714286 2.2906874999999998
10.321428571428571 2.2871249999999996
10.357142857142858 2.2871249999999996
10.392857142857142 2.2835625
10.428571428571429 2.2835625
10.464285714285714 2.2835625
10.5 2.2835625
10.535714285714286 2.2835625
10.571428571428571 2.28
10.607142857142858 2.28
10.642857142857142 2.28
10.678571428571429 2.28
10.714285714285714 2.28
10.75 2.28
10.785714285714286 2.28
10.821428571428571 2.2835625
10.928571428571429 2.29425
10.964285714285714 2.2871249999999996
11.0 2.2978125
11.035714285714286 2.315625
11.071428571428571 2.3013749999999997
11.107142857142858 2.2906874999999998
11.142857142857142 2.2871249999999996
11.178571428571429 2.2871249999999996
11.214285714285714 2.2835625
11.25 2.2835625
11.285714285714286 2.2835625
11.321428571428571 2.2835625
11.357142857142858 2.2835625
11.392857142857142 2.2835625
11.428571428571429 2.28
11.464285714285714 2.28
11.5 2.28
11.535714285714286 2.28
11.571428571428571 2.28
11.607142857142858 2.28
11.642857142857142 2.2835625
11.678571428571429 2.2871249999999996
11.75 2.29425
11.785714285714286 2.2871249999999996
11.821428571428571 2.2835625
11.857142857142858 2.3120624999999997
11.892857142857142 2.3013749999999997
11.928571428571429 2.29425
11.964285714285714 2.2906874999999998
12.0 2.2871249999999996
12.035714285714286 2.2835625
12.071428571428571 2.2835625
12.107142857142858 2.2835625
12.142857142857142 2.2835625
12.178571428571429 2.2835625
12.214285714285714 2.2835625
12.25 2.2835625
12.285714285714286 2.2835625
12.321428571428571 2.28
12.357142857142858 2.28
12.392857142857142 2.28
12.428571428571429 2.28
12.464285714285714 2.28
12.5 2.2871249999999996
12.535714285714286 2.2906874999999998
12.571428571428571 2.2906874999999998
12.607142857142858 2.2871249999999996
12.642857142857142 2.2835625
12.678571428571429 2.29425
12.714285714285714 2.2978125
12.75 2.2906874999999998
12.785714285714286 2.2871249999999996
12.821428571428571 2.2871249999999996
12.857142857142858 2.2835625
12.892857142857142 2.2835625
12.928571428571429 2.2835625
12.964285714285714 2.2835625
13.0 2.2835625
13.035714285714286 2.28
13.071428571428571 2.28
13.107142857142858 2.28
13.142857142857142 2.28
13.178571428571429 2.28
13.214285714285714 2.28
13.25 2.28
13.285714285714286 2.28
13.321428571428571 2.28
13.357142857142858 2.2835625
13.428571428571429 2.29425
13.464285714285714 2.2835625
13.5 2.28
13.535714285714286 2.3013749999999997
13.571428571428571 2.29425
13.607142857142858 2.2871249999999996
13.642857142857142 2.2871249999999996
13.678571428571429 2.2835625
13.714285714285714 2.2835625
13.75 2.2835625
13.785714285714286 2.28
13.821428571428571 2.28
13.857142857142858 2.28
13.892857142857142 2.28
13.928571428571429 2.28
13.964285714285714 2.28
14.0 2.28
14.035714285714286 2.28
14.071428571428571 2.28
14.107142857142858 2.28
14.142857142857142 2.28
14.178571428571429 2.2835625
14.214285714285714 2.2835625
14.25 2.2835625
14.285714285714286 2.28
14.321428571428571 2.28
14.357142857142858 2.3049375
14.392857142857142 2.2978125
14.428571428571429 2.2871249999999996
14.464285714285714 2.2871249999999996
14.5 2.2835625
14.535714285714286 2.2835625
14.571428571428571 2.2835625
14.607142857142858 2.28
14.642857142857142 2.28
14.678571428571429 2.28
14.714285714285714 2.28
14.75 2.28
14.785714285714286 2.28
14.821428571428571 2.28
14.857142857142858 2.28
14.892857142857142 2.28
14.928571428571429 2.28
14.964285714285714 2.28
15.0 2.2835625
15.035714285714286 2.28
15.071428571428571 2.2764374999999997
15.107142857142858 2.272875
15.142857142857142 2.2693125
15.214285714285714 2.2835625
15.25 2.2657499999999997
15.285714285714286 2.2657499999999997
15.321428571428571 2.2657499999999997
15.357142857142858 2.2621875
15.392857142857142 2.2621875
15.428571428571429 2.2621875
15.464285714285714 2.258625
15.5 2.258625
15.535714285714286 2.258625
15.571428571428571 2.258625
15.607142857142858 2.258625
15.642857142857142 2.258625
15.678571428571429 2.258625
15.714285714285714 2.258625
15.75 2.258625
15.785714285714286 2.258625
15.821428571428571 2.258625
15.857142857142858 2.2621875
15.928571428571429 2.258625
15.964285714285714 2.244375
16.035714285714285 2.2515
16.071428571428573 2.2479375
16.107142857142858 2.23725
16.142857142857142 2.23725
16.178571428571427 2.23725
16.214285714285715 2.2336875
16.25 2.2336875
16.285714285714285 2.2336875
16.321428571428573 2.2301249999999997
16.357142857142858 2.2301249999999997
16.392857142857142 2.2301249999999997
16.428571428571427 2.2301249999999997
16.464285714285715 2.2301249999999997
16.5 2.2301249999999997
16.535714285714285 2.2301249999999997
16.571428571428573 2.2301249999999997
16.607142857142858 2.2301249999999997
16.642857142857142 2.2301249999999997
16.678571428571427 2.2336875
16.75 2.244375
16.785714285714285 2.2336875
16.821428571428573 2.2301249999999997
16.857142857142858 2.2408124999999997
16.892857142857142 2.2408124999999997
16.928571428571427 2.2336875
16.964285714285715 2.2336875
17.0 2.2301249999999997
17.035714285714285 2.2301249999999997
17.071428571428573 2.2301249999999997
17.107142857142858 2.2301249999999997
17.142857142857142 2.2301249999999997
17.178571428571427 2.2301249999999997
17.214285714285715 2.2301249999999997
17.25 2.2301249999999997
17.285714285714285 2.2301249999999997
17.321428571428573 2.2301249999999997
17.357142857142858 2.2265625
17.392857142857142 2.2265625
17.428571428571427 2.2265625
17.464285714285715 2.2265625
17.5 2.2301249999999997
17.535714285714285 2.2301249999999997
17.571428571428573 2.223
17.607142857142858 2.2301249999999997
17.642857142857142 2.2301249999999997
17.714285714285715 2.244375
17.75 2.23725
17.785714285714285 2.2336875
17.821428571428573 2.2301249999999997
17.857142857142858 2.2301249999999997
17.892857142857142 2.2265625
17.928571428571427 2.2265625
17.964285714285715 2.2265625
18.0 2.2265625
18.035714285714285 2.2265625
18.071428571428573 2.2265625
18.107142857142858 2.2265625
18.142857142857142 2.2265625
18.178571428571427 2.2265625
18.214285714285715 2.223
18.25 2.223
18.285714285714285 2.2265625
18.321428571428573 2.223
18.357142857142858 2.2265625
18.428571428571427 2.2408124999999997
18.464285714285715 2.2301249999999997
18.535714285714285 2.23725
18.571428571428573 2.2408124999999997
18.607142857142858 2.23725
18.642857142857142 2.2336875
18.678571428571427 2.2336875
18.714285714285715 2.2301249999999997
18.75 2.2301249999999997
18.785714285714285 2.2301249999999997
18.821428571428573 2.2301249999999997
18.857142857142858 2.2301249999999997
18.892857142857142 2.2301249999999997
18.928571428571427 2.2301249999999997
18.964285714285715 2.2301249999999997
19.0 2.2301249999999997
19.035714285714285 2.2301249999999997
19.071428571428573 2.2301249999999997
19.107142857142858 2.2301249999999997
19.142857142857142 2.2301249999999997
19.178571428571427 2.2301249999999997
19.214285714285715 2.2265625
19.25 2.2408124999999997
19.285714285714285 2.2301249999999997
19.321428571428573 2.2265625
19.357142857142858 2.2301249999999997
19.392857142857142 2.2336875
19.428571428571427 2.2336875
19.464285714285715 2.2265625
19.5 2.223
19.535714285714285 2.223
19.571428571428573 2.223
19.607142857142858 2.223
19.642857142857142 2.223
19.678571428571427 2.223
19.714285714285715 2.2194374999999997
19.75 2.223
19.785714285714285 2.223
19.821428571428573 2.2194374999999997
19.857142857142858 2.2194374999999997
19.892857142857142 2.2194374999999997
19.928571428571427 2.2194374999999997
19.964285714285715 2.2194374999999997
20.0 2.223
20.035714285714285 2.223
20.071428571428573 2.2194374999999997
20.107142857142858 2.2301249999999997
20.142857142857142 2.2265625
20.214285714285715 2.2408124999999997
20.25 2.2336875
20.285714285714285 2.2301249999999997
20.321428571428573 2.2301249999999997
20.357142857142858 2.2265625
20.392857142857142 2.2265625
20.428571428571427 2.2265625
20.464285714285715 2.223
20.5 2.223
20.535714285714285 2.223
20.571428571428573 2.223
20.607142857142858 2.223
20.642857142857142 2.223
20.678571428571427 2.223
20.714285714285715 2.223
20.75 2.223
20.785714285714285 2.223
20.821428571428573 2.223
20.857142857142858 2.2265625
20.928571428571427 2.23725
20.964285714285715 2.2265625
21.0 2.215875
21.035714285714285 2.244375
21.071428571428573 2.2336875
21.107142857142858 2.2301249999999997
21.142857142857142 2.2265625
21.178571428571427 2.223
21.214285714285715 2.223
21.25 2.223
21.285714285714285 2.223
21.321428571428573 2.223
21.357142857142858 2.223
21.392857142857142 2.223
21.428571428571427 2.223
21.464285714285715 2.223
21.5 2.2194374999999997
21.535714285714285 2.2194374999999997
21.571428571428573 2.2194374999999997
21.607142857142858 2.2194374999999997
21.642857142857142 2.2194374999999997
21.678571428571427 2.223
21.75 2.23725
21.785714285714285 2.2301249999999997
21.821428571428573 2.2265625
21.857142857142858 2.2336875
21.892857142857142 2.2336875
21.928571428571427 2.23725
21.964285714285715 2.2336875
22.0 2.2301249999999997
22.035714285714285 2.2301249999999997
22.071428571428573 2.2301249999999997
22.107142857142858 2.2301249999999997
22.142857142857142 2.2265625
22.178571428571427 2.2265625
22.214285714285715 2.2265625
22.25 2.2265625
22.285714285714285 2.2265625
22.321428571428573 2.2265625
22.357142857142858 2.2265625
22.392857142857142 2.2265625
22.428571428571427 2.2265625
22.464285714285715 2.2265625
22.5 2.2301249999999997
22.535714285714285 2.2301249999999997
22.571428571428573 2.2194374999999997
22.607142857142858 2.2265625
22.642857142857142 2.223
22.678571428571427 2.223
22.714285714285715 2.23725
22.75 2.223
22.785714285714285 2.215875
22.821428571428573 2.2087499999999998
22.857142857142858 2.2087499999999998
22.892857142857142 2.2087499999999998
22.928571428571427 2.2051874999999996
22.964285714285715 2.2051874999999996
23.0 2.2051874999999996
23.035714285714285 2.2051874999999996
23.071428571428573 2.2051874999999996
23.107142857142858 2.2051874999999996
23.142857142857142 2.2051874999999996
23.178571428571427 2.2051874999999996
23.214285714285715 2.2051874999999996
23.25 2.2051874999999996
23.285714285714285 2.2051874999999996
23.321428571428573 2.201625
23.357142857142858 2.2087499999999998
23.428571428571427 2.215875
23.464285714285715 2.2123125
23.5 2.1944999999999997
23.535714285714285 2.215875
23.571428571428573 2.201625
23.607142857142858 2.1944999999999997
23.642857142857142 2.1944999999999997
23.678571428571427 2.1909375
23.714285714285715 2.1909375
23.75 2.187375
23.785714285714285 2.187375
23.821428571428573 2.187375
23.857142857142858 2.187375
23.892857142857142 2.187375
23.928571428571427 2.187375
23.964285714285715 2.187375
24.0 2.187375
24.035714285714285 2.187375
24.071428571428573 2.187375
24.107142857142858 2.187375
24.142857142857142 2.187375
24.178571428571427 2.187375
24.25 2.1944999999999997
24.285714285714285 2.201625
24.321428571428573 2.1909375
24.357142857142858 2.1909375
24.392857142857142 2.201625
24.428571428571427 2.1980625
24.464285714285715 2.1909375
24.5 2.1909375
24.535714285714285 2.187375
24.571428571428573 2.187375
24.607142857142858 2.187375
24.642857142857142 2.187375
24.678571428571427 2.187375
24.714285714285715 2.187375
24.75 2.187375
24.785714285714285 2.187375
24.821428571428573 2.187375
24.857142857142858 2.1838124999999997
24.892857142857142 2.1838124999999997
24.928571428571427 2.187375
24.964285714285715 2.1838124999999997
25.0 2.187375
25.035714285714285 2.187375
25.107142857142858 2.1944999999999997
25.142857142857142 2.1838124999999997
25.214285714285715 2.201625
25.25 2.1909375
25.285714285714285 2.1838124999999997
25.321428571428573 2.1766875
25.357142857142858 2.1766875
25.392857142857142 2.1766875
25.428571428571427 2.1766875
25.464285714285715 2.1731249999999998
25.5 2.1731249999999998
25.535714285714285 2.1731249999999998
25.571428571428573 2.1731249999999998
25.607142857142858 2.1731249999999998
25.642857142857142 2.1731249999999998
25.678571428571427 2.1731249999999998
25.714285714285715 2.1731249999999998
25.75 2.1731249999999998
25.785714285714285 2.1731249999999998
25.821428571428573 2.1731249999999998
25.857142857142858 2.1731249999999998
25.928571428571427 2.1695625
25.964285714285715 2.1838124999999997
26.0 2.1624375
26.071428571428573 2.1731249999999998
26.107142857142858 2.166
26.142857142857142 2.1624375
26.178571428571427 2.1588749999999997
26.214285714285715 2.1588749999999997
26.25 2.1553125
26.285714285714285 2.1553125
26.321428571428573 2.1553125
26.357142857142858 2.1553125
26.392857142857142 2.1553125
26.428571428571427 2.1553125
26.464285714285715 2.1553125
26.5 2.1553125
26.535714285714285 2.15175
26.571428571428573 2.15175
26.607142857142858 2.1553125
26.642857142857142 2.15175
26.678571428571427 2.15175
26.714285714285715 2.1553125
26.75 2.15175
26.785714285714285 2.166
26.821428571428573 2.15175
26.892857142857142 2.15175
26.928571428571427 2.1553125
26.964285714285715 2.144625
27.0 2.1410625
27.035714285714285 2.1410625
27.071428571428573 2.1374999999999997
27.107142857142858 2.1374999999999997
27.142857142857142 2.1374999999999997
27.178571428571427 2.1374999999999997
27.214285714285715 2.1374999999999997
27.25 2.1339375
27.285714285714285 2.1339375
27.321428571428573 2.1339375
27.357142857142858 2.1339375
27.392857142857142 2.1339375
27.428571428571427 2.1374999999999997
27.464285714285715 2.1339375
27.5 2.1339375
27.535714285714285 2.1374999999999997
27.607142857142858 2.1588749999999997
27.642857142857142 2.144625
27.714285714285715 2.15175
27.75 2.15175
27.785714285714285 2.144625
27.821428571428573 2.144625
27.857142857142858 2.1410625
27.892857142857142 2.1374999999999997
27.928571428571427 2.1374999999999997
27.964285714285715 2.1374999999999997
28.0 2.1374999999999997
28.035714285714285 2.1374999999999997
28.071428571428573 2.1374999999999997
28.107142857142858 2.1374999999999997
28.142857142857142 2.1374999999999997
28.178571428571427 2.1374999999999997
28.214285714285715 2.1374999999999997
28.25 2.1374999999999997
28.285714285714285 2.1374999999999997
28.321428571428573 2.1374999999999997
28.357142857142858 2.1410625
28.428571428571427 2.1339375
28.464285714285715 2.1553125
28.5 2.1410625
28.535714285714285 2.1481874999999997
28.571428571428573 2.1553125
28.607142857142858 2.144625
28.642857142857142 2.144625
28.678571428571427 2.1410625
28.714285714285715 2.1410625
28.75 2.1410625
28.785714285714285 2.1410625
28.821428571428573 2.1374999999999997
28.857142857142858 2.1410625
28.892857142857142 2.1374999999999997
28.928571428571427 2.1374999999999997
28.964285714285715 2.1374999999999997
29.0 2.1374999999999997
29.035714285714285 2.1374999999999997
29.071428571428573 2.1374999999999997
29.107142857142858 2.1374999999999997
29.142857142857142 2.1374999999999997
29.178571428571427 2.1374999999999997
29.214285714285715 2.1410625
29.25 2.1374999999999997
29.285714285714285 2.1588749999999997
29.321428571428573 2.144625
29.357142857142858 2.1481874999999997
29.392857142857142 2.15175
29.428571428571427 2.1481874999999997
29.464285714285715 2.144625
29.5 2.144625
29.535714285714285 2.1410625
29.571428571428573 2.1410625
29.607142857142858 2.1410625
29.642857142857142 2.1374999999999997
29.678571428571427 2.1374999999999997
29.714285714285715 2.1410625
29.75 2.1410625
29.785714285714285 2.1374999999999997
29.821428571428573 2.1374999999999997
29.857142857142858 2.1374999999999997
29.892857142857142 2.1374999999999997
29.928571428571427 2.1374999999999997
29.964285714285715 2.1374999999999997
30.0 2.1374999999999997
30.035714285714285 2.1374999999999997
30.107142857142858 2.1588749999999997
30.142857142857142 2.144625
30.214285714285715 2.1481874999999997
30.25 2.15175
30.285714285714285 2.1481874999999997
30.321428571428573 2.144625
30.357142857142858 2.1410625
30.392857142857142 2.1410625
30.428571428571427 2.1410625
30.464285714285715 2.1410625
30.5 2.1410625
30.535714285714285 2.1410625
30.571428571428573 2.1410625
30.607142857142858 2.1410625
30.642857142857142 2.1410625
30.678571428571427 2.1374999999999997
30.714285714285715 2.1374999999999997
30.75 2.1374999999999997
30.785714285714285 2.1374999999999997
30.821428571428573 2.1374999999999997
30.857142857142858 2.144625
30.928571428571427 2.1339375
30.964285714285715 2.1553125
31.0 2.1410625
31.035714285714285 2.144625
31.071428571428573 2.1481874999999997
31.107142857142858 2.1410625
31.142857142857142 2.1374999999999997
31.178571428571427 2.1374999999999997
31.214285714285715 2.1374999999999997
31.25 2.1374999999999997
31.285714285714285 2.1339375
31.321428571428573 2.1339375
31.357142857142858 2.1339375
31.392857142857142 2.1339375
31.428571428571427 2.1339375
31.464285714285715 2.1339375
31.5 2.1339375
31.535714285714285 2.1339375
31.571428571428573 2.1339375
31.607142857142858 2.1339375
31.642857142857142 2.1339375
31.678571428571427 2.1339375
31.714285714285715 2.1339375
31.75 2.1268124999999998
31.785714285714285 2.15175
31.821428571428573 2.1374999999999997
31.857142857142858 2.1410625
31.892857142857142 2.1481874999999997
31.928571428571427 2.1410625
31.964285714285715 2.1410625
32.0 2.1374999999999997
32.035714285714285 2.1374999999999997
32.07142857142857 2.1374999999999997
32.107142857142854 2.1374999999999997
32.142857142857146 2.1339375
32.17857142857143 2.1339375
32.214285714285715 2.1339375
32.25 2.1339375
32.285714285714285 2.1339375
32.32142857142857 2.1339375
32.357142857142854 2.1339375
32.392857142857146 2.1339375
32.42857142857143 2.1339375
32.464285714285715 2.1339375
32.5 2.1339375
32.535714285714285 2.1339375
32.57142857142857 2.1374999999999997
32.607142857142854 2.1553125
32.642857142857146 2.144625
32.714285714285715 2.15175
32.75 2.1553125
32.785714285714285 2.15175
32.82142857142857 2.1481874999999997
32.857142857142854 2.1481874999999997
32.892857142857146 2.144625
32.92857142857143 2.144625
32.964285714285715 2.144625
33.0 2.144625
33.035714285714285 2.144625
33.07142857142857 2.144625
33.107142857142854 2.144625
33.142857142857146 2.144625
33.17857142857143 2.144625
33.214285714285715 2.144625
33.25 2.144625
33.285714285714285 2.1410625
33.32142857142857 2.1410625
33.357142857142854 2.144625
33.42857142857143 2.1410625
33.464285714285715 2.1481874999999997
33.535714285714285 2.1553125
33.57142857142857 2.166
33.607142857142854 2.1553125
33.642857142857146 2.1481874999999997
33.67857142857143 2.144625
33.714285714285715 2.144625
33.75 2.144625
33.785714285714285 2.144625
33.82142857142857 2.144625
33.857142857142854 2.144625
33.892857142857146 2.144625
33.92857142857143 2.144625
33.964285714285715 2.144625
34.0 2.144625
34.035714285714285 2.144625
34.07142857142857 2.1410625
34.107142857142854 2.144625
34.142857142857146 2.144625
34.17857142857143 2.144625
34.214285714285715 2.144625
34.25 2.1374999999999997
34.285714285714285 2.1624375
34.32142857142857 2.1481874999999997
34.357142857142854 2.1553125
34.392857142857146 2.1624375
34.42857142857143 2.1553125
34.464285714285715 2.15175
34.5 2.1481874999999997
34.535714285714285 2.144625
34.57142857142857 2.144625
34.607142857142854 2.144625
34.642857142857146 2.144625
34.67857142857143 2.144625
34.714285714285715 2.144625
34.75 2.144625
34.785714285714285 2.144625
34.82142857142857 2.144625
34.857142857142854 2.144625
34.892857142857146 2.144625
34.92857142857143 2.144625
34.964285714285715 2.144625
35.0 2.144625
35.035714285714285 2.144625
35.107142857142854 2.1624375
35.142857142857146 2.15175
35.214285714285715 2.1553125
35.25 2.1553125
35.285714285714285 2.1481874999999997
35.32142857142857 2.144625
35.357142857142854 2.1410625
35.392857142857146 2.1410625
35.42857142857143 2.1410625
35.464285714285715 2.1410625
35.5 2.1410625
35.535714285714285 2.1410625
35.57142857142857 2.1410625
35.607142857142854 2.1410625
35.642857142857146 2.1410625
35.67857142857143 2.1410625
35.714285714285715 2.1410625
35.75 2.1410625
35.785714285714285 2.1410625
35.82142857142857 2.1410625
35.857142857142854 2.144625
35.892857142857146 2.1410625
35.92857142857143 2.1339375
35.964285714285715 2.144625
36.0 2.130375
36.035714285714285 2.144625
36.07142857142857 2.15175
36.107142857142854 2.1481874999999997
36.142857142857146 2.1410625
36.17857142857143 2.1374999999999997
36.214285714285715 2.1374999999999997
36.25 2.1374999999999997
36.285714285714285 2.1374999999999997
36.32142857142857 2.1339375
36.357142857142854 2.1339375
36.392857142857146 2.1339375
36.42857142857143 2.1339375
36.464285714285715 2.1339375
36.5 2.1339375
36.535714285714285 2.1339375
36.57142857142857 2.1339375
36.607142857142854 2.1339375
36.642857142857146 2.1339375
36.67857142857143 2.1374999999999997
36.714285714285715 2.1339375
36.75 2.1268124999999998
36.785714285714285 2.144625
36.82142857142857 2.1339375
36.857142857142854 2.1339375
36.892857142857146 2.144625
36.92857142857143 2.1339375
36.964285714285715 2.1268124999999998
37.0 2.1268124999999998
37.035714285714285 2.1232499999999996
37.07142857142857 2.1232499999999996
37.107142857142854 2.1232499999999996
37.142857142857146 2.1232499999999996
37.17857142857143 2.1232499999999996
37.214285714285715 2.1196875
37.25 2.1196875
37.285714285714285 2.1196875
37.32142857142857 2.1196875
37.357142857142854 2.1196875
37.392857142857146 2.1196875
37.42857142857143 2.1196875
37.464285714285715 2.1196875
37.5 2.1196875
37.535714285714285 2.1232499999999996
37.607142857142854 2.1339375
37.642857142857146 2.1339375
37.67857142857143 2.1196875
37.714285714285715 2.1339375
37.75 2.1374999999999997
37.785714285714285 2.130375
37.82142857142857 2.1268124999999998
37.857142857142854 2.1232499999999996
37.892857142857146 2.1232499999999996
37.92857142857143 2.1232499999999996
37.964285714285715 2.1232499999999996
38.0 2.1196875
38.035714285714285 2.1196875
38.07142857142857 2.1196875
38.107142857142854 2.1196875
38.142857142857146 2.1196875
38.17857142857143 2.1196875
38.214285714285715 2.1196875
38.25 2.1196875
38.285714285714285 2.1196875
38.32142857142857 2.1196875
38.357142857142854 2.1232499999999996
38.464285714285715 2.1374999999999997
38.5 2.1268124999999998
38.535714285714285 2.1410625
38.57142857142857 2.1481874999999997
38.607142857142854 2.144625
38.642857142857146 2.1339375
38.67857142857143 2.1339375
38.714285714285715 2.1339375
38.75 2.130375
38.785714285714285 2.130375
38.82142857142857 2.130375
38.857142857142854 2.130375
38.892857142857146 2.130375
38.92857142857143 2.130375
38.964285714285715 2.130375
39.0 2.130375
39.035714285714285 2.130375
39.07142857142857 2.130375
39.107142857142854 2.130375
39.142857142857146 2.130375
39.17857142857143 2.130375
39.214285714285715 2.130375
39.285714285714285 2.144625
39.32142857142857 2.1374999999999997
39.357142857142854 2.1410625
39.392857142857146 2.15175
39.42857142857143 2.144625
39.464285714285715 2.1410625
39.5 2.1374999999999997
39.535714285714285 2.1374999999999997
39.57142857142857 2.1339375
39.607142857142854 2.1339375
39.642857142857146 2.1339375
39.67857142857143 2.1339375
39.714285714285715 2.130375
39.75 2.130375
39.785714285714285 2.130375
39.82142857142857 2.130375
39.857142857142854 2.130375
39.892857142857146 2.130375
39.92857142857143 2.130375
