0.03571428571428571 4.2215625
0.07142857142857142 4.2215625
0.10714285714285714 4.200187499999999
0.14285714285714285 4.2073125
0.17857142857142858 4.2073125
0.21428571428571427 4.203749999999999
0.25 4.203749999999999
0.2857142857142857 4.203749999999999
0.32142857142857145 4.200187499999999
0.35714285714285715 4.200187499999999
0.39285714285714285 4.200187499999999
0.42857142857142855 4.200187499999999
0.4642857142857143 4.200187499999999
0.5 4.200187499999999
0.5357142857142857 4.200187499999999
0.5714285714285714 4.200187499999999
0.6071428571428571 4.1930625
0.6428571428571429 4.1859375
0.6785714285714286 4.1859375
0.7142857142857143 4.178812499999999
0.75 4.1574374999999995
0.7857142857142857 4.161
0.8214285714285714 4.161
0.8571428571428571 4.161
0.8928571428571429 4.161
0.9285714285714286 4.161
0.9642857142857143 4.161
1.0 4.161
1.0357142857142858 4.161
1.0714285714285714 4.161
1.1071428571428572 4.1574374999999995
1.1428571428571428 4.1574374999999995
1.1785714285714286 4.161
1.2142857142857142 4.1574374999999995
1.25 4.161
1.2857142857142858 4.14675
1.3214285714285714 4.1431875
1.3571428571428572 4.139625
1.3928571428571428 4.1360624999999995
1.4285714285714286 4.1218125
1.4642857142857142 4.125375
1.5 4.125375
1.5357142857142858 4.1218125
1.5714285714285714 4.1218125
1.6071428571428572 4.1218125
1.6428571428571428 4.1218125
1.6785714285714286 4.1218125
1.7142857142857142 4.1218125
1.75 4.1218125
1.7857142857142858 4.1218125
1.8214285714285714 4.1218125
1.8571428571428572 4.1218125
1.8928571428571428 4.1218125
1.9285714285714286 4.1218125
1.9642857142857142 4.104
2.0 4.104
2.0357142857142856 4.096875
2.0714285714285716 4.0755
2.107142857142857 4.086187499999999
2.142857142857143 4.082624999999999
2.1785714285714284 4.082624999999999
2.2142857142857144 4.0790625
2.25 4.082624999999999
2.2857142857142856 4.082624999999999
2.3214285714285716 4.0790625
2.357142857142857 4.0790625
2.392857142857143 4.0790625
2.4285714285714284 4.0790625
2.4642857142857144 4.0790625
2.5 4.0790625
2.5357142857142856 4.0790625
2.5714285714285716 4.0790625
2.607142857142857 4.068375
2.642857142857143 4.0648124999999995
2.6785714285714284 4.061249999999999
2.75 4.0505625
2.7857142857142856 4.054125
2.8214285714285716 4.054125
2.857142857142857 4.0505625
2.892857142857143 4.0505625
2.9285714285714284 4.0505625
2.9642857142857144 4.047
3.0 4.047
3.0357142857142856 4.047
3.0714285714285716 4.047
3.107142857142857 4.047
3.142857142857143 4.047
3.1785714285714284 4.047
3.2142857142857144 4.047
3.25 4.047
3.2857142857142856 4.025625
3.3214285714285716 4.025625
3.357142857142857 4.0291875
3.392857142857143 3.9971249999999996
3.4285714285714284 4.0078125
3.4642857142857144 4.0078125
3.5 4.00425
3.5357142857142856 4.00425
3.5714285714285716 4.00425
3.607142857142857 4.00425
3.642857142857143 4.00425
3.6785714285714284 4.00425
3.7142857142857144 4.00425
3.75 4.00425
3.7857142857142856 4.00425
3.8214285714285716 4.00425
3.857142857142857 4.00425
3.892857142857143 4.00425
3.9285714285714284 3.9899999999999998
3.9642857142857144 3.9899999999999998
4.0 3.9828749999999995
4.071428571428571 3.9543749999999998
4.107142857142857 3.9650624999999997
4.142857142857143 3.9650624999999997
4.178571428571429 3.9650624999999997
4.214285714285714 3.9614999999999996
4.25 3.9614999999999996
4.285714285714286 3.9614999999999996
4.321428571428571 3.9614999999999996
4.357142857142857 3.9614999999999996
4.392857142857143 3.9614999999999996
4.428571428571429 3.9614999999999996
4.464285714285714 3.9614999999999996
4.5 3.9614999999999996
4.535714285714286 3.9614999999999996
4.571428571428571 3.9650624999999997
4.607142857142857 3.9508124999999996
4.642857142857143 3.9508124999999996
4.678571428571429 3.9436875
4.714285714285714 3.9294374999999997
4.75 3.9258749999999996
4.785714285714286 3.9223125
4.821428571428571 3.9223125
4.857142857142857 3.9223125
4.892857142857143 3.9223125
4.928571428571429 3.9223125
4.964285714285714 3.9223125
5.0 3.9223125
5.035714285714286 3.9223125
5.071428571428571 3.9223125
5.107142857142857 3.9223125
5.142857142857143 3.9223125
5.178571428571429 3.9223125
5.214285714285714 3.9223125
5.25 3.9044999999999996
5.285714285714286 3.9009374999999995
5.321428571428571 3.8902499999999995
5.357142857142857 3.8795624999999996
5.392857142857143 3.8653125
5.428571428571429 3.8831249999999997
5.464285714285714 3.8831249999999997
5.5 3.8795624999999996
5.535714285714286 3.8831249999999997
5.571428571428571 3.8795624999999996
5.607142857142857 3.8795624999999996
5.642857142857143 3.8795624999999996
5.678571428571429 3.8795624999999996
5.714285714285714 3.8795624999999996
5.75 3.8795624999999996
5.785714285714286 3.8795624999999996
5.821428571428571 3.8795624999999996
5.857142857142857 3.8795624999999996
5.892857142857143 3.8795624999999996
5.928571428571429 3.8688749999999996
5.964285714285714 3.8653125
6.0 3.8581874999999997
6.035714285714286 3.8510625
6.071428571428571 3.8474999999999997
6.107142857142857 3.8439374999999996
6.142857142857143 3.8439374999999996
6.178571428571429 3.8439374999999996
6.214285714285714 3.8439374999999996
6.25 3.8439374999999996
6.285714285714286 3.8439374999999996
6.321428571428571 3.8439374999999996
6.357142857142857 3.8439374999999996
6.392857142857143 3.8439374999999996
6.428571428571429 3.8439374999999996
6.464285714285714 3.8439374999999996
6.5 3.8439374999999996
6.571428571428571 3.8439374999999996
6.607142857142857 3.8261249999999998
6.642857142857143 3.819
6.678571428571429 3.819
6.714285714285714 3.7940625
6.75 3.80475
6.785714285714286 3.80475
6.821428571428571 3.80475
6.857142857142857 3.8011874999999997
6.892857142857143 3.80475
6.928571428571429 3.80475
6.964285714285714 3.8011874999999997
7.0 3.8011874999999997
7.035714285714286 3.8011874999999997
7.071428571428571 3.8011874999999997
7.107142857142857 3.8011874999999997
7.142857142857143 3.8011874999999997
7.178571428571429 3.8011874999999997
7.25 3.7869374999999996
7.285714285714286 3.7869374999999996
7.321428571428571 3.7798125
7.357142857142857 3.86175
7.392857142857143 3.769125
7.428571428571429 3.7655624999999997
7.464285714285714 3.7655624999999997
7.5 3.7619999999999996
7.535714285714286 3.7619999999999996
7.571428571428571 3.7619999999999996
7.607142857142857 3.7619999999999996
7.642857142857143 3.7619999999999996
7.678571428571429 3.7619999999999996
7.714285714285714 3.7619999999999996
7.75 3.7619999999999996
7.785714285714286 3.7619999999999996
7.821428571428571 3.7619999999999996
7.892857142857143 3.7548749999999997
7.928571428571429 3.7441875
7.964285714285714 3.7406249999999996
8.0 3.7263749999999995
8.035714285714286 3.7156874999999996
8.071428571428571 3.7192499999999997
8.107142857142858 3.7192499999999997
8.142857142857142 3.7156874999999996
8.178571428571429 3.7156874999999996
8.214285714285714 3.7156874999999996
8.25 3.7156874999999996
8.285714285714286 3.7156874999999996
8.321428571428571 3.7156874999999996
8.357142857142858 3.7192499999999997
8.392857142857142 3.7192499999999997
8.428571428571429 3.7156874999999996
8.464285714285714 3.7192499999999997
8.5 3.7192499999999997
8.535714285714286 3.7192499999999997
8.607142857142858 3.697875
8.642857142857142 3.6907499999999995
8.678571428571429 3.66225
8.714285714285714 3.6765
8.75 3.6765
8.785714285714286 3.6765
8.821428571428571 3.6765
8.857142857142858 3.6765
8.892857142857142 3.6765
8.928571428571429 3.6765
8.964285714285714 3.6765
9.0 3.6765
9.035714285714286 3.6765
9.071428571428571 3.6765
9.107142857142858 3.6765
9.142857142857142 3.6765
9.178571428571429 3.6765
9.25 3.66225
9.285714285714286 3.655125
9.321428571428571 3.655125
9.357142857142858 3.66225
9.392857142857142 3.6658125
9.428571428571429 3.66225
9.464285714285714 3.66225
9.5 3.66225
9.535714285714286 3.66225
9.571428571428571 3.66225
9.607142857142858 3.66225
9.642857142857142 3.66225
9.678571428571429 3.66225
9.714285714285714 3.66225
9.75 3.66225
9.785714285714286 3.66225
9.821428571428571 3.66225
9.857142857142858 3.6658125
9.892857142857142 3.6479999999999997
9.928571428571429 3.6479999999999997
9.964285714285714 3.6444374999999996
10.0 3.6195
10.035714285714286 3.640875
10.071428571428571 3.6479999999999997
10.107142857142858 3.6444374999999996
10.142857142857142 3.6479999999999997
10.178571428571429 3.6479999999999997
10.214285714285714 3.6479999999999997
10.25 3.6479999999999997
10.285714285714286 3.6479999999999997
10.321428571428571 3.6479999999999997
10.357142857142858 3.6479999999999997
10.392857142857142 3.6444374999999996
10.428571428571429 3.6444374999999996
10.464285714285714 3.6444374999999996
10.5 3.6479999999999997
10.535714285714286 3.6373124999999997
10.571428571428571 3.6337499999999996
10.607142857142858 3.6266249999999998
10.642857142857142 3.6195
10.678571428571429 3.5909999999999997
10.714285714285714 3.6266249999999998
10.75 3.6230624999999996
10.785714285714286 3.6230624999999996
10.821428571428571 3.6230624999999996
10.857142857142858 3.6230624999999996
10.892857142857142 3.6230624999999996
10.928571428571429 3.6230624999999996
10.964285714285714 3.6230624999999996
11.0 3.6230624999999996
11.035714285714286 3.6230624999999996
11.071428571428571 3.6230624999999996
11.107142857142858 3.6230624999999996
11.142857142857142 3.6230624999999996
11.178571428571429 3.6266249999999998
11.25 3.6123749999999997
11.285714285714286 3.7299374999999997
11.321428571428571 3.6088124999999995
11.357142857142858 3.5981249999999996
11.392857142857142 3.6123749999999997
11.428571428571429 3.6088124999999995
11.464285714285714 3.6088124999999995
11.5 3.6088124999999995
11.535714285714286 3.6088124999999995
11.571428571428571 3.6088124999999995
11.607142857142858 3.6088124999999995
11.642857142857142 3.6088124999999995
11.678571428571429 3.6088124999999995
11.714285714285714 3.6088124999999995
11.75 3.6088124999999995
11.785714285714286 3.6088124999999995
11.821428571428571 3.6088124999999995
11.857142857142858 3.5945625
11.892857142857142 3.5909999999999997
11.928571428571429 3.583875
11.964285714285714 3.583875
12.0 3.5767499999999997
12.035714285714286 3.583875
12.071428571428571 3.5874374999999996
12.107142857142858 3.5874374999999996
12.142857142857142 3.5874374999999996
12.178571428571429 3.5874374999999996
12.214285714285714 3.5874374999999996
12.25 3.5874374999999996
12.285714285714286 3.5874374999999996
12.321428571428571 3.5874374999999996
12.357142857142858 3.5874374999999996
12.392857142857142 3.5874374999999996
12.428571428571429 3.5874374999999996
12.464285714285714 3.5874374999999996
12.5 3.5945625
12.535714285714286 3.5803125
12.571428571428571 3.5731875
12.607142857142858 3.5660624999999997
12.642857142857142 3.5589375
12.678571428571429 3.5553749999999997
12.714285714285714 3.5660624999999997
12.75 3.5624999999999996
12.785714285714286 3.5624999999999996
12.821428571428571 3.5624999999999996
12.857142857142858 3.5624999999999996
12.892857142857142 3.5624999999999996
12.928571428571429 3.5624999999999996
12.964285714285714 3.5624999999999996
13.0 3.5624999999999996
13.035714285714286 3.5624999999999996
13.071428571428571 3.5624999999999996
13.107142857142858 3.5624999999999996
13.142857142857142 3.5624999999999996
13.178571428571429 3.5660624999999997
13.214285714285714 3.5446874999999998
13.25 3.5411249999999996
13.285714285714286 3.5446874999999998
13.321428571428571 3.5411249999999996
13.357142857142858 3.54825
13.392857142857142 3.54825
13.428571428571429 3.54825
13.464285714285714 3.5446874999999998
13.5 3.5446874999999998
13.535714285714286 3.5446874999999998
13.571428571428571 3.5446874999999998
13.607142857142858 3.5446874999999998
13.642857142857142 3.5446874999999998
13.678571428571429 3.5446874999999998
13.714285714285714 3.5446874999999998
13.75 3.5446874999999998
13.785714285714286 3.5446874999999998
13.857142857142858 3.534
13.892857142857142 3.5268749999999995
13.928571428571429 3.5197499999999997
13.964285714285714 3.5233125
14.0 3.512625
14.035714285714286 3.5268749999999995
14.071428571428571 3.5197499999999997
14.107142857142858 3.5197499999999997
14.142857142857142 3.5197499999999997
14.178571428571429 3.5197499999999997
14.214285714285714 3.5197499999999997
14.25 3.5197499999999997
14.285714285714286 3.5197499999999997
14.321428571428571 3.5197499999999997
14.357142857142858 3.5197499999999997
14.392857142857142 3.5197499999999997
14.428571428571429 3.5197499999999997
14.464285714285714 3.5197499999999997
14.535714285714286 3.5019375
14.571428571428571 3.5019375
14.607142857142858 3.498375
14.642857142857142 3.4627499999999998
14.678571428571429 3.477
14.714285714285714 3.49125
14.75 3.4841249999999997
14.785714285714286 3.4841249999999997
14.821428571428571 3.4841249999999997
14.857142857142858 3.4841249999999997
14.892857142857142 3.4841249999999997
14.928571428571429 3.4841249999999997
14.964285714285714 3.4805624999999996
15.0 3.4805624999999996
15.035714285714286 3.4805624999999996
15.071428571428571 3.4841249999999997
15.107142857142858 3.4805624999999996
15.142857142857142 3.4841249999999997
15.178571428571429 3.4663125
15.214285714285714 3.4627499999999998
15.25 3.4591874999999996
15.285714285714286 3.4449374999999995
15.321428571428571 3.4235624999999996
15.357142857142858 3.441375
15.392857142857142 3.441375
15.428571428571429 3.4378124999999997
15.464285714285714 3.4378124999999997
15.5 3.4378124999999997
15.535714285714286 3.4378124999999997
15.571428571428571 3.4378124999999997
15.607142857142858 3.4378124999999997
15.642857142857142 3.4378124999999997
15.678571428571429 3.4378124999999997
15.714285714285714 3.4378124999999997
15.75 3.4378124999999997
15.785714285714286 3.4378124999999997
15.821428571428571 3.4378124999999997
15.857142857142858 3.4164375
15.892857142857142 3.42
15.928571428571429 3.4093125
15.964285714285714 3.4021874999999997
16.0 3.3914999999999997
16.035714285714285 3.3986249999999996
16.071428571428573 3.3950625
16.107142857142858 3.3950625
16.142857142857142 3.3914999999999997
16.178571428571427 3.3914999999999997
16.214285714285715 3.3950625
16.25 3.3950625
16.285714285714285 3.3950625
16.321428571428573 3.3914999999999997
16.357142857142858 3.3914999999999997
16.392857142857142 3.3914999999999997
16.428571428571427 3.3914999999999997
16.5 3.370125
16.535714285714285 3.3665624999999997
16.571428571428573 3.370125
16.607142857142858 3.3558749999999997
16.642857142857142 3.3309374999999997
16.678571428571427 3.3523124999999996
16.714285714285715 3.3558749999999997
16.75 3.3558749999999997
16.785714285714285 3.3558749999999997
16.821428571428573 3.3523124999999996
16.857142857142858 3.3523124999999996
16.892857142857142 3.3523124999999996
16.928571428571427 3.3523124999999996
16.964285714285715 3.3523124999999996
17.0 3.3523124999999996
17.035714285714285 3.3523124999999996
17.071428571428573 3.3523124999999996
17.107142857142858 3.3523124999999996
17.142857142857142 3.34875
17.178571428571427 3.3309374999999997
17.214285714285715 3.3309374999999997
17.25 3.3202499999999997
17.321428571428573 3.2953124999999996
17.357142857142858 3.313125
17.392857142857142 3.3095624999999997
17.428571428571427 3.3095624999999997
17.464285714285715 3.3095624999999997
17.5 3.3095624999999997
17.535714285714285 3.3095624999999997
17.571428571428573 3.3095624999999997
17.607142857142858 3.3095624999999997
17.642857142857142 3.3095624999999997
17.678571428571427 3.3095624999999997
17.714285714285715 3.3095624999999997
17.75 3.3095624999999997
17.821428571428573 3.3059999999999996
17.857142857142858 3.2881875
17.892857142857142 3.2881875
17.928571428571427 3.2881875
18.0 3.2739374999999997
18.035714285714285 3.2775
18.071428571428573 3.2775
18.107142857142858 3.2739374999999997
18.142857142857142 3.2739374999999997
18.178571428571427 3.2739374999999997
18.214285714285715 3.2739374999999997
18.25 3.2739374999999997
18.285714285714285 3.2703749999999996
18.321428571428573 3.2739374999999997
18.357142857142858 3.2739374999999997
18.392857142857142 3.2739374999999997
18.428571428571427 3.2703749999999996
18.5 3.2525625
18.535714285714285 3.2489999999999997
18.571428571428573 3.2454375
18.607142857142858 3.241875
18.642857142857142 3.2240624999999996
18.678571428571427 3.2383124999999997
18.714285714285715 3.2383124999999997
18.75 3.2383124999999997
18.785714285714285 3.2383124999999997
18.821428571428573 3.2383124999999997
18.857142857142858 3.2383124999999997
18.892857142857142 3.2383124999999997
18.928571428571427 3.2383124999999997
18.964285714285715 3.2383124999999997
19.0 3.2383124999999997
19.035714285714285 3.2347499999999996
19.071428571428573 3.2347499999999996
19.142857142857142 3.2205
19.178571428571427 3.20625
19.214285714285715 3.2098125
19.25 3.1955625
19.321428571428573 3.1884374999999996
19.357142857142858 3.184875
19.392857142857142 3.184875
19.428571428571427 3.1813124999999998
19.464285714285715 3.1813124999999998
19.5 3.184875
19.535714285714285 3.184875
19.571428571428573 3.184875
19.607142857142858 3.184875
19.642857142857142 3.184875
19.678571428571427 3.184875
19.714285714285715 3.1813124999999998
19.821428571428573 3.1635
19.857142857142858 3.1635
19.892857142857142 3.1563749999999997
19.928571428571427 3.1528124999999996
19.964285714285715 3.1314374999999997
20.0 3.14925
20.035714285714285 3.14925
20.071428571428573 3.1456874999999997
20.107142857142858 3.1456874999999997
20.142857142857142 3.1456874999999997
20.178571428571427 3.1421249999999996
20.214285714285715 3.1456874999999997
20.25 3.1421249999999996
20.285714285714285 3.1421249999999996
20.321428571428573 3.1421249999999996
20.357142857142858 3.1421249999999996
20.392857142857142 3.1421249999999996
20.5 3.1243125
20.535714285714285 3.1207499999999997
20.571428571428573 3.1207499999999997
20.607142857142858 3.0886875
20.642857142857142 3.1064999999999996
20.678571428571427 3.1064999999999996
20.714285714285715 3.1064999999999996
20.75 3.1064999999999996
20.785714285714285 3.1064999999999996
20.821428571428573 3.1064999999999996
20.857142857142858 3.1064999999999996
20.892857142857142 3.1064999999999996
20.928571428571427 3.1064999999999996
20.964285714285715 3.1064999999999996
21.0 3.1064999999999996
21.035714285714285 3.1064999999999996
21.071428571428573 3.1064999999999996
21.107142857142858 3.1029375
21.142857142857142 3.0815625
21.178571428571427 3.0815625
21.214285714285715 3.0708749999999996
21.285714285714285 3.0601874999999996
21.321428571428573 3.0673125
21.357142857142858 3.0637499999999998
21.392857142857142 3.0637499999999998
21.428571428571427 3.0601874999999996
21.464285714285715 3.0637499999999998
21.5 3.0637499999999998
21.535714285714285 3.0637499999999998
21.571428571428573 3.0637499999999998
21.607142857142858 3.0601874999999996
21.642857142857142 3.0601874999999996
21.678571428571427 3.0601874999999996
21.714285714285715 3.0601874999999996
21.785714285714285 3.0601874999999996
21.821428571428573 3.03525
21.857142857142858 3.0316875
21.892857142857142 3.03525
21.928571428571427 2.999625
21.964285714285715 3.0174374999999998
22.0 3.0245624999999996
22.035714285714285 3.021
22.071428571428573 3.021
22.107142857142858 3.021
22.142857142857142 3.021
22.178571428571427 3.021
22.214285714285715 3.021
22.25 3.021
22.285714285714285 3.021
22.321428571428573 3.021
22.357142857142858 3.021
22.392857142857142 3.021
22.464285714285715 2.9889374999999996
22.5 2.9889374999999996
22.535714285714285 2.9782499999999996
22.607142857142858 2.971125
22.642857142857142 2.9782499999999996
22.678571428571427 2.9746875
22.714285714285715 2.9746875
22.75 2.9746875
22.785714285714285 2.9746875
22.821428571428573 2.9746875
22.857142857142858 2.9746875
22.892857142857142 2.9746875
22.928571428571427 2.9746875
22.964285714285715 2.9746875
23.0 2.9746875
23.035714285714285 2.9746875
23.071428571428573 2.9746875
23.107142857142858 2.9675624999999997
23.142857142857142 2.9390625
23.178571428571427 2.9426249999999996
23.214285714285715 2.9390625
23.25 2.9069999999999996
23.285714285714285 2.9354999999999998
23.321428571428573 2.9354999999999998
23.357142857142858 2.9354999999999998
23.392857142857142 2.9354999999999998
23.428571428571427 2.9354999999999998
23.464285714285715 2.9354999999999998
23.5 2.9354999999999998
23.535714285714285 2.9354999999999998
23.571428571428573 2.9354999999999998
23.607142857142858 2.9354999999999998
23.642857142857142 2.9354999999999998
23.678571428571427 2.9354999999999998
23.714285714285715 2.9354999999999998
23.785714285714285 2.8963124999999996
23.821428571428573 2.8963124999999996
23.857142857142858 2.89275
23.928571428571427 2.8749374999999997
23.964285714285715 2.8963124999999996
24.0 2.89275
24.035714285714285 2.89275
24.071428571428573 2.89275
24.107142857142858 2.89275
24.142857142857142 2.89275
24.178571428571427 2.89275
24.214285714285715 2.89275
24.25 2.89275
24.285714285714285 2.89275
24.321428571428573 2.89275
24.357142857142858 2.89275
24.428571428571427 2.8785
24.464285714285715 2.8606874999999996
24.5 2.8606874999999996
24.535714285714285 2.857125
24.571428571428573 2.8535625
24.607142857142858 2.857125
24.642857142857142 2.857125
24.678571428571427 2.8535625
24.714285714285715 2.8535625
24.75 2.8535625
24.785714285714285 2.8535625
24.821428571428573 2.8535625
24.857142857142858 2.8535625
24.892857142857142 2.8535625
24.928571428571427 2.8535625
24.964285714285715 2.8535625
25.0 2.8535625
25.035714285714285 2.8535625
25.107142857142858 2.8179374999999998
25.142857142857142 2.8179374999999998
25.178571428571427 2.8143749999999996
25.214285714285715 2.8143749999999996
25.25 2.800125
25.285714285714285 2.8108125
25.321428571428573 2.8108125
25.357142857142858 2.80725
25.392857142857142 2.80725
25.428571428571427 2.80725
25.464285714285715 2.80725
25.5 2.80725
25.535714285714285 2.80725
25.571428571428573 2.80725
25.607142857142858 2.80725
25.642857142857142 2.80725
25.678571428571427 2.80725
25.75 2.785875
25.785714285714285 2.7751875
25.821428571428573 2.771625
25.857142857142858 2.7680624999999996
25.892857142857142 2.7359999999999998
25.928571428571427 2.7680624999999996
25.964285714285715 2.7680624999999996
26.0 2.7609375
26.035714285714285 2.7645
26.071428571428573 2.7645
26.107142857142858 2.7609375
26.142857142857142 2.7609375
26.178571428571427 2.7645
26.214285714285715 2.7645
26.25 2.7645
26.285714285714285 2.7609375
26.321428571428573 2.7609375
26.357142857142858 2.7645
26.428571428571427 2.7359999999999998
26.464285714285715 2.7359999999999998
26.5 2.7359999999999998
26.571428571428573 2.728875
26.607142857142858 2.7359999999999998
26.642857142857142 2.7324374999999996
26.678571428571427 2.728875
26.714285714285715 2.728875
26.75 2.728875
26.785714285714285 2.728875
26.821428571428573 2.728875
26.857142857142858 2.728875
26.892857142857142 2.728875
26.928571428571427 2.728875
26.964285714285715 2.728875
27.0 2.728875
27.071428571428573 2.728875
27.107142857142858 2.69325
27.142857142857142 2.6896875
27.178571428571427 2.69325
27.214285714285715 2.6647499999999997
27.25 2.69325
27.285714285714285 2.6896875
27.321428571428573 2.6861249999999997
27.357142857142858 2.6861249999999997
27.392857142857142 2.6861249999999997
27.428571428571427 2.6861249999999997
27.464285714285715 2.6861249999999997
27.5 2.6861249999999997
27.535714285714285 2.6861249999999997
27.571428571428573 2.6861249999999997
27.607142857142858 2.6861249999999997
27.642857142857142 2.6861249999999997
27.678571428571427 2.6861249999999997
27.75 2.657625
27.785714285714285 2.6611874999999996
27.821428571428573 2.6469375
27.892857142857142 2.6504999999999996
27.928571428571427 2.657625
27.964285714285715 2.657625
28.0 2.6540624999999998
28.035714285714285 2.6540624999999998
28.071428571428573 2.6540624999999998
28.107142857142858 2.6504999999999996
28.142857142857142 2.6504999999999996
28.178571428571427 2.6504999999999996
28.214285714285715 2.6504999999999996
28.25 2.6504999999999996
28.285714285714285 2.6504999999999996
28.321428571428573 2.6504999999999996
28.392857142857142 2.6504999999999996
28.428571428571427 2.622
28.464285714285715 2.6255625
28.5 2.6184374999999998
28.535714285714285 2.586375
28.571428571428573 2.6113125
28.607142857142858 2.6148749999999996
28.642857142857142 2.6148749999999996
28.678571428571427 2.6148749999999996
28.714285714285715 2.6113125
28.75 2.6113125
28.785714285714285 2.6113125
28.821428571428573 2.6113125
28.857142857142858 2.6113125
28.892857142857142 2.6113125
28.928571428571427 2.6113125
28.964285714285715 2.6113125
29.0 2.6113125
29.071428571428573 2.5934999999999997
29.107142857142858 2.600625
29.142857142857142 2.5934999999999997
29.214285714285715 2.5756875
29.25 2.600625
29.285714285714285 2.600625
29.321428571428573 2.600625
29.357142857142858 2.5970625
29.392857142857142 2.5970625
29.428571428571427 2.5970625
29.464285714285715 2.5970625
29.5 2.5970625
29.535714285714285 2.5970625
29.571428571428573 2.5970625
29.607142857142858 2.5970625
29.642857142857142 2.5970625
29.678571428571427 2.5970625
29.714285714285715 2.5934999999999997
29.75 2.5756875
29.785714285714285 2.5828124999999997
29.821428571428573 2.5828124999999997
29.857142857142858 2.5614375
29.892857142857142 2.5721249999999998
29.928571428571427 2.5792499999999996
29.964285714285715 2.5792499999999996
30.0 2.5756875
30.035714285714285 2.5756875
30.071428571428573 2.5756875
30.107142857142858 2.5756875
30.142857142857142 2.5756875
30.178571428571427 2.5756875
30.214285714285715 2.5756875
30.25 2.5756875
30.285714285714285 2.5756875
30.321428571428573 2.5756875
30.392857142857142 2.5471874999999997
30.428571428571427 2.543625
30.464285714285715 2.5400625
30.535714285714285 2.5222499999999997
30.571428571428573 2.5400625
30.607142857142858 2.543625
30.642857142857142 2.5400625
30.678571428571427 2.5400625
30.714285714285715 2.5400625
30.75 2.5400625
30.785714285714285 2.5400625
30.821428571428573 2.5400625
30.857142857142858 2.5400625
30.892857142857142 2.5400625
30.928571428571427 2.5400625
30.964285714285715 2.5400625
31.0 2.5400625
31.035714285714285 2.5329374999999996
31.071428571428573 2.515125
31.107142857142858 2.5258125
31.142857142857142 2.5186875
31.214285714285715 2.515125
31.25 2.515125
31.285714285714285 2.515125
31.321428571428573 2.515125
31.357142857142858 2.515125
31.392857142857142 2.515125
31.428571428571427 2.515125
31.464285714285715 2.515125
31.5 2.515125
31.535714285714285 2.515125
31.571428571428573 2.515125
31.607142857142858 2.515125
31.642857142857142 2.515125
31.714285714285715 2.508
31.785714285714285 2.4830625
31.821428571428573 2.4901874999999998
31.857142857142858 2.4545624999999998
31.892857142857142 2.4901874999999998
31.928571428571427 2.4866249999999996
31.964285714285715 2.4866249999999996
32.0 2.4830625
32.035714285714285 2.4830625
32.07142857142857 2.4830625
32.107142857142854 2.4830625
32.142857142857146 2.4830625
32.17857142857143 2.4830625
32.214285714285715 2.4830625
32.25 2.4830625
32.285714285714285 2.4830625
32.32142857142857 2.4830625
32.357142857142854 2.4759374999999997
32.392857142857146 2.4545624999999998
32.42857142857143 2.458125
32.464285714285715 2.4474375
32.535714285714285 2.443875
32.57142857142857 2.4474375
32.607142857142854 2.4474375
32.642857142857146 2.4474375
32.67857142857143 2.4474375
32.714285714285715 2.4474375
32.75 2.443875
32.785714285714285 2.443875
32.82142857142857 2.443875
32.857142857142854 2.443875
32.892857142857146 2.443875
32.92857142857143 2.443875
32.964285714285715 2.443875
33.035714285714285 2.4403124999999997
33.107142857142854 2.40825
33.142857142857146 2.4118125
33.17857142857143 2.3761875
33.214285714285715 2.4046874999999996
33.25 2.4046874999999996
33.285714285714285 2.4046874999999996
33.32142857142857 2.4046874999999996
33.357142857142854 2.4046874999999996
33.392857142857146 2.4046874999999996
33.42857142857143 2.4046874999999996
33.464285714285715 2.4046874999999996
33.5 2.4046874999999996
33.535714285714285 2.4046874999999996
33.57142857142857 2.4046874999999996
33.607142857142854 2.4046874999999996
33.642857142857146 2.4046874999999996
33.714285714285715 2.3690624999999996
33.75 2.3726249999999998
33.785714285714285 2.3619375
33.857142857142854 2.3619375
33.892857142857146 2.3619375
33.92857142857143 2.3619375
33.964285714285715 2.3583749999999997
34.0 2.3583749999999997
34.035714285714285 2.3583749999999997
34.07142857142857 2.3583749999999997
34.107142857142854 2.3583749999999997
34.142857142857146 2.3583749999999997
34.17857142857143 2.3583749999999997
34.214285714285715 2.3583749999999997
34.25 2.3583749999999997
34.285714285714285 2.3583749999999997
34.32142857142857 2.3583749999999997
34.357142857142854 2.35125
34.42857142857143 2.3334375
34.464285714285715 2.3227499999999996
34.5 2.315625
34.535714285714285 2.329875
34.57142857142857 2.329875
34.607142857142854 2.3263125
34.642857142857146 2.3263125
34.67857142857143 2.3263125
34.714285714285715 2.3263125
34.75 2.3263125
34.785714285714285 2.3263125
34.82142857142857 2.3263125
34.857142857142854 2.3263125
34.892857142857146 2.3263125
34.92857142857143 2.3263125
34.964285714285715 2.3263125
35.035714285714285 2.3013749999999997
35.107142857142854 2.29425
35.17857142857143 2.2693125
35.214285714285715 2.2835625
35.25 2.2835625
35.285714285714285 2.2835625
35.32142857142857 2.2835625
35.357142857142854 2.28
35.392857142857146 2.28
35.42857142857143 2.28
35.464285714285715 2.28
35.5 2.28
35.535714285714285 2.28
35.57142857142857 2.28
35.607142857142854 2.28
35.642857142857146 2.28
35.67857142857143 2.2657499999999997
35.75 2.2479375
35.82142857142857 2.23725
35.857142857142854 2.2550624999999997
35.892857142857146 2.2515
35.92857142857143 2.2515
35.964285714285715 2.2515
36.0 2.2515
36.035714285714285 2.2479375
36.07142857142857 2.2479375
36.107142857142854 2.2479375
36.142857142857146 2.2479375
36.17857142857143 2.2479375
36.214285714285715 2.2479375
36.25 2.2479375
36.285714285714285 2.2479375
36.42857142857143 2.2194374999999997
36.5 2.201625
36.535714285714285 2.2123125
36.57142857142857 2.2087499999999998
36.607142857142854 2.2123125
36.642857142857146 2.2123125
36.67857142857143 2.2123125
36.714285714285715 2.2123125
36.75 2.2123125
36.785714285714285 2.2123125
36.82142857142857 2.2123125
36.857142857142854 2.2087499999999998
36.892857142857146 2.2087499999999998
36.92857142857143 2.2087499999999998
36.964285714285715 2.2123125
37.0 2.2051874999999996
37.07142857142857 2.1766875
37.142857142857146 2.1481874999999997
37.17857142857143 2.166
37.214285714285715 2.1766875
37.25 2.1766875
37.285714285714285 2.1766875
37.32142857142857 2.1731249999999998
37.357142857142854 2.1731249999999998
37.392857142857146 2.1695625
37.42857142857143 2.1695625
37.464285714285715 2.1695625
37.5 2.1695625
37.535714285714285 2.1695625
37.57142857142857 2.1695625
37.607142857142854 2.1695625
37.642857142857146 2.1695625
37.67857142857143 2.1481874999999997
37.75 2.1339375
37.82142857142857 2.09475
37.857142857142854 2.1196875
37.892857142857146 2.1196875
37.92857142857143 2.1196875
37.964285714285715 2.1196875
38.0 2.1196875
38.035714285714285 2.1196875
38.07142857142857 2.1196875
38.107142857142854 2.1196875
38.142857142857146 2.1196875
38.17857142857143 2.1196875
38.214285714285715 2.1196875
38.25 2.1196875
38.285714285714285 2.1196875
38.32142857142857 2.116125
38.357142857142854 2.0911874999999998
38.392857142857146 2.0769374999999997
38.42857142857143 2.0840625
38.5 2.0769374999999997
38.535714285714285 2.0769374999999997
38.57142857142857 2.0769374999999997
38.607142857142854 2.0769374999999997
38.642857142857146 2.073375
38.67857142857143 2.073375
38.714285714285715 2.073375
38.75 2.073375
38.785714285714285 2.073375
38.82142857142857 2.073375
38.857142857142854 2.073375
38.892857142857146 2.073375
38.92857142857143 2.073375
39.0 2.052
39.07142857142857 2.0413124999999996
39.142857142857146 2.0413124999999996
39.17857142857143 2.0448749999999998
39.214285714285715 2.0413124999999996
39.25 2.0413124999999996
39.285714285714285 2.0413124999999996
39.32142857142857 2.0413124999999996
39.357142857142854 2.0413124999999996
39.392857142857146 2.0413124999999996
39.42857142857143 2.0413124999999996
39.464285714285715 2.0413124999999996
39.5 2.0413124999999996
39.535714285714285 2.0413124999999996
39.57142857142857 2.0413124999999996
39.642857142857146 2.03775
39.714285714285715 2.0199374999999997
39.75 2.0056875
39.82142857142857 1.9985624999999998
39.857142857142854 2.002125
39.892857142857146 2.002125
39.92857142857143 1.9985624999999998
