0.10714285714285714 0.41324999999999995
0.14285714285714285 0.4168125
0.17857142857142858 0.43106249999999996
0.21428571428571427 0.434625
0.25 0.43818749999999995
0.2857142857142857 0.43818749999999995
0.32142857142857145 0.43818749999999995
0.35714285714285715 0.43818749999999995
0.39285714285714285 0.43818749999999995
0.42857142857142855 0.43818749999999995
0.4642857142857143 0.434625
0.5 0.434625
0.5357142857142857 0.434625
0.5714285714285714 0.434625
0.6071428571428571 0.434625
0.7142857142857143 0.4275
0.75 0.45599999999999996
0.7857142857142857 0.4524375
0.8214285714285714 0.4524375
0.8571428571428571 0.45599999999999996
0.8928571428571429 0.45599999999999996
0.9285714285714286 0.45599999999999996
0.9642857142857143 0.45599999999999996
1.0 0.4524375
1.0357142857142858 0.4524375
1.0714285714285714 0.4524375
1.1071428571428572 0.4524375
1.1428571428571428 0.4524375
1.1785714285714286 0.44887499999999997
1.2142857142857142 0.44887499999999997
1.2857142857142858 0.44531249999999994
1.3214285714285714 0.4595625
1.3571428571428572 0.46312499999999995
1.3928571428571428 0.46312499999999995
1.4285714285714286 0.4666875
1.4642857142857142 0.4666875
1.5 0.4666875
1.5357142857142858 0.4666875
1.5714285714285714 0.4666875
1.6071428571428572 0.4666875
1.6428571428571428 0.4666875
1.6785714285714286 0.4666875
1.7142857142857142 0.4666875
1.75 0.4666875
1.7857142857142858 0.46312499999999995
1.8571428571428572 0.45599999999999996
1.8928571428571428 0.4595625
1.9285714285714286 0.4845
1.9642857142857142 0.47381249999999997
2.0 0.477375
2.0357142857142856 0.477375
2.0714285714285716 0.477375
2.107142857142857 0.477375
2.142857142857143 0.477375
2.1785714285714284 0.477375
2.2142857142857144 0.477375
2.25 0.477375
2.2857142857142856 0.477375
2.3214285714285716 0.477375
2.357142857142857 0.477375
2.4642857142857144 0.4666875
2.5 0.4845
2.5357142857142856 0.4845
2.5714285714285716 0.491625
2.607142857142857 0.49518749999999995
2.642857142857143 0.49518749999999995
2.6785714285714284 0.49518749999999995
2.7142857142857144 0.49518749999999995
2.75 0.49518749999999995
2.7857142857142856 0.49518749999999995
2.8214285714285716 0.49518749999999995
2.857142857142857 0.491625
2.892857142857143 0.491625
2.9285714285714284 0.491625
2.9642857142857144 0.491625
3.0357142857142856 0.4845
3.0714285714285716 0.48806249999999995
3.107142857142857 0.5023124999999999
3.142857142857143 0.505875
3.1785714285714284 0.505875
3.2142857142857144 0.5094375
3.25 0.5094375
3.2857142857142856 0.5094375
3.3214285714285716 0.5094375
3.357142857142857 0.5094375
3.392857142857143 0.5094375
3.4285714285714284 0.5094375
3.4642857142857144 0.5094375
3.5 0.5094375
3.5357142857142856 0.5094375
3.642857142857143 0.49518749999999995
3.6785714285714284 0.520125
3.7142857142857144 0.513
3.75 0.520125
3.7857142857142856 0.520125
3.8214285714285716 0.520125
3.857142857142857 0.520125
3.892857142857143 0.520125
3.9285714285714284 0.520125
3.9642857142857144 0.520125
4.0 0.520125
4.035714285714286 0.520125
4.071428571428571 0.5165624999999999
4.107142857142857 0.5165624999999999
4.142857142857143 0.5165624999999999
4.214285714285714 0.5094375
4.25 0.5236875
4.285714285714286 0.52725
4.321428571428571 0.5308124999999999
4.357142857142857 0.5308124999999999
4.392857142857143 0.5343749999999999
4.428571428571429 0.5343749999999999
4.464285714285714 0.5308124999999999
4.5 0.5343749999999999
4.535714285714286 0.5343749999999999
4.571428571428571 0.5343749999999999
4.607142857142857 0.5343749999999999
4.642857142857143 0.5343749999999999
4.678571428571429 0.5308124999999999
4.714285714285714 0.5308124999999999
4.821428571428571 0.52725
4.857142857142857 0.5486249999999999
4.892857142857143 0.5415
4.928571428571429 0.5486249999999999
4.964285714285714 0.5521874999999999
5.0 0.5521874999999999
5.035714285714286 0.55575
5.071428571428571 0.5521874999999999
5.107142857142857 0.55575
5.142857142857143 0.55575
5.178571428571429 0.55575
5.214285714285714 0.5521874999999999
5.25 0.55575
5.285714285714286 0.55575
5.392857142857143 0.5415
5.428571428571429 0.5450625
5.464285714285714 0.562875
5.5 0.57
5.535714285714286 0.57
5.571428571428571 0.57
5.607142857142857 0.57
5.642857142857143 0.5664374999999999
5.678571428571429 0.5664374999999999
5.714285714285714 0.5664374999999999
5.75 0.562875
5.785714285714286 0.562875
5.821428571428571 0.562875
5.857142857142857 0.562875
5.892857142857143 0.562875
6.0 0.5593125
6.035714285714286 0.5735625
6.071428571428571 0.5806874999999999
6.107142857142857 0.5842499999999999
6.142857142857143 0.5842499999999999
6.178571428571429 0.5878125
6.214285714285714 0.5842499999999999
6.25 0.5842499999999999
6.285714285714286 0.5842499999999999
6.321428571428571 0.5842499999999999
6.357142857142857 0.5842499999999999
6.392857142857143 0.5806874999999999
6.428571428571429 0.5842499999999999
6.464285714285714 0.5806874999999999
6.571428571428571 0.577125
6.607142857142857 0.5949375
6.642857142857143 0.5949375
6.678571428571429 0.5949375
6.714285714285714 0.6020625
6.75 0.6020625
6.785714285714286 0.6020625
6.821428571428571 0.605625
6.857142857142857 0.605625
6.892857142857143 0.605625
6.928571428571429 0.6020625
6.964285714285714 0.605625
7.0 0.605625
7.035714285714286 0.6020625
7.071428571428571 0.6020625
7.142857142857143 0.591375
7.178571428571429 0.5949375
7.214285714285714 0.619875
7.25 0.619875
7.285714285714286 0.6234375
7.321428571428571 0.627
7.357142857142857 0.627
7.392857142857143 0.627
7.428571428571429 0.6305624999999999
7.464285714285714 0.627
7.5 0.627
7.535714285714286 0.627
7.571428571428571 0.627
7.607142857142857 0.627
7.642857142857143 0.627
7.75 0.6163124999999999
7.785714285714286 0.627
7.821428571428571 0.6305624999999999
7.857142857142857 0.6341249999999999
7.892857142857143 0.6341249999999999
7.928571428571429 0.6376875
7.964285714285714 0.6376875
8.0 0.6376875
8.035714285714286 0.6376875
8.071428571428571 0.6376875
8.107142857142858 0.64125
8.142857142857142 0.6376875
8.178571428571429 0.6376875
8.214285714285714 0.6376875
8.357142857142858 0.6341249999999999
8.392857142857142 0.6483749999999999
8.428571428571429 0.6483749999999999
8.464285714285714 0.6483749999999999
8.5 0.6519375
8.535714285714286 0.6519375
8.571428571428571 0.6555
8.607142857142858 0.6555
8.642857142857142 0.6590625
8.678571428571429 0.6590625
8.714285714285714 0.6555
8.75 0.6590625
8.785714285714286 0.6590625
8.821428571428571 0.6555
8.928571428571429 0.6448124999999999
8.964285714285714 0.6661874999999999
9.0 0.6555
9.035714285714286 0.6555
9.071428571428571 0.6555
9.107142857142858 0.6590625
9.142857142857142 0.6626249999999999
9.178571428571429 0.6590625
9.214285714285714 0.6626249999999999
9.25 0.6590625
9.285714285714286 0.6590625
9.321428571428571 0.6590625
9.357142857142858 0.6661874999999999
9.392857142857142 0.6626249999999999
9.428571428571429 0.6626249999999999
9.5 0.6483749999999999
9.535714285714286 0.6555
9.571428571428571 0.6555
9.607142857142858 0.6626249999999999
9.642857142857142 0.6626249999999999
9.678571428571429 0.66975
9.714285714285714 0.676875
9.75 0.676875
9.785714285714286 0.6804374999999999
9.821428571428571 0.676875
9.857142857142858 0.6804374999999999
9.892857142857142 0.676875
9.928571428571429 0.676875
9.964285714285714 0.676875
10.0 0.676875
10.071428571428571 0.6661874999999999
10.107142857142858 0.6590625
10.142857142857142 0.6946874999999999
10.178571428571429 0.6875625
10.214285714285714 0.691125
10.25 0.6946874999999999
10.285714285714286 0.6946874999999999
10.321428571428571 0.6946874999999999
10.357142857142858 0.6946874999999999
10.392857142857142 0.6946874999999999
10.428571428571429 0.6946874999999999
10.464285714285714 0.6946874999999999
10.5 0.6946874999999999
10.535714285714286 0.6946874999999999
10.571428571428571 0.691125
10.678571428571429 0.676875
10.714285714285714 0.7089375
10.75 0.705375
10.785714285714286 0.705375
10.821428571428571 0.7089375
10.857142857142858 0.7089375
10.892857142857142 0.7089375
10.928571428571429 0.7124999999999999
10.964285714285714 0.7089375
11.0 0.7089375
11.035714285714286 0.7089375
11.071428571428571 0.7089375
11.107142857142858 0.7089375
11.142857142857142 0.705375
11.178571428571429 0.705375
11.214285714285714 0.705375
11.285714285714286 0.705375
11.321428571428571 0.7124999999999999
11.357142857142858 0.719625
11.392857142857142 0.719625
11.428571428571429 0.7231875
11.464285714285714 0.7267499999999999
11.5 0.7231875
11.535714285714286 0.7231875
11.571428571428571 0.7231875
11.607142857142858 0.7231875
11.642857142857142 0.7231875
11.678571428571429 0.7231875
11.714285714285714 0.7231875
11.75 0.7231875
11.857142857142858 0.719625
11.892857142857142 0.7481249999999999
11.928571428571429 0.7374375
11.964285714285714 0.741
12.0 0.7445624999999999
12.035714285714286 0.7481249999999999
12.071428571428571 0.7481249999999999
12.107142857142858 0.7516875
12.142857142857142 0.7516875
12.178571428571429 0.7516875
12.214285714285714 0.7516875
12.25 0.7516875
12.285714285714286 0.7481249999999999
12.321428571428571 0.7516875
12.357142857142858 0.7481249999999999
12.464285714285714 0.7516875
12.5 0.7588125
12.535714285714286 0.7659374999999999
12.571428571428571 0.7659374999999999
12.607142857142858 0.7695
12.642857142857142 0.7695
12.678571428571429 0.7730625
12.714285714285714 0.7730625
12.75 0.7695
12.785714285714286 0.7695
12.821428571428571 0.7695
12.857142857142858 0.7695
12.892857142857142 0.7659374999999999
12.928571428571429 0.7659374999999999
13.0 0.7588125
13.035714285714286 0.7695
13.071428571428571 0.7801874999999999
13.107142857142858 0.78375
13.142857142857142 0.7873125
13.178571428571429 0.7873125
13.214285714285714 0.7979999999999999
13.25 0.7979999999999999
13.285714285714286 0.8015625
13.321428571428571 0.8015625
13.357142857142858 0.7979999999999999
13.392857142857142 0.7979999999999999
13.428571428571429 0.7979999999999999
13.464285714285714 0.7979999999999999
13.5 0.7979999999999999
13.535714285714286 0.7979999999999999
13.571428571428571 0.7944374999999999
13.642857142857142 0.8229375
13.678571428571429 0.8122499999999999
13.714285714285714 0.8158124999999999
13.75 0.819375
13.785714285714286 0.8229375
13.821428571428571 0.8229375
13.857142857142858 0.8229375
13.892857142857142 0.8229375
13.928571428571429 0.819375
13.964285714285714 0.819375
14.0 0.819375
14.035714285714286 0.819375
14.071428571428571 0.819375
14.107142857142858 0.8158124999999999
14.214285714285714 0.8158124999999999
14.25 0.8264999999999999
14.285714285714286 0.8300624999999999
14.321428571428571 0.833625
14.357142857142858 0.8371875
14.392857142857142 0.8371875
14.428571428571429 0.8371875
14.464285714285714 0.8371875
14.5 0.8371875
14.535714285714286 0.8371875
14.571428571428571 0.8371875
14.607142857142858 0.833625
14.642857142857142 0.833625
14.678571428571429 0.833625
14.714285714285714 0.8300624999999999
14.75 0.8229375
14.785714285714286 0.8300624999999999
14.821428571428571 0.8443124999999999
14.857142857142858 0.8443124999999999
14.892857142857142 0.8478749999999999
14.928571428571429 0.8478749999999999
14.964285714285714 0.8514375
15.0 0.855
15.035714285714286 0.855
15.071428571428571 0.855
15.107142857142858 0.855
15.142857142857142 0.855
15.178571428571429 0.855
15.214285714285714 0.855
15.25 0.855
15.285714285714286 0.855
15.321428571428571 0.8514375
15.392857142857142 0.8478749999999999
15.428571428571429 0.8656874999999999
15.464285714285714 0.8656874999999999
15.5 0.86925
15.535714285714286 0.8656874999999999
15.571428571428571 0.86925
15.607142857142858 0.8656874999999999
15.642857142857142 0.8656874999999999
15.678571428571429 0.8656874999999999
15.714285714285714 0.8656874999999999
15.75 0.8656874999999999
15.785714285714286 0.8656874999999999
15.821428571428571 0.8656874999999999
15.857142857142858 0.8656874999999999
15.964285714285714 0.8621249999999999
16.0 0.8763749999999999
16.035714285714285 0.8835
16.071428571428573 0.8835
16.107142857142858 0.8870625
16.142857142857142 0.8870625
16.178571428571427 0.8906249999999999
16.214285714285715 0.8906249999999999
16.25 0.8906249999999999
16.285714285714285 0.8906249999999999
16.321428571428573 0.8906249999999999
16.357142857142858 0.8906249999999999
16.392857142857142 0.8906249999999999
16.428571428571427 0.8906249999999999
16.464285714285715 0.8906249999999999
16.535714285714285 0.8835
16.571428571428573 0.904875
16.607142857142858 0.8941874999999999
16.642857142857142 0.8977499999999999
16.678571428571427 0.9013125
16.714285714285715 0.904875
16.75 0.9084374999999999
16.785714285714285 0.9084374999999999
16.821428571428573 0.9084374999999999
16.857142857142858 0.9084374999999999
16.892857142857142 0.9084374999999999
16.928571428571427 0.904875
16.964285714285715 0.9084374999999999
17.0 0.904875
17.035714285714285 0.904875
17.142857142857142 0.9013125
17.178571428571427 0.9369375
17.214285714285715 0.9226874999999999
17.25 0.9262499999999999
17.285714285714285 0.9262499999999999
17.321428571428573 0.9298124999999999
17.357142857142858 0.9298124999999999
17.392857142857142 0.9298124999999999
17.428571428571427 0.9298124999999999
17.464285714285715 0.9298124999999999
17.5 0.9262499999999999
17.535714285714285 0.9262499999999999
17.571428571428573 0.9262499999999999
17.607142857142858 0.9262499999999999
17.678571428571427 0.9262499999999999
17.75 0.9511875
17.785714285714285 0.9440624999999999
17.821428571428573 0.9476249999999999
17.857142857142858 0.9511875
17.892857142857142 0.9476249999999999
17.928571428571427 0.9511875
17.964285714285715 0.9511875
18.0 0.9511875
18.035714285714285 0.9511875
18.071428571428573 0.9511875
18.107142857142858 0.9511875
18.142857142857142 0.9511875
18.178571428571427 0.9511875
18.214285714285715 0.9511875
18.25 0.9476249999999999
18.321428571428573 0.9618749999999999
18.357142857142858 0.9618749999999999
18.392857142857142 0.9618749999999999
18.428571428571427 0.9654375
18.464285714285715 0.969
18.5 0.969
18.535714285714285 0.969
18.571428571428573 0.9725624999999999
18.607142857142858 0.969
18.642857142857142 0.969
18.678571428571427 0.969
18.714285714285715 0.969
18.75 0.969
18.785714285714285 0.9654375
18.892857142857142 0.9654375
18.928571428571427 0.9868125
18.964285714285715 0.9761249999999999
19.0 0.9796874999999999
19.035714285714285 0.9796874999999999
19.071428571428573 0.9796874999999999
19.107142857142858 0.9796874999999999
19.142857142857142 0.98325
19.178571428571427 0.9796874999999999
19.214285714285715 0.9796874999999999
19.25 0.98325
19.285714285714285 0.9796874999999999
19.321428571428573 0.9796874999999999
19.357142857142858 0.9796874999999999
19.428571428571427 0.9761249999999999
19.5 0.9974999999999999
19.535714285714285 0.9903749999999999
19.571428571428573 0.9939374999999999
19.607142857142858 0.9939374999999999
19.642857142857142 0.9974999999999999
19.678571428571427 0.9974999999999999
19.714285714285715 0.9974999999999999
19.75 0.9974999999999999
19.785714285714285 0.9974999999999999
19.821428571428573 0.9974999999999999
19.857142857142858 0.9974999999999999
19.892857142857142 0.9974999999999999
19.928571428571427 0.9974999999999999
19.964285714285715 0.9974999999999999
20.0 0.9974999999999999
20.071428571428573 0.9974999999999999
20.107142857142858 1.0153124999999998
20.142857142857142 1.0224374999999999
20.178571428571427 1.026
20.214285714285715 1.026
20.25 1.026
20.285714285714285 1.0295625
20.321428571428573 1.026
20.357142857142858 1.026
20.392857142857142 1.026
20.428571428571427 1.026
20.464285714285715 1.026
20.5 1.026
20.535714285714285 1.026
20.607142857142858 1.018875
20.642857142857142 1.026
20.678571428571427 1.047375
20.714285714285715 1.0438125
20.75 1.0509374999999999
20.785714285714285 1.0509374999999999
20.821428571428573 1.0509374999999999
20.857142857142858 1.0509374999999999
20.892857142857142 1.0509374999999999
20.928571428571427 1.0545
20.964285714285715 1.0545
21.0 1.0545
21.035714285714285 1.0509374999999999
21.071428571428573 1.0545
21.107142857142858 1.0545
21.142857142857142 1.0509374999999999
21.25 1.0865624999999999
21.285714285714285 1.0723125
21.321428571428573 1.075875
21.357142857142858 1.0794374999999998
21.392857142857142 1.0794374999999998
21.428571428571427 1.083
21.464285714285715 1.083
21.5 1.083
21.535714285714285 1.083
21.571428571428573 1.083
21.607142857142858 1.083
21.642857142857142 1.083
21.678571428571427 1.083
21.714285714285715 1.083
21.75 1.0794374999999998
21.785714285714285 1.0723125
21.821428571428573 1.0794374999999998
21.857142857142858 1.0936875
21.892857142857142 1.0972499999999998
21.928571428571427 1.1008125
21.964285714285715 1.1008125
22.0 1.1043749999999999
22.035714285714285 1.1043749999999999
22.071428571428573 1.1043749999999999
22.107142857142858 1.1043749999999999
22.142857142857142 1.1043749999999999
22.178571428571427 1.1043749999999999
22.214285714285715 1.1043749999999999
22.25 1.1043749999999999
22.285714285714285 1.1043749999999999
22.321428571428573 1.1043749999999999
22.357142857142858 1.0972499999999998
22.392857142857142 1.1043749999999999
22.428571428571427 1.1043749999999999
22.464285714285715 1.118625
22.5 1.12575
22.535714285714285 1.1293125
22.571428571428573 1.1293125
22.607142857142858 1.1293125
22.642857142857142 1.1293125
22.678571428571427 1.1293125
22.714285714285715 1.1293125
22.75 1.1328749999999999
22.785714285714285 1.1328749999999999
22.821428571428573 1.1328749999999999
22.857142857142858 1.1293125
22.964285714285715 1.1221875
23.0 1.1221875
23.035714285714285 1.1328749999999999
23.071428571428573 1.1364375
23.107142857142858 1.14
23.142857142857142 1.1435624999999998
23.178571428571427 1.1435624999999998
23.214285714285715 1.1435624999999998
23.25 1.1435624999999998
23.285714285714285 1.147125
23.321428571428573 1.1435624999999998
23.357142857142858 1.1435624999999998
23.392857142857142 1.1435624999999998
23.428571428571427 1.1435624999999998
23.464285714285715 1.1435624999999998
23.535714285714285 1.1435624999999998
23.571428571428573 1.14
23.607142857142858 1.15425
23.642857142857142 1.1613749999999998
23.678571428571427 1.1649375
23.714285714285715 1.1684999999999999
23.75 1.1720625
23.785714285714285 1.1720625
23.821428571428573 1.1720625
23.857142857142858 1.1720625
23.892857142857142 1.1720625
23.928571428571427 1.1720625
23.964285714285715 1.1720625
24.0 1.1720625
24.035714285714285 1.1684999999999999
24.071428571428573 1.1684999999999999
24.107142857142858 1.1684999999999999
24.142857142857142 1.1720625
24.178571428571427 1.2005625
24.214285714285715 1.18275
24.25 1.1934375
24.285714285714285 1.1934375
24.321428571428573 1.1934375
24.357142857142858 1.1969999999999998
24.392857142857142 1.1934375
24.428571428571427 1.1934375
24.464285714285715 1.1934375
24.5 1.1934375
24.535714285714285 1.1934375
24.571428571428573 1.1934375
24.607142857142858 1.1934375
24.642857142857142 1.1934375
24.678571428571427 1.1934375
24.75 1.189875
24.785714285714285 1.218375
24.821428571428573 1.2076875
24.857142857142858 1.21125
24.892857142857142 1.21125
24.928571428571427 1.21125
24.964285714285715 1.21125
25.0 1.21125
25.035714285714285 1.21125
25.071428571428573 1.21125
25.107142857142858 1.21125
25.142857142857142 1.21125
25.178571428571427 1.21125
25.214285714285715 1.21125
25.285714285714285 1.21125
25.357142857142858 1.2433124999999998
25.392857142857142 1.2254999999999998
25.428571428571427 1.2254999999999998
25.464285714285715 1.2254999999999998
25.5 1.2290625
25.535714285714285 1.2290625
25.571428571428573 1.2290625
25.607142857142858 1.2290625
25.642857142857142 1.2290625
25.678571428571427 1.2290625
25.714285714285715 1.2290625
25.75 1.2290625
25.785714285714285 1.2290625
25.821428571428573 1.2290625
25.857142857142858 1.2290625
25.892857142857142 1.2219375
25.928571428571427 1.2575625
25.964285714285715 1.23975
26.0 1.2504374999999999
26.035714285714285 1.2504374999999999
26.071428571428573 1.254
26.107142857142858 1.2575625
26.142857142857142 1.254
26.178571428571427 1.254
26.214285714285715 1.2575625
26.25 1.2575625
26.285714285714285 1.2575625
26.321428571428573 1.2575625
26.357142857142858 1.2575625
26.392857142857142 1.2575625
26.428571428571427 1.254
26.464285714285715 1.254
26.535714285714285 1.2825
26.571428571428573 1.275375
26.607142857142858 1.2825
26.642857142857142 1.2825
26.678571428571427 1.2825
26.714285714285715 1.2860624999999999
26.75 1.2860624999999999
26.785714285714285 1.2860624999999999
26.821428571428573 1.2860624999999999
26.857142857142858 1.2860624999999999
26.892857142857142 1.2860624999999999
26.928571428571427 1.2860624999999999
26.964285714285715 1.2860624999999999
27.0 1.2860624999999999
27.035714285714285 1.2825
27.107142857142858 1.3074374999999998
27.142857142857142 1.2931875
27.178571428571427 1.3003125
27.214285714285715 1.3003125
27.25 1.303875
27.285714285714285 1.303875
27.321428571428573 1.303875
27.357142857142858 1.303875
27.392857142857142 1.303875
27.428571428571427 1.3074374999999998
27.464285714285715 1.3074374999999998
27.5 1.303875
27.535714285714285 1.303875
27.571428571428573 1.303875
27.607142857142858 1.303875
27.678571428571427 1.3074374999999998
27.714285714285715 1.3216875
27.75 1.3288125
27.785714285714285 1.3288125
27.821428571428573 1.3323749999999999
27.857142857142858 1.3323749999999999
27.892857142857142 1.3359375
27.928571428571427 1.3359375
27.964285714285715 1.3359375
28.0 1.3359375
28.035714285714285 1.3359375
28.071428571428573 1.3359375
28.107142857142858 1.3359375
28.142857142857142 1.3359375
28.178571428571427 1.3359375
28.214285714285715 1.3323749999999999
28.25 1.3288125
28.285714285714285 1.3501874999999999
28.321428571428573 1.346625
28.357142857142858 1.3501874999999999
28.392857142857142 1.35375
28.428571428571427 1.3573125
28.464285714285715 1.3573125
28.5 1.3573125
28.535714285714285 1.3573125
28.571428571428573 1.3573125
28.607142857142858 1.3573125
28.642857142857142 1.3573125
28.678571428571427 1.3573125
28.714285714285715 1.3573125
28.75 1.3573125
28.785714285714285 1.3573125
28.857142857142858 1.3929375
28.892857142857142 1.3679999999999999
28.928571428571427 1.3715624999999998
28.964285714285715 1.3786874999999998
29.0 1.38225
29.035714285714285 1.3858125
29.071428571428573 1.3858125
29.107142857142858 1.3858125
29.142857142857142 1.3858125
29.178571428571427 1.38225
29.214285714285715 1.3858125
29.25 1.38225
29.285714285714285 1.38225
29.321428571428573 1.38225
29.357142857142858 1.38225
29.392857142857142 1.38225
29.428571428571427 1.38225
29.464285714285715 1.417875
29.5 1.4000625
29.535714285714285 1.403625
29.571428571428573 1.403625
29.607142857142858 1.403625
29.642857142857142 1.403625
29.678571428571427 1.403625
29.714285714285715 1.403625
29.75 1.403625
29.785714285714285 1.403625
29.821428571428573 1.403625
29.857142857142858 1.403625
29.892857142857142 1.403625
29.928571428571427 1.403625
29.964285714285715 1.403625
30.0 1.403625
30.035714285714285 1.4071874999999998
30.071428571428573 1.4214375
30.107142857142858 1.4214375
30.142857142857142 1.4214375
30.178571428571427 1.4214375
30.214285714285715 1.4214375
30.25 1.4214375
30.285714285714285 1.4214375
30.321428571428573 1.4214375
30.357142857142858 1.417875
30.392857142857142 1.417875
30.428571428571427 1.417875
30.464285714285715 1.417875
30.5 1.417875
30.535714285714285 1.417875
30.571428571428573 1.4143124999999999
30.607142857142858 1.4249999999999998
30.642857142857142 1.4356875
30.678571428571427 1.43925
30.714285714285715 1.43925
30.75 1.43925
30.785714285714285 1.4428124999999998
30.821428571428573 1.4428124999999998
30.857142857142858 1.4428124999999998
30.892857142857142 1.4428124999999998
30.928571428571427 1.4428124999999998
30.964285714285715 1.43925
31.0 1.43925
31.035714285714285 1.43925
31.071428571428573 1.43925
31.107142857142858 1.43925
31.142857142857142 1.43925
31.214285714285715 1.4677499999999999
31.25 1.4606249999999998
31.285714285714285 1.4641875
31.321428571428573 1.4641875
31.357142857142858 1.4641875
31.392857142857142 1.4641875
31.428571428571427 1.4641875
31.464285714285715 1.4641875
31.5 1.4641875
31.535714285714285 1.4641875
31.571428571428573 1.4641875
31.607142857142858 1.4641875
31.642857142857142 1.4641875
31.678571428571427 1.4641875
31.714285714285715 1.4641875
31.785714285714285 1.4962499999999999
31.821428571428573 1.482
31.857142857142858 1.4855625
31.892857142857142 1.4926875
31.928571428571427 1.4962499999999999
31.964285714285715 1.4962499999999999
32.0 1.4962499999999999
32.035714285714285 1.4962499999999999
32.07142857142857 1.4998125
32.107142857142854 1.4962499999999999
32.142857142857146 1.4998125
32.17857142857143 1.4962499999999999
32.214285714285715 1.4962499999999999
32.25 1.4998125
32.285714285714285 1.4962499999999999
32.357142857142854 1.4855625
32.392857142857146 1.5105
32.42857142857143 1.4998125
32.464285714285715 1.503375
32.5 1.5069374999999998
32.535714285714285 1.5069374999999998
32.57142857142857 1.5105
32.607142857142854 1.5105
32.642857142857146 1.5105
32.67857142857143 1.5105
32.714285714285715 1.5105
32.75 1.5105
32.785714285714285 1.5105
32.82142857142857 1.5105
32.892857142857146 1.503375
32.964285714285715 1.4962499999999999
33.0 1.5211875
33.035714285714285 1.5247499999999998
33.07142857142857 1.5283125
33.107142857142854 1.5283125
33.142857142857146 1.5318749999999999
33.17857142857143 1.5318749999999999
33.214285714285715 1.5318749999999999
33.25 1.5318749999999999
33.285714285714285 1.5318749999999999
33.32142857142857 1.5318749999999999
33.357142857142854 1.5318749999999999
33.392857142857146 1.5318749999999999
33.42857142857143 1.5318749999999999
33.464285714285715 1.5318749999999999
33.5 1.5247499999999998
33.535714285714285 1.5283125
33.57142857142857 1.539
33.607142857142854 1.546125
33.642857142857146 1.5496874999999999
33.67857142857143 1.5532499999999998
33.714285714285715 1.5532499999999998
33.75 1.5532499999999998
33.785714285714285 1.5532499999999998
33.82142857142857 1.5532499999999998
33.857142857142854 1.5532499999999998
33.892857142857146 1.5532499999999998
33.92857142857143 1.5532499999999998
33.964285714285715 1.5532499999999998
34.0 1.5496874999999999
34.142857142857146 1.5853125
34.17857142857143 1.5639375
34.214285714285715 1.5675
34.25 1.5710624999999998
34.285714285714285 1.574625
34.32142857142857 1.574625
34.357142857142854 1.574625
34.392857142857146 1.574625
34.42857142857143 1.574625
34.464285714285715 1.574625
34.5 1.574625
34.535714285714285 1.574625
34.57142857142857 1.574625
34.642857142857146 1.5710624999999998
34.67857142857143 1.5675
34.714285714285715 1.5710624999999998
34.75 1.58175
34.785714285714285 1.5888749999999998
34.82142857142857 1.5959999999999999
34.857142857142854 1.5959999999999999
34.892857142857146 1.5959999999999999
34.92857142857143 1.5959999999999999
34.964285714285715 1.5959999999999999
35.0 1.5959999999999999
35.035714285714285 1.5959999999999999
35.07142857142857 1.5959999999999999
35.107142857142854 1.5959999999999999
35.142857142857146 1.5959999999999999
35.17857142857143 1.5959999999999999
35.214285714285715 1.5959999999999999
35.25 1.5853125
35.285714285714285 1.5959999999999999
35.32142857142857 1.6244999999999998
35.357142857142854 1.6173749999999998
35.392857142857146 1.6173749999999998
35.42857142857143 1.6209375
35.464285714285715 1.6244999999999998
35.5 1.6244999999999998
35.535714285714285 1.6244999999999998
35.57142857142857 1.6244999999999998
35.607142857142854 1.6244999999999998
35.642857142857146 1.6244999999999998
35.67857142857143 1.6244999999999998
35.714285714285715 1.6244999999999998
35.75 1.6244999999999998
35.82142857142857 1.6209375
35.857142857142854 1.6244999999999998
35.892857142857146 1.6209375
35.92857142857143 1.63875
35.964285714285715 1.63875
36.0 1.645875
36.035714285714285 1.645875
36.07142857142857 1.645875
36.107142857142854 1.645875
36.142857142857146 1.645875
36.17857142857143 1.645875
36.214285714285715 1.645875
36.25 1.645875
36.285714285714285 1.645875
36.32142857142857 1.645875
36.392857142857146 1.645875
36.5 1.6601249999999999
36.535714285714285 1.6636875
36.57142857142857 1.66725
36.607142857142854 1.6708124999999998
36.642857142857146 1.6708124999999998
36.67857142857143 1.674375
36.714285714285715 1.674375
36.75 1.674375
36.785714285714285 1.674375
36.82142857142857 1.674375
36.857142857142854 1.674375
36.892857142857146 1.674375
36.92857142857143 1.674375
37.0 1.674375
37.035714285714285 1.674375
37.07142857142857 1.702875
37.107142857142854 1.6921875
37.142857142857146 1.6957499999999999
37.17857142857143 1.6993124999999998
37.214285714285715 1.6993124999999998
37.25 1.702875
37.285714285714285 1.702875
37.32142857142857 1.702875
37.357142857142854 1.702875
37.392857142857146 1.702875
37.42857142857143 1.702875
37.464285714285715 1.702875
37.5 1.6993124999999998
37.535714285714285 1.6993124999999998
37.57142857142857 1.702875
37.607142857142854 1.702875
37.642857142857146 1.7278125
37.67857142857143 1.7171249999999998
37.714285714285715 1.7242499999999998
37.75 1.7278125
37.785714285714285 1.7313749999999999
37.82142857142857 1.7313749999999999
37.857142857142854 1.7313749999999999
37.892857142857146 1.7313749999999999
37.92857142857143 1.7313749999999999
37.964285714285715 1.7313749999999999
38.0 1.7313749999999999
38.035714285714285 1.7313749999999999
38.07142857142857 1.7313749999999999
38.107142857142854 1.7313749999999999
38.142857142857146 1.7313749999999999
38.214285714285715 1.7313749999999999
38.25 1.7634374999999998
38.285714285714285 1.7491875
38.32142857142857 1.7527499999999998
38.357142857142854 1.7527499999999998
38.392857142857146 1.7563125
38.42857142857143 1.7563125
38.464285714285715 1.7563125
38.5 1.7563125
38.535714285714285 1.7563125
38.57142857142857 1.7563125
38.607142857142854 1.7563125
38.642857142857146 1.7563125
38.67857142857143 1.7563125
38.785714285714285 1.7527499999999998
38.82142857142857 1.7776874999999999
38.857142857142854 1.7776874999999999
38.892857142857146 1.7776874999999999
38.92857142857143 1.7812499999999998
38.964285714285715 1.7812499999999998
39.0 1.7812499999999998
39.035714285714285 1.7812499999999998
39.07142857142857 1.7812499999999998
39.107142857142854 1.7812499999999998
39.142857142857146 1.7812499999999998
39.17857142857143 1.7812499999999998
39.214285714285715 1.7812499999999998
39.25 1.7812499999999998
39.32142857142857 1.7812499999999998
39.357142857142854 1.767
39.392857142857146 1.7919375
39.42857142857143 1.7883749999999998
39.464285714285715 1.7954999999999999
39.5 1.7990624999999998
39.535714285714285 1.8061874999999998
39.57142857142857 1.80975
39.607142857142854 1.8061874999999998
39.642857142857146 1.80975
39.67857142857143 1.8061874999999998
39.714285714285715 1.80975
39.75 1.8061874999999998
39.785714285714285 1.8061874999999998
39.82142857142857 1.8061874999999998
39.857142857142854 1.8061874999999998
39.92857142857143 1.7990624999999998
