0.03571428571428571 1.9451249999999998
0.07142857142857142 1.9451249999999998
0.10714285714285714 1.9451249999999998
0.14285714285714285 1.9451249999999998
0.17857142857142858 1.9451249999999998
0.21428571428571427 1.9451249999999998
0.25 1.9451249999999998
0.2857142857142857 1.9451249999999998
0.32142857142857145 1.9451249999999998
0.35714285714285715 1.9451249999999998
0.39285714285714285 1.9451249999999998
0.42857142857142855 1.9451249999999998
0.4642857142857143 1.9451249999999998
0.5 1.9451249999999998
0.5357142857142857 1.9451249999999998
0.5714285714285714 1.9451249999999998
0.6071428571428571 1.9451249999999998
0.6428571428571429 1.9451249999999998
0.6785714285714286 1.9451249999999998
0.7142857142857143 1.9451249999999998
0.75 1.9451249999999998
0.7857142857142857 1.9451249999999998
0.8214285714285714 1.9451249999999998
0.8571428571428571 1.9451249999999998
0.8928571428571429 1.9451249999999998
0.9285714285714286 1.9451249999999998
0.9642857142857143 1.9451249999999998
1.0 1.9451249999999998
1.0357142857142858 1.9451249999999998
1.0714285714285714 1.9451249999999998
1.1071428571428572 1.9451249999999998
1.1428571428571428 1.9451249999999998
1.1785714285714286 1.9451249999999998
1.2142857142857142 1.9451249999999998
1.25 1.9451249999999998
1.2857142857142858 1.9451249999999998
1.3214285714285714 1.9451249999999998
1.3571428571428572 1.9522499999999998
1.3928571428571428 1.9629374999999998
1.4285714285714286 1.9665
1.4642857142857142 1.9665
1.5 1.9273124999999998
1.5357142857142858 1.9130624999999999
1.5714285714285714 1.9237499999999998
1.6071428571428572 1.938
1.6428571428571428 1.9451249999999998
1.6785714285714286 1.9593749999999999
1.7142857142857142 1.9558125
1.75 1.9237499999999998
1.7857142857142858 1.9273124999999998
1.8214285714285714 1.9166249999999998
1.8571428571428572 1.9344374999999998
1.8928571428571428 1.9451249999999998
1.9285714285714286 1.9486875
1.9642857142857142 1.8881249999999998
2.0 1.8275625
2.0357142857142856 1.8168749999999998
2.0714285714285716 1.8168749999999998
2.107142857142857 1.8418124999999999
2.142857142857143 1.8631874999999998
2.1785714285714284 1.8845625
2.2142857142857144 1.9273124999999998
2.25 1.9878749999999998
2.2857142857142856 2.23725
2.3214285714285716 2.2693125
2.357142857142857 2.0555624999999997
2.392857142857143 2.0484375
2.4285714285714284 2.5756875
2.4642857142857144 2.4509999999999996
2.5 1.9700624999999998
2.5357142857142856 1.9095
2.5714285714285716 1.8845625
2.607142857142857 1.8596249999999999
2.642857142857143 1.8560625
2.6785714285714284 1.8489375
2.7142857142857144 1.8489375
2.75 1.83825
2.7857142857142856 1.831125
2.8214285714285716 1.8275625
2.857142857142857 1.8275625
2.892857142857143 1.8275625
2.9285714285714284 1.8275625
2.9642857142857144 1.8275625
3.0 1.8275625
3.0357142857142856 1.8275625
3.0714285714285716 1.8275625
3.107142857142857 1.8275625
3.142857142857143 1.8275625
3.1785714285714284 1.8275625
3.2142857142857144 1.8275625
3.25 1.8275625
3.2857142857142856 1.8275625
3.3214285714285716 1.8275625
3.357142857142857 1.8275625
3.392857142857143 1.8275625
3.4285714285714284 1.8275625
3.4642857142857144 1.8275625
3.5 1.8275625
3.5357142857142856 1.8275625
3.5714285714285716 1.831125
3.607142857142857 1.8275625
3.642857142857143 1.8275625
3.6785714285714284 1.8275625
3.7142857142857144 1.8275625
3.75 1.8275625
3.7857142857142856 1.8275625
3.8214285714285716 1.8275625
3.857142857142857 1.8275625
3.892857142857143 1.8275625
3.9285714285714284 1.8275625
3.9642857142857144 1.8275625
4.0 1.8275625
4.035714285714286 1.8275625
4.071428571428571 1.8275625
4.107142857142857 1.8275625
4.142857142857143 1.8275625
4.178571428571429 1.8275625
4.214285714285714 1.8275625
4.25 1.8275625
4.285714285714286 1.8275625
4.321428571428571 1.8275625
4.357142857142857 1.8275625
4.392857142857143 1.8275625
4.428571428571429 1.8275625
4.464285714285714 1.8275625
4.5 1.8275625
4.535714285714286 1.8275625
4.571428571428571 1.8275625
4.607142857142857 1.8275625
4.642857142857143 1.8275625
4.678571428571429 1.8275625
4.714285714285714 1.8275625
4.75 1.8275625
4.785714285714286 1.8275625
4.821428571428571 1.8275625
4.857142857142857 1.8275625
4.892857142857143 1.8275625
4.928571428571429 1.8275625
4.964285714285714 1.8275625
5.0 1.8275625
5.035714285714286 1.8275625
5.071428571428571 1.8275625
5.107142857142857 1.8275625
5.142857142857143 1.8275625
5.178571428571429 1.8275625
5.214285714285714 1.8275625
5.25 1.8275625
5.285714285714286 1.8275625
5.321428571428571 1.8275625
5.357142857142857 1.8275625
5.392857142857143 1.8275625
5.428571428571429 1.8275625
5.464285714285714 1.8275625
5.5 1.8275625
5.535714285714286 1.8275625
5.571428571428571 1.8275625
5.607142857142857 1.8275625
5.642857142857143 1.8275625
5.678571428571429 1.8275625
5.714285714285714 1.8275625
5.75 1.8275625
5.785714285714286 1.8275625
5.821428571428571 1.8275625
5.857142857142857 1.8275625
5.892857142857143 1.8275625
5.928571428571429 1.8275625
5.964285714285714 1.8275625
6.0 1.8275625
6.035714285714286 1.8275625
6.071428571428571 1.8275625
6.107142857142857 1.8275625
6.142857142857143 1.8275625
6.178571428571429 1.8275625
6.214285714285714 1.8275625
6.25 1.8275625
6.285714285714286 1.8275625
6.321428571428571 1.8275625
6.357142857142857 1.8275625
6.392857142857143 1.8275625
6.428571428571429 1.8275625
6.464285714285714 1.8275625
6.5 1.8275625
6.535714285714286 1.83825
6.571428571428571 1.8418124999999999
6.607142857142857 1.8489375
6.642857142857143 1.83825
6.785714285714286 1.8275625
6.821428571428571 1.83825
6.857142857142857 1.8204375
6.892857142857143 1.8061874999999998
6.928571428571429 1.802625
6.964285714285714 1.8204375
7.0 1.8453749999999998
7.035714285714286 1.8524999999999998
7.071428571428571 1.8168749999999998
7.107142857142857 1.7420624999999998
7.142857142857143 1.7206875
7.178571428571429 1.71
7.214285714285714 1.7171249999999998
7.25 1.7420624999999998
7.285714285714286 1.7634374999999998
7.321428571428571 1.8133124999999999
7.357142857142857 1.8453749999999998
7.392857142857143 2.1838124999999997
7.428571428571429 2.18025
7.464285714285714 1.9201875
7.5 1.930875
7.535714285714286 1.9166249999999998
7.571428571428571 1.9095
7.607142857142857 1.9130624999999999
7.642857142857143 1.9201875
7.678571428571429 1.9237499999999998
7.714285714285714 1.930875
7.75 1.9629374999999998
7.785714285714286 2.5721249999999998
7.821428571428571 2.5934999999999997
7.857142857142857 2.1588749999999997
7.892857142857143 2.1731249999999998
7.928571428571429 2.0092499999999998
7.964285714285714 2.002125
8.0 1.9914374999999997
8.035714285714286 1.9807499999999998
8.071428571428571 1.973625
8.107142857142858 1.973625
8.142857142857142 1.973625
8.178571428571429 1.9771874999999999
8.214285714285714 1.9771874999999999
8.25 1.9771874999999999
8.285714285714286 1.9771874999999999
8.321428571428571 1.9771874999999999
8.357142857142858 1.9771874999999999
8.392857142857142 1.9771874999999999
8.428571428571429 1.9807499999999998
8.464285714285714 1.9807499999999998
8.5 1.9771874999999999
8.535714285714286 1.9771874999999999
8.571428571428571 1.9771874999999999
8.607142857142858 1.9771874999999999
8.642857142857142 1.9771874999999999
8.678571428571429 1.9771874999999999
8.714285714285714 1.9771874999999999
8.75 1.9771874999999999
8.785714285714286 1.9771874999999999
8.821428571428571 1.9771874999999999
8.857142857142858 1.9771874999999999
8.892857142857142 1.973625
8.928571428571429 1.9771874999999999
8.964285714285714 1.9771874999999999
9.0 1.9771874999999999
9.035714285714286 1.973625
9.071428571428571 1.973625
9.107142857142858 1.973625
9.142857142857142 1.9771874999999999
9.178571428571429 1.9771874999999999
9.214285714285714 1.9771874999999999
9.25 1.9771874999999999
9.285714285714286 1.9771874999999999
9.321428571428571 1.9771874999999999
9.357142857142858 1.9771874999999999
9.392857142857142 1.9771874999999999
9.428571428571429 1.9771874999999999
9.464285714285714 1.9771874999999999
9.5 1.973625
9.535714285714286 1.973625
9.571428571428571 1.973625
9.607142857142858 1.973625
9.642857142857142 1.973625
9.678571428571429 1.973625
9.714285714285714 1.9771874999999999
9.75 1.9771874999999999
9.785714285714286 1.9771874999999999
9.821428571428571 1.9771874999999999
9.857142857142858 1.9771874999999999
9.892857142857142 1.9771874999999999
9.928571428571429 1.973625
9.964285714285714 1.973625
10.0 1.973625
10.035714285714286 1.973625
10.071428571428571 1.973625
10.107142857142858 1.9771874999999999
10.142857142857142 1.9771874999999999
10.178571428571429 1.9771874999999999
10.214285714285714 1.973625
10.25 1.973625
10.285714285714286 1.973625
10.321428571428571 1.973625
10.357142857142858 1.973625
10.392857142857142 1.973625
10.428571428571429 1.973625
10.464285714285714 1.973625
10.5 1.973625
10.535714285714286 1.973625
10.571428571428571 1.973625
10.607142857142858 1.973625
10.642857142857142 1.973625
10.678571428571429 1.973625
10.714285714285714 1.973625
10.75 1.973625
10.785714285714286 1.973625
10.821428571428571 1.973625
10.857142857142858 1.9771874999999999
10.892857142857142 1.973625
10.928571428571429 1.9771874999999999
10.964285714285714 1.9771874999999999
11.0 1.9771874999999999
11.035714285714286 1.9771874999999999
11.071428571428571 1.973625
11.107142857142858 1.973625
11.142857142857142 1.973625
11.178571428571429 1.973625
11.214285714285714 1.973625
11.25 1.973625
11.285714285714286 1.973625
11.321428571428571 1.973625
11.357142857142858 1.973625
11.392857142857142 1.973625
11.428571428571429 1.973625
11.464285714285714 1.973625
11.5 1.973625
11.535714285714286 1.9807499999999998
11.571428571428571 1.9807499999999998
11.607142857142858 1.9665
11.642857142857142 1.9415624999999999
11.678571428571429 1.9415624999999999
11.714285714285714 1.9486875
11.75 1.9771874999999999
11.785714285714286 1.9771874999999999
11.821428571428571 1.9771874999999999
11.857142857142858 1.9985624999999998
11.892857142857142 2.0270625
11.928571428571429 1.9771874999999999
11.964285714285714 1.938
12.0 1.9059374999999998
12.035714285714286 1.9059374999999998
12.071428571428571 1.9344374999999998
12.107142857142858 1.9486875
12.142857142857142 1.9522499999999998
12.178571428571429 1.9522499999999998
12.214285714285714 1.938
12.25 1.8596249999999999
12.285714285714286 1.8204375
12.321428571428571 1.8453749999999998
12.357142857142858 1.8988124999999998
12.392857142857142 1.9166249999999998
12.428571428571429 1.9130624999999999
12.464285714285714 1.8489375
12.5 1.930875
12.535714285714286 1.9771874999999999
12.571428571428571 1.8916875
12.607142857142858 1.8418124999999999
12.642857142857142 1.8204375
12.678571428571429 1.8204375
12.714285714285714 1.8204375
12.75 1.8204375
12.785714285714286 1.8204375
12.821428571428571 1.8239999999999998
12.857142857142858 1.8239999999999998
12.892857142857142 1.8239999999999998
12.928571428571429 1.8239999999999998
12.964285714285714 1.8239999999999998
13.0 1.8239999999999998
13.035714285714286 1.8239999999999998
13.071428571428571 1.8239999999999998
13.107142857142858 1.8239999999999998
13.142857142857142 1.8239999999999998
13.178571428571429 1.8239999999999998
13.214285714285714 1.8239999999999998
13.25 1.8204375
13.285714285714286 1.8204375
13.321428571428571 1.8239999999999998
13.357142857142858 1.8239999999999998
13.392857142857142 1.8239999999999998
13.428571428571429 1.8239999999999998
13.464285714285714 1.8239999999999998
13.5 1.8239999999999998
13.535714285714286 1.8239999999999998
13.571428571428571 1.8239999999999998
13.607142857142858 1.8239999999999998
13.642857142857142 1.8239999999999998
13.678571428571429 1.8239999999999998
13.714285714285714 1.8239999999999998
13.75 1.8239999999999998
13.785714285714286 1.8239999999999998
13.821428571428571 1.8239999999999998
13.857142857142858 1.8239999999999998
13.892857142857142 1.8239999999999998
13.928571428571429 1.8239999999999998
13.964285714285714 1.8239999999999998
14.0 1.8239999999999998
14.035714285714286 1.8239999999999998
14.071428571428571 1.8239999999999998
14.107142857142858 1.8239999999999998
14.142857142857142 1.8239999999999998
14.178571428571429 1.8239999999999998
14.214285714285714 1.8239999999999998
14.25 1.8239999999999998
14.285714285714286 1.8239999999999998
14.321428571428571 1.8239999999999998
14.357142857142858 1.8239999999999998
14.392857142857142 1.8239999999999998
14.428571428571429 1.8239999999999998
14.464285714285714 1.8239999999999998
14.5 1.8239999999999998
14.535714285714286 1.8239999999999998
14.571428571428571 1.8239999999999998
14.607142857142858 1.8239999999999998
14.642857142857142 1.8239999999999998
14.678571428571429 1.8239999999999998
14.714285714285714 1.8239999999999998
14.75 1.8239999999999998
14.785714285714286 1.8239999999999998
14.821428571428571 1.8239999999999998
14.857142857142858 1.8239999999999998
14.892857142857142 1.8239999999999998
14.928571428571429 1.8239999999999998
14.964285714285714 1.8239999999999998
15.0 1.8239999999999998
15.035714285714286 1.8239999999999998
15.071428571428571 1.8239999999999998
15.107142857142858 1.8239999999999998
15.142857142857142 1.8239999999999998
15.178571428571429 1.8239999999999998
15.214285714285714 1.8239999999999998
15.25 1.8239999999999998
15.285714285714286 1.8239999999999998
15.321428571428571 1.8239999999999998
15.357142857142858 1.8239999999999998
15.392857142857142 1.8239999999999998
15.428571428571429 1.8239999999999998
15.464285714285714 1.8239999999999998
15.5 1.8239999999999998
15.535714285714286 1.8239999999999998
15.571428571428571 1.8239999999999998
15.607142857142858 1.8239999999999998
15.642857142857142 1.8239999999999998
15.678571428571429 1.8239999999999998
15.714285714285714 1.8239999999999998
15.75 1.8239999999999998
15.785714285714286 1.8239999999999998
15.821428571428571 1.8239999999999998
15.857142857142858 1.8239999999999998
15.892857142857142 1.8239999999999998
15.928571428571429 1.8239999999999998
15.964285714285714 1.8239999999999998
16.0 1.8239999999999998
16.035714285714285 1.8239999999999998
16.071428571428573 1.8239999999999998
16.107142857142858 1.8239999999999998
16.142857142857142 1.8239999999999998
16.178571428571427 1.8239999999999998
16.214285714285715 1.8239999999999998
16.25 1.8239999999999998
16.285714285714285 1.8239999999999998
16.321428571428573 1.8239999999999998
16.357142857142858 1.8239999999999998
16.392857142857142 1.8239999999999998
16.428571428571427 1.8239999999999998
16.464285714285715 1.8346874999999998
16.5 1.8453749999999998
16.535714285714285 1.8489375
16.571428571428573 1.83825
16.607142857142858 1.7990624999999998
16.642857142857142 1.7812499999999998
16.678571428571427 1.7883749999999998
16.714285714285715 1.7883749999999998
16.75 1.7990624999999998
16.785714285714285 1.8133124999999999
16.821428571428573 1.8133124999999999
16.857142857142858 1.7919375
16.892857142857142 1.7848125
16.928571428571427 1.7848125
16.964285714285715 1.7776874999999999
17.0 1.8061874999999998
17.035714285714285 1.802625
17.071428571428573 1.7776874999999999
17.107142857142858 1.7206875
17.142857142857142 1.6957499999999999
17.178571428571427 1.6886249999999998
17.214285714285715 1.6921875
17.25 1.7135624999999999
17.285714285714285 1.7349374999999998
17.321428571428573 1.7919375
17.357142857142858 1.8453749999999998
17.392857142857142 1.8774374999999999
17.428571428571427 2.2550624999999997
17.464285714285715 2.244375
17.5 1.9415624999999999
17.535714285714285 1.9237499999999998
17.571428571428573 2.2906874999999998
17.607142857142858 2.315625
17.642857142857142 2.3334375
17.678571428571427 1.930875
17.714285714285715 1.8453749999999998
17.75 1.7954999999999999
17.785714285714285 1.774125
17.821428571428573 1.7634374999999998
17.857142857142858 1.745625
17.892857142857142 1.7420624999999998
17.928571428571427 1.7385
17.964285714285715 1.7349374999999998
18.0 1.7242499999999998
18.035714285714285 1.7206875
18.071428571428573 1.7206875
18.107142857142858 1.7171249999999998
18.142857142857142 1.7171249999999998
18.178571428571427 1.7171249999999998
18.214285714285715 1.7171249999999998
18.25 1.7171249999999998
18.285714285714285 1.7171249999999998
18.321428571428573 1.7171249999999998
18.357142857142858 1.7135624999999999
18.392857142857142 1.7135624999999999
18.428571428571427 1.7135624999999999
18.464285714285715 1.7135624999999999
18.5 1.7135624999999999
18.535714285714285 1.7135624999999999
18.571428571428573 1.7135624999999999
18.607142857142858 1.7135624999999999
18.642857142857142 1.7135624999999999
18.678571428571427 1.7135624999999999
18.714285714285715 1.7135624999999999
18.75 1.7135624999999999
18.785714285714285 1.7135624999999999
18.821428571428573 1.7135624999999999
18.857142857142858 1.71
18.892857142857142 1.7135624999999999
18.928571428571427 1.71
18.964285714285715 1.71
19.0 1.71
19.035714285714285 1.71
19.071428571428573 1.71
19.107142857142858 1.7135624999999999
19.142857142857142 1.71
19.178571428571427 1.71
19.214285714285715 1.71
19.25 1.71
19.285714285714285 1.71
19.321428571428573 1.71
19.357142857142858 1.71
19.392857142857142 1.71
19.428571428571427 1.71
19.464285714285715 1.71
19.5 1.71
19.535714285714285 1.71
19.571428571428573 1.71
19.607142857142858 1.71
19.642857142857142 1.71
19.678571428571427 1.71
19.714285714285715 1.71
19.75 1.71
19.785714285714285 1.71
19.821428571428573 1.71
19.857142857142858 1.71
19.892857142857142 1.71
19.928571428571427 1.71
19.964285714285715 1.71
20.0 1.71
20.035714285714285 1.71
20.071428571428573 1.71
20.107142857142858 1.71
20.142857142857142 1.7064374999999998
20.178571428571427 1.71
20.214285714285715 1.71
20.25 1.71
20.285714285714285 1.71
20.321428571428573 1.71
20.357142857142858 1.71
20.392857142857142 1.71
20.428571428571427 1.71
20.464285714285715 1.71
20.5 1.71
20.535714285714285 1.71
20.571428571428573 1.71
20.607142857142858 1.71
20.642857142857142 1.71
20.678571428571427 1.71
20.714285714285715 1.71
20.75 1.71
20.785714285714285 1.71
20.821428571428573 1.71
20.857142857142858 1.71
20.892857142857142 1.71
20.928571428571427 1.7064374999999998
20.964285714285715 1.71
21.0 1.71
21.035714285714285 1.71
21.071428571428573 1.71
21.107142857142858 1.71
21.142857142857142 1.71
21.178571428571427 1.7064374999999998
21.214285714285715 1.71
21.25 1.71
21.285714285714285 1.71
21.321428571428573 1.71
21.357142857142858 1.71
21.392857142857142 1.71
21.428571428571427 1.71
21.464285714285715 1.71
21.5 1.71
21.535714285714285 1.7064374999999998
21.571428571428573 1.7064374999999998
21.607142857142858 1.7064374999999998
21.642857142857142 1.71
21.678571428571427 1.71
21.714285714285715 1.7135624999999999
21.75 1.7135624999999999
21.785714285714285 1.7135624999999999
21.821428571428573 1.6921875
21.964285714285715 1.674375
22.0 1.6957499999999999
22.035714285714285 1.674375
22.071428571428573 1.6779374999999999
22.107142857142858 1.6886249999999998
22.142857142857142 1.7206875
22.178571428571427 1.71
22.214285714285715 1.66725
22.25 1.61025
22.285714285714285 1.5959999999999999
22.321428571428573 1.5924375
22.357142857142858 1.6209375
22.392857142857142 1.6423124999999998
22.428571428571427 1.66725
22.464285714285715 1.7242499999999998
22.5 2.0983125
22.535714285714285 2.0911874999999998
22.571428571428573 1.8168749999999998
22.607142857142858 1.80975
22.642857142857142 1.8133124999999999
22.678571428571427 1.7954999999999999
22.714285714285715 1.7919375
22.75 1.80975
22.785714285714285 2.3690624999999996
22.821428571428573 2.386875
22.857142857142858 2.4403124999999997
22.892857142857142 1.873875
22.928571428571427 1.8774374999999999
22.964285714285715 1.802625
23.0 1.7634374999999998
23.035714285714285 1.7598749999999999
23.071428571428573 1.7563125
23.107142857142858 1.7491875
23.142857142857142 1.745625
23.178571428571427 1.745625
23.214285714285715 1.745625
23.25 1.745625
23.285714285714285 1.745625
23.321428571428573 1.745625
23.357142857142858 1.745625
23.392857142857142 1.745625
23.428571428571427 1.745625
23.464285714285715 1.7420624999999998
23.5 1.7420624999999998
23.535714285714285 1.7420624999999998
23.571428571428573 1.7420624999999998
23.607142857142858 1.7420624999999998
23.642857142857142 1.7420624999999998
23.678571428571427 1.7420624999999998
23.714285714285715 1.7420624999999998
23.75 1.7420624999999998
23.785714285714285 1.7420624999999998
23.821428571428573 1.7420624999999998
23.857142857142858 1.7420624999999998
23.892857142857142 1.7420624999999998
23.928571428571427 1.7420624999999998
23.964285714285715 1.7420624999999998
24.0 1.7420624999999998
24.035714285714285 1.7420624999999998
24.071428571428573 1.7420624999999998
24.107142857142858 1.7420624999999998
24.142857142857142 1.7420624999999998
24.178571428571427 1.7420624999999998
24.214285714285715 1.7420624999999998
24.25 1.7420624999999998
24.285714285714285 1.7420624999999998
24.321428571428573 1.7420624999999998
24.357142857142858 1.7420624999999998
24.392857142857142 1.7420624999999998
24.428571428571427 1.7420624999999998
24.464285714285715 1.7420624999999998
24.5 1.7420624999999998
24.535714285714285 1.7420624999999998
24.571428571428573 1.7420624999999998
24.607142857142858 1.7420624999999998
24.642857142857142 1.7420624999999998
24.678571428571427 1.7420624999999998
24.714285714285715 1.7420624999999998
24.75 1.7420624999999998
24.785714285714285 1.7420624999999998
24.821428571428573 1.7420624999999998
24.857142857142858 1.7420624999999998
24.892857142857142 1.7420624999999998
24.928571428571427 1.7420624999999998
24.964285714285715 1.7420624999999998
25.0 1.7420624999999998
25.035714285714285 1.7420624999999998
25.071428571428573 1.7420624999999998
25.107142857142858 1.7420624999999998
25.142857142857142 1.7420624999999998
25.178571428571427 1.7420624999999998
25.214285714285715 1.7420624999999998
25.25 1.7420624999999998
25.285714285714285 1.7420624999999998
25.321428571428573 1.7420624999999998
25.357142857142858 1.7420624999999998
25.392857142857142 1.7420624999999998
25.428571428571427 1.7420624999999998
25.464285714285715 1.7420624999999998
25.5 1.7420624999999998
25.535714285714285 1.7420624999999998
25.571428571428573 1.7420624999999998
25.607142857142858 1.7420624999999998
25.642857142857142 1.7420624999999998
25.678571428571427 1.7420624999999998
25.714285714285715 1.7420624999999998
25.75 1.7420624999999998
25.785714285714285 1.7420624999999998
25.821428571428573 1.7420624999999998
25.857142857142858 1.7420624999999998
25.892857142857142 1.7420624999999998
25.928571428571427 1.7420624999999998
25.964285714285715 1.7420624999999998
26.0 1.7420624999999998
26.035714285714285 1.7420624999999998
26.071428571428573 1.7420624999999998
26.107142857142858 1.7420624999999998
26.142857142857142 1.7420624999999998
26.178571428571427 1.7420624999999998
26.214285714285715 1.7420624999999998
26.25 1.7420624999999998
26.285714285714285 1.7420624999999998
26.321428571428573 1.7420624999999998
26.357142857142858 1.7420624999999998
26.392857142857142 1.7420624999999998
26.428571428571427 1.7420624999999998
26.464285714285715 1.7420624999999998
26.5 1.7420624999999998
26.535714285714285 1.7420624999999998
26.571428571428573 1.7420624999999998
26.607142857142858 1.7420624999999998
26.642857142857142 1.745625
26.678571428571427 1.7527499999999998
26.714285714285715 1.7598749999999999
26.75 1.7563125
26.785714285714285 1.7313749999999999
26.928571428571427 1.745625
26.964285714285715 1.745625
27.0 1.7385
27.035714285714285 1.7563125
27.071428571428573 1.7954999999999999
27.107142857142858 1.802625
27.142857142857142 1.7812499999999998
27.178571428571427 1.7064374999999998
27.214285714285715 1.6814999999999998
27.25 1.6565625
27.285714285714285 1.6850625
27.321428571428573 1.702875
27.357142857142858 1.7206875
27.392857142857142 1.7278125
27.428571428571427 1.7385
27.464285714285715 1.7420624999999998
27.5 1.7278125
27.535714285714285 1.6814999999999998
27.571428571428573 1.5639375
27.607142857142858 1.574625
27.642857142857142 1.61025
27.678571428571427 1.645875
27.714285714285715 1.5888749999999998
27.75 1.7171249999999998
27.785714285714285 1.6957499999999999
27.821428571428573 1.6351874999999998
27.857142857142858 1.5888749999999998
27.892857142857142 1.5853125
27.928571428571427 1.58175
27.964285714285715 1.58175
28.0 1.58175
28.035714285714285 1.58175
28.071428571428573 1.58175
28.107142857142858 1.58175
28.142857142857142 1.5781874999999999
28.178571428571427 1.58175
28.214285714285715 1.58175
28.25 1.58175
28.285714285714285 1.58175
28.321428571428573 1.58175
28.357142857142858 1.58175
28.392857142857142 1.58175
28.428571428571427 1.58175
28.464285714285715 1.58175
28.5 1.58175
28.535714285714285 1.58175
28.571428571428573 1.58175
28.607142857142858 1.5853125
28.642857142857142 1.58175
28.678571428571427 1.58175
28.714285714285715 1.58175
28.75 1.58175
28.785714285714285 1.58175
28.821428571428573 1.58175
28.857142857142858 1.58175
28.892857142857142 1.58175
28.928571428571427 1.58175
28.964285714285715 1.58175
29.0 1.58175
29.035714285714285 1.58175
29.071428571428573 1.58175
29.107142857142858 1.58175
29.142857142857142 1.58175
29.178571428571427 1.58175
29.214285714285715 1.58175
29.25 1.58175
29.285714285714285 1.58175
29.321428571428573 1.58175
29.357142857142858 1.58175
29.392857142857142 1.58175
29.428571428571427 1.58175
29.464285714285715 1.58175
29.5 1.58175
29.535714285714285 1.58175
29.571428571428573 1.58175
29.607142857142858 1.58175
29.642857142857142 1.58175
29.678571428571427 1.58175
29.714285714285715 1.58175
29.75 1.58175
29.785714285714285 1.58175
29.821428571428573 1.58175
29.857142857142858 1.58175
29.892857142857142 1.58175
29.928571428571427 1.58175
29.964285714285715 1.58175
30.0 1.58175
30.035714285714285 1.58175
30.071428571428573 1.58175
30.107142857142858 1.58175
30.142857142857142 1.58175
30.178571428571427 1.58175
30.214285714285715 1.58175
30.25 1.58175
30.285714285714285 1.58175
30.321428571428573 1.58175
30.357142857142858 1.5853125
30.392857142857142 1.58175
30.428571428571427 1.58175
30.464285714285715 1.58175
30.5 1.58175
30.535714285714285 1.58175
30.571428571428573 1.58175
30.607142857142858 1.58175
30.642857142857142 1.58175
30.678571428571427 1.58175
30.714285714285715 1.58175
30.75 1.58175
30.785714285714285 1.58175
30.821428571428573 1.58175
30.857142857142858 1.58175
30.892857142857142 1.5853125
30.928571428571427 1.58175
30.964285714285715 1.58175
31.0 1.58175
31.035714285714285 1.58175
31.071428571428573 1.5853125
31.107142857142858 1.58175
31.142857142857142 1.58175
31.178571428571427 1.58175
31.214285714285715 1.58175
31.25 1.58175
31.285714285714285 1.5853125
31.321428571428573 1.5853125
31.357142857142858 1.58175
31.392857142857142 1.58175
31.428571428571427 1.58175
31.464285714285715 1.58175
31.5 1.58175
31.535714285714285 1.58175
31.571428571428573 1.58175
31.607142857142858 1.58175
31.642857142857142 1.58175
31.678571428571427 1.58175
31.714285714285715 1.5853125
31.75 1.5888749999999998
31.785714285714285 1.5924375
31.821428571428573 1.5888749999999998
31.857142857142858 1.5781874999999999
31.892857142857142 1.5425624999999998
31.928571428571427 1.517625
31.964285714285715 1.4998125
32.0 1.482
32.035714285714285 1.503375
32.07142857142857 1.517625
32.107142857142854 1.546125
32.142857142857146 1.5318749999999999
32.17857142857143 1.5140624999999999
32.214285714285715 1.503375
32.25 1.5105
32.285714285714285 1.517625
32.32142857142857 1.5211875
32.357142857142854 1.503375
32.392857142857146 1.474875
32.42857142857143 1.474875
32.464285714285715 1.482
32.5 1.4998125
32.535714285714285 1.5247499999999998
32.57142857142857 1.5710624999999998
32.607142857142854 1.6244999999999998
32.642857142857146 1.6565625
32.67857142857143 1.9629374999999998
32.714285714285715 2.016375
32.75 2.0270625
32.785714285714285 2.0341875
32.82142857142857 1.7420624999999998
32.857142857142854 1.7064374999999998
32.892857142857146 1.6921875
32.92857142857143 1.6814999999999998
32.964285714285715 1.6351874999999998
33.0 1.5853125
33.035714285714285 1.5675
33.07142857142857 1.5568125
33.107142857142854 1.546125
33.142857142857146 1.539
33.17857142857143 1.5318749999999999
33.214285714285715 1.5283125
33.25 1.5211875
33.285714285714285 1.5140624999999999
33.32142857142857 1.5105
33.357142857142854 1.5105
33.392857142857146 1.5105
33.42857142857143 1.5105
33.464285714285715 1.5105
33.5 1.5105
33.535714285714285 1.5105
33.57142857142857 1.5069374999999998
33.607142857142854 1.5069374999999998
33.642857142857146 1.5069374999999998
33.67857142857143 1.5105
33.714285714285715 1.5105
33.75 1.5105
33.785714285714285 1.5105
33.82142857142857 1.5069374999999998
33.857142857142854 1.5105
33.892857142857146 1.5105
33.92857142857143 1.5105
33.964285714285715 1.5105
34.0 1.5069374999999998
34.035714285714285 1.5069374999999998
34.07142857142857 1.5105
34.107142857142854 1.5105
34.142857142857146 1.5105
34.17857142857143 1.5105
34.214285714285715 1.5069374999999998
34.25 1.5105
34.285714285714285 1.5069374999999998
34.32142857142857 1.5069374999999998
34.357142857142854 1.5069374999999998
34.392857142857146 1.5105
34.42857142857143 1.5105
34.464285714285715 1.5105
34.5 1.5105
34.535714285714285 1.5069374999999998
34.57142857142857 1.5105
34.607142857142854 1.5105
34.642857142857146 1.5069374999999998
34.67857142857143 1.5105
34.714285714285715 1.5105
34.75 1.5105
34.785714285714285 1.5105
34.82142857142857 1.5105
34.857142857142854 1.5069374999999998
34.892857142857146 1.5069374999999998
34.92857142857143 1.5105
34.964285714285715 1.5105
35.0 1.5069374999999998
35.035714285714285 1.5105
35.07142857142857 1.5105
35.107142857142854 1.5069374999999998
35.142857142857146 1.5105
35.17857142857143 1.5069374999999998
35.214285714285715 1.5069374999999998
35.25 1.5105
35.285714285714285 1.5105
35.32142857142857 1.5105
35.357142857142854 1.5069374999999998
35.392857142857146 1.5069374999999998
35.42857142857143 1.5105
35.464285714285715 1.5069374999999998
35.5 1.5069374999999998
35.535714285714285 1.5069374999999998
35.57142857142857 1.5069374999999998
35.607142857142854 1.5069374999999998
35.642857142857146 1.5069374999999998
35.67857142857143 1.5105
35.714285714285715 1.5105
35.75 1.5105
35.785714285714285 1.5105
35.82142857142857 1.5069374999999998
35.857142857142854 1.5069374999999998
35.892857142857146 1.5069374999999998
35.92857142857143 1.5069374999999998
35.964285714285715 1.5069374999999998
36.0 1.5069374999999998
36.035714285714285 1.5069374999999998
36.07142857142857 1.5105
36.107142857142854 1.5105
36.142857142857146 1.5069374999999998
36.17857142857143 1.5069374999999998
36.214285714285715 1.5069374999999998
36.25 1.5069374999999998
36.285714285714285 1.5069374999999998
36.32142857142857 1.5069374999999998
36.357142857142854 1.5069374999999998
36.392857142857146 1.5069374999999998
36.42857142857143 1.5105
36.464285714285715 1.5105
36.5 1.5105
36.535714285714285 1.5105
36.57142857142857 1.5069374999999998
36.607142857142854 1.5105
36.642857142857146 1.5105
36.67857142857143 1.5105
36.714285714285715 1.5069374999999998
36.75 1.5105
36.785714285714285 1.5105
36.82142857142857 1.5105
36.857142857142854 1.5140624999999999
36.892857142857146 1.517625
36.92857142857143 1.5211875
36.964285714285715 1.517625
37.142857142857146 1.5247499999999998
37.17857142857143 1.5354374999999998
37.214285714285715 1.5069374999999998
37.25 1.4570625
37.285714285714285 1.446375
37.32142857142857 1.43925
37.357142857142854 1.4534999999999998
37.392857142857146 1.4570625
37.42857142857143 1.4321249999999999
37.464285714285715 1.4071874999999998
37.5 1.375125
37.535714285714285 1.3786874999999998
37.57142857142857 1.3964999999999999
37.607142857142854 1.4285625
37.642857142857146 1.4499374999999999
37.67857142857143 1.4926875
37.714285714285715 1.5211875
37.75 1.58175
37.785714285714285 1.6066874999999998
37.82142857142857 2.0056875
37.857142857142854 2.0484375
37.892857142857146 2.0698125
37.92857142857143 1.546125
37.964285714285715 1.5211875
38.0 1.4713124999999998
38.035714285714285 1.446375
38.07142857142857 1.403625
38.107142857142854 1.3644375
38.142857142857146 1.3644375
38.17857142857143 1.3644375
38.214285714285715 1.3608749999999998
38.25 1.3573125
38.285714285714285 1.35375
38.32142857142857 1.35375
38.357142857142854 1.3501874999999999
38.392857142857146 1.3501874999999999
38.42857142857143 1.3501874999999999
38.464285714285715 1.346625
38.5 1.346625
38.535714285714285 1.346625
38.57142857142857 1.346625
38.607142857142854 1.346625
38.642857142857146 1.3501874999999999
38.67857142857143 1.346625
38.714285714285715 1.346625
38.75 1.3501874999999999
38.785714285714285 1.3501874999999999
38.82142857142857 1.346625
38.857142857142854 1.3501874999999999
38.892857142857146 1.3501874999999999
38.92857142857143 1.346625
38.964285714285715 1.346625
39.0 1.3501874999999999
39.035714285714285 1.346625
39.07142857142857 1.3501874999999999
39.107142857142854 1.346625
39.142857142857146 1.3501874999999999
39.17857142857143 1.3501874999999999
39.214285714285715 1.3501874999999999
39.25 1.3501874999999999
39.285714285714285 1.3501874999999999
39.32142857142857 1.3501874999999999
39.357142857142854 1.3501874999999999
39.392857142857146 1.3501874999999999
39.42857142857143 1.3501874999999999
39.464285714285715 1.3501874999999999
39.5 1.3501874999999999
39.535714285714285 1.3501874999999999
39.57142857142857 1.3501874999999999
39.607142857142854 1.3501874999999999
39.642857142857146 1.3501874999999999
39.67857142857143 1.3501874999999999
39.714285714285715 1.3501874999999999
39.75 1.3501874999999999
39.785714285714285 1.3501874999999999
39.82142857142857 1.3501874999999999
39.857142857142854 1.3501874999999999
39.892857142857146 1.3501874999999999
39.92857142857143 1.3501874999999999
39.964285714285715 1.3501874999999999
