0.03571428571428571 2.7645
0.07142857142857142 2.7645
0.10714285714285714 2.7645
0.14285714285714285 2.7645
0.17857142857142858 2.7645
0.21428571428571427 2.7680624999999996
0.25 2.7645
0.2857142857142857 2.7645
0.32142857142857145 2.7645
0.35714285714285715 2.7645
0.39285714285714285 2.7645
0.42857142857142855 2.7645
0.4642857142857143 2.7645
0.5 2.7645
0.5357142857142857 2.7645
0.5714285714285714 2.7645
0.6071428571428571 2.7645
0.6428571428571429 2.7645
0.6785714285714286 2.7645
0.7142857142857143 2.7645
0.75 2.7645
0.7857142857142857 2.7645
0.8214285714285714 2.7645
0.8571428571428571 2.7645
0.8928571428571429 2.7645
0.9285714285714286 2.7645
0.9642857142857143 2.7645
1.0 2.7645
1.0357142857142858 2.7645
1.0714285714285714 2.7645
1.1071428571428572 2.7645
1.1428571428571428 2.7645
1.1785714285714286 2.7645
1.2142857142857142 2.7645
1.25 2.7645
1.2857142857142858 2.7645
1.3214285714285714 2.7645
1.3571428571428572 2.7645
1.3928571428571428 2.7645
1.4285714285714286 2.7680624999999996
1.4642857142857142 2.7645
1.5 2.7645
1.5357142857142858 2.7680624999999996
1.5714285714285714 2.7680624999999996
1.6071428571428572 2.7645
1.6428571428571428 2.7680624999999996
1.6785714285714286 2.7680624999999996
1.7142857142857142 2.7680624999999996
1.75 2.7680624999999996
1.7857142857142858 2.7680624999999996
1.8214285714285714 2.7645
1.8571428571428572 2.7680624999999996
1.8928571428571428 2.7680624999999996
1.9285714285714286 2.7680624999999996
1.9642857142857142 2.7680624999999996
2.0 2.7680624999999996
2.0357142857142856 2.7680624999999996
2.0714285714285716 2.7680624999999996
2.107142857142857 2.7680624999999996
2.142857142857143 2.7680624999999996
2.1785714285714284 2.7680624999999996
2.2142857142857144 2.7680624999999996
2.25 2.7680624999999996
2.2857142857142856 2.7680624999999996
2.3214285714285716 2.7680624999999996
2.357142857142857 2.7680624999999996
2.392857142857143 2.7680624999999996
2.4285714285714284 2.7680624999999996
2.4642857142857144 2.7680624999999996
2.5 2.7680624999999996
2.5357142857142856 2.7680624999999996
2.5714285714285716 2.7680624999999996
2.607142857142857 2.7823124999999997
2.642857142857143 2.7965625
2.6785714285714284 2.8179374999999998
2.7142857142857144 2.8250624999999996
2.75 2.83575
2.7857142857142856 2.842875
2.8214285714285716 2.8464375
2.857142857142857 2.8606874999999996
2.892857142857143 2.871375
2.9285714285714284 2.871375
2.9642857142857144 2.8393124999999997
3.0 2.7929999999999997
3.0357142857142856 2.7645
3.0714285714285716 2.6896875
3.107142857142857 2.6291249999999997
3.142857142857143 2.600625
3.1785714285714284 2.5828124999999997
3.2142857142857144 2.586375
3.25 2.5899375
3.2857142857142856 2.600625
3.3214285714285716 2.60775
3.357142857142857 2.6041874999999997
3.392857142857143 2.5970625
3.4285714285714284 2.5970625
3.4642857142857144 2.600625
3.5 2.6041874999999997
3.5357142857142856 2.5899375
3.5714285714285716 2.5970625
3.607142857142857 2.5934999999999997
3.642857142857143 2.622
3.6785714285714284 2.6255625
3.7142857142857144 2.6291249999999997
3.75 2.6326875
3.7857142857142856 2.63625
3.8214285714285716 2.63625
3.857142857142857 2.6398124999999997
3.892857142857143 2.6398124999999997
3.9285714285714284 2.6398124999999997
3.9642857142857144 2.6398124999999997
4.0 2.6398124999999997
4.035714285714286 2.6398124999999997
4.071428571428571 2.6398124999999997
4.107142857142857 2.6398124999999997
4.142857142857143 2.6398124999999997
4.178571428571429 2.6398124999999997
4.214285714285714 2.6398124999999997
4.25 2.643375
4.285714285714286 2.643375
4.321428571428571 2.643375
4.357142857142857 2.643375
4.392857142857143 2.6469375
4.428571428571429 2.6469375
4.464285714285714 2.6469375
4.5 2.6469375
4.535714285714286 2.6469375
4.571428571428571 2.6469375
4.607142857142857 2.6469375
4.642857142857143 2.6469375
4.678571428571429 2.6469375
4.714285714285714 2.6469375
4.75 2.6469375
4.785714285714286 2.6469375
4.821428571428571 2.6469375
4.857142857142857 2.6469375
4.892857142857143 2.6469375
4.928571428571429 2.6469375
4.964285714285714 2.6469375
5.0 2.6469375
5.035714285714286 2.6469375
5.071428571428571 2.6469375
5.107142857142857 2.6469375
5.142857142857143 2.6469375
5.178571428571429 2.6469375
5.214285714285714 2.6469375
5.25 2.6469375
5.285714285714286 2.6469375
5.321428571428571 2.6469375
5.357142857142857 2.6469375
5.392857142857143 2.6469375
5.428571428571429 2.6469375
5.464285714285714 2.6469375
5.5 2.6469375
5.535714285714286 2.6469375
5.571428571428571 2.6469375
5.607142857142857 2.6469375
5.642857142857143 2.6469375
5.678571428571429 2.6469375
5.714285714285714 2.6469375
5.75 2.6469375
5.785714285714286 2.6469375
5.821428571428571 2.6469375
5.857142857142857 2.6469375
5.892857142857143 2.6469375
5.928571428571429 2.6469375
5.964285714285714 2.6469375
6.0 2.6469375
6.035714285714286 2.6469375
6.071428571428571 2.6469375
6.107142857142857 2.6469375
6.142857142857143 2.6469375
6.178571428571429 2.6469375
6.214285714285714 2.6469375
6.25 2.6469375
6.285714285714286 2.6469375
6.321428571428571 2.6469375
6.357142857142857 2.6469375
6.392857142857143 2.6469375
6.428571428571429 2.6469375
6.464285714285714 2.6469375
6.5 2.6469375
6.535714285714286 2.6469375
6.571428571428571 2.6469375
6.607142857142857 2.6469375
6.642857142857143 2.6469375
6.678571428571429 2.6469375
6.714285714285714 2.6469375
6.75 2.6469375
6.785714285714286 2.6469375
6.821428571428571 2.6469375
6.857142857142857 2.6469375
6.892857142857143 2.6469375
6.928571428571429 2.6469375
6.964285714285714 2.6469375
7.0 2.6469375
7.035714285714286 2.6469375
7.071428571428571 2.6469375
7.107142857142857 2.6469375
7.142857142857143 2.6469375
7.178571428571429 2.6469375
7.214285714285714 2.6469375
7.25 2.6469375
7.285714285714286 2.6469375
7.321428571428571 2.6469375
7.357142857142857 2.6469375
7.392857142857143 2.6469375
7.428571428571429 2.6469375
7.464285714285714 2.6469375
7.5 2.6469375
7.535714285714286 2.6469375
7.571428571428571 2.6469375
7.607142857142857 2.6469375
7.642857142857143 2.6469375
7.678571428571429 2.6469375
7.714285714285714 2.6469375
7.75 2.6469375
7.785714285714286 2.6469375
7.821428571428571 2.6469375
7.857142857142857 2.6469375
7.892857142857143 2.6469375
7.928571428571429 2.6469375
7.964285714285714 2.6469375
8.0 2.6469375
8.035714285714286 2.6469375
8.071428571428571 2.6469375
8.107142857142858 2.6469375
8.142857142857142 2.6469375
8.178571428571429 2.6469375
8.214285714285714 2.6469375
8.25 2.6469375
8.285714285714286 2.6504999999999996
8.321428571428571 2.6504999999999996
8.357142857142858 2.6504999999999996
8.392857142857142 2.6504999999999996
8.428571428571429 2.6504999999999996
8.464285714285714 2.6504999999999996
8.5 2.6504999999999996
8.535714285714286 2.6504999999999996
8.571428571428571 2.6504999999999996
8.607142857142858 2.6504999999999996
8.642857142857142 2.6504999999999996
8.678571428571429 2.6504999999999996
8.714285714285714 2.6504999999999996
8.75 2.6504999999999996
8.785714285714286 2.6504999999999996
8.821428571428571 2.6504999999999996
8.857142857142858 2.6504999999999996
8.892857142857142 2.6504999999999996
8.928571428571429 2.6504999999999996
8.964285714285714 2.6504999999999996
9.0 2.6504999999999996
9.035714285714286 2.6504999999999996
9.071428571428571 2.6504999999999996
9.107142857142858 2.6504999999999996
9.142857142857142 2.6504999999999996
9.178571428571429 2.6504999999999996
9.214285714285714 2.6504999999999996
9.25 2.6504999999999996
9.285714285714286 2.6504999999999996
9.321428571428571 2.6504999999999996
9.357142857142858 2.6504999999999996
9.392857142857142 2.6504999999999996
9.428571428571429 2.6504999999999996
9.464285714285714 2.6504999999999996
9.5 2.6504999999999996
9.535714285714286 2.6504999999999996
9.571428571428571 2.6504999999999996
9.607142857142858 2.6504999999999996
9.642857142857142 2.6504999999999996
9.678571428571429 2.6504999999999996
9.714285714285714 2.6504999999999996
9.75 2.6504999999999996
9.785714285714286 2.6504999999999996
9.821428571428571 2.6504999999999996
9.857142857142858 2.6504999999999996
9.892857142857142 2.6504999999999996
9.928571428571429 2.6504999999999996
9.964285714285714 2.6504999999999996
10.0 2.6504999999999996
10.035714285714286 2.6504999999999996
10.071428571428571 2.6504999999999996
10.107142857142858 2.6504999999999996
10.142857142857142 2.6504999999999996
10.178571428571429 2.6540624999999998
10.214285714285714 2.6540624999999998
10.25 2.6540624999999998
10.285714285714286 2.6540624999999998
10.321428571428571 2.6540624999999998
10.357142857142858 2.6540624999999998
10.392857142857142 2.6540624999999998
10.428571428571429 2.6540624999999998
10.464285714285714 2.6540624999999998
10.5 2.6540624999999998
10.535714285714286 2.6540624999999998
10.571428571428571 2.6540624999999998
10.607142857142858 2.6540624999999998
10.642857142857142 2.6540624999999998
10.678571428571429 2.6540624999999998
10.714285714285714 2.6540624999999998
10.75 2.6540624999999998
10.785714285714286 2.6540624999999998
10.821428571428571 2.6540624999999998
10.857142857142858 2.6540624999999998
10.892857142857142 2.6540624999999998
10.928571428571429 2.6540624999999998
10.964285714285714 2.6540624999999998
11.0 2.6540624999999998
11.035714285714286 2.6540624999999998
11.071428571428571 2.6540624999999998
11.107142857142858 2.6540624999999998
11.142857142857142 2.6540624999999998
11.178571428571429 2.6540624999999998
11.214285714285714 2.6540624999999998
11.25 2.6540624999999998
11.285714285714286 2.6540624999999998
11.321428571428571 2.6540624999999998
11.357142857142858 2.6540624999999998
11.392857142857142 2.6540624999999998
11.428571428571429 2.6540624999999998
11.464285714285714 2.6540624999999998
11.5 2.6540624999999998
11.535714285714286 2.6540624999999998
11.571428571428571 2.6540624999999998
11.607142857142858 2.6540624999999998
11.642857142857142 2.6540624999999998
11.678571428571429 2.6540624999999998
11.714285714285714 2.6540624999999998
11.75 2.6540624999999998
11.785714285714286 2.6540624999999998
11.821428571428571 2.6540624999999998
11.857142857142858 2.6540624999999998
11.892857142857142 2.6540624999999998
11.928571428571429 2.6540624999999998
11.964285714285714 2.6540624999999998
12.0 2.6540624999999998
12.035714285714286 2.6540624999999998
12.071428571428571 2.6540624999999998
12.107142857142858 2.6540624999999998
12.142857142857142 2.6540624999999998
12.178571428571429 2.6540624999999998
12.214285714285714 2.6540624999999998
12.25 2.6540624999999998
12.285714285714286 2.6540624999999998
12.321428571428571 2.6540624999999998
12.357142857142858 2.6540624999999998
12.392857142857142 2.6540624999999998
12.428571428571429 2.6540624999999998
12.464285714285714 2.6540624999999998
12.5 2.6540624999999998
12.535714285714286 2.6540624999999998
12.571428571428571 2.6540624999999998
12.607142857142858 2.6540624999999998
12.642857142857142 2.6504999999999996
12.678571428571429 2.6469375
12.714285714285714 2.6469375
12.75 2.6647499999999997
12.785714285714286 2.6825625
12.821428571428571 2.6968124999999996
12.857142857142858 2.657625
12.892857142857142 2.7110624999999997
12.928571428571429 2.6896875
12.964285714285714 2.671875
13.0 2.6398124999999997
13.035714285714286 2.5364999999999998
13.071428571428571 2.5756875
13.107142857142858 2.622
13.142857142857142 2.622
13.178571428571429 2.6896875
13.214285714285714 2.7039375
13.25 2.7110624999999997
13.285714285714286 2.7181875
13.321428571428571 2.7217499999999997
13.357142857142858 2.7253125
13.392857142857142 2.7253125
13.428571428571429 2.7217499999999997
13.464285714285714 2.7181875
13.5 2.7110624999999997
13.535714285714286 2.7110624999999997
13.571428571428571 2.7075
13.607142857142858 2.7110624999999997
13.642857142857142 2.5970625
13.678571428571429 2.6041874999999997
13.714285714285714 2.622
13.75 2.6968124999999996
13.785714285714286 2.69325
13.821428571428571 2.69325
13.857142857142858 2.6896875
13.892857142857142 2.679
13.928571428571429 2.6754374999999997
13.964285714285714 2.671875
14.0 2.6683125
14.035714285714286 2.6647499999999997
14.071428571428571 2.6647499999999997
14.107142857142858 2.6611874999999996
14.142857142857142 2.6611874999999996
14.178571428571429 2.6611874999999996
14.214285714285714 2.6611874999999996
14.25 2.657625
14.285714285714286 2.657625
14.321428571428571 2.657625
14.357142857142858 2.657625
14.392857142857142 2.657625
14.428571428571429 2.657625
14.464285714285714 2.657625
14.5 2.657625
14.535714285714286 2.6540624999999998
14.571428571428571 2.6540624999999998
14.607142857142858 2.657625
14.642857142857142 2.6540624999999998
14.678571428571429 2.6540624999999998
14.714285714285714 2.6540624999999998
14.75 2.657625
14.785714285714286 2.6540624999999998
14.821428571428571 2.6540624999999998
14.857142857142858 2.6540624999999998
14.892857142857142 2.6540624999999998
14.928571428571429 2.6540624999999998
14.964285714285714 2.657625
15.0 2.657625
15.035714285714286 2.6540624999999998
15.071428571428571 2.6540624999999998
15.107142857142858 2.6540624999999998
15.142857142857142 2.6540624999999998
15.178571428571429 2.6540624999999998
15.214285714285714 2.6540624999999998
15.25 2.6540624999999998
15.285714285714286 2.6540624999999998
15.321428571428571 2.6540624999999998
15.357142857142858 2.6540624999999998
15.392857142857142 2.6540624999999998
15.428571428571429 2.6540624999999998
15.464285714285714 2.6540624999999998
15.5 2.6540624999999998
15.535714285714286 2.6540624999999998
15.571428571428571 2.6540624999999998
15.607142857142858 2.6540624999999998
15.642857142857142 2.6540624999999998
15.678571428571429 2.6540624999999998
15.714285714285714 2.6540624999999998
15.75 2.6540624999999998
15.785714285714286 2.6540624999999998
15.821428571428571 2.6540624999999998
15.857142857142858 2.6540624999999998
15.892857142857142 2.6540624999999998
15.928571428571429 2.6540624999999998
15.964285714285714 2.6540624999999998
16.0 2.6540624999999998
16.035714285714285 2.6540624999999998
16.071428571428573 2.6540624999999998
16.107142857142858 2.6540624999999998
16.142857142857142 2.6540624999999998
16.178571428571427 2.6540624999999998
16.214285714285715 2.6540624999999998
16.25 2.6540624999999998
16.285714285714285 2.6540624999999998
16.321428571428573 2.6540624999999998
16.357142857142858 2.6540624999999998
16.392857142857142 2.6540624999999998
16.428571428571427 2.657625
16.464285714285715 2.657625
16.5 2.657625
16.535714285714285 2.6540624999999998
16.571428571428573 2.6540624999999998
16.607142857142858 2.6540624999999998
16.642857142857142 2.6540624999999998
16.678571428571427 2.6540624999999998
16.714285714285715 2.657625
16.75 2.6540624999999998
16.785714285714285 2.6540624999999998
16.821428571428573 2.6540624999999998
16.857142857142858 2.6540624999999998
16.892857142857142 2.6540624999999998
16.928571428571427 2.6540624999999998
16.964285714285715 2.6540624999999998
17.0 2.6540624999999998
17.035714285714285 2.6540624999999998
17.071428571428573 2.6540624999999998
17.107142857142858 2.6540624999999998
17.142857142857142 2.6540624999999998
17.178571428571427 2.6540624999999998
17.214285714285715 2.6540624999999998
17.25 2.6540624999999998
17.285714285714285 2.6540624999999998
17.321428571428573 2.6540624999999998
17.357142857142858 2.6540624999999998
17.392857142857142 2.6540624999999998
17.428571428571427 2.6540624999999998
17.464285714285715 2.6540624999999998
17.5 2.6540624999999998
17.535714285714285 2.6540624999999998
17.571428571428573 2.6540624999999998
17.607142857142858 2.6540624999999998
17.642857142857142 2.6540624999999998
17.678571428571427 2.6540624999999998
17.714285714285715 2.6540624999999998
17.75 2.6540624999999998
17.785714285714285 2.6540624999999998
17.821428571428573 2.6540624999999998
17.857142857142858 2.6540624999999998
17.892857142857142 2.6540624999999998
17.928571428571427 2.6540624999999998
17.964285714285715 2.6540624999999998
18.0 2.6540624999999998
18.035714285714285 2.6540624999999998
18.071428571428573 2.6540624999999998
18.107142857142858 2.6540624999999998
18.142857142857142 2.6540624999999998
18.178571428571427 2.6540624999999998
18.214285714285715 2.6540624999999998
18.25 2.6540624999999998
18.285714285714285 2.657625
18.321428571428573 2.6540624999999998
18.357142857142858 2.6540624999999998
18.392857142857142 2.6540624999999998
18.428571428571427 2.6540624999999998
18.464285714285715 2.6540624999999998
18.5 2.6540624999999998
18.535714285714285 2.6540624999999998
18.571428571428573 2.6540624999999998
18.607142857142858 2.6540624999999998
18.642857142857142 2.6540624999999998
18.678571428571427 2.6540624999999998
18.714285714285715 2.6540624999999998
18.75 2.6540624999999998
18.785714285714285 2.6540624999999998
18.821428571428573 2.6540624999999998
18.857142857142858 2.6540624999999998
18.892857142857142 2.6540624999999998
18.928571428571427 2.6540624999999998
18.964285714285715 2.6540624999999998
19.0 2.6540624999999998
19.035714285714285 2.6540624999999998
19.071428571428573 2.6540624999999998
19.107142857142858 2.6540624999999998
19.142857142857142 2.6540624999999998
19.178571428571427 2.6540624999999998
19.214285714285715 2.6540624999999998
19.25 2.6540624999999998
19.285714285714285 2.6540624999999998
19.321428571428573 2.6540624999999998
19.357142857142858 2.6540624999999998
19.392857142857142 2.6540624999999998
19.428571428571427 2.6540624999999998
19.464285714285715 2.6540624999999998
19.5 2.6540624999999998
19.535714285714285 2.6540624999999998
19.571428571428573 2.6540624999999998
19.607142857142858 2.6540624999999998
19.642857142857142 2.6540624999999998
19.678571428571427 2.6540624999999998
19.714285714285715 2.6540624999999998
19.75 2.6540624999999998
19.785714285714285 2.6540624999999998
19.821428571428573 2.6540624999999998
19.857142857142858 2.6540624999999998
19.892857142857142 2.6540624999999998
19.928571428571427 2.6540624999999998
19.964285714285715 2.6540624999999998
20.0 2.6540624999999998
20.035714285714285 2.6540624999999998
20.071428571428573 2.6540624999999998
20.107142857142858 2.6540624999999998
20.142857142857142 2.6540624999999998
20.178571428571427 2.6540624999999998
20.214285714285715 2.6540624999999998
20.25 2.6540624999999998
20.285714285714285 2.6540624999999998
20.321428571428573 2.6540624999999998
20.357142857142858 2.6540624999999998
20.392857142857142 2.6540624999999998
20.428571428571427 2.6540624999999998
20.464285714285715 2.6540624999999998
20.5 2.6540624999999998
20.535714285714285 2.6540624999999998
20.571428571428573 2.6540624999999998
20.607142857142858 2.6540624999999998
20.642857142857142 2.6540624999999998
20.678571428571427 2.6540624999999998
20.714285714285715 2.6540624999999998
20.75 2.6540624999999998
20.785714285714285 2.6540624999999998
20.821428571428573 2.6540624999999998
20.857142857142858 2.6540624999999998
20.892857142857142 2.6540624999999998
20.928571428571427 2.6540624999999998
20.964285714285715 2.6540624999999998
21.0 2.6540624999999998
21.035714285714285 2.6540624999999998
21.071428571428573 2.6540624999999998
21.107142857142858 2.6540624999999998
21.142857142857142 2.6540624999999998
21.178571428571427 2.6540624999999998
21.214285714285715 2.6540624999999998
21.25 2.6540624999999998
21.285714285714285 2.6540624999999998
21.321428571428573 2.6540624999999998
21.357142857142858 2.6540624999999998
21.392857142857142 2.6540624999999998
21.428571428571427 2.6540624999999998
21.464285714285715 2.6540624999999998
21.5 2.6540624999999998
21.535714285714285 2.6540624999999998
21.571428571428573 2.6540624999999998
21.607142857142858 2.6540624999999998
21.642857142857142 2.6540624999999998
21.678571428571427 2.6540624999999998
21.714285714285715 2.6540624999999998
21.75 2.6540624999999998
21.785714285714285 2.6540624999999998
21.821428571428573 2.6540624999999998
21.857142857142858 2.6540624999999998
21.892857142857142 2.6540624999999998
21.928571428571427 2.6540624999999998
21.964285714285715 2.6540624999999998
22.0 2.6540624999999998
22.035714285714285 2.6540624999999998
22.071428571428573 2.6540624999999998
22.107142857142858 2.6540624999999998
22.142857142857142 2.6540624999999998
22.178571428571427 2.6540624999999998
22.214285714285715 2.6540624999999998
22.25 2.6540624999999998
22.285714285714285 2.6540624999999998
22.321428571428573 2.6540624999999998
22.357142857142858 2.6540624999999998
22.392857142857142 2.6540624999999998
22.428571428571427 2.6540624999999998
22.464285714285715 2.6540624999999998
22.5 2.6540624999999998
22.535714285714285 2.6540624999999998
22.571428571428573 2.6540624999999998
22.607142857142858 2.6540624999999998
22.642857142857142 2.6540624999999998
22.678571428571427 2.6540624999999998
22.714285714285715 2.6540624999999998
22.75 2.6504999999999996
22.785714285714285 2.6504999999999996
22.821428571428573 2.6504999999999996
22.857142857142858 2.272875
22.892857142857142 2.6504999999999996
22.928571428571427 2.3405625
22.964285714285715 2.3334375
23.0 2.3227499999999996
23.035714285714285 2.679
23.071428571428573 2.671875
23.107142857142858 2.5970625
23.142857142857142 2.600625
23.178571428571427 2.3904375
23.214285714285715 2.4046874999999996
23.25 2.6540624999999998
23.285714285714285 2.4225
23.321428571428573 2.443875
23.357142857142858 2.6611874999999996
23.392857142857142 2.6611874999999996
23.428571428571427 2.6683125
23.464285714285715 2.6683125
23.5 2.5364999999999998
23.535714285714285 2.543625
23.571428571428573 2.5685624999999996
23.607142857142858 2.5934999999999997
23.642857142857142 2.6113125
23.678571428571427 2.671875
23.714285714285715 2.6896875
23.75 2.6540624999999998
23.785714285714285 2.69325
23.821428571428573 2.6861249999999997
23.857142857142858 2.6825625
23.892857142857142 2.6754374999999997
23.928571428571427 2.6754374999999997
23.964285714285715 2.671875
24.0 2.671875
24.035714285714285 2.6683125
24.071428571428573 2.6683125
24.107142857142858 2.6683125
24.142857142857142 2.6647499999999997
24.178571428571427 2.6647499999999997
24.214285714285715 2.472375
24.25 2.40825
24.285714285714285 2.6611874999999996
24.321428571428573 2.6611874999999996
24.357142857142858 2.3761875
24.392857142857142 2.3761875
24.428571428571427 2.3761875
24.464285714285715 2.3761875
24.5 2.3726249999999998
24.535714285714285 2.3726249999999998
24.571428571428573 2.3690624999999996
24.607142857142858 2.3690624999999996
24.642857142857142 2.3690624999999996
24.678571428571427 2.3690624999999996
24.714285714285715 2.3690624999999996
24.75 2.3690624999999996
24.785714285714285 2.3690624999999996
24.821428571428573 2.3726249999999998
24.857142857142858 2.3726249999999998
24.892857142857142 2.3726249999999998
24.928571428571427 2.3726249999999998
24.964285714285715 2.3726249999999998
25.0 2.3761875
25.035714285714285 2.3726249999999998
25.071428571428573 2.3726249999999998
25.107142857142858 2.6611874999999996
25.142857142857142 2.3761875
25.178571428571427 2.6611874999999996
25.214285714285715 2.3761875
25.25 2.6611874999999996
25.285714285714285 2.6611874999999996
25.321428571428573 2.6611874999999996
25.357142857142858 2.6611874999999996
25.392857142857142 2.6611874999999996
25.428571428571427 2.6611874999999996
25.464285714285715 2.6611874999999996
25.5 2.6611874999999996
25.535714285714285 2.6611874999999996
25.571428571428573 2.6611874999999996
25.607142857142858 2.6611874999999996
25.642857142857142 2.6611874999999996
25.678571428571427 2.6611874999999996
25.714285714285715 2.6611874999999996
25.75 2.6611874999999996
25.785714285714285 2.6611874999999996
25.821428571428573 2.6611874999999996
25.857142857142858 2.6611874999999996
25.892857142857142 2.6611874999999996
25.928571428571427 2.6611874999999996
25.964285714285715 2.6611874999999996
26.0 2.6611874999999996
26.035714285714285 2.6611874999999996
26.071428571428573 2.6611874999999996
26.107142857142858 2.6611874999999996
26.142857142857142 2.6611874999999996
26.178571428571427 2.6611874999999996
26.214285714285715 2.6611874999999996
26.25 2.6611874999999996
26.285714285714285 2.657625
26.321428571428573 2.657625
26.357142857142858 2.657625
26.392857142857142 2.6611874999999996
26.428571428571427 2.6611874999999996
26.464285714285715 2.6611874999999996
26.5 2.6611874999999996
26.535714285714285 2.6611874999999996
26.571428571428573 2.6611874999999996
26.607142857142858 2.6611874999999996
26.642857142857142 2.6611874999999996
26.678571428571427 2.6611874999999996
26.714285714285715 2.6611874999999996
26.75 2.6611874999999996
26.785714285714285 2.6611874999999996
26.821428571428573 2.6611874999999996
26.857142857142858 2.6611874999999996
26.892857142857142 2.6611874999999996
26.928571428571427 2.6611874999999996
26.964285714285715 2.6611874999999996
27.0 2.6611874999999996
27.035714285714285 2.6611874999999996
27.071428571428573 2.6611874999999996
27.107142857142858 2.657625
27.142857142857142 2.657625
27.178571428571427 2.6611874999999996
27.214285714285715 2.6611874999999996
27.25 2.6611874999999996
27.285714285714285 2.6611874999999996
27.321428571428573 2.6611874999999996
27.357142857142858 2.6611874999999996
27.392857142857142 2.6611874999999996
27.428571428571427 2.6611874999999996
27.464285714285715 2.6611874999999996
27.5 2.657625
27.535714285714285 2.657625
27.571428571428573 2.6611874999999996
27.607142857142858 2.6611874999999996
27.642857142857142 2.6611874999999996
27.678571428571427 2.6611874999999996
27.714285714285715 2.6611874999999996
27.75 2.6611874999999996
27.785714285714285 2.6611874999999996
27.821428571428573 2.6611874999999996
27.857142857142858 2.6611874999999996
27.892857142857142 2.6611874999999996
27.928571428571427 2.6611874999999996
27.964285714285715 2.657625
28.0 2.6611874999999996
28.035714285714285 2.657625
28.071428571428573 2.657625
28.107142857142858 2.657625
28.142857142857142 2.657625
28.178571428571427 2.657625
28.214285714285715 2.657625
28.25 2.657625
28.285714285714285 2.657625
28.321428571428573 2.657625
28.357142857142858 2.657625
28.392857142857142 2.657625
28.428571428571427 2.657625
28.464285714285715 2.657625
28.5 2.657625
28.535714285714285 2.657625
28.571428571428573 2.657625
28.607142857142858 2.657625
28.642857142857142 2.6611874999999996
28.678571428571427 2.657625
28.714285714285715 2.657625
28.75 2.657625
28.785714285714285 2.657625
28.821428571428573 2.657625
28.857142857142858 2.657625
28.892857142857142 2.657625
28.928571428571427 2.657625
28.964285714285715 2.657625
29.0 2.657625
29.035714285714285 2.657625
29.071428571428573 2.657625
29.107142857142858 2.657625
29.142857142857142 2.657625
29.178571428571427 2.657625
29.214285714285715 2.6611874999999996
29.25 2.657625
29.285714285714285 2.657625
29.321428571428573 2.657625
29.357142857142858 2.657625
29.392857142857142 2.657625
29.428571428571427 2.657625
29.464285714285715 2.657625
29.5 2.657625
29.535714285714285 2.657625
29.571428571428573 2.657625
29.607142857142858 2.657625
29.642857142857142 2.657625
29.678571428571427 2.657625
29.714285714285715 2.657625
29.75 2.657625
29.785714285714285 2.657625
29.821428571428573 2.657625
29.857142857142858 2.657625
29.892857142857142 2.657625
29.928571428571427 2.657625
29.964285714285715 2.657625
30.0 2.657625
30.035714285714285 2.657625
30.071428571428573 2.657625
30.107142857142858 2.657625
30.142857142857142 2.657625
30.178571428571427 2.657625
30.214285714285715 2.657625
30.25 2.657625
30.285714285714285 2.657625
30.321428571428573 2.657625
30.357142857142858 2.657625
30.392857142857142 2.657625
30.428571428571427 2.657625
30.464285714285715 2.657625
30.5 2.657625
30.535714285714285 2.657625
30.571428571428573 2.657625
30.607142857142858 2.657625
30.642857142857142 2.657625
30.678571428571427 2.657625
30.714285714285715 2.657625
30.75 2.657625
30.785714285714285 2.657625
30.821428571428573 2.657625
30.857142857142858 2.657625
30.892857142857142 2.657625
30.928571428571427 2.657625
30.964285714285715 2.657625
31.0 2.657625
31.035714285714285 2.657625
31.071428571428573 2.657625
31.107142857142858 2.657625
31.142857142857142 2.657625
31.178571428571427 2.657625
31.214285714285715 2.657625
31.25 2.657625
31.285714285714285 2.657625
31.321428571428573 2.657625
31.357142857142858 2.657625
31.392857142857142 2.657625
31.428571428571427 2.657625
31.464285714285715 2.657625
31.5 2.657625
31.535714285714285 2.657625
31.571428571428573 2.657625
31.607142857142858 2.657625
31.642857142857142 2.657625
31.678571428571427 2.657625
31.714285714285715 2.657625
31.75 2.657625
31.785714285714285 2.657625
31.821428571428573 2.657625
31.857142857142858 2.657625
31.892857142857142 2.657625
31.928571428571427 2.657625
31.964285714285715 2.657625
32.0 2.657625
32.035714285714285 2.657625
32.07142857142857 2.657625
32.107142857142854 2.657625
32.142857142857146 2.657625
32.17857142857143 2.657625
32.214285714285715 2.657625
32.25 2.657625
32.285714285714285 2.657625
32.32142857142857 2.657625
32.357142857142854 2.657625
32.392857142857146 2.657625
32.42857142857143 2.657625
32.464285714285715 2.657625
32.5 2.657625
32.535714285714285 2.657625
32.57142857142857 2.657625
32.607142857142854 2.657625
32.642857142857146 2.657625
32.67857142857143 2.386875
32.714285714285715 2.386875
32.75 2.386875
32.785714285714285 2.386875
32.82142857142857 2.386875
32.857142857142854 2.657625
32.892857142857146 2.657625
32.92857142857143 2.3904375
32.964285714285715 2.6611874999999996
33.0 2.3975625
33.035714285714285 2.4509999999999996
33.07142857142857 2.4616875
33.107142857142854 2.40825
33.142857142857146 2.3690624999999996
33.17857142857143 2.6683125
33.214285714285715 2.6647499999999997
33.25 2.6469375
33.285714285714285 2.6540624999999998
33.32142857142857 2.6504999999999996
33.357142857142854 2.4866249999999996
33.392857142857146 2.49375
33.42857142857143 2.515125
33.464285714285715 2.529375
33.5 2.5400625
33.535714285714285 2.63625
33.57142857142857 2.6398124999999997
33.607142857142854 2.6469375
33.642857142857146 2.6469375
33.67857142857143 2.643375
33.714285714285715 2.6469375
33.75 2.643375
33.785714285714285 2.6398124999999997
33.82142857142857 2.63625
33.857142857142854 2.6326875
33.892857142857146 2.6291249999999997
33.92857142857143 2.6291249999999997
33.964285714285715 2.6326875
34.0 2.6326875
34.035714285714285 2.6326875
34.07142857142857 2.6326875
34.107142857142854 2.6326875
34.142857142857146 2.6326875
34.17857142857143 2.6326875
34.214285714285715 2.6326875
34.25 2.6326875
34.285714285714285 2.6326875
34.32142857142857 2.6326875
34.357142857142854 2.6326875
34.392857142857146 2.6326875
34.42857142857143 2.6326875
34.464285714285715 2.6326875
34.5 2.63625
34.535714285714285 2.63625
34.57142857142857 2.63625
34.607142857142854 2.63625
34.642857142857146 2.63625
34.67857142857143 2.63625
34.714285714285715 2.63625
34.75 2.63625
34.785714285714285 2.63625
34.82142857142857 2.63625
34.857142857142854 2.63625
34.892857142857146 2.63625
34.92857142857143 2.63625
34.964285714285715 2.63625
35.0 2.63625
35.035714285714285 2.63625
35.07142857142857 2.63625
35.107142857142854 2.63625
35.142857142857146 2.63625
35.17857142857143 2.63625
35.214285714285715 2.63625
35.25 2.63625
35.285714285714285 2.63625
35.32142857142857 2.63625
35.357142857142854 2.6398124999999997
35.392857142857146 2.63625
35.42857142857143 2.63625
35.464285714285715 2.63625
35.5 2.63625
35.535714285714285 2.63625
35.57142857142857 2.6398124999999997
35.607142857142854 2.6398124999999997
35.642857142857146 2.6398124999999997
35.67857142857143 2.6398124999999997
35.714285714285715 2.6398124999999997
35.75 2.6398124999999997
35.785714285714285 2.6398124999999997
35.82142857142857 2.6398124999999997
35.857142857142854 2.6398124999999997
35.892857142857146 2.6398124999999997
35.92857142857143 2.6398124999999997
35.964285714285715 2.6398124999999997
36.0 2.6398124999999997
36.035714285714285 2.6398124999999997
36.07142857142857 2.6398124999999997
36.107142857142854 2.6398124999999997
36.142857142857146 2.6398124999999997
36.17857142857143 2.6398124999999997
36.214285714285715 2.6398124999999997
36.25 2.6398124999999997
36.285714285714285 2.6398124999999997
36.32142857142857 2.6398124999999997
36.357142857142854 2.6398124999999997
36.392857142857146 2.6398124999999997
36.42857142857143 2.6398124999999997
36.464285714285715 2.6398124999999997
36.5 2.6398124999999997
36.535714285714285 2.6398124999999997
36.57142857142857 2.6398124999999997
36.607142857142854 2.6398124999999997
36.642857142857146 2.6398124999999997
36.67857142857143 2.6398124999999997
36.714285714285715 2.6398124999999997
36.75 2.6398124999999997
36.785714285714285 2.6398124999999997
36.82142857142857 2.6398124999999997
36.857142857142854 2.6398124999999997
36.892857142857146 2.6398124999999997
36.92857142857143 2.6398124999999997
36.964285714285715 2.6398124999999997
37.0 2.6398124999999997
37.035714285714285 2.6398124999999997
37.07142857142857 2.6398124999999997
37.107142857142854 2.6398124999999997
37.142857142857146 2.6398124999999997
37.17857142857143 2.6398124999999997
37.214285714285715 2.6398124999999997
37.25 2.6398124999999997
37.285714285714285 2.6398124999999997
37.32142857142857 2.6398124999999997
37.357142857142854 2.6398124999999997
37.392857142857146 2.6398124999999997
37.42857142857143 2.6398124999999997
37.464285714285715 2.6398124999999997
37.5 2.6398124999999997
37.535714285714285 2.6398124999999997
37.57142857142857 2.6398124999999997
37.607142857142854 2.6398124999999997
37.642857142857146 2.6398124999999997
37.67857142857143 2.6398124999999997
37.714285714285715 2.6398124999999997
37.75 2.6398124999999997
37.785714285714285 2.6398124999999997
37.82142857142857 2.6398124999999997
37.857142857142854 2.6398124999999997
37.892857142857146 2.6398124999999997
37.92857142857143 2.6398124999999997
37.964285714285715 2.6398124999999997
38.0 2.6398124999999997
38.035714285714285 2.6398124999999997
38.07142857142857 2.6398124999999997
38.107142857142854 2.6398124999999997
38.142857142857146 2.6398124999999997
38.17857142857143 2.6398124999999997
38.214285714285715 2.6398124999999997
38.25 2.6398124999999997
38.285714285714285 2.6398124999999997
38.32142857142857 2.6398124999999997
38.357142857142854 2.6398124999999997
38.392857142857146 2.6398124999999997
38.42857142857143 2.6398124999999997
38.464285714285715 2.6398124999999997
38.5 2.6398124999999997
38.535714285714285 2.6398124999999997
38.57142857142857 2.6398124999999997
38.607142857142854 2.6398124999999997
38.642857142857146 2.6398124999999997
38.67857142857143 2.6398124999999997
38.714285714285715 2.6398124999999997
38.75 2.6398124999999997
38.785714285714285 2.6398124999999997
38.82142857142857 2.6398124999999997
38.857142857142854 2.6398124999999997
38.892857142857146 2.6398124999999997
38.92857142857143 2.6398124999999997
38.964285714285715 2.6398124999999997
39.0 2.6398124999999997
39.035714285714285 2.6398124999999997
39.07142857142857 2.6398124999999997
39.107142857142854 2.6398124999999997
39.142857142857146 2.6398124999999997
39.17857142857143 2.6398124999999997
39.214285714285715 2.6398124999999997
39.25 2.6398124999999997
39.285714285714285 2.6398124999999997
39.32142857142857 2.6398124999999997
39.357142857142854 2.6398124999999997
39.392857142857146 2.6398124999999997
39.42857142857143 2.6398124999999997
39.464285714285715 2.6398124999999997
39.5 2.6398124999999997
39.535714285714285 2.6398124999999997
39.57142857142857 2.6398124999999997
39.607142857142854 2.6398124999999997
39.642857142857146 2.6398124999999997
39.67857142857143 2.6398124999999997
39.714285714285715 2.6398124999999997
39.75 2.6398124999999997
39.785714285714285 2.6398124999999997
39.82142857142857 2.6398124999999997
39.857142857142854 2.6398124999999997
39.892857142857146 2.6398124999999997
39.92857142857143 2.6398124999999997
