0.03571428571428571 2.2123125
0.07142857142857142 2.2087499999999998
0.10714285714285714 2.258625
0.14285714285714285 2.244375
0.17857142857142858 2.2408124999999997
0.21428571428571427 2.23725
0.25 2.23725
0.2857142857142857 2.2336875
0.32142857142857145 2.2336875
0.35714285714285715 2.2336875
0.39285714285714285 2.2301249999999997
0.42857142857142855 2.2301249999999997
0.4642857142857143 2.2301249999999997
0.5 2.2336875
0.5357142857142857 2.2336875
0.5714285714285714 2.2336875
0.6428571428571429 2.2408124999999997
0.7142857142857143 2.2265625
0.75 2.223
0.7857142857142857 2.2871249999999996
0.8214285714285714 2.2764374999999997
0.8571428571428571 2.2621875
0.8928571428571429 2.258625
0.9285714285714286 2.2550624999999997
0.9642857142857143 2.2515
1.0 2.2515
1.0357142857142858 2.2515
1.0714285714285714 2.2515
1.1071428571428572 2.2479375
1.1428571428571428 2.2479375
1.1785714285714286 2.244375
1.2142857142857142 2.244375
1.25 2.244375
1.2857142857142858 2.244375
1.3214285714285714 2.244375
1.3571428571428572 2.2479375
1.4285714285714286 2.23725
1.4642857142857142 2.23725
1.5 2.2515
1.5357142857142858 2.2906874999999998
1.5714285714285714 2.28
1.6071428571428572 2.2621875
1.6428571428571428 2.258625
1.6785714285714286 2.2550624999999997
1.7142857142857142 2.2550624999999997
1.75 2.2515
1.7857142857142858 2.2479375
1.8214285714285714 2.2515
1.8571428571428572 2.2479375
1.8928571428571428 2.2479375
1.9285714285714286 2.2479375
1.9642857142857142 2.2479375
2.0 2.2515
2.0357142857142856 2.2479375
2.0714285714285716 2.244375
2.142857142857143 2.2194374999999997
2.1785714285714284 2.2123125
2.2142857142857144 2.2301249999999997
2.25 2.2835625
2.2857142857142856 2.2657499999999997
2.3214285714285716 2.244375
2.357142857142857 2.2336875
2.392857142857143 2.2336875
2.4285714285714284 2.2301249999999997
2.4642857142857144 2.2265625
2.5 2.2265625
2.5357142857142856 2.223
2.5714285714285716 2.223
2.607142857142857 2.223
2.642857142857143 2.223
2.6785714285714284 2.2194374999999997
2.7142857142857144 2.2194374999999997
2.75 2.223
2.7857142857142856 2.223
2.8214285714285716 2.2123125
2.857142857142857 2.201625
2.892857142857143 2.2051874999999996
2.9285714285714284 2.23725
2.9642857142857144 2.3013749999999997
3.0 2.2621875
3.0357142857142856 2.2336875
3.0714285714285716 2.2301249999999997
3.107142857142857 2.223
3.142857142857143 2.2194374999999997
3.1785714285714284 2.2194374999999997
3.2142857142857144 2.215875
3.25 2.2123125
3.2857142857142856 2.2123125
3.3214285714285716 2.2123125
3.357142857142857 2.2123125
3.392857142857143 2.2123125
3.4285714285714284 2.2123125
3.4642857142857144 2.2123125
3.5 2.2123125
3.5714285714285716 2.187375
3.607142857142857 2.187375
3.642857142857143 2.2123125
3.6785714285714284 2.2871249999999996
3.7142857142857144 2.2479375
3.75 2.2194374999999997
3.7857142857142856 2.2123125
3.8214285714285716 2.2051874999999996
3.857142857142857 2.201625
3.892857142857143 2.1980625
3.9285714285714284 2.1980625
3.9642857142857144 2.1944999999999997
4.0 2.1909375
4.035714285714286 2.1909375
4.071428571428571 2.1909375
4.107142857142857 2.1909375
4.142857142857143 2.1909375
4.178571428571429 2.1909375
4.214285714285714 2.1909375
4.25 2.1731249999999998
4.285714285714286 2.1588749999999997
4.321428571428571 2.1481874999999997
4.357142857142857 2.1766875
4.392857142857143 2.2515
4.428571428571429 2.215875
4.464285714285714 2.1944999999999997
4.5 2.1731249999999998
4.535714285714286 2.166
4.571428571428571 2.166
4.607142857142857 2.1588749999999997
4.642857142857143 2.1588749999999997
4.678571428571429 2.1553125
4.714285714285714 2.1553125
4.75 2.1553125
4.785714285714286 2.1553125
4.821428571428571 2.1553125
4.857142857142857 2.1553125
4.892857142857143 2.1553125
4.928571428571429 2.1553125
5.0 2.1339375
5.035714285714286 2.1232499999999996
5.071428571428571 2.1374999999999997
5.107142857142857 2.2087499999999998
5.142857142857143 2.1838124999999997
5.178571428571429 2.166
5.214285714285714 2.1481874999999997
5.25 2.1410625
5.285714285714286 2.1374999999999997
5.321428571428571 2.1374999999999997
5.357142857142857 2.1339375
5.392857142857143 2.130375
5.428571428571429 2.130375
5.464285714285714 2.130375
5.5 2.1268124999999998
5.535714285714286 2.1268124999999998
5.571428571428571 2.1268124999999998
5.607142857142857 2.1268124999999998
5.642857142857143 2.1268124999999998
5.75 2.0769374999999997
5.785714285714286 2.0805
5.821428571428571 2.1766875
5.857142857142857 2.1588749999999997
5.892857142857143 2.1268124999999998
5.928571428571429 2.1054375
5.964285714285714 2.0983125
6.0 2.087625
6.035714285714286 2.087625
6.071428571428571 2.0840625
6.107142857142857 2.0805
6.142857142857143 2.0805
6.178571428571429 2.0805
6.214285714285714 2.0805
6.25 2.0805
6.285714285714286 2.0805
6.321428571428571 2.0805
6.357142857142857 2.0769374999999997
6.464285714285714 2.0270625
6.5 2.0270625
6.535714285714286 2.109
6.607142857142857 2.0840625
6.642857142857143 2.0484375
6.678571428571429 2.03775
6.714285714285714 2.0341875
6.75 2.0306249999999997
6.785714285714286 2.0235
6.821428571428571 2.0235
6.857142857142857 2.0199374999999997
6.892857142857143 2.0199374999999997
6.928571428571429 2.0199374999999997
6.964285714285714 2.0199374999999997
7.0 2.0199374999999997
7.035714285714286 2.0199374999999997
7.071428571428571 2.0199374999999997
7.107142857142857 2.016375
7.178571428571429 1.9843125
7.214285714285714 1.9878749999999998
7.25 2.059125
7.321428571428571 2.0413124999999996
7.357142857142857 2.0056875
7.392857142857143 1.9985624999999998
7.428571428571429 1.9914374999999997
7.464285714285714 1.9878749999999998
7.5 1.9843125
7.535714285714286 1.9843125
7.571428571428571 1.9843125
7.607142857142857 1.9807499999999998
7.642857142857143 1.9807499999999998
7.678571428571429 1.9807499999999998
7.714285714285714 1.9807499999999998
7.75 1.9807499999999998
7.785714285714286 1.9807499999999998
7.821428571428571 1.9878749999999998
7.892857142857143 1.9593749999999999
7.928571428571429 1.9558125
7.964285714285714 2.0270625
8.035714285714286 2.016375
8.071428571428571 1.9949999999999999
8.107142857142858 1.973625
8.142857142857142 1.973625
8.178571428571429 1.9665
8.214285714285714 1.9665
8.25 1.9629374999999998
8.285714285714286 1.9593749999999999
8.321428571428571 1.9593749999999999
8.357142857142858 1.9629374999999998
8.392857142857142 1.9629374999999998
8.428571428571429 1.9593749999999999
8.464285714285714 1.9593749999999999
8.5 1.9593749999999999
8.535714285714286 1.9665
8.571428571428571 1.9558125
8.607142857142858 1.9451249999999998
8.642857142857142 1.9415624999999999
8.678571428571429 1.9914374999999997
8.75 1.9914374999999997
8.785714285714286 1.9700624999999998
8.821428571428571 1.9558125
8.857142857142858 1.9486875
8.892857142857142 1.9486875
8.928571428571429 1.9451249999999998
8.964285714285714 1.9451249999999998
9.0 1.9415624999999999
9.035714285714286 1.9415624999999999
9.071428571428571 1.9415624999999999
9.107142857142858 1.9415624999999999
9.142857142857142 1.9415624999999999
9.178571428571429 1.9415624999999999
9.214285714285714 1.9415624999999999
9.25 1.9486875
9.285714285714286 1.9451249999999998
9.321428571428571 1.938
9.357142857142858 1.930875
9.392857142857142 1.9807499999999998
9.464285714285714 2.0092499999999998
9.5 1.9522499999999998
9.535714285714286 1.938
9.571428571428571 1.9344374999999998
9.607142857142858 1.9273124999999998
9.642857142857142 1.9273124999999998
9.678571428571429 1.9237499999999998
9.714285714285714 1.9237499999999998
9.75 1.9237499999999998
9.785714285714286 1.9237499999999998
9.821428571428571 1.9237499999999998
9.857142857142858 1.9201875
9.892857142857142 1.9201875
9.928571428571429 1.9237499999999998
9.964285714285714 1.930875
10.0 1.9166249999999998
10.035714285714286 1.9095
10.071428571428571 1.902375
10.107142857142858 1.9486875
10.142857142857142 2.0092499999999998
10.178571428571429 1.9771874999999999
10.214285714285714 1.930875
10.25 1.9166249999999998
10.285714285714286 1.9095
10.321428571428571 1.9095
10.357142857142858 1.902375
10.392857142857142 1.902375
10.428571428571429 1.902375
10.464285714285714 1.902375
10.5 1.902375
10.535714285714286 1.902375
10.571428571428571 1.902375
10.607142857142858 1.902375
10.642857142857142 1.902375
10.678571428571429 1.9095
10.714285714285714 1.9095
10.75 1.8845625
10.785714285714286 1.873875
10.821428571428571 1.8703124999999998
10.857142857142858 1.9700624999999998
10.892857142857142 1.9486875
10.928571428571429 1.8952499999999999
10.964285714285714 1.8881249999999998
11.0 1.8774374999999999
11.035714285714286 1.8774374999999999
11.071428571428571 1.8703124999999998
11.107142857142858 1.8703124999999998
11.142857142857142 1.8703124999999998
11.178571428571429 1.8703124999999998
11.214285714285714 1.8703124999999998
11.25 1.86675
11.285714285714286 1.86675
11.321428571428571 1.86675
11.357142857142858 1.86675
11.392857142857142 1.873875
11.428571428571429 1.873875
11.464285714285714 1.8524999999999998
11.5 1.8453749999999998
11.535714285714286 1.8453749999999998
11.571428571428571 1.8916875
11.607142857142858 1.9273124999999998
11.642857142857142 1.8774374999999999
11.678571428571429 1.86675
11.714285714285714 1.8560625
11.75 1.8524999999999998
11.785714285714286 1.8489375
11.821428571428571 1.8489375
11.857142857142858 1.8489375
11.892857142857142 1.8489375
11.928571428571429 1.8453749999999998
11.964285714285714 1.8453749999999998
12.0 1.8453749999999998
12.035714285714286 1.8453749999999998
12.071428571428571 1.8453749999999998
12.107142857142858 1.8524999999999998
12.142857142857142 1.8524999999999998
12.178571428571429 1.831125
12.214285714285714 1.8239999999999998
12.25 1.8239999999999998
12.321428571428571 1.9130624999999999
12.357142857142858 1.8560625
12.392857142857142 1.8418124999999999
12.428571428571429 1.831125
12.464285714285714 1.8275625
12.5 1.8275625
12.535714285714286 1.8239999999999998
12.571428571428571 1.8239999999999998
12.607142857142858 1.8239999999999998
12.642857142857142 1.8239999999999998
12.678571428571429 1.8239999999999998
12.714285714285714 1.8239999999999998
12.75 1.8239999999999998
12.785714285714286 1.8239999999999998
12.821428571428571 1.8275625
12.857142857142858 1.8133124999999999
12.892857142857142 1.802625
12.928571428571429 1.7954999999999999
12.964285714285714 1.7990624999999998
13.035714285714286 1.8881249999999998
13.071428571428571 1.8560625
13.107142857142858 1.8204375
13.142857142857142 1.80975
13.178571428571429 1.80975
13.214285714285714 1.8061874999999998
13.25 1.802625
13.285714285714286 1.802625
13.321428571428571 1.802625
13.357142857142858 1.802625
13.392857142857142 1.802625
13.428571428571429 1.7990624999999998
13.464285714285714 1.7990624999999998
13.5 1.7990624999999998
13.535714285714286 1.802625
13.571428571428571 1.8061874999999998
13.607142857142858 1.7812499999999998
13.642857142857142 1.774125
13.678571428571429 1.774125
13.714285714285714 1.8061874999999998
13.75 1.8774374999999999
13.785714285714286 1.83825
13.821428571428571 1.7990624999999998
13.857142857142858 1.7848125
13.892857142857142 1.7776874999999999
13.928571428571429 1.774125
13.964285714285714 1.774125
14.0 1.7705624999999998
14.035714285714286 1.7705624999999998
14.071428571428571 1.7705624999999998
14.107142857142858 1.7705624999999998
14.142857142857142 1.7705624999999998
14.178571428571429 1.7705624999999998
14.214285714285714 1.767
14.25 1.7705624999999998
14.285714285714286 1.774125
14.321428571428571 1.7598749999999999
14.357142857142858 1.7385
14.392857142857142 1.7420624999999998
14.428571428571429 1.7776874999999999
14.5 1.8133124999999999
14.535714285714286 1.7705624999999998
14.571428571428571 1.7598749999999999
14.607142857142858 1.7491875
14.642857142857142 1.7420624999999998
14.678571428571429 1.7385
14.714285714285714 1.7385
14.75 1.7385
14.785714285714286 1.7349374999999998
14.821428571428571 1.7385
14.857142857142858 1.7349374999999998
14.892857142857142 1.7349374999999998
14.928571428571429 1.7349374999999998
14.964285714285714 1.7349374999999998
15.0 1.7420624999999998
15.035714285714286 1.7278125
15.071428571428571 1.7064374999999998
15.107142857142858 1.702875
15.142857142857142 1.7242499999999998
15.214285714285714 1.7776874999999999
15.25 1.7278125
15.285714285714286 1.7171249999999998
15.321428571428571 1.702875
15.357142857142858 1.6993124999999998
15.392857142857142 1.6957499999999999
15.428571428571429 1.6957499999999999
15.464285714285714 1.6957499999999999
15.5 1.6957499999999999
15.535714285714286 1.6921875
15.571428571428571 1.6921875
15.607142857142858 1.6921875
15.642857142857142 1.6921875
15.678571428571429 1.6921875
15.714285714285714 1.6886249999999998
15.785714285714286 1.6636875
15.821428571428571 1.6565625
15.857142857142858 1.674375
15.928571428571429 1.745625
15.964285714285714 1.7135624999999999
16.0 1.6814999999999998
16.035714285714285 1.66725
16.071428571428573 1.6636875
16.107142857142858 1.6601249999999999
16.142857142857142 1.6601249999999999
16.178571428571427 1.6529999999999998
16.214285714285715 1.6565625
16.25 1.6529999999999998
16.285714285714285 1.6529999999999998
16.321428571428573 1.6529999999999998
16.357142857142858 1.6529999999999998
16.392857142857142 1.6529999999999998
16.428571428571427 1.6636875
16.464285714285715 1.6565625
16.5 1.63875
16.535714285714285 1.6280625
16.571428571428573 1.645875
16.642857142857142 1.7242499999999998
16.678571428571427 1.6921875
16.714285714285715 1.6601249999999999
16.75 1.6494375
16.785714285714285 1.645875
16.821428571428573 1.6423124999999998
16.857142857142858 1.63875
16.892857142857142 1.6351874999999998
16.928571428571427 1.6351874999999998
16.964285714285715 1.6351874999999998
17.0 1.6351874999999998
17.035714285714285 1.6351874999999998
17.071428571428573 1.6351874999999998
17.107142857142858 1.6351874999999998
17.142857142857142 1.645875
17.178571428571427 1.63875
17.214285714285715 1.6280625
17.25 1.6138124999999999
17.285714285714285 1.6351874999999998
17.321428571428573 1.7242499999999998
17.357142857142858 1.7064374999999998
17.392857142857142 1.6708124999999998
17.428571428571427 1.63875
17.464285714285715 1.6316249999999999
17.5 1.6244999999999998
17.535714285714285 1.6173749999999998
17.571428571428573 1.6138124999999999
17.607142857142858 1.6138124999999999
17.642857142857142 1.6138124999999999
17.678571428571427 1.6138124999999999
17.714285714285715 1.6138124999999999
17.75 1.6138124999999999
17.785714285714285 1.6138124999999999
17.821428571428573 1.6138124999999999
17.857142857142858 1.6209375
17.892857142857142 1.6138124999999999
17.928571428571427 1.603125
17.964285714285715 1.5888749999999998
18.0 1.5995624999999998
18.035714285714285 1.6993124999999998
18.107142857142858 1.6494375
18.142857142857142 1.6138124999999999
18.178571428571427 1.6066874999999998
18.214285714285715 1.5995624999999998
18.25 1.5959999999999999
18.285714285714285 1.5924375
18.321428571428573 1.5924375
18.357142857142858 1.5888749999999998
18.392857142857142 1.5888749999999998
18.428571428571427 1.5888749999999998
18.464285714285715 1.5888749999999998
18.5 1.5853125
18.535714285714285 1.5853125
18.571428571428573 1.5853125
18.607142857142858 1.5781874999999999
18.678571428571427 1.5532499999999998
18.714285714285715 1.5568125
18.75 1.6316249999999999
18.785714285714285 1.63875
18.821428571428573 1.6138124999999999
18.857142857142858 1.5924375
18.892857142857142 1.5853125
18.928571428571427 1.5781874999999999
18.964285714285715 1.574625
19.0 1.5710624999999998
19.035714285714285 1.5675
19.071428571428573 1.5639375
19.107142857142858 1.5639375
19.142857142857142 1.5639375
19.178571428571427 1.5639375
19.214285714285715 1.5639375
19.25 1.5639375
19.285714285714285 1.5639375
19.321428571428573 1.5710624999999998
19.392857142857142 1.5354374999999998
19.428571428571427 1.539
19.464285714285715 1.6209375
19.5 1.6280625
19.535714285714285 1.603125
19.571428571428573 1.5888749999999998
19.607142857142858 1.574625
19.642857142857142 1.5675
19.678571428571427 1.5639375
19.714285714285715 1.5603749999999998
19.75 1.5568125
19.785714285714285 1.5532499999999998
19.821428571428573 1.5532499999999998
19.857142857142858 1.5496874999999999
19.892857142857142 1.5496874999999999
19.928571428571427 1.5496874999999999
19.964285714285715 1.5496874999999999
20.0 1.5532499999999998
20.035714285714285 1.5532499999999998
20.107142857142858 1.5283125
20.142857142857142 1.5354374999999998
20.25 1.6066874999999998
20.285714285714285 1.5959999999999999
20.321428571428573 1.58175
20.357142857142858 1.5710624999999998
20.392857142857142 1.5710624999999998
20.428571428571427 1.5675
20.464285714285715 1.5603749999999998
20.5 1.5568125
20.535714285714285 1.5603749999999998
20.571428571428573 1.5603749999999998
20.607142857142858 1.5603749999999998
20.642857142857142 1.5568125
20.678571428571427 1.5568125
20.714285714285715 1.5568125
20.75 1.5568125
20.785714285714285 1.5496874999999999
20.821428571428573 1.539
20.857142857142858 1.5425624999999998
20.964285714285715 1.6316249999999999
21.0 1.5959999999999999
21.035714285714285 1.58175
21.071428571428573 1.5781874999999999
21.107142857142858 1.5710624999999998
21.142857142857142 1.5675
21.178571428571427 1.5639375
21.214285714285715 1.5639375
21.25 1.5603749999999998
21.285714285714285 1.5603749999999998
21.321428571428573 1.5603749999999998
21.357142857142858 1.5603749999999998
21.392857142857142 1.5603749999999998
21.428571428571427 1.5639375
21.464285714285715 1.5639375
21.5 1.5425624999999998
21.535714285714285 1.5318749999999999
21.678571428571427 1.6244999999999998
21.714285714285715 1.5888749999999998
21.75 1.574625
21.785714285714285 1.5675
21.821428571428573 1.5603749999999998
21.857142857142858 1.5568125
21.892857142857142 1.5603749999999998
21.928571428571427 1.5568125
21.964285714285715 1.5532499999999998
22.0 1.5532499999999998
22.035714285714285 1.5532499999999998
22.071428571428573 1.5532499999999998
22.107142857142858 1.5532499999999998
22.142857142857142 1.5568125
22.178571428571427 1.5603749999999998
22.214285714285715 1.5496874999999999
22.25 1.5247499999999998
22.285714285714285 1.5318749999999999
22.321428571428573 1.5603749999999998
22.357142857142858 1.6423124999999998
22.392857142857142 1.5924375
22.428571428571427 1.58175
22.464285714285715 1.5710624999999998
22.5 1.5639375
22.535714285714285 1.5568125
22.571428571428573 1.5568125
22.607142857142858 1.5496874999999999
22.642857142857142 1.5532499999999998
22.678571428571427 1.5496874999999999
22.714285714285715 1.5496874999999999
22.75 1.546125
22.785714285714285 1.546125
22.821428571428573 1.546125
22.857142857142858 1.5568125
22.892857142857142 1.5603749999999998
22.928571428571427 1.546125
22.964285714285715 1.5283125
23.035714285714285 1.5781874999999999
23.071428571428573 1.645875
23.107142857142858 1.5924375
23.142857142857142 1.58175
23.178571428571427 1.5710624999999998
23.214285714285715 1.5639375
23.25 1.5603749999999998
23.285714285714285 1.5568125
23.321428571428573 1.5532499999999998
23.357142857142858 1.5496874999999999
23.392857142857142 1.5496874999999999
23.428571428571427 1.5496874999999999
23.464285714285715 1.5496874999999999
23.5 1.5496874999999999
23.535714285714285 1.5496874999999999
23.571428571428573 1.5496874999999999
23.607142857142858 1.5568125
23.642857142857142 1.5318749999999999
23.678571428571427 1.5247499999999998
23.714285714285715 1.5247499999999998
23.75 1.58175
23.785714285714285 1.6351874999999998
23.821428571428573 1.6066874999999998
23.857142857142858 1.5781874999999999
23.892857142857142 1.574625
23.928571428571427 1.5675
23.964285714285715 1.5603749999999998
24.0 1.5568125
24.035714285714285 1.5568125
24.071428571428573 1.5532499999999998
24.107142857142858 1.5532499999999998
24.142857142857142 1.5532499999999998
24.178571428571427 1.5532499999999998
24.214285714285715 1.5532499999999998
24.25 1.5532499999999998
24.285714285714285 1.5532499999999998
24.321428571428573 1.5568125
24.357142857142858 1.5283125
24.392857142857142 1.5211875
24.428571428571427 1.5247499999999998
24.464285714285715 1.5888749999999998
24.5 1.6209375
24.535714285714285 1.5995624999999998
24.571428571428573 1.58175
24.607142857142858 1.5675
24.642857142857142 1.5603749999999998
24.678571428571427 1.5568125
24.714285714285715 1.5568125
24.75 1.5496874999999999
24.785714285714285 1.5496874999999999
24.821428571428573 1.5496874999999999
24.857142857142858 1.546125
24.892857142857142 1.546125
24.928571428571427 1.546125
24.964285714285715 1.546125
25.0 1.5496874999999999
25.035714285714285 1.5532499999999998
25.107142857142858 1.5283125
25.142857142857142 1.5318749999999999
25.178571428571427 1.6138124999999999
25.25 1.5995624999999998
25.285714285714285 1.5888749999999998
25.321428571428573 1.5710624999999998
25.357142857142858 1.5603749999999998
25.392857142857142 1.5568125
25.428571428571427 1.5568125
25.464285714285715 1.5532499999999998
25.5 1.5496874999999999
25.535714285714285 1.5496874999999999
25.571428571428573 1.5496874999999999
25.607142857142858 1.5496874999999999
25.642857142857142 1.5496874999999999
25.678571428571427 1.5496874999999999
25.714285714285715 1.546125
25.75 1.5496874999999999
25.821428571428573 1.5283125
25.857142857142858 1.5247499999999998
25.892857142857142 1.6209375
25.964285714285715 1.5888749999999998
26.0 1.5639375
26.035714285714285 1.5603749999999998
26.071428571428573 1.5568125
26.107142857142858 1.5532499999999998
26.142857142857142 1.546125
26.178571428571427 1.5425624999999998
26.214285714285715 1.5425624999999998
26.25 1.5425624999999998
26.285714285714285 1.5425624999999998
26.321428571428573 1.5425624999999998
26.357142857142858 1.5425624999999998
26.392857142857142 1.5425624999999998
26.428571428571427 1.5425624999999998
26.464285714285715 1.5496874999999999
26.5 1.5318749999999999
26.535714285714285 1.517625
26.571428571428573 1.5211875
26.678571428571427 1.5781874999999999
26.714285714285715 1.5568125
26.75 1.5425624999999998
26.785714285714285 1.539
26.821428571428573 1.5318749999999999
26.857142857142858 1.5283125
26.892857142857142 1.5247499999999998
26.928571428571427 1.5247499999999998
26.964285714285715 1.5247499999999998
27.0 1.5247499999999998
27.035714285714285 1.5211875
27.071428571428573 1.5247499999999998
27.107142857142858 1.5211875
27.142857142857142 1.5211875
27.178571428571427 1.5318749999999999
27.25 1.4998125
27.285714285714285 1.503375
27.321428571428573 1.5069374999999998
27.392857142857142 1.5568125
27.428571428571427 1.5354374999999998
27.464285714285715 1.5247499999999998
27.5 1.5140624999999999
27.535714285714285 1.5069374999999998
27.571428571428573 1.503375
27.607142857142858 1.4962499999999999
27.642857142857142 1.4962499999999999
27.678571428571427 1.4962499999999999
27.714285714285715 1.4962499999999999
27.75 1.4962499999999999
27.785714285714285 1.4962499999999999
27.821428571428573 1.4926875
27.857142857142858 1.4926875
27.892857142857142 1.503375
27.964285714285715 1.4784374999999998
28.0 1.4784374999999998
28.035714285714285 1.4855625
28.107142857142858 1.5354374999999998
28.142857142857142 1.5140624999999999
28.178571428571427 1.503375
28.214285714285715 1.4891249999999998
28.25 1.482
28.285714285714285 1.482
28.321428571428573 1.474875
28.357142857142858 1.474875
28.392857142857142 1.474875
28.428571428571427 1.474875
28.464285714285715 1.4713124999999998
28.5 1.4713124999999998
28.535714285714285 1.4713124999999998
28.571428571428573 1.4713124999999998
28.607142857142858 1.482
28.678571428571427 1.4534999999999998
28.714285714285715 1.4534999999999998
28.821428571428573 1.5425624999999998
28.857142857142858 1.4962499999999999
28.892857142857142 1.482
28.928571428571427 1.4713124999999998
28.964285714285715 1.4677499999999999
29.0 1.4570625
29.035714285714285 1.4570625
29.071428571428573 1.4534999999999998
29.107142857142858 1.4534999999999998
29.142857142857142 1.4534999999999998
29.178571428571427 1.4534999999999998
29.214285714285715 1.4534999999999998
29.25 1.4534999999999998
29.285714285714285 1.4534999999999998
29.321428571428573 1.4606249999999998
29.392857142857142 1.4356875
29.428571428571427 1.4321249999999999
29.464285714285715 1.43925
29.535714285714285 1.5211875
29.571428571428573 1.4677499999999999
29.607142857142858 1.4570625
29.642857142857142 1.4428124999999998
29.678571428571427 1.43925
29.714285714285715 1.4356875
29.75 1.4285625
29.785714285714285 1.4249999999999998
29.821428571428573 1.4249999999999998
29.857142857142858 1.4249999999999998
29.892857142857142 1.4249999999999998
29.928571428571427 1.4249999999999998
29.964285714285715 1.4249999999999998
30.0 1.4249999999999998
30.035714285714285 1.4321249999999999
30.071428571428573 1.4285625
30.107142857142858 1.4071874999999998
30.142857142857142 1.403625
30.178571428571427 1.41075
30.214285714285715 1.4998125
30.25 1.503375
30.285714285714285 1.446375
30.321428571428573 1.4356875
30.357142857142858 1.4214375
30.392857142857142 1.417875
30.428571428571427 1.41075
30.464285714285715 1.4071874999999998
30.5 1.403625
30.535714285714285 1.4000625
30.571428571428573 1.3964999999999999
30.607142857142858 1.3964999999999999
30.642857142857142 1.4000625
30.678571428571427 1.4000625
30.714285714285715 1.3964999999999999
30.75 1.4071874999999998
30.785714285714285 1.4071874999999998
30.821428571428573 1.3858125
30.857142857142858 1.38225
30.892857142857142 1.3929375
30.928571428571427 1.4677499999999999
30.964285714285715 1.4784374999999998
31.0 1.417875
31.035714285714285 1.4071874999999998
31.071428571428573 1.3964999999999999
31.107142857142858 1.3858125
31.142857142857142 1.3786874999999998
31.178571428571427 1.3786874999999998
31.214285714285715 1.375125
31.25 1.3715624999999998
31.285714285714285 1.3715624999999998
31.321428571428573 1.3715624999999998
31.357142857142858 1.3715624999999998
31.392857142857142 1.3679999999999999
31.428571428571427 1.3679999999999999
31.464285714285715 1.3679999999999999
31.5 1.3786874999999998
31.535714285714285 1.3573125
31.571428571428573 1.35375
31.607142857142858 1.3644375
31.642857142857142 1.4356875
31.678571428571427 1.4499374999999999
31.714285714285715 1.4143124999999999
31.75 1.3858125
31.785714285714285 1.3786874999999998
31.821428571428573 1.3679999999999999
31.857142857142858 1.3573125
31.892857142857142 1.3573125
31.928571428571427 1.35375
31.964285714285715 1.35375
32.0 1.3501874999999999
32.035714285714285 1.3501874999999999
32.07142857142857 1.3501874999999999
32.107142857142854 1.3501874999999999
32.142857142857146 1.3501874999999999
32.17857142857143 1.346625
32.214285714285715 1.35375
32.25 1.3359375
32.285714285714285 1.3323749999999999
32.32142857142857 1.3359375
32.357142857142854 1.4071874999999998
32.392857142857146 1.4249999999999998
32.464285714285715 1.3715624999999998
32.5 1.3501874999999999
32.535714285714285 1.3395
32.57142857142857 1.3359375
32.607142857142854 1.3288125
32.642857142857146 1.3252499999999998
32.67857142857143 1.3252499999999998
32.714285714285715 1.3252499999999998
32.75 1.3252499999999998
32.785714285714285 1.3216875
32.82142857142857 1.3216875
32.857142857142854 1.3216875
32.892857142857146 1.3252499999999998
32.92857142857143 1.3323749999999999
33.0 1.3145624999999999
33.035714285714285 1.318125
33.07142857142857 1.3929375
33.107142857142854 1.4071874999999998
33.142857142857146 1.3715624999999998
33.17857142857143 1.35375
33.214285714285715 1.3359375
33.25 1.3252499999999998
33.285714285714285 1.3216875
33.32142857142857 1.318125
33.357142857142854 1.3145624999999999
33.392857142857146 1.311
33.42857142857143 1.311
33.464285714285715 1.3074374999999998
33.5 1.3074374999999998
33.535714285714285 1.3074374999999998
33.57142857142857 1.3074374999999998
33.607142857142854 1.3074374999999998
33.642857142857146 1.311
33.714285714285715 1.2896249999999998
33.785714285714285 1.3573125
33.857142857142854 1.3430624999999998
33.892857142857146 1.3145624999999999
33.92857142857143 1.303875
33.964285714285715 1.3003125
34.0 1.2896249999999998
34.035714285714285 1.2860624999999999
34.07142857142857 1.2825
34.107142857142854 1.2789374999999998
34.142857142857146 1.2789374999999998
34.17857142857143 1.2789374999999998
34.214285714285715 1.2789374999999998
34.25 1.2789374999999998
34.285714285714285 1.2789374999999998
34.32142857142857 1.2789374999999998
34.357142857142854 1.2860624999999999
34.392857142857146 1.275375
34.42857142857143 1.2611249999999998
34.464285714285715 1.2682499999999999
34.5 1.3395
34.57142857142857 1.318125
34.607142857142854 1.2896249999999998
34.642857142857146 1.2825
34.67857142857143 1.2789374999999998
34.714285714285715 1.2718125
34.75 1.2682499999999999
34.785714285714285 1.2611249999999998
34.82142857142857 1.2611249999999998
34.857142857142854 1.2575625
34.892857142857146 1.2575625
34.92857142857143 1.2575625
34.964285714285715 1.2575625
35.0 1.254
35.035714285714285 1.254
35.07142857142857 1.2646875
35.107142857142854 1.254
35.142857142857146 1.2433124999999998
35.17857142857143 1.2433124999999998
35.214285714285715 1.246875
35.285714285714285 1.2896249999999998
35.32142857142857 1.2718125
35.357142857142854 1.2575625
35.392857142857146 1.2504374999999999
35.42857142857143 1.2433124999999998
35.464285714285715 1.2433124999999998
35.5 1.2361875
35.535714285714285 1.2361875
35.57142857142857 1.2361875
35.607142857142854 1.2361875
35.642857142857146 1.2326249999999999
35.67857142857143 1.2326249999999999
35.714285714285715 1.2326249999999999
35.75 1.2326249999999999
35.785714285714285 1.23975
35.857142857142854 1.2219375
35.892857142857146 1.2254999999999998
35.92857142857143 1.2290625
36.0 1.275375
36.035714285714285 1.254
36.07142857142857 1.2361875
36.107142857142854 1.2254999999999998
36.142857142857146 1.2219375
36.17857142857143 1.218375
36.214285714285715 1.2148124999999999
36.25 1.2148124999999999
36.285714285714285 1.2148124999999999
36.32142857142857 1.21125
36.357142857142854 1.21125
36.392857142857146 1.21125
36.42857142857143 1.21125
36.464285714285715 1.21125
36.5 1.218375
36.57142857142857 1.2005625
36.607142857142854 1.2005625
36.714285714285715 1.2825
36.75 1.2361875
36.785714285714285 1.218375
36.82142857142857 1.21125
36.857142857142854 1.204125
36.892857142857146 1.2005625
36.92857142857143 1.2005625
36.964285714285715 1.1969999999999998
37.0 1.1969999999999998
37.035714285714285 1.1969999999999998
37.07142857142857 1.1969999999999998
37.107142857142854 1.1969999999999998
37.142857142857146 1.1934375
37.17857142857143 1.1934375
37.214285714285715 1.204125
37.285714285714285 1.18275
37.32142857142857 1.175625
37.357142857142854 1.2504374999999999
37.42857142857143 1.2682499999999999
37.464285714285715 1.218375
37.5 1.2005625
37.535714285714285 1.1934375
37.57142857142857 1.189875
37.607142857142854 1.18275
37.642857142857146 1.1791874999999998
37.67857142857143 1.1791874999999998
37.714285714285715 1.1791874999999998
37.75 1.1791874999999998
37.785714285714285 1.175625
37.82142857142857 1.175625
37.857142857142854 1.175625
37.892857142857146 1.175625
37.92857142857143 1.1863124999999999
37.964285714285715 1.1863124999999999
38.0 1.1613749999999998
38.035714285714285 1.1684999999999999
38.07142857142857 1.1720625
38.107142857142854 1.2789374999999998
38.142857142857146 1.2433124999999998
38.17857142857143 1.204125
38.214285714285715 1.1969999999999998
38.25 1.1863124999999999
38.285714285714285 1.18275
38.32142857142857 1.1791874999999998
38.357142857142854 1.175625
38.392857142857146 1.1720625
38.42857142857143 1.1720625
38.464285714285715 1.1684999999999999
38.5 1.1684999999999999
38.535714285714285 1.1684999999999999
38.57142857142857 1.1684999999999999
38.607142857142854 1.1684999999999999
38.642857142857146 1.1791874999999998
38.67857142857143 1.1791874999999998
38.714285714285715 1.15425
38.75 1.15425
38.785714285714285 1.1613749999999998
38.82142857142857 1.218375
38.857142857142854 1.23975
38.892857142857146 1.18275
38.92857142857143 1.1720625
38.964285714285715 1.1649375
39.0 1.1506874999999999
39.035714285714285 1.1435624999999998
39.07142857142857 1.1435624999999998
39.107142857142854 1.14
39.142857142857146 1.14
39.17857142857143 1.14
39.214285714285715 1.14
39.25 1.14
39.285714285714285 1.1364375
39.32142857142857 1.1364375
39.357142857142854 1.1435624999999998
39.392857142857146 1.1435624999999998
39.42857142857143 1.12575
39.464285714285715 1.118625
39.5 1.1293125
39.535714285714285 1.18275
39.57142857142857 1.2148124999999999
39.607142857142854 1.15425
39.642857142857146 1.1435624999999998
39.67857142857143 1.1364375
39.714285714285715 1.12575
39.75 1.118625
39.785714285714285 1.1150624999999998
39.82142857142857 1.1115
39.857142857142854 1.1115
39.892857142857146 1.1115
39.92857142857143 1.1079375
