0.03571428571428571 1.9543281250000002
0.07142857142857142 1.9543281250000002
0.35714285714285715 2.03590625
0.39285714285714285 1.9756093750000001
0.42857142857142855 1.9756093750000001
0.4642857142857143 1.9756093750000001
0.5 1.9720625000000003
0.5357142857142857 1.9720625000000003
0.5714285714285714 1.9720625000000003
0.6071428571428571 1.9720625000000003
0.6428571428571429 1.9756093750000001
0.6785714285714286 1.9720625000000003
0.7142857142857143 1.9720625000000003
0.75 1.9720625000000003
0.7857142857142857 1.9720625000000003
0.8214285714285714 1.9720625000000003
0.8571428571428571 1.9720625000000003
0.8928571428571429 1.9720625000000003
0.9285714285714286 1.9756093750000001
0.9642857142857143 1.9720625000000003
1.0 1.9756093750000001
1.0357142857142858 1.9756093750000001
1.0714285714285714 1.9756093750000001
1.1071428571428572 1.9756093750000001
1.1428571428571428 1.9756093750000001
1.1785714285714286 1.9756093750000001
1.2142857142857142 1.9756093750000001
1.5 1.9933437500000002
1.5357142857142858 1.9933437500000002
1.5714285714285714 1.9933437500000002
1.6071428571428572 1.9933437500000002
1.6428571428571428 1.9933437500000002
1.6785714285714286 1.9897968750000001
1.7142857142857142 1.9897968750000001
1.75 1.9897968750000001
1.7857142857142858 1.9897968750000001
1.8214285714285714 1.9933437500000002
1.8571428571428572 1.9933437500000002
1.8928571428571428 1.9933437500000002
1.9285714285714286 1.9933437500000002
1.9642857142857142 1.9933437500000002
2.0 1.9933437500000002
2.0357142857142856 1.9933437500000002
2.0714285714285716 1.9933437500000002
2.107142857142857 1.9933437500000002
2.142857142857143 1.9933437500000002
2.1785714285714284 1.9933437500000002
2.2142857142857144 1.9933437500000002
2.25 1.9933437500000002
2.2857142857142856 1.9933437500000002
2.3214285714285716 1.9933437500000002
2.607142857142857 2.0004375000000003
2.642857142857143 2.0004375000000003
2.6785714285714284 2.0004375000000003
2.7142857142857144 2.0004375000000003
2.75 1.9968906250000003
2.7857142857142856 1.9968906250000003
2.8214285714285716 1.9968906250000003
2.857142857142857 1.9968906250000003
2.892857142857143 1.9968906250000003
2.9285714285714284 1.9968906250000003
2.9642857142857144 1.9968906250000003
3.0 1.9968906250000003
3.0357142857142856 1.9968906250000003
3.0714285714285716 2.0004375000000003
3.107142857142857 2.0004375000000003
3.142857142857143 2.0004375000000003
3.1785714285714284 1.9968906250000003
3.2142857142857144 2.0004375000000003
3.25 2.0004375000000003
3.2857142857142856 2.0004375000000003
3.3214285714285716 1.9968906250000003
3.357142857142857 2.0004375000000003
3.392857142857143 1.9968906250000003
3.4285714285714284 2.0004375000000003
3.7142857142857144 2.032359375
3.75 2.00753125
3.7857142857142856 2.00753125
3.8214285714285716 2.00753125
3.857142857142857 2.00753125
3.892857142857143 2.0039843750000004
3.9285714285714284 2.0039843750000004
3.9642857142857144 2.0039843750000004
4.0 2.0039843750000004
4.035714285714286 2.0039843750000004
4.071428571428571 2.0039843750000004
4.107142857142857 2.0039843750000004
4.142857142857143 2.0039843750000004
4.178571428571429 2.0039843750000004
4.214285714285714 2.0039843750000004
4.25 2.00753125
4.285714285714286 2.0039843750000004
4.321428571428571 2.0039843750000004
4.357142857142857 2.0039843750000004
4.392857142857143 2.00753125
4.428571428571429 2.00753125
4.464285714285714 2.0039843750000004
4.5 2.00753125
4.535714285714286 2.0039843750000004
4.821428571428571 2.043
4.857142857142857 2.00753125
4.892857142857143 2.0039843750000004
4.928571428571429 2.0039843750000004
4.964285714285714 2.0039843750000004
5.0 2.0039843750000004
5.035714285714286 2.0039843750000004
5.071428571428571 2.0039843750000004
5.107142857142857 2.0039843750000004
5.142857142857143 2.0039843750000004
5.178571428571429 2.0039843750000004
5.214285714285714 2.0039843750000004
5.25 2.0039843750000004
5.285714285714286 2.0039843750000004
5.321428571428571 2.0039843750000004
5.357142857142857 2.0039843750000004
5.392857142857143 2.0039843750000004
5.428571428571429 2.0039843750000004
5.464285714285714 2.0039843750000004
5.5 2.0039843750000004
5.535714285714286 2.0039843750000004
5.571428571428571 2.0039843750000004
5.607142857142857 2.0039843750000004
5.642857142857143 2.0039843750000004
5.928571428571429 2.043
5.964285714285714 2.0288125000000004
6.0 2.0288125000000004
6.035714285714286 2.0288125000000004
6.071428571428571 2.0288125000000004
6.107142857142857 2.0288125000000004
6.142857142857143 2.0288125000000004
6.178571428571429 2.0252656250000003
6.214285714285714 2.0252656250000003
6.25 2.0252656250000003
6.285714285714286 2.0288125000000004
6.321428571428571 2.0288125000000004
6.357142857142857 2.0288125000000004
6.392857142857143 2.0288125000000004
6.428571428571429 2.0252656250000003
6.464285714285714 2.0252656250000003
6.5 2.0288125000000004
6.535714285714286 2.0252656250000003
6.571428571428571 2.0252656250000003
6.607142857142857 2.0252656250000003
6.642857142857143 2.0252656250000003
6.678571428571429 2.0252656250000003
6.714285714285714 2.0252656250000003
6.75 2.0288125000000004
7.0 2.1352187500000004
7.035714285714286 2.0536406250000003
7.071428571428571 2.039453125
7.107142857142857 2.039453125
7.142857142857143 2.03590625
7.178571428571429 2.03590625
7.214285714285714 2.03590625
7.25 2.03590625
7.285714285714286 2.03590625
7.321428571428571 2.03590625
7.357142857142857 2.03590625
7.392857142857143 2.03590625
7.428571428571429 2.03590625
7.464285714285714 2.03590625
7.5 2.03590625
7.535714285714286 2.03590625
7.571428571428571 2.03590625
7.607142857142857 2.03590625
7.642857142857143 2.03590625
7.678571428571429 2.03590625
7.714285714285714 2.03590625
7.75 2.03590625
7.785714285714286 2.03590625
7.821428571428571 2.03590625
7.857142857142857 2.039453125
8.107142857142858 2.1423125
8.142857142857142 2.060734375
8.178571428571429 2.046546875
8.214285714285714 2.046546875
8.25 2.043
8.285714285714286 2.043
8.321428571428571 2.043
8.357142857142858 2.043
8.392857142857142 2.043
8.428571428571429 2.043
8.464285714285714 2.043
8.5 2.043
8.535714285714286 2.043
8.571428571428571 2.043
8.607142857142858 2.043
8.642857142857142 2.043
8.678571428571429 2.043
8.714285714285714 2.043
8.75 2.043
8.785714285714286 2.043
8.821428571428571 2.043
8.857142857142858 2.043
8.892857142857142 2.043
8.928571428571429 2.043
8.964285714285714 2.043
9.25 2.060734375
9.285714285714286 2.043
9.321428571428571 2.043
9.357142857142858 2.039453125
9.392857142857142 2.039453125
9.428571428571429 2.039453125
9.464285714285714 2.039453125
9.5 2.039453125
9.535714285714286 2.039453125
9.571428571428571 2.039453125
9.607142857142858 2.039453125
9.642857142857142 2.039453125
9.678571428571429 2.039453125
9.714285714285714 2.039453125
9.75 2.039453125
9.785714285714286 2.039453125
9.821428571428571 2.039453125
9.857142857142858 2.039453125
9.892857142857142 2.039453125
9.928571428571429 2.039453125
9.964285714285714 2.039453125
10.0 2.039453125
10.035714285714286 2.039453125
10.071428571428571 2.03590625
10.357142857142858 2.060734375
10.392857142857142 2.039453125
10.428571428571429 2.03590625
10.464285714285714 2.03590625
10.5 2.03590625
10.535714285714286 2.032359375
10.571428571428571 2.032359375
10.607142857142858 2.032359375
10.642857142857142 2.032359375
10.678571428571429 2.032359375
10.714285714285714 2.032359375
10.75 2.032359375
10.785714285714286 2.032359375
10.821428571428571 2.032359375
10.857142857142858 2.032359375
10.892857142857142 2.032359375
10.928571428571429 2.032359375
10.964285714285714 2.032359375
11.0 2.032359375
11.035714285714286 2.032359375
11.071428571428571 2.032359375
11.107142857142858 2.032359375
11.142857142857142 2.032359375
11.178571428571429 2.032359375
11.214285714285714 2.032359375
11.464285714285714 2.1565000000000003
11.5 2.06428125
11.535714285714286 2.060734375
11.571428571428571 2.060734375
11.607142857142858 2.060734375
11.642857142857142 2.0571875000000004
11.678571428571429 2.0571875000000004
11.714285714285714 2.0571875000000004
11.75 2.060734375
11.785714285714286 2.0571875000000004
11.821428571428571 2.0571875000000004
11.857142857142858 2.0571875000000004
11.892857142857142 2.0571875000000004
11.928571428571429 2.060734375
11.964285714285714 2.0571875000000004
12.0 2.0571875000000004
12.035714285714286 2.0571875000000004
12.071428571428571 2.0571875000000004
12.107142857142858 2.0571875000000004
12.142857142857142 2.0571875000000004
12.178571428571429 2.0571875000000004
12.214285714285714 2.0571875000000004
12.25 2.0571875000000004
12.285714285714286 2.0571875000000004
12.321428571428571 2.0571875000000004
12.571428571428571 2.14940625
12.607142857142858 2.060734375
12.642857142857142 2.060734375
12.678571428571429 2.060734375
12.714285714285714 2.060734375
12.75 2.0571875000000004
12.785714285714286 2.0571875000000004
12.821428571428571 2.0571875000000004
12.857142857142858 2.0571875000000004
12.892857142857142 2.0571875000000004
12.928571428571429 2.0571875000000004
12.964285714285714 2.0571875000000004
13.0 2.0571875000000004
13.035714285714286 2.0571875000000004
13.071428571428571 2.0571875000000004
13.107142857142858 2.0571875000000004
13.142857142857142 2.0571875000000004
13.178571428571429 2.0571875000000004
13.214285714285714 2.0571875000000004
13.25 2.0571875000000004
13.285714285714286 2.0571875000000004
13.321428571428571 2.0571875000000004
13.357142857142858 2.0571875000000004
13.392857142857142 2.0571875000000004
13.428571428571429 2.0571875000000004
13.678571428571429 2.1600468750000004
13.714285714285714 2.0820156250000004
13.75 2.0784687500000003
13.785714285714286 2.0784687500000003
13.821428571428571 2.0784687500000003
13.857142857142858 2.0784687500000003
13.892857142857142 2.0784687500000003
13.928571428571429 2.0784687500000003
13.964285714285714 2.0784687500000003
14.0 2.0784687500000003
14.035714285714286 2.0784687500000003
14.071428571428571 2.0784687500000003
14.107142857142858 2.0784687500000003
14.142857142857142 2.0784687500000003
14.178571428571429 2.0784687500000003
14.214285714285714 2.0784687500000003
14.25 2.0784687500000003
14.285714285714286 2.0784687500000003
14.321428571428571 2.0784687500000003
14.357142857142858 2.0784687500000003
14.392857142857142 2.0784687500000003
14.428571428571429 2.0784687500000003
14.464285714285714 2.0784687500000003
14.5 2.0784687500000003
14.785714285714286 2.16359375
14.821428571428571 2.0997500000000002
14.857142857142858 2.0997500000000002
14.892857142857142 2.096203125
14.928571428571429 2.096203125
14.964285714285714 2.096203125
15.0 2.09265625
15.035714285714286 2.09265625
15.071428571428571 2.096203125
15.107142857142858 2.09265625
15.142857142857142 2.096203125
15.178571428571429 2.096203125
15.214285714285714 2.096203125
15.25 2.096203125
15.285714285714286 2.096203125
15.321428571428571 2.096203125
15.357142857142858 2.096203125
15.392857142857142 2.096203125
15.428571428571429 2.096203125
15.464285714285714 2.096203125
15.5 2.096203125
15.535714285714286 2.096203125
15.571428571428571 2.096203125
15.607142857142858 2.09265625
15.892857142857142 2.167140625
15.928571428571429 2.117484375
15.964285714285714 2.117484375
16.0 2.1139375
16.035714285714285 2.1139375
16.071428571428573 2.1103906250000004
16.107142857142858 2.1103906250000004
16.142857142857142 2.1139375
16.178571428571427 2.1139375
16.214285714285715 2.1139375
16.25 2.1139375
16.285714285714285 2.1103906250000004
16.321428571428573 2.1139375
16.357142857142858 2.1139375
16.392857142857142 2.1139375
16.428571428571427 2.1139375
16.464285714285715 2.1139375
16.5 2.1139375
16.535714285714285 2.1139375
16.571428571428573 2.1139375
16.607142857142858 2.1139375
16.642857142857142 2.1139375
16.678571428571427 2.1139375
16.714285714285715 2.1139375
17.0 2.1706875
17.035714285714285 2.1316718750000003
17.071428571428573 2.1316718750000003
17.107142857142858 2.1281250000000003
17.142857142857142 2.1316718750000003
17.178571428571427 2.1281250000000003
17.214285714285715 2.1281250000000003
17.25 2.1281250000000003
17.285714285714285 2.1281250000000003
17.321428571428573 2.1281250000000003
17.357142857142858 2.1281250000000003
17.392857142857142 2.1281250000000003
17.428571428571427 2.1281250000000003
17.464285714285715 2.1281250000000003
17.5 2.1281250000000003
17.535714285714285 2.1281250000000003
17.571428571428573 2.1281250000000003
17.607142857142858 2.1281250000000003
17.642857142857142 2.1281250000000003
17.678571428571427 2.1281250000000003
17.714285714285715 2.1281250000000003
17.75 2.1281250000000003
17.785714285714285 2.1281250000000003
17.821428571428573 2.1281250000000003
18.107142857142858 2.174234375
18.142857142857142 2.1352187500000004
18.178571428571427 2.1352187500000004
18.214285714285715 2.1316718750000003
18.25 2.1316718750000003
18.285714285714285 2.1316718750000003
18.321428571428573 2.1316718750000003
18.357142857142858 2.1316718750000003
18.392857142857142 2.1316718750000003
18.428571428571427 2.1316718750000003
18.464285714285715 2.1316718750000003
18.5 2.1281250000000003
18.535714285714285 2.1281250000000003
18.571428571428573 2.1281250000000003
18.607142857142858 2.1281250000000003
18.642857142857142 2.1281250000000003
18.678571428571427 2.1316718750000003
18.714285714285715 2.1281250000000003
18.75 2.1281250000000003
18.785714285714285 2.1316718750000003
18.821428571428573 2.1281250000000003
18.857142857142858 2.1281250000000003
18.892857142857142 2.1316718750000003
18.928571428571427 2.1316718750000003
18.964285714285715 2.1316718750000003
19.25 2.138765625
19.285714285714285 2.138765625
19.321428571428573 2.1352187500000004
19.357142857142858 2.1352187500000004
19.392857142857142 2.1352187500000004
19.428571428571427 2.1352187500000004
19.464285714285715 2.1352187500000004
19.5 2.1352187500000004
19.535714285714285 2.1316718750000003
19.571428571428573 2.1316718750000003
19.607142857142858 2.1316718750000003
19.642857142857142 2.1316718750000003
19.678571428571427 2.1316718750000003
19.714285714285715 2.1316718750000003
19.75 2.1316718750000003
19.785714285714285 2.1316718750000003
19.821428571428573 2.1316718750000003
19.857142857142858 2.1352187500000004
19.892857142857142 2.1316718750000003
19.928571428571427 2.1316718750000003
19.964285714285715 2.1316718750000003
20.0 2.1352187500000004
20.035714285714285 2.1352187500000004
20.071428571428573 2.1352187500000004
20.357142857142858 2.1565000000000003
20.392857142857142 2.1529531250000002
20.428571428571427 2.1529531250000002
20.464285714285715 2.1529531250000002
20.5 2.14940625
20.535714285714285 2.14940625
20.571428571428573 2.14940625
20.607142857142858 2.14940625
20.642857142857142 2.14940625
20.678571428571427 2.14940625
20.714285714285715 2.14940625
20.75 2.14940625
20.785714285714285 2.14940625
20.821428571428573 2.14940625
20.857142857142858 2.14940625
20.892857142857142 2.14940625
20.928571428571427 2.14940625
20.964285714285715 2.14940625
21.0 2.14940625
21.035714285714285 2.14940625
21.071428571428573 2.14940625
21.107142857142858 2.14940625
21.142857142857142 2.14940625
21.178571428571427 2.14940625
21.464285714285715 2.16359375
21.5 2.1600468750000004
21.535714285714285 2.1565000000000003
21.571428571428573 2.1565000000000003
21.607142857142858 2.1565000000000003
21.642857142857142 2.1565000000000003
21.678571428571427 2.1565000000000003
21.714285714285715 2.1565000000000003
21.75 2.1565000000000003
21.785714285714285 2.1565000000000003
21.821428571428573 2.1565000000000003
21.857142857142858 2.1565000000000003
21.892857142857142 2.1600468750000004
21.928571428571427 2.1565000000000003
21.964285714285715 2.1565000000000003
22.0 2.1600468750000004
22.035714285714285 2.1600468750000004
22.071428571428573 2.1600468750000004
22.107142857142858 2.1600468750000004
22.142857142857142 2.1600468750000004
22.178571428571427 2.1600468750000004
22.214285714285715 2.1565000000000003
22.25 2.1600468750000004
22.285714285714285 2.1600468750000004
22.535714285714285 2.2593593750000003
22.571428571428573 2.1884218750000004
22.607142857142858 2.1600468750000004
22.642857142857142 2.1600468750000004
22.678571428571427 2.1600468750000004
22.714285714285715 2.1600468750000004
22.75 2.1565000000000003
22.785714285714285 2.1565000000000003
22.821428571428573 2.1565000000000003
22.857142857142858 2.1600468750000004
22.892857142857142 2.1600468750000004
22.928571428571427 2.1600468750000004
22.964285714285715 2.1600468750000004
23.0 2.1600468750000004
23.035714285714285 2.1600468750000004
23.071428571428573 2.1600468750000004
23.107142857142858 2.1600468750000004
23.142857142857142 2.1565000000000003
23.178571428571427 2.1600468750000004
23.214285714285715 2.1600468750000004
23.25 2.1600468750000004
23.285714285714285 2.1600468750000004
23.321428571428573 2.1600468750000004
23.357142857142858 2.1600468750000004
23.392857142857142 2.1600468750000004
23.642857142857142 2.2841875000000003
23.678571428571427 2.1848750000000003
23.714285714285715 2.1777812500000002
23.75 2.174234375
23.785714285714285 2.174234375
23.821428571428573 2.174234375
23.857142857142858 2.174234375
23.892857142857142 2.174234375
23.928571428571427 2.174234375
23.964285714285715 2.174234375
24.0 2.174234375
24.035714285714285 2.174234375
24.071428571428573 2.174234375
24.107142857142858 2.174234375
24.142857142857142 2.174234375
24.178571428571427 2.174234375
24.214285714285715 2.174234375
24.25 2.174234375
24.285714285714285 2.174234375
24.321428571428573 2.174234375
24.357142857142858 2.174234375
24.392857142857142 2.174234375
24.428571428571427 2.174234375
24.464285714285715 2.174234375
24.5 2.174234375
24.785714285714285 2.19196875
24.821428571428573 2.167140625
24.857142857142858 2.16359375
24.892857142857142 2.16359375
24.928571428571427 2.16359375
24.964285714285715 2.16359375
25.0 2.16359375
25.035714285714285 2.16359375
25.071428571428573 2.16359375
25.107142857142858 2.16359375
25.142857142857142 2.16359375
25.178571428571427 2.16359375
25.214285714285715 2.16359375
25.25 2.16359375
25.285714285714285 2.16359375
25.321428571428573 2.16359375
25.357142857142858 2.16359375
25.392857142857142 2.16359375
25.428571428571427 2.16359375
25.464285714285715 2.16359375
25.5 2.16359375
25.535714285714285 2.16359375
25.571428571428573 2.16359375
25.607142857142858 2.16359375
25.892857142857142 2.19196875
25.928571428571427 2.1706875
25.964285714285715 2.1706875
26.0 2.167140625
26.035714285714285 2.167140625
26.071428571428573 2.167140625
26.107142857142858 2.167140625
26.142857142857142 2.167140625
26.178571428571427 2.167140625
26.214285714285715 2.167140625
26.25 2.167140625
26.285714285714285 2.167140625
26.321428571428573 2.167140625
26.357142857142858 2.167140625
26.392857142857142 2.167140625
26.428571428571427 2.167140625
26.464285714285715 2.167140625
26.5 2.167140625
26.535714285714285 2.167140625
26.571428571428573 2.167140625
26.607142857142858 2.167140625
26.642857142857142 2.167140625
26.678571428571427 2.167140625
26.714285714285715 2.167140625
27.0 2.19196875
27.035714285714285 2.1813281250000003
27.071428571428573 2.1777812500000002
27.107142857142858 2.1777812500000002
27.142857142857142 2.1777812500000002
27.178571428571427 2.1777812500000002
27.214285714285715 2.1777812500000002
27.25 2.1777812500000002
27.285714285714285 2.1777812500000002
27.321428571428573 2.1777812500000002
27.357142857142858 2.1777812500000002
27.392857142857142 2.1777812500000002
27.428571428571427 2.1777812500000002
27.464285714285715 2.1777812500000002
27.5 2.1777812500000002
27.535714285714285 2.1777812500000002
27.571428571428573 2.1777812500000002
27.607142857142858 2.1777812500000002
27.642857142857142 2.1777812500000002
27.678571428571427 2.1777812500000002
27.714285714285715 2.1777812500000002
27.75 2.1777812500000002
27.785714285714285 2.1777812500000002
27.821428571428573 2.1777812500000002
28.107142857142858 2.195515625
28.142857142857142 2.1813281250000003
28.178571428571427 2.1813281250000003
28.214285714285715 2.1813281250000003
28.25 2.1813281250000003
28.285714285714285 2.1813281250000003
28.321428571428573 2.1813281250000003
28.357142857142858 2.1813281250000003
28.392857142857142 2.1813281250000003
28.428571428571427 2.1813281250000003
28.464285714285715 2.1813281250000003
28.5 2.1813281250000003
28.535714285714285 2.1813281250000003
28.571428571428573 2.1813281250000003
28.607142857142858 2.1813281250000003
28.642857142857142 2.1813281250000003
28.678571428571427 2.1813281250000003
28.714285714285715 2.1813281250000003
28.75 2.1813281250000003
28.785714285714285 2.1813281250000003
28.821428571428573 2.1813281250000003
28.857142857142858 2.1813281250000003
28.892857142857142 2.1813281250000003
28.928571428571427 2.1813281250000003
29.214285714285715 2.2912812500000004
29.25 2.1990625
29.285714285714285 2.1990625
29.321428571428573 2.195515625
29.357142857142858 2.195515625
29.392857142857142 2.195515625
29.428571428571427 2.195515625
29.464285714285715 2.195515625
29.5 2.195515625
29.535714285714285 2.195515625
29.571428571428573 2.195515625
29.607142857142858 2.195515625
29.642857142857142 2.195515625
29.678571428571427 2.195515625
29.714285714285715 2.195515625
29.75 2.195515625
29.785714285714285 2.1990625
29.821428571428573 2.195515625
29.857142857142858 2.195515625
29.892857142857142 2.195515625
29.928571428571427 2.195515625
29.964285714285715 2.195515625
30.0 2.195515625
30.035714285714285 2.1990625
30.321428571428573 2.202609375
30.357142857142858 2.195515625
30.392857142857142 2.195515625
30.428571428571427 2.195515625
30.464285714285715 2.195515625
30.5 2.195515625
30.535714285714285 2.195515625
30.571428571428573 2.19196875
30.607142857142858 2.195515625
30.642857142857142 2.195515625
30.678571428571427 2.195515625
30.714285714285715 2.19196875
30.75 2.195515625
30.785714285714285 2.19196875
30.821428571428573 2.19196875
30.857142857142858 2.195515625
30.892857142857142 2.19196875
30.928571428571427 2.195515625
30.964285714285715 2.195515625
31.0 2.195515625
31.035714285714285 2.195515625
31.071428571428573 2.195515625
31.107142857142858 2.195515625
31.142857142857142 2.195515625
31.428571428571427 2.294828125
31.464285714285715 2.2132500000000004
31.5 2.2097031250000003
31.535714285714285 2.2097031250000003
31.571428571428573 2.2097031250000003
31.607142857142858 2.2061562500000003
31.642857142857142 2.2061562500000003
31.678571428571427 2.2061562500000003
31.714285714285715 2.2097031250000003
31.75 2.2097031250000003
31.785714285714285 2.2061562500000003
31.821428571428573 2.2097031250000003
31.857142857142858 2.2097031250000003
31.892857142857142 2.2097031250000003
31.928571428571427 2.2097031250000003
31.964285714285715 2.2097031250000003
32.0 2.2097031250000003
32.035714285714285 2.2097031250000003
32.07142857142857 2.2097031250000003
32.107142857142854 2.2097031250000003
32.142857142857146 2.2097031250000003
32.17857142857143 2.2097031250000003
32.214285714285715 2.2097031250000003
32.25 2.2097031250000003
32.535714285714285 2.30546875
32.57142857142857 2.2309843750000002
32.607142857142854 2.2274375
32.642857142857146 2.2274375
32.67857142857143 2.2274375
32.714285714285715 2.2274375
32.75 2.2274375
32.785714285714285 2.2274375
32.82142857142857 2.2274375
32.857142857142854 2.2274375
32.892857142857146 2.2274375
32.92857142857143 2.2274375
32.964285714285715 2.2274375
33.0 2.2274375
33.035714285714285 2.2274375
33.07142857142857 2.2274375
33.107142857142854 2.2274375
33.142857142857146 2.2274375
33.17857142857143 2.2274375
33.214285714285715 2.2274375
33.25 2.2274375
33.285714285714285 2.2274375
33.32142857142857 2.2274375
33.357142857142854 2.2274375
33.642857142857146 2.30546875
33.67857142857143 2.2309843750000002
33.714285714285715 2.2274375
33.75 2.2274375
33.785714285714285 2.2274375
33.82142857142857 2.223890625
33.857142857142854 2.223890625
33.892857142857146 2.223890625
33.92857142857143 2.223890625
33.964285714285715 2.223890625
34.0 2.223890625
34.035714285714285 2.223890625
34.07142857142857 2.223890625
34.107142857142854 2.223890625
34.142857142857146 2.223890625
34.17857142857143 2.223890625
34.214285714285715 2.223890625
34.25 2.223890625
34.285714285714285 2.2274375
34.32142857142857 2.223890625
34.357142857142854 2.223890625
34.392857142857146 2.2274375
34.42857142857143 2.223890625
34.464285714285715 2.223890625
34.75 2.30546875
34.785714285714285 2.2309843750000002
34.82142857142857 2.2309843750000002
34.857142857142854 2.2274375
34.892857142857146 2.2274375
34.92857142857143 2.2274375
34.964285714285715 2.2274375
35.0 2.2274375
35.035714285714285 2.2274375
35.07142857142857 2.223890625
35.107142857142854 2.2274375
35.142857142857146 2.223890625
35.17857142857143 2.2274375
35.214285714285715 2.223890625
35.25 2.2274375
35.285714285714285 2.2274375
35.32142857142857 2.2274375
35.357142857142854 2.2274375
35.392857142857146 2.2274375
35.42857142857143 2.2274375
35.464285714285715 2.2274375
35.5 2.2274375
35.535714285714285 2.2274375
35.57142857142857 2.2274375
35.857142857142854 2.3161093750000004
35.892857142857146 2.24871875
35.92857142857143 2.2416250000000004
35.964285714285715 2.2416250000000004
36.0 2.2416250000000004
36.035714285714285 2.2416250000000004
36.07142857142857 2.2416250000000004
36.107142857142854 2.2380781250000004
36.142857142857146 2.2380781250000004
36.17857142857143 2.2380781250000004
36.214285714285715 2.2380781250000004
36.25 2.2380781250000004
36.285714285714285 2.2380781250000004
36.32142857142857 2.2380781250000004
36.357142857142854 2.2380781250000004
36.392857142857146 2.2380781250000004
36.42857142857143 2.2380781250000004
36.464285714285715 2.2380781250000004
36.5 2.2380781250000004
36.535714285714285 2.2380781250000004
36.57142857142857 2.2416250000000004
36.607142857142854 2.2416250000000004
36.642857142857146 2.2380781250000004
36.67857142857143 2.2380781250000004
37.0 2.2593593750000003
37.035714285714285 2.2558125
37.07142857142857 2.2558125
37.107142857142854 2.2558125
37.142857142857146 2.252265625
37.17857142857143 2.2558125
37.214285714285715 2.2558125
37.25 2.2558125
37.285714285714285 2.2558125
37.32142857142857 2.2558125
37.357142857142854 2.2558125
37.392857142857146 2.252265625
37.42857142857143 2.2558125
37.464285714285715 2.2558125
37.5 2.2558125
37.535714285714285 2.2558125
37.57142857142857 2.2558125
37.607142857142854 2.2558125
37.642857142857146 2.2558125
37.67857142857143 2.2558125
37.714285714285715 2.2558125
37.75 2.2558125
37.785714285714285 2.2558125
38.107142857142854 2.27709375
38.142857142857146 2.27709375
38.17857142857143 2.27709375
38.214285714285715 2.27709375
38.25 2.27709375
38.285714285714285 2.27709375
38.32142857142857 2.27709375
38.357142857142854 2.273546875
38.392857142857146 2.27709375
38.42857142857143 2.27709375
38.464285714285715 2.273546875
38.5 2.27709375
38.535714285714285 2.27709375
38.57142857142857 2.27709375
38.607142857142854 2.27709375
38.642857142857146 2.27709375
38.67857142857143 2.27709375
38.714285714285715 2.27709375
38.75 2.27709375
38.785714285714285 2.27709375
38.82142857142857 2.27709375
38.857142857142854 2.27709375
38.892857142857146 2.27709375
39.214285714285715 2.298375
39.25 2.298375
39.285714285714285 2.294828125
39.32142857142857 2.294828125
39.357142857142854 2.294828125
39.392857142857146 2.294828125
39.42857142857143 2.2912812500000004
39.464285714285715 2.2912812500000004
39.5 2.294828125
39.535714285714285 2.294828125
39.57142857142857 2.294828125
39.607142857142854 2.2912812500000004
39.642857142857146 2.294828125
39.67857142857143 2.294828125
39.714285714285715 2.294828125
39.75 2.294828125
39.785714285714285 2.294828125
39.82142857142857 2.294828125
39.857142857142854 2.294828125
39.892857142857146 2.294828125
39.92857142857143 2.294828125
