0.03571428571428571 2.8535625
0.07142857142857142 2.83575
0.10714285714285714 2.83575
0.14285714285714285 2.8393124999999997
0.17857142857142858 2.8393124999999997
0.21428571428571427 2.8393124999999997
0.25 2.83575
0.2857142857142857 2.83575
0.32142857142857145 2.83575
0.35714285714285715 2.83575
0.39285714285714285 2.83575
0.42857142857142855 2.83575
0.4642857142857143 2.83575
0.5 2.83575
0.5357142857142857 2.83575
0.5714285714285714 2.83575
0.6785714285714286 2.8215
0.7142857142857143 2.8250624999999996
0.75 2.89275
0.7857142857142857 2.871375
0.8214285714285714 2.857125
0.8571428571428571 2.857125
0.8928571428571429 2.8642499999999997
0.9285714285714286 2.8642499999999997
0.9642857142857143 2.8606874999999996
1.0 2.857125
1.0357142857142858 2.857125
1.0714285714285714 2.857125
1.1071428571428572 2.857125
1.1428571428571428 2.857125
1.1785714285714286 2.857125
1.2142857142857142 2.857125
1.25 2.857125
1.3214285714285714 2.8606874999999996
1.3928571428571428 2.8286249999999997
1.4642857142857142 2.8499999999999996
1.5 2.871375
1.5357142857142858 2.8464375
1.5714285714285714 2.8464375
1.6071428571428572 2.8464375
1.6428571428571428 2.842875
1.6785714285714286 2.842875
1.7142857142857142 2.842875
1.75 2.8393124999999997
1.7857142857142858 2.8393124999999997
1.8214285714285714 2.83575
1.8571428571428572 2.8321875
1.8928571428571428 2.8321875
1.9285714285714286 2.8321875
1.9642857142857142 2.8321875
2.0357142857142856 2.842875
2.0714285714285716 2.8321875
2.107142857142857 2.8143749999999996
2.1785714285714284 2.8785
2.25 2.871375
2.2857142857142856 2.8606874999999996
2.3214285714285716 2.857125
2.357142857142857 2.8499999999999996
2.392857142857143 2.8464375
2.4285714285714284 2.842875
2.4642857142857144 2.842875
2.5 2.8393124999999997
2.5357142857142856 2.83575
2.5714285714285716 2.83575
2.607142857142857 2.8321875
2.642857142857143 2.8321875
2.6785714285714284 2.8321875
2.7142857142857144 2.8321875
2.75 2.83575
2.8214285714285716 2.800125
2.892857142857143 2.8642499999999997
2.9642857142857144 2.8856249999999997
3.0 2.8606874999999996
3.0357142857142856 2.857125
3.0714285714285716 2.8499999999999996
3.107142857142857 2.8464375
3.142857142857143 2.842875
3.1785714285714284 2.8393124999999997
3.2142857142857144 2.83575
3.25 2.8321875
3.2857142857142856 2.8321875
3.3214285714285716 2.8286249999999997
3.357142857142857 2.8250624999999996
3.392857142857143 2.8250624999999996
3.4285714285714284 2.8215
3.4642857142857144 2.8321875
3.5357142857142856 2.80725
3.5714285714285716 2.8108125
3.7142857142857144 2.8785
3.75 2.857125
3.7857142857142856 2.8499999999999996
3.8214285714285716 2.8464375
3.857142857142857 2.8393124999999997
3.892857142857143 2.8393124999999997
3.9285714285714284 2.8321875
3.9642857142857144 2.8321875
4.0 2.8286249999999997
4.035714285714286 2.8250624999999996
4.071428571428571 2.8250624999999996
4.107142857142857 2.8250624999999996
4.142857142857143 2.8250624999999996
4.178571428571429 2.83575
4.25 2.80725
4.285714285714286 2.8143749999999996
4.428571428571429 2.8749374999999997
4.464285714285714 2.8499999999999996
4.5 2.8393124999999997
4.535714285714286 2.83575
4.571428571428571 2.8321875
4.607142857142857 2.8286249999999997
4.642857142857143 2.8286249999999997
4.678571428571429 2.8286249999999997
4.714285714285714 2.8250624999999996
4.75 2.8286249999999997
4.785714285714286 2.8250624999999996
4.821428571428571 2.8250624999999996
4.857142857142857 2.8250624999999996
4.892857142857143 2.8215
5.0 2.7965625
5.142857142857143 2.8535625
5.178571428571429 2.8321875
5.214285714285714 2.8250624999999996
5.25 2.8179374999999998
5.285714285714286 2.8143749999999996
5.321428571428571 2.8108125
5.357142857142857 2.8036874999999997
5.392857142857143 2.8036874999999997
5.428571428571429 2.80725
5.464285714285714 2.8036874999999997
5.5 2.8036874999999997
5.535714285714286 2.8036874999999997
5.571428571428571 2.8036874999999997
5.607142857142857 2.8036874999999997
5.714285714285714 2.7751875
5.857142857142857 2.80725
5.892857142857143 2.7965625
5.928571428571429 2.7894375
5.964285714285714 2.7823124999999997
6.0 2.7787499999999996
6.035714285714286 2.7787499999999996
6.071428571428571 2.7751875
6.107142857142857 2.7751875
6.142857142857143 2.7751875
6.178571428571429 2.7751875
6.214285714285714 2.7751875
6.25 2.7751875
6.285714285714286 2.7751875
6.392857142857143 2.7431249999999996
6.428571428571429 2.75025
6.464285714285714 2.7573749999999997
6.571428571428571 2.7929999999999997
6.607142857142857 2.771625
6.642857142857143 2.7645
6.678571428571429 2.7573749999999997
6.714285714285714 2.75025
6.75 2.7466874999999997
6.785714285714286 2.7466874999999997
6.821428571428571 2.7466874999999997
6.857142857142857 2.7466874999999997
6.892857142857143 2.7466874999999997
6.928571428571429 2.7466874999999997
6.964285714285714 2.7466874999999997
7.0 2.7431249999999996
7.071428571428571 2.7431249999999996
7.107142857142857 2.7075
7.142857142857143 2.714625
7.178571428571429 2.7217499999999997
7.285714285714286 2.7609375
7.321428571428571 2.7466874999999997
7.357142857142857 2.728875
7.392857142857143 2.7181875
7.428571428571429 2.714625
7.464285714285714 2.7110624999999997
7.5 2.7075
7.535714285714286 2.7075
7.571428571428571 2.7075
7.607142857142857 2.7075
7.642857142857143 2.7075
7.678571428571429 2.7075
7.714285714285714 2.7075
7.75 2.7110624999999997
7.857142857142857 2.6825625
7.892857142857143 2.6861249999999997
8.0 2.7253125
8.035714285714286 2.7075
8.071428571428571 2.6861249999999997
8.107142857142858 2.6754374999999997
8.142857142857142 2.671875
8.178571428571429 2.671875
8.214285714285714 2.6683125
8.25 2.6647499999999997
8.285714285714286 2.6683125
8.321428571428571 2.6647499999999997
8.357142857142858 2.6647499999999997
8.392857142857142 2.6647499999999997
8.428571428571429 2.6647499999999997
8.464285714285714 2.6647499999999997
8.571428571428571 2.6326875
8.607142857142858 2.6469375
8.714285714285714 2.6896875
8.75 2.6611874999999996
8.785714285714286 2.6540624999999998
8.821428571428571 2.6469375
8.857142857142858 2.6398124999999997
8.892857142857142 2.6326875
8.928571428571429 2.6326875
8.964285714285714 2.6291249999999997
9.0 2.6291249999999997
9.035714285714286 2.6291249999999997
9.071428571428571 2.6291249999999997
9.107142857142858 2.6291249999999997
9.142857142857142 2.6291249999999997
9.214285714285714 2.63625
9.285714285714286 2.5970625
9.321428571428571 2.6041874999999997
9.428571428571429 2.6469375
9.464285714285714 2.6291249999999997
9.5 2.6113125
9.535714285714286 2.6041874999999997
9.571428571428571 2.600625
9.607142857142858 2.5970625
9.642857142857142 2.5970625
9.678571428571429 2.5970625
9.714285714285714 2.5970625
9.75 2.5934999999999997
9.785714285714286 2.5934999999999997
9.821428571428571 2.5934999999999997
9.857142857142858 2.5934999999999997
9.892857142857142 2.5934999999999997
9.928571428571429 2.600625
10.0 2.5614375
10.035714285714286 2.5685624999999996
10.071428571428571 2.600625
10.142857142857142 2.6148749999999996
10.178571428571429 2.5970625
10.214285714285714 2.5828124999999997
10.25 2.5721249999999998
10.285714285714286 2.5614375
10.321428571428571 2.5614375
10.357142857142858 2.5578749999999997
10.392857142857142 2.5578749999999997
10.428571428571429 2.5578749999999997
10.464285714285714 2.5543125
10.5 2.5543125
10.535714285714286 2.5543125
10.571428571428571 2.5543125
10.642857142857142 2.5614375
10.714285714285714 2.5222499999999997
10.75 2.5258125
10.785714285714286 2.5471874999999997
10.857142857142858 2.5756875
10.892857142857142 2.5543125
10.928571428571429 2.5400625
10.964285714285714 2.529375
11.0 2.5186875
11.035714285714286 2.515125
11.071428571428571 2.5115624999999997
11.107142857142858 2.5115624999999997
11.142857142857142 2.5115624999999997
11.178571428571429 2.5115624999999997
11.214285714285714 2.5115624999999997
11.25 2.5115624999999997
11.285714285714286 2.5115624999999997
11.321428571428571 2.508
11.357142857142858 2.515125
11.464285714285714 2.4759374999999997
11.5 2.4901874999999998
11.607142857142858 2.515125
11.642857142857142 2.4973124999999996
11.678571428571429 2.4830625
11.714285714285714 2.4795
11.75 2.472375
11.785714285714286 2.4688125
11.821428571428571 2.4688125
11.857142857142858 2.4688125
11.892857142857142 2.4688125
11.928571428571429 2.4688125
11.964285714285714 2.4688125
12.0 2.4688125
12.035714285714286 2.4688125
12.071428571428571 2.4759374999999997
12.142857142857142 2.4403124999999997
12.178571428571429 2.4403124999999997
12.214285714285714 2.4545624999999998
12.321428571428571 2.49375
12.357142857142858 2.4616875
12.392857142857142 2.4474375
12.428571428571429 2.443875
12.464285714285714 2.43675
12.5 2.4296249999999997
12.535714285714286 2.4296249999999997
12.571428571428571 2.4296249999999997
12.607142857142858 2.4296249999999997
12.642857142857142 2.4296249999999997
12.678571428571429 2.4296249999999997
12.714285714285714 2.4296249999999997
12.75 2.4296249999999997
12.821428571428571 2.4331875
12.857142857142858 2.40825
12.892857142857142 2.40825
12.928571428571429 2.40825
13.035714285714286 2.43675
13.071428571428571 2.4260625
13.107142857142858 2.40825
13.142857142857142 2.4046874999999996
13.178571428571429 2.3975625
13.214285714285714 2.3939999999999997
13.25 2.3939999999999997
13.285714285714286 2.3939999999999997
13.321428571428571 2.3939999999999997
13.357142857142858 2.3939999999999997
13.392857142857142 2.3939999999999997
13.428571428571429 2.3939999999999997
13.464285714285714 2.3939999999999997
13.5 2.3975625
13.535714285714286 2.3975625
13.571428571428571 2.3726249999999998
13.607142857142858 2.3726249999999998
13.642857142857142 2.3726249999999998
13.678571428571429 2.4225
13.75 2.4046874999999996
13.785714285714286 2.3904375
13.821428571428571 2.37975
13.857142857142858 2.3655
13.892857142857142 2.3583749999999997
13.928571428571429 2.3583749999999997
13.964285714285714 2.3583749999999997
14.0 2.3548125
14.035714285714286 2.3548125
14.071428571428571 2.3548125
14.107142857142858 2.3548125
14.142857142857142 2.3548125
14.178571428571429 2.3548125
14.214285714285714 2.3548125
14.25 2.3583749999999997
14.321428571428571 2.3263125
14.357142857142858 2.329875
14.392857142857142 2.3726249999999998
14.464285714285714 2.3904375
14.5 2.35125
14.535714285714286 2.344125
14.571428571428571 2.329875
14.607142857142858 2.3227499999999996
14.642857142857142 2.3191875
14.678571428571429 2.3191875
14.714285714285714 2.3191875
14.75 2.3191875
14.785714285714286 2.3191875
14.821428571428571 2.315625
14.857142857142858 2.315625
14.892857142857142 2.315625
14.928571428571429 2.315625
14.964285714285714 2.3263125
15.035714285714286 2.2978125
15.071428571428571 2.3049375
15.107142857142858 2.3548125
15.178571428571429 2.3726249999999998
15.214285714285714 2.35125
15.25 2.3334375
15.285714285714286 2.3227499999999996
15.321428571428571 2.3191875
15.357142857142858 2.315625
15.392857142857142 2.315625
15.428571428571429 2.315625
15.464285714285714 2.3120624999999997
15.5 2.3120624999999997
15.535714285714286 2.3120624999999997
15.571428571428571 2.3120624999999997
15.607142857142858 2.3120624999999997
15.642857142857142 2.3120624999999997
15.678571428571429 2.3191875
15.75 2.2978125
15.785714285714286 2.3120624999999997
15.821428571428571 2.3619375
15.892857142857142 2.3690624999999996
15.928571428571429 2.3476874999999997
15.964285714285714 2.329875
16.0 2.3191875
16.035714285714285 2.315625
16.071428571428573 2.315625
16.107142857142858 2.315625
16.142857142857142 2.315625
16.178571428571427 2.315625
16.214285714285715 2.3120624999999997
16.25 2.3120624999999997
16.285714285714285 2.3120624999999997
16.321428571428573 2.3120624999999997
16.357142857142858 2.3120624999999997
16.392857142857142 2.3120624999999997
16.428571428571427 2.3049375
16.464285714285715 2.2978125
16.5 2.3085
16.535714285714285 2.3619375
16.607142857142858 2.3690624999999996
16.642857142857142 2.3405625
16.678571428571427 2.3334375
16.714285714285715 2.3263125
16.75 2.3191875
16.785714285714285 2.315625
16.821428571428573 2.3120624999999997
16.857142857142858 2.3085
16.892857142857142 2.3085
16.928571428571427 2.3049375
16.964285714285715 2.3049375
17.0 2.3049375
17.035714285714285 2.3049375
17.071428571428573 2.3049375
17.178571428571427 2.2906874999999998
17.214285714285715 2.3013749999999997
17.321428571428573 2.3548125
17.357142857142858 2.3227499999999996
17.392857142857142 2.3120624999999997
17.428571428571427 2.3085
17.464285714285715 2.3013749999999997
17.5 2.3013749999999997
17.535714285714285 2.3013749999999997
17.571428571428573 2.3013749999999997
17.607142857142858 2.2978125
17.642857142857142 2.2978125
17.678571428571427 2.2978125
17.714285714285715 2.2978125
17.75 2.2978125
17.785714285714285 2.2978125
17.821428571428573 2.3013749999999997
17.892857142857142 2.2835625
17.928571428571427 2.2906874999999998
17.964285714285715 2.29425
18.035714285714285 2.3476874999999997
18.071428571428573 2.3334375
18.107142857142858 2.315625
18.142857142857142 2.3120624999999997
18.178571428571427 2.3013749999999997
18.214285714285715 2.3013749999999997
18.25 2.29425
18.285714285714285 2.2906874999999998
18.321428571428573 2.2906874999999998
18.357142857142858 2.2906874999999998
18.392857142857142 2.2906874999999998
18.428571428571427 2.2871249999999996
18.464285714285715 2.2871249999999996
18.5 2.2871249999999996
18.535714285714285 2.29425
18.607142857142858 2.28
18.642857142857142 2.2906874999999998
18.678571428571427 2.2906874999999998
18.75 2.3405625
18.785714285714285 2.3227499999999996
18.821428571428573 2.3120624999999997
18.857142857142858 2.3013749999999997
18.892857142857142 2.2978125
18.928571428571427 2.2978125
18.964285714285715 2.29425
19.0 2.29425
19.035714285714285 2.29425
19.071428571428573 2.29425
19.107142857142858 2.2906874999999998
19.142857142857142 2.2906874999999998
19.178571428571427 2.2906874999999998
19.214285714285715 2.2906874999999998
19.25 2.2978125
19.321428571428573 2.2764374999999997
19.357142857142858 2.2871249999999996
19.392857142857142 2.2978125
19.5 2.3263125
19.535714285714285 2.3191875
19.571428571428573 2.3049375
19.607142857142858 2.29425
19.642857142857142 2.29425
19.678571428571427 2.2871249999999996
19.714285714285715 2.2871249999999996
19.75 2.2835625
19.785714285714285 2.2835625
19.821428571428573 2.2835625
19.857142857142858 2.2835625
19.892857142857142 2.2835625
19.928571428571427 2.2835625
19.964285714285715 2.2871249999999996
20.035714285714285 2.2479375
20.071428571428573 2.2479375
20.107142857142858 2.258625
20.214285714285715 2.2871249999999996
20.25 2.2621875
20.285714285714285 2.2550624999999997
20.321428571428573 2.2479375
20.357142857142858 2.2408124999999997
20.392857142857142 2.23725
20.428571428571427 2.2336875
20.464285714285715 2.2336875
20.5 2.2336875
20.535714285714285 2.2336875
20.571428571428573 2.2336875
20.607142857142858 2.2336875
20.642857142857142 2.2336875
20.678571428571427 2.244375
20.75 2.215875
20.785714285714285 2.2194374999999997
20.821428571428573 2.2265625
20.928571428571427 2.2550624999999997
20.964285714285715 2.23725
21.0 2.2194374999999997
21.035714285714285 2.215875
21.071428571428573 2.2087499999999998
21.107142857142858 2.2051874999999996
21.142857142857142 2.2051874999999996
21.178571428571427 2.201625
21.214285714285715 2.201625
21.25 2.201625
21.285714285714285 2.201625
21.321428571428573 2.201625
21.357142857142858 2.201625
21.392857142857142 2.201625
21.428571428571427 2.1944999999999997
21.464285714285715 2.1588749999999997
21.5 2.1553125
21.535714285714285 2.1588749999999997
21.571428571428573 2.2087499999999998
21.642857142857142 2.1909375
21.678571428571427 2.1731249999999998
21.714285714285715 2.1624375
21.75 2.1481874999999997
21.785714285714285 2.1410625
21.821428571428573 2.1410625
21.857142857142858 2.1410625
21.892857142857142 2.1410625
21.928571428571427 2.1374999999999997
21.964285714285715 2.1374999999999997
22.0 2.1374999999999997
22.035714285714285 2.1374999999999997
22.071428571428573 2.1374999999999997
22.107142857142858 2.1410625
22.142857142857142 2.1410625
22.178571428571427 2.109
22.214285714285715 2.0983125
22.25 2.1018749999999997
22.285714285714285 2.1374999999999997
22.357142857142858 2.1374999999999997
22.392857142857142 2.1196875
22.428571428571427 2.109
22.464285714285715 2.0983125
22.5 2.087625
22.535714285714285 2.087625
22.571428571428573 2.087625
22.607142857142858 2.0840625
22.642857142857142 2.0840625
22.678571428571427 2.0840625
22.714285714285715 2.0840625
22.75 2.0840625
22.785714285714285 2.0840625
22.821428571428573 2.0840625
22.857142857142858 2.087625
22.928571428571427 2.0448749999999998
22.964285714285715 2.0484375
23.0 2.0769374999999997
23.071428571428573 2.116125
23.107142857142858 2.0698125
23.142857142857142 2.059125
23.178571428571427 2.0484375
23.214285714285715 2.0448749999999998
23.25 2.03775
23.285714285714285 2.03775
23.321428571428573 2.03775
23.357142857142858 2.03775
23.392857142857142 2.03775
23.428571428571427 2.03775
23.464285714285715 2.0341875
23.5 2.0341875
23.535714285714285 2.0341875
23.571428571428573 2.0413124999999996
23.642857142857142 2.0056875
23.678571428571427 2.0056875
23.714285714285715 2.0199374999999997
23.821428571428573 2.0484375
23.857142857142858 2.0056875
23.892857142857142 1.9985624999999998
23.928571428571427 1.9949999999999999
23.964285714285715 1.9914374999999997
24.0 1.9914374999999997
24.035714285714285 1.9914374999999997
24.071428571428573 1.9914374999999997
24.107142857142858 1.9878749999999998
24.142857142857142 1.9878749999999998
24.178571428571427 1.9878749999999998
24.214285714285715 1.9878749999999998
24.25 1.9843125
24.285714285714285 1.9914374999999997
24.357142857142858 1.9558125
24.392857142857142 1.9558125
24.428571428571427 1.9593749999999999
24.535714285714285 1.9985624999999998
24.571428571428573 1.9878749999999998
24.607142857142858 1.9771874999999999
24.642857142857142 1.9700624999999998
24.678571428571427 1.9629374999999998
24.714285714285715 1.9629374999999998
24.75 1.9629374999999998
24.785714285714285 1.9629374999999998
24.821428571428573 1.9629374999999998
24.857142857142858 1.9629374999999998
24.892857142857142 1.9629374999999998
24.928571428571427 1.9629374999999998
24.964285714285715 1.9629374999999998
25.0 1.9665
25.071428571428573 1.9451249999999998
25.107142857142858 1.938
25.142857142857142 1.9415624999999999
25.178571428571427 2.002125
25.25 1.9665
25.285714285714285 1.9522499999999998
25.321428571428573 1.9451249999999998
25.357142857142858 1.938
25.392857142857142 1.930875
25.428571428571427 1.930875
25.464285714285715 1.9273124999999998
25.5 1.9273124999999998
25.535714285714285 1.9273124999999998
25.571428571428573 1.9273124999999998
25.607142857142858 1.9273124999999998
25.642857142857142 1.9237499999999998
25.678571428571427 1.9273124999999998
25.714285714285715 1.9237499999999998
25.75 1.930875
25.785714285714285 1.9059374999999998
25.821428571428573 1.9095
25.857142857142858 1.9201875
25.892857142857142 1.9843125
25.964285714285715 1.9629374999999998
26.0 1.9344374999999998
26.035714285714285 1.930875
26.071428571428573 1.9201875
26.107142857142858 1.9130624999999999
26.142857142857142 1.9130624999999999
26.178571428571427 1.9095
26.214285714285715 1.9059374999999998
26.25 1.9059374999999998
26.285714285714285 1.9059374999999998
26.321428571428573 1.9059374999999998
26.357142857142858 1.9059374999999998
26.392857142857142 1.9059374999999998
26.428571428571427 1.9059374999999998
26.464285714285715 1.9166249999999998
26.5 1.8881249999999998
26.535714285714285 1.8845625
26.571428571428573 1.8916875
26.678571428571427 1.9415624999999999
26.714285714285715 1.9095
26.75 1.8952499999999999
26.785714285714285 1.8916875
26.821428571428573 1.8881249999999998
26.857142857142858 1.8809999999999998
26.892857142857142 1.8774374999999999
26.928571428571427 1.8774374999999999
26.964285714285715 1.8774374999999999
27.0 1.8774374999999999
27.035714285714285 1.8774374999999999
27.071428571428573 1.8774374999999999
27.107142857142858 1.8774374999999999
27.142857142857142 1.8881249999999998
27.178571428571427 1.8916875
27.214285714285715 1.8774374999999999
27.25 1.8596249999999999
27.285714285714285 1.86675
27.321428571428573 1.9273124999999998
27.392857142857142 1.9130624999999999
27.428571428571427 1.8809999999999998
27.464285714285715 1.873875
27.5 1.86675
27.535714285714285 1.86675
27.571428571428573 1.8631874999999998
27.607142857142858 1.8560625
27.642857142857142 1.8560625
27.678571428571427 1.8560625
27.714285714285715 1.8560625
27.75 1.8560625
27.785714285714285 1.8560625
27.821428571428573 1.8560625
27.857142857142858 1.86675
27.892857142857142 1.8703124999999998
27.928571428571427 1.8560625
27.964285714285715 1.83825
28.0 1.8489375
28.107142857142858 1.8988124999999998
28.142857142857142 1.8774374999999999
28.178571428571427 1.8560625
28.214285714285715 1.8524999999999998
28.25 1.8453749999999998
28.285714285714285 1.8418124999999999
28.321428571428573 1.83825
28.357142857142858 1.83825
28.392857142857142 1.83825
28.428571428571427 1.8346874999999998
28.464285714285715 1.83825
28.5 1.8346874999999998
28.535714285714285 1.8346874999999998
28.571428571428573 1.8346874999999998
28.607142857142858 1.8453749999999998
28.642857142857142 1.831125
28.678571428571427 1.8204375
28.714285714285715 1.8239999999999998
28.75 1.8275625
28.857142857142858 1.8524999999999998
28.892857142857142 1.8524999999999998
28.928571428571427 1.83825
28.964285714285715 1.8275625
29.0 1.8239999999999998
29.035714285714285 1.8239999999999998
29.071428571428573 1.8239999999999998
29.107142857142858 1.8204375
29.142857142857142 1.8204375
29.178571428571427 1.8204375
29.214285714285715 1.8204375
29.25 1.8204375
29.285714285714285 1.8204375
29.321428571428573 1.831125
29.357142857142858 1.8204375
29.392857142857142 1.8061874999999998
29.428571428571427 1.8168749999999998
29.464285714285715 1.8168749999999998
29.535714285714285 1.86675
29.571428571428573 1.8453749999999998
29.607142857142858 1.8275625
29.642857142857142 1.8204375
29.678571428571427 1.8168749999999998
29.714285714285715 1.8168749999999998
29.75 1.8133124999999999
29.785714285714285 1.8133124999999999
29.821428571428573 1.8168749999999998
29.857142857142858 1.8133124999999999
29.892857142857142 1.8133124999999999
29.928571428571427 1.8133124999999999
29.964285714285715 1.8133124999999999
30.0 1.8133124999999999
30.035714285714285 1.8204375
30.107142857142858 1.7954999999999999
30.142857142857142 1.802625
30.25 1.8631874999999998
30.285714285714285 1.83825
30.321428571428573 1.8239999999999998
30.357142857142858 1.8133124999999999
30.392857142857142 1.8133124999999999
30.428571428571427 1.80975
30.464285714285715 1.80975
30.5 1.80975
30.535714285714285 1.80975
30.571428571428573 1.8061874999999998
30.607142857142858 1.8061874999999998
30.642857142857142 1.8061874999999998
30.678571428571427 1.8061874999999998
30.714285714285715 1.8061874999999998
30.821428571428573 1.7848125
30.857142857142858 1.7954999999999999
31.0 1.831125
31.035714285714285 1.8133124999999999
31.071428571428573 1.80975
31.107142857142858 1.802625
31.142857142857142 1.7990624999999998
31.178571428571427 1.7919375
31.214285714285715 1.7919375
31.25 1.7919375
31.285714285714285 1.7883749999999998
31.321428571428573 1.7883749999999998
31.357142857142858 1.7883749999999998
31.392857142857142 1.7883749999999998
31.428571428571427 1.7883749999999998
31.464285714285715 1.7990624999999998
31.535714285714285 1.767
31.571428571428573 1.7776874999999999
31.714285714285715 1.8061874999999998
31.75 1.7848125
31.785714285714285 1.7776874999999999
31.821428571428573 1.7776874999999999
31.857142857142858 1.7705624999999998
31.892857142857142 1.7705624999999998
31.928571428571427 1.7705624999999998
31.964285714285715 1.767
32.0 1.767
32.035714285714285 1.767
32.07142857142857 1.767
32.107142857142854 1.767
32.142857142857146 1.767
32.17857142857143 1.774125
32.214285714285715 1.7705624999999998
32.25 1.745625
32.285714285714285 1.7598749999999999
32.32142857142857 1.767
32.42857142857143 1.7919375
32.464285714285715 1.7776874999999999
32.5 1.7634374999999998
32.535714285714285 1.7598749999999999
32.57142857142857 1.7563125
32.607142857142854 1.7563125
32.642857142857146 1.7527499999999998
32.67857142857143 1.7527499999999998
32.714285714285715 1.7527499999999998
32.75 1.7527499999999998
32.785714285714285 1.7527499999999998
32.82142857142857 1.7527499999999998
32.857142857142854 1.7527499999999998
32.892857142857146 1.7598749999999999
32.92857142857143 1.7563125
32.964285714285715 1.7313749999999999
33.0 1.7420624999999998
33.035714285714285 1.7491875
33.142857142857146 1.7954999999999999
33.17857142857143 1.7634374999999998
33.214285714285715 1.7527499999999998
33.25 1.7420624999999998
33.285714285714285 1.7385
33.32142857142857 1.7385
33.357142857142854 1.7385
33.392857142857146 1.7349374999999998
33.42857142857143 1.7385
33.464285714285715 1.7385
33.5 1.7385
33.535714285714285 1.7349374999999998
33.57142857142857 1.7349374999999998
33.607142857142854 1.7420624999999998
33.642857142857146 1.7385
33.67857142857143 1.7171249999999998
33.714285714285715 1.7206875
33.75 1.7385
33.82142857142857 1.80975
33.857142857142854 1.774125
33.892857142857146 1.7634374999999998
33.92857142857143 1.7527499999999998
33.964285714285715 1.7491875
34.0 1.7420624999999998
34.035714285714285 1.7385
34.07142857142857 1.7349374999999998
34.107142857142854 1.7349374999999998
34.142857142857146 1.7349374999999998
34.17857142857143 1.7349374999999998
34.214285714285715 1.7313749999999999
34.25 1.7313749999999999
34.285714285714285 1.7313749999999999
34.32142857142857 1.7313749999999999
34.357142857142854 1.7278125
34.392857142857146 1.71
34.42857142857143 1.7135624999999999
34.464285714285715 1.7313749999999999
34.57142857142857 1.774125
34.607142857142854 1.7385
34.642857142857146 1.7278125
34.67857142857143 1.7242499999999998
34.714285714285715 1.7206875
34.75 1.7206875
34.785714285714285 1.7206875
34.82142857142857 1.7206875
34.857142857142854 1.7171249999999998
34.892857142857146 1.7171249999999998
34.92857142857143 1.7171249999999998
34.964285714285715 1.7171249999999998
35.0 1.7171249999999998
35.035714285714285 1.7242499999999998
35.107142857142854 1.6957499999999999
35.142857142857146 1.6993124999999998
35.17857142857143 1.7171249999999998
35.285714285714285 1.7634374999999998
35.32142857142857 1.7313749999999999
35.357142857142854 1.7206875
35.392857142857146 1.7135624999999999
35.42857142857143 1.71
35.464285714285715 1.71
35.5 1.7064374999999998
35.535714285714285 1.71
35.57142857142857 1.7064374999999998
35.607142857142854 1.7064374999999998
35.642857142857146 1.7064374999999998
35.67857142857143 1.7064374999999998
35.714285714285715 1.7064374999999998
35.75 1.7135624999999999
35.785714285714285 1.6993124999999998
35.857142857142854 1.6850625
35.892857142857146 1.7064374999999998
36.0 1.7420624999999998
36.035714285714285 1.7206875
36.07142857142857 1.702875
36.107142857142854 1.6957499999999999
36.142857142857146 1.6921875
36.17857142857143 1.6886249999999998
36.214285714285715 1.6886249999999998
36.25 1.6921875
36.285714285714285 1.6886249999999998
36.32142857142857 1.6886249999999998
36.357142857142854 1.6886249999999998
36.392857142857146 1.6886249999999998
36.42857142857143 1.6886249999999998
36.464285714285715 1.6886249999999998
36.57142857142857 1.674375
36.607142857142854 1.6921875
36.714285714285715 1.7278125
36.75 1.702875
36.785714285714285 1.6957499999999999
36.82142857142857 1.6850625
36.857142857142854 1.6850625
36.892857142857146 1.6850625
36.92857142857143 1.6814999999999998
36.964285714285715 1.6814999999999998
37.0 1.6814999999999998
37.035714285714285 1.6814999999999998
37.07142857142857 1.6814999999999998
37.107142857142854 1.6814999999999998
37.142857142857146 1.6814999999999998
37.17857142857143 1.6814999999999998
37.214285714285715 1.6850625
37.25 1.66725
37.285714285714285 1.6636875
37.32142857142857 1.6708124999999998
37.42857142857143 1.7206875
37.464285714285715 1.702875
37.5 1.6886249999999998
37.535714285714285 1.6814999999999998
37.57142857142857 1.6779374999999999
37.607142857142854 1.6779374999999999
37.642857142857146 1.6779374999999999
37.67857142857143 1.6779374999999999
37.714285714285715 1.6779374999999999
37.75 1.6779374999999999
37.785714285714285 1.674375
37.82142857142857 1.6779374999999999
37.857142857142854 1.674375
37.892857142857146 1.6779374999999999
37.92857142857143 1.6814999999999998
37.964285714285715 1.6636875
38.0 1.6636875
38.035714285714285 1.6708124999999998
38.07142857142857 1.7064374999999998
38.142857142857146 1.7206875
38.17857142857143 1.71
38.214285714285715 1.6957499999999999
38.25 1.6886249999999998
38.285714285714285 1.6850625
38.32142857142857 1.6850625
38.357142857142854 1.6850625
38.392857142857146 1.6814999999999998
38.42857142857143 1.6814999999999998
38.464285714285715 1.6814999999999998
38.5 1.6850625
38.535714285714285 1.6814999999999998
38.57142857142857 1.6814999999999998
38.607142857142854 1.6850625
38.642857142857146 1.6850625
38.67857142857143 1.66725
38.714285714285715 1.6636875
38.75 1.6708124999999998
38.857142857142854 1.7135624999999999
38.892857142857146 1.6993124999999998
38.92857142857143 1.6814999999999998
38.964285714285715 1.6779374999999999
39.0 1.6708124999999998
39.035714285714285 1.6708124999999998
39.07142857142857 1.6708124999999998
39.107142857142854 1.6708124999999998
39.142857142857146 1.66725
39.17857142857143 1.6708124999999998
39.214285714285715 1.66725
39.25 1.66725
39.285714285714285 1.66725
39.32142857142857 1.66725
39.357142857142854 1.6601249999999999
39.392857142857146 1.6529999999999998
39.42857142857143 1.645875
39.464285714285715 1.6565625
39.57142857142857 1.7242499999999998
39.607142857142854 1.6886249999999998
39.642857142857146 1.674375
39.67857142857143 1.674375
39.714285714285715 1.6708124999999998
39.75 1.66725
39.785714285714285 1.66725
39.82142857142857 1.6636875
39.857142857142854 1.6636875
39.892857142857146 1.6636875
39.92857142857143 1.6636875
