0.03571428571428571 2.728875
0.07142857142857142 2.728875
0.10714285714285714 2.728875
0.14285714285714285 2.728875
0.17857142857142858 2.728875
0.21428571428571427 2.728875
0.25 2.728875
0.2857142857142857 2.728875
0.5714285714285714 2.8785
0.6071428571428571 2.7359999999999998
0.6428571428571429 2.6683125
0.6785714285714286 2.6540624999999998
0.7142857142857143 2.6540624999999998
0.75 2.6504999999999996
0.7857142857142857 2.6504999999999996
0.8214285714285714 2.6504999999999996
0.8571428571428571 2.6504999999999996
0.8928571428571429 2.6504999999999996
0.9285714285714286 2.6504999999999996
0.9642857142857143 2.6469375
1.0 2.6504999999999996
1.0357142857142858 2.6504999999999996
1.0714285714285714 2.6469375
1.1071428571428572 2.6469375
1.1428571428571428 2.6469375
1.1785714285714286 2.6504999999999996
1.2142857142857142 2.6469375
1.25 2.6469375
1.2857142857142858 2.6504999999999996
1.3214285714285714 2.6504999999999996
1.3571428571428572 2.6504999999999996
1.3928571428571428 2.6504999999999996
1.4285714285714286 2.6469375
1.4642857142857142 2.6469375
1.5 2.6469375
1.5357142857142858 2.6469375
1.5714285714285714 2.6469375
1.6071428571428572 2.6469375
1.6428571428571428 2.6469375
1.6785714285714286 2.6469375
1.7142857142857142 2.6469375
1.75 2.6504999999999996
1.7857142857142858 2.6469375
1.8214285714285714 2.6469375
1.8571428571428572 2.6469375
1.8928571428571428 2.6469375
1.9285714285714286 2.6469375
1.9642857142857142 2.657625
2.25 2.800125
2.2857142857142856 2.7359999999999998
2.3214285714285716 2.600625
2.357142857142857 2.5756875
2.392857142857143 2.5721249999999998
2.4285714285714284 2.5756875
2.4642857142857144 2.5756875
2.5 2.5721249999999998
2.5357142857142856 2.5756875
2.5714285714285716 2.5756875
2.607142857142857 2.5721249999999998
2.642857142857143 2.5721249999999998
2.6785714285714284 2.5721249999999998
2.7142857142857144 2.5721249999999998
2.75 2.5721249999999998
2.7857142857142856 2.5721249999999998
2.8214285714285716 2.5721249999999998
2.857142857142857 2.5721249999999998
2.892857142857143 2.5721249999999998
2.9285714285714284 2.5721249999999998
2.9642857142857144 2.5721249999999998
3.0 2.5721249999999998
3.0357142857142856 2.5721249999999998
3.0714285714285716 2.5721249999999998
3.107142857142857 2.5721249999999998
3.142857142857143 2.5721249999999998
3.1785714285714284 2.5721249999999998
3.2142857142857144 2.5721249999999998
3.25 2.5721249999999998
3.2857142857142856 2.5721249999999998
3.3214285714285716 2.5721249999999998
3.357142857142857 2.5721249999999998
3.392857142857143 2.5721249999999998
3.4285714285714284 2.5721249999999998
3.4642857142857144 2.5721249999999998
3.5 2.5721249999999998
3.5357142857142856 2.5721249999999998
3.5714285714285716 2.5721249999999998
3.607142857142857 2.5721249999999998
3.6785714285714284 2.5685624999999996
3.9285714285714284 2.8036874999999997
3.9642857142857144 2.7359999999999998
4.0 2.6113125
4.035714285714286 2.4973124999999996
4.071428571428571 2.4973124999999996
4.107142857142857 2.4973124999999996
4.142857142857143 2.4973124999999996
4.178571428571429 2.4973124999999996
4.214285714285714 2.4973124999999996
4.25 2.4973124999999996
4.285714285714286 2.49375
4.321428571428571 2.49375
4.357142857142857 2.49375
4.392857142857143 2.49375
4.428571428571429 2.4973124999999996
4.464285714285714 2.49375
4.5 2.4973124999999996
4.535714285714286 2.49375
4.571428571428571 2.4973124999999996
4.607142857142857 2.4973124999999996
4.642857142857143 2.4973124999999996
4.678571428571429 2.4973124999999996
4.714285714285714 2.49375
4.75 2.4973124999999996
4.785714285714286 2.49375
4.821428571428571 2.4973124999999996
4.857142857142857 2.49375
4.892857142857143 2.4901874999999998
4.928571428571429 2.49375
4.964285714285714 2.49375
5.0 2.49375
5.035714285714286 2.49375
5.071428571428571 2.49375
5.107142857142857 2.49375
5.142857142857143 2.4973124999999996
5.178571428571429 2.49375
5.214285714285714 2.49375
5.25 2.4973124999999996
5.285714285714286 2.4973124999999996
5.321428571428571 2.49375
5.357142857142857 2.4901874999999998
5.607142857142857 2.75025
5.642857142857143 2.671875
5.678571428571429 2.543625
5.714285714285714 2.4759374999999997
5.75 2.40825
5.785714285714286 2.40825
5.821428571428571 2.40825
5.857142857142857 2.40825
5.892857142857143 2.40825
5.928571428571429 2.40825
5.964285714285714 2.40825
6.0 2.40825
6.035714285714286 2.40825
6.071428571428571 2.40825
6.107142857142857 2.40825
6.142857142857143 2.40825
6.178571428571429 2.40825
6.214285714285714 2.40825
6.25 2.40825
6.285714285714286 2.40825
6.321428571428571 2.40825
6.357142857142857 2.40825
6.392857142857143 2.40825
6.428571428571429 2.4118125
6.464285714285714 2.40825
6.5 2.40825
6.535714285714286 2.40825
6.571428571428571 2.40825
6.607142857142857 2.4118125
6.642857142857143 2.4118125
6.678571428571429 2.4118125
6.714285714285714 2.4118125
6.75 2.4118125
6.785714285714286 2.4118125
6.821428571428571 2.415375
6.857142857142857 2.415375
6.892857142857143 2.415375
6.928571428571429 2.415375
6.964285714285714 2.415375
7.0 2.4118125
7.035714285714286 2.4118125
7.071428571428571 2.3975625
7.321428571428571 2.6113125
7.357142857142857 2.4830625
7.392857142857143 2.4225
7.428571428571429 2.35125
7.464285714285714 2.329875
7.5 2.3334375
7.535714285714286 2.3334375
7.571428571428571 2.3334375
7.607142857142857 2.3334375
7.642857142857143 2.3334375
7.678571428571429 2.3334375
7.714285714285714 2.3334375
7.75 2.3334375
7.785714285714286 2.3334375
7.821428571428571 2.3334375
7.857142857142857 2.3369999999999997
7.892857142857143 2.3369999999999997
7.928571428571429 2.3369999999999997
7.964285714285714 2.3369999999999997
8.0 2.3369999999999997
8.035714285714286 2.3405625
8.071428571428571 2.3405625
8.107142857142858 2.3405625
8.142857142857142 2.3405625
8.178571428571429 2.3405625
8.214285714285714 2.344125
8.25 2.344125
8.285714285714286 2.344125
8.321428571428571 2.344125
8.357142857142858 2.3476874999999997
8.392857142857142 2.344125
8.428571428571429 2.344125
8.464285714285714 2.3476874999999997
8.5 2.3476874999999997
8.535714285714286 2.3476874999999997
8.571428571428571 2.3476874999999997
8.607142857142858 2.3476874999999997
8.642857142857142 2.3476874999999997
8.678571428571429 2.3476874999999997
8.714285714285714 2.35125
8.75 2.3405625
9.0 2.55075
9.035714285714286 2.4795
9.071428571428571 2.4225
9.107142857142858 2.2835625
9.142857142857142 2.2550624999999997
9.178571428571429 2.258625
9.214285714285714 2.258625
9.25 2.258625
9.285714285714286 2.258625
9.321428571428571 2.258625
9.357142857142858 2.258625
9.392857142857142 2.258625
9.428571428571429 2.258625
9.464285714285714 2.258625
9.5 2.258625
9.535714285714286 2.2621875
9.571428571428571 2.258625
9.607142857142858 2.258625
9.642857142857142 2.258625
9.678571428571429 2.258625
9.714285714285714 2.258625
9.75 2.258625
9.785714285714286 2.258625
9.821428571428571 2.258625
9.857142857142858 2.258625
9.892857142857142 2.258625
9.928571428571429 2.258625
9.964285714285714 2.2621875
10.0 2.258625
10.035714285714286 2.258625
10.071428571428571 2.258625
10.107142857142858 2.258625
10.142857142857142 2.258625
10.178571428571429 2.258625
10.214285714285714 2.258625
10.25 2.258625
10.285714285714286 2.258625
10.321428571428571 2.258625
10.357142857142858 2.258625
10.392857142857142 2.2515
10.428571428571429 2.258625
10.464285714285714 2.2408124999999997
10.678571428571429 2.5543125
10.714285714285714 2.4901874999999998
10.75 2.3619375
10.785714285714286 2.2978125
10.821428571428571 2.18025
10.857142857142858 2.18025
10.892857142857142 2.18025
10.928571428571429 2.18025
10.964285714285714 2.1766875
11.0 2.18025
11.035714285714286 2.1766875
11.071428571428571 2.18025
11.107142857142858 2.18025
11.142857142857142 2.18025
11.178571428571429 2.18025
11.214285714285714 2.1766875
11.25 2.18025
11.285714285714286 2.18025
11.321428571428571 2.18025
11.357142857142858 2.18025
11.392857142857142 2.18025
11.428571428571429 2.18025
11.464285714285714 2.18025
11.5 2.1766875
11.535714285714286 2.1766875
11.571428571428571 2.18025
11.607142857142858 2.18025
11.642857142857142 2.18025
11.678571428571429 2.1766875
11.714285714285714 2.18025
11.75 2.18025
11.785714285714286 2.1766875
11.821428571428571 2.18025
11.857142857142858 2.1766875
11.892857142857142 2.1766875
11.928571428571429 2.1766875
11.964285714285714 2.18025
12.0 2.1766875
12.035714285714286 2.18025
12.071428571428571 2.1766875
12.107142857142858 2.18025
12.142857142857142 2.166
12.392857142857142 2.4296249999999997
12.428571428571429 2.3619375
12.464285714285714 2.2265625
12.5 2.1018749999999997
12.535714285714286 2.087625
12.571428571428571 2.087625
12.607142857142858 2.087625
12.642857142857142 2.087625
12.678571428571429 2.087625
12.714285714285714 2.087625
12.75 2.087625
12.785714285714286 2.087625
12.821428571428571 2.087625
12.857142857142858 2.087625
12.892857142857142 2.087625
12.928571428571429 2.087625
12.964285714285714 2.087625
13.0 2.087625
13.035714285714286 2.087625
13.071428571428571 2.087625
13.107142857142858 2.087625
13.142857142857142 2.087625
13.178571428571429 2.087625
13.214285714285714 2.087625
13.25 2.087625
13.285714285714286 2.087625
13.321428571428571 2.087625
13.357142857142858 2.087625
13.392857142857142 2.087625
13.428571428571429 2.087625
13.464285714285714 2.087625
13.5 2.087625
13.535714285714286 2.087625
13.571428571428571 2.087625
13.607142857142858 2.087625
13.642857142857142 2.087625
13.678571428571429 2.087625
13.714285714285714 2.087625
13.75 2.087625
13.785714285714286 2.087625
13.821428571428571 2.087625
14.107142857142858 2.3013749999999997
14.142857142857142 2.166
14.178571428571429 2.0983125
14.214285714285714 2.0235
14.25 1.9843125
14.285714285714286 1.9878749999999998
14.321428571428571 1.9843125
14.357142857142858 1.9843125
14.392857142857142 1.9843125
14.428571428571429 1.9843125
14.464285714285714 1.9878749999999998
14.5 1.9843125
14.535714285714286 1.9843125
14.571428571428571 1.9843125
14.607142857142858 1.9843125
14.642857142857142 1.9843125
14.678571428571429 1.9843125
14.714285714285714 1.9878749999999998
14.75 1.9878749999999998
14.785714285714286 1.9843125
14.821428571428571 1.9843125
14.857142857142858 1.9843125
14.892857142857142 1.9843125
14.928571428571429 1.9843125
14.964285714285714 1.9878749999999998
15.0 1.9878749999999998
15.035714285714286 1.9843125
15.071428571428571 1.9843125
15.107142857142858 1.9843125
15.142857142857142 1.9843125
15.178571428571429 1.9843125
15.214285714285714 1.9843125
15.25 1.9843125
15.285714285714286 1.9843125
15.321428571428571 1.9843125
15.357142857142858 1.9843125
15.392857142857142 1.9843125
15.428571428571429 1.9878749999999998
15.464285714285714 1.9878749999999998
15.5 1.9843125
15.535714285714286 1.9807499999999998
15.571428571428571 1.973625
15.785714285714286 2.2408124999999997
15.821428571428571 2.1731249999999998
15.857142857142858 2.03775
15.892857142857142 1.9665
15.928571428571429 1.9201875
15.964285714285714 1.9201875
16.0 1.9201875
16.035714285714285 1.9201875
16.071428571428573 1.9201875
16.107142857142858 1.9201875
16.142857142857142 1.9201875
16.178571428571427 1.9201875
16.214285714285715 1.9237499999999998
16.25 1.9237499999999998
16.285714285714285 1.9237499999999998
16.321428571428573 1.9237499999999998
16.357142857142858 1.9237499999999998
16.392857142857142 1.9237499999999998
16.428571428571427 1.9237499999999998
16.464285714285715 1.9237499999999998
16.5 1.9237499999999998
16.535714285714285 1.9237499999999998
16.571428571428573 1.9237499999999998
16.607142857142858 1.9237499999999998
16.642857142857142 1.9237499999999998
16.678571428571427 1.9237499999999998
16.714285714285715 1.9237499999999998
16.75 1.9237499999999998
16.785714285714285 1.9273124999999998
16.821428571428573 1.9273124999999998
16.857142857142858 1.9273124999999998
16.892857142857142 1.9273124999999998
16.928571428571427 1.9237499999999998
16.964285714285715 1.9273124999999998
17.0 1.9237499999999998
17.035714285714285 1.9273124999999998
17.071428571428573 1.9273124999999998
17.107142857142858 1.9273124999999998
17.142857142857142 1.9273124999999998
17.178571428571427 1.9273124999999998
17.214285714285715 1.930875
17.25 1.9237499999999998
17.464285714285715 2.23725
17.5 2.109
17.535714285714285 2.0413124999999996
17.571428571428573 1.902375
17.607142857142858 1.8809999999999998
17.642857142857142 1.8809999999999998
17.678571428571427 1.8845625
17.714285714285715 1.8845625
17.75 1.8845625
17.785714285714285 1.8845625
17.821428571428573 1.8845625
17.857142857142858 1.8845625
17.892857142857142 1.8809999999999998
17.928571428571427 1.8845625
17.964285714285715 1.8845625
18.0 1.8845625
18.035714285714285 1.8845625
18.071428571428573 1.8845625
18.107142857142858 1.8809999999999998
18.142857142857142 1.8809999999999998
18.178571428571427 1.8809999999999998
18.214285714285715 1.8845625
18.25 1.8809999999999998
18.285714285714285 1.8809999999999998
18.321428571428573 1.8845625
18.357142857142858 1.8845625
18.392857142857142 1.8809999999999998
18.428571428571427 1.8845625
18.464285714285715 1.8845625
18.5 1.8845625
18.535714285714285 1.8845625
18.571428571428573 1.8845625
18.607142857142858 1.8845625
18.642857142857142 1.8845625
18.678571428571427 1.8845625
18.714285714285715 1.8809999999999998
18.75 1.8809999999999998
18.785714285714285 1.8809999999999998
18.821428571428573 1.8809999999999998
18.857142857142858 1.8809999999999998
18.892857142857142 1.8881249999999998
18.928571428571427 1.8774374999999999
19.142857142857142 2.1731249999999998
19.178571428571427 2.1125624999999997
19.214285714285715 1.973625
19.25 1.8418124999999999
19.285714285714285 1.8239999999999998
19.321428571428573 1.8204375
19.357142857142858 1.8239999999999998
19.392857142857142 1.8239999999999998
19.428571428571427 1.8239999999999998
19.464285714285715 1.8239999999999998
19.5 1.8204375
19.535714285714285 1.8204375
19.571428571428573 1.8204375
19.607142857142858 1.8239999999999998
19.642857142857142 1.8204375
19.678571428571427 1.8204375
19.714285714285715 1.8239999999999998
19.75 1.8239999999999998
19.785714285714285 1.8239999999999998
19.821428571428573 1.8239999999999998
19.857142857142858 1.8239999999999998
19.892857142857142 1.8239999999999998
19.928571428571427 1.8204375
19.964285714285715 1.8204375
20.0 1.8239999999999998
20.035714285714285 1.8204375
20.071428571428573 1.8204375
20.107142857142858 1.8204375
20.142857142857142 1.8204375
20.178571428571427 1.8239999999999998
20.214285714285715 1.8239999999999998
20.25 1.8204375
20.285714285714285 1.8239999999999998
20.321428571428573 1.8239999999999998
20.357142857142858 1.8204375
20.392857142857142 1.8239999999999998
20.428571428571427 1.8204375
20.464285714285715 1.8204375
20.5 1.8239999999999998
20.535714285714285 1.8204375
20.571428571428573 1.8204375
20.607142857142858 1.80975
20.857142857142858 2.0448749999999998
20.892857142857142 1.9771874999999999
20.928571428571427 1.8489375
20.964285714285715 1.767
21.0 1.7420624999999998
21.035714285714285 1.7420624999999998
21.071428571428573 1.7420624999999998
21.107142857142858 1.7420624999999998
21.142857142857142 1.7420624999999998
21.178571428571427 1.7385
21.214285714285715 1.7420624999999998
21.25 1.7420624999999998
21.285714285714285 1.7420624999999998
21.321428571428573 1.7420624999999998
21.357142857142858 1.7420624999999998
21.392857142857142 1.7420624999999998
21.428571428571427 1.7420624999999998
21.464285714285715 1.7385
21.5 1.7385
21.535714285714285 1.7385
21.571428571428573 1.7385
21.607142857142858 1.7420624999999998
21.642857142857142 1.7385
21.678571428571427 1.7385
21.714285714285715 1.7385
21.75 1.7385
21.785714285714285 1.7385
21.821428571428573 1.7385
21.857142857142858 1.7420624999999998
21.892857142857142 1.7385
21.928571428571427 1.7420624999999998
21.964285714285715 1.7420624999999998
22.0 1.7420624999999998
22.035714285714285 1.7420624999999998
22.071428571428573 1.7420624999999998
22.107142857142858 1.7385
22.142857142857142 1.7385
22.178571428571427 1.7385
22.214285714285715 1.7385
22.25 1.7420624999999998
22.285714285714285 1.7420624999999998
22.321428571428573 1.7420624999999998
22.535714285714285 2.0484375
22.571428571428573 1.9130624999999999
22.607142857142858 1.774125
22.642857142857142 1.7135624999999999
22.678571428571427 1.6886249999999998
22.714285714285715 1.6921875
22.75 1.6921875
22.785714285714285 1.6921875
22.821428571428573 1.6921875
22.857142857142858 1.6921875
22.892857142857142 1.6957499999999999
22.928571428571427 1.6957499999999999
22.964285714285715 1.6957499999999999
23.0 1.6957499999999999
23.035714285714285 1.6957499999999999
23.071428571428573 1.6993124999999998
23.107142857142858 1.6993124999999998
23.142857142857142 1.6993124999999998
23.178571428571427 1.6993124999999998
23.214285714285715 1.6993124999999998
23.25 1.6993124999999998
23.285714285714285 1.702875
23.321428571428573 1.702875
23.357142857142858 1.702875
23.392857142857142 1.7064374999999998
23.428571428571427 1.702875
23.464285714285715 1.7064374999999998
23.5 1.7064374999999998
23.535714285714285 1.7064374999999998
23.571428571428573 1.7064374999999998
23.607142857142858 1.7064374999999998
23.642857142857142 1.7064374999999998
23.678571428571427 1.7064374999999998
23.714285714285715 1.7064374999999998
23.75 1.7064374999999998
23.785714285714285 1.7064374999999998
23.821428571428573 1.7064374999999998
23.857142857142858 1.7064374999999998
23.892857142857142 1.7064374999999998
23.928571428571427 1.7064374999999998
23.964285714285715 1.7135624999999999
24.214285714285715 1.9807499999999998
24.25 1.8489375
24.285714285714285 1.7812499999999998
24.321428571428573 1.7135624999999999
24.357142857142858 1.6209375
24.392857142857142 1.6209375
24.428571428571427 1.6173749999999998
24.464285714285715 1.6209375
24.5 1.6209375
24.535714285714285 1.6209375
24.571428571428573 1.6209375
24.607142857142858 1.6209375
24.642857142857142 1.6209375
24.678571428571427 1.6209375
24.714285714285715 1.6209375
24.75 1.6209375
24.785714285714285 1.6173749999999998
24.821428571428573 1.6209375
24.857142857142858 1.6209375
24.892857142857142 1.6209375
24.928571428571427 1.6209375
24.964285714285715 1.6209375
25.0 1.6209375
25.035714285714285 1.6209375
25.071428571428573 1.6209375
25.107142857142858 1.6173749999999998
25.142857142857142 1.6209375
25.178571428571427 1.6173749999999998
25.214285714285715 1.6209375
25.25 1.6209375
25.285714285714285 1.6209375
25.321428571428573 1.6209375
25.357142857142858 1.6209375
25.392857142857142 1.6209375
25.428571428571427 1.6209375
25.464285714285715 1.6209375
25.5 1.6209375
25.535714285714285 1.6209375
25.571428571428573 1.6173749999999998
25.607142857142858 1.6209375
25.642857142857142 1.6280625
25.678571428571427 1.6209375
25.892857142857142 1.9237499999999998
25.928571428571427 1.8560625
25.964285714285715 1.7883749999999998
26.0 1.6529999999999998
26.035714285714285 1.5496874999999999
26.071428571428573 1.546125
26.107142857142858 1.546125
26.142857142857142 1.546125
26.178571428571427 1.5496874999999999
26.214285714285715 1.5496874999999999
26.25 1.546125
26.285714285714285 1.546125
26.321428571428573 1.546125
26.357142857142858 1.546125
26.392857142857142 1.546125
26.428571428571427 1.546125
26.464285714285715 1.546125
26.5 1.546125
26.535714285714285 1.546125
26.571428571428573 1.546125
26.607142857142858 1.546125
26.642857142857142 1.546125
26.678571428571427 1.546125
26.714285714285715 1.546125
26.75 1.546125
26.785714285714285 1.546125
26.821428571428573 1.546125
26.857142857142858 1.546125
26.892857142857142 1.546125
26.928571428571427 1.546125
26.964285714285715 1.546125
27.0 1.546125
27.035714285714285 1.546125
27.071428571428573 1.546125
27.107142857142858 1.546125
27.142857142857142 1.546125
27.178571428571427 1.546125
27.214285714285715 1.546125
27.25 1.546125
27.285714285714285 1.546125
27.321428571428573 1.546125
27.357142857142858 1.539
27.392857142857142 1.5283125
27.607142857142858 1.7954999999999999
27.642857142857142 1.7242499999999998
27.678571428571427 1.5781874999999999
27.714285714285715 1.5247499999999998
27.75 1.4499374999999999
27.785714285714285 1.4499374999999999
27.821428571428573 1.4499374999999999
27.857142857142858 1.4499374999999999
27.892857142857142 1.4499374999999999
27.928571428571427 1.4499374999999999
27.964285714285715 1.4499374999999999
28.0 1.4499374999999999
28.035714285714285 1.4499374999999999
28.071428571428573 1.4499374999999999
28.107142857142858 1.4499374999999999
28.142857142857142 1.4499374999999999
28.178571428571427 1.4499374999999999
28.214285714285715 1.4499374999999999
28.25 1.4499374999999999
28.285714285714285 1.4499374999999999
28.321428571428573 1.4499374999999999
28.357142857142858 1.4499374999999999
28.392857142857142 1.4499374999999999
28.428571428571427 1.4499374999999999
28.464285714285715 1.4534999999999998
28.5 1.4499374999999999
28.535714285714285 1.4499374999999999
28.571428571428573 1.4499374999999999
28.607142857142858 1.4499374999999999
28.642857142857142 1.4499374999999999
28.678571428571427 1.4499374999999999
28.714285714285715 1.4499374999999999
28.75 1.4499374999999999
28.785714285714285 1.4499374999999999
28.821428571428573 1.4499374999999999
28.857142857142858 1.4499374999999999
28.892857142857142 1.4499374999999999
28.928571428571427 1.4499374999999999
28.964285714285715 1.4499374999999999
29.0 1.4499374999999999
29.035714285714285 1.4499374999999999
29.071428571428573 1.4356875
29.321428571428573 1.6601249999999999
29.357142857142858 1.5211875
29.392857142857142 1.4499374999999999
29.428571428571427 1.3929375
29.464285714285715 1.3786874999999998
29.5 1.3786874999999998
29.535714285714285 1.3786874999999998
29.571428571428573 1.3786874999999998
29.607142857142858 1.3786874999999998
29.642857142857142 1.3786874999999998
29.678571428571427 1.3786874999999998
29.714285714285715 1.3786874999999998
29.75 1.3786874999999998
29.785714285714285 1.3786874999999998
29.821428571428573 1.375125
29.857142857142858 1.375125
29.892857142857142 1.3786874999999998
29.928571428571427 1.3786874999999998
29.964285714285715 1.375125
30.0 1.375125
30.035714285714285 1.3786874999999998
30.071428571428573 1.3786874999999998
30.107142857142858 1.375125
30.142857142857142 1.3786874999999998
30.178571428571427 1.3786874999999998
30.214285714285715 1.3786874999999998
30.25 1.3786874999999998
30.285714285714285 1.375125
30.321428571428573 1.375125
30.357142857142858 1.375125
30.392857142857142 1.375125
30.428571428571427 1.375125
30.464285714285715 1.375125
30.5 1.3786874999999998
30.535714285714285 1.3786874999999998
30.571428571428573 1.3786874999999998
30.607142857142858 1.3786874999999998
30.642857142857142 1.3786874999999998
30.678571428571427 1.3786874999999998
30.714285714285715 1.375125
30.75 1.3608749999999998
30.785714285714285 1.3608749999999998
31.0 1.6529999999999998
31.035714285714285 1.5247499999999998
31.071428571428573 1.4606249999999998
31.107142857142858 1.3216875
31.142857142857142 1.3074374999999998
31.178571428571427 1.3074374999999998
31.214285714285715 1.3074374999999998
31.25 1.3074374999999998
31.285714285714285 1.3074374999999998
31.321428571428573 1.3074374999999998
31.357142857142858 1.3074374999999998
31.392857142857142 1.3074374999999998
31.428571428571427 1.3074374999999998
31.464285714285715 1.3074374999999998
31.5 1.3074374999999998
31.535714285714285 1.3074374999999998
31.571428571428573 1.3074374999999998
31.607142857142858 1.303875
31.642857142857142 1.303875
31.678571428571427 1.3074374999999998
31.714285714285715 1.3074374999999998
31.75 1.3074374999999998
31.785714285714285 1.3074374999999998
31.821428571428573 1.3074374999999998
31.857142857142858 1.3074374999999998
31.892857142857142 1.3074374999999998
31.928571428571427 1.3074374999999998
31.964285714285715 1.3074374999999998
32.0 1.3074374999999998
32.035714285714285 1.3074374999999998
32.07142857142857 1.3074374999999998
32.107142857142854 1.3074374999999998
32.142857142857146 1.3074374999999998
32.17857142857143 1.3074374999999998
32.214285714285715 1.3074374999999998
32.25 1.3074374999999998
32.285714285714285 1.3074374999999998
32.32142857142857 1.3074374999999998
32.357142857142854 1.3074374999999998
32.392857142857146 1.3074374999999998
32.42857142857143 1.3145624999999999
32.464285714285715 1.303875
32.67857142857143 1.5959999999999999
32.714285714285715 1.5354374999999998
32.75 1.3929375
32.785714285714285 1.3252499999999998
32.82142857142857 1.2361875
32.857142857142854 1.2361875
32.892857142857146 1.2361875
32.92857142857143 1.2361875
32.964285714285715 1.2361875
33.0 1.2361875
33.035714285714285 1.2361875
33.07142857142857 1.2361875
33.107142857142854 1.2361875
33.142857142857146 1.2361875
33.17857142857143 1.2361875
33.214285714285715 1.2361875
33.25 1.2361875
33.285714285714285 1.2361875
33.32142857142857 1.2361875
33.357142857142854 1.2361875
33.392857142857146 1.2361875
33.42857142857143 1.2361875
33.464285714285715 1.2361875
33.5 1.2361875
33.535714285714285 1.2361875
33.57142857142857 1.2361875
33.607142857142854 1.2361875
33.642857142857146 1.2361875
33.67857142857143 1.2361875
33.714285714285715 1.2361875
33.75 1.2361875
33.785714285714285 1.2361875
33.82142857142857 1.2361875
33.857142857142854 1.2361875
33.892857142857146 1.2361875
33.92857142857143 1.2361875
33.964285714285715 1.2361875
34.0 1.2361875
34.035714285714285 1.2361875
34.07142857142857 1.2361875
34.107142857142854 1.2361875
34.142857142857146 1.2290625
34.392857142857146 1.4677499999999999
34.42857142857143 1.403625
34.464285714285715 1.2575625
34.5 1.15425
34.535714285714285 1.15425
34.57142857142857 1.15425
34.607142857142854 1.1578125
34.642857142857146 1.1578125
34.67857142857143 1.15425
34.714285714285715 1.15425
34.75 1.15425
34.785714285714285 1.15425
34.82142857142857 1.15425
34.857142857142854 1.15425
34.892857142857146 1.15425
34.92857142857143 1.15425
34.964285714285715 1.15425
35.0 1.15425
35.035714285714285 1.15425
35.07142857142857 1.15425
35.107142857142854 1.15425
35.142857142857146 1.15425
35.17857142857143 1.15425
35.214285714285715 1.15425
35.25 1.15425
35.285714285714285 1.15425
35.32142857142857 1.15425
35.357142857142854 1.15425
35.392857142857146 1.15425
35.42857142857143 1.15425
35.464285714285715 1.15425
35.5 1.15425
35.535714285714285 1.15425
35.57142857142857 1.15425
35.607142857142854 1.15425
35.642857142857146 1.15425
35.67857142857143 1.15425
35.714285714285715 1.15425
35.75 1.1506874999999999
35.785714285714285 1.1506874999999999
35.82142857142857 1.1578125
35.857142857142854 1.147125
36.107142857142854 1.3359375
36.142857142857146 1.1934375
36.17857142857143 1.118625
36.214285714285715 1.0865624999999999
36.25 1.0865624999999999
36.285714285714285 1.090125
36.32142857142857 1.0865624999999999
36.357142857142854 1.0865624999999999
36.392857142857146 1.0865624999999999
36.42857142857143 1.0865624999999999
36.464285714285715 1.0865624999999999
36.5 1.0865624999999999
36.535714285714285 1.0865624999999999
36.57142857142857 1.0865624999999999
36.607142857142854 1.0865624999999999
36.642857142857146 1.0865624999999999
36.67857142857143 1.0865624999999999
36.714285714285715 1.0865624999999999
36.75 1.0865624999999999
36.785714285714285 1.0865624999999999
36.82142857142857 1.0865624999999999
36.857142857142854 1.0865624999999999
36.892857142857146 1.0865624999999999
36.92857142857143 1.0865624999999999
36.964285714285715 1.0865624999999999
37.0 1.0865624999999999
37.035714285714285 1.090125
37.07142857142857 1.090125
37.107142857142854 1.0865624999999999
37.142857142857146 1.090125
37.17857142857143 1.0865624999999999
37.214285714285715 1.0865624999999999
37.25 1.0865624999999999
37.285714285714285 1.0865624999999999
37.32142857142857 1.0865624999999999
37.357142857142854 1.0865624999999999
37.392857142857146 1.0865624999999999
37.42857142857143 1.0865624999999999
37.464285714285715 1.0865624999999999
37.5 1.090125
37.535714285714285 1.083
37.75 1.403625
37.785714285714285 1.2646875
37.82142857142857 1.2005625
37.857142857142854 1.0580625
37.892857142857146 1.0331249999999998
37.92857142857143 1.0331249999999998
37.964285714285715 1.0366875
38.0 1.0366875
38.035714285714285 1.0331249999999998
38.07142857142857 1.0366875
38.107142857142854 1.0366875
38.142857142857146 1.04025
38.17857142857143 1.0366875
38.214285714285715 1.0366875
38.25 1.0366875
38.285714285714285 1.0366875
38.32142857142857 1.0366875
38.357142857142854 1.0366875
38.392857142857146 1.0366875
38.42857142857143 1.0366875
38.464285714285715 1.0331249999999998
38.5 1.0331249999999998
38.535714285714285 1.0366875
38.57142857142857 1.0366875
38.607142857142854 1.0366875
38.642857142857146 1.0366875
38.67857142857143 1.0366875
38.714285714285715 1.0366875
38.75 1.0366875
38.785714285714285 1.0366875
38.82142857142857 1.0331249999999998
38.857142857142854 1.0331249999999998
38.892857142857146 1.0366875
38.92857142857143 1.0331249999999998
38.964285714285715 1.0366875
39.0 1.0366875
39.035714285714285 1.0366875
39.07142857142857 1.0366875
39.107142857142854 1.0366875
39.142857142857146 1.0331249999999998
39.17857142857143 1.0366875
39.214285714285715 1.0295625
39.464285714285715 1.275375
39.5 1.118625
39.535714285714285 1.047375
39.57142857142857 0.9868125
39.607142857142854 0.9903749999999999
39.642857142857146 0.9868125
39.67857142857143 0.9868125
39.714285714285715 0.9868125
39.75 0.9868125
39.785714285714285 0.98325
39.82142857142857 0.9868125
39.857142857142854 0.98325
39.892857142857146 0.9868125
39.92857142857143 0.9868125
