0.03571428571428571 3.2347499999999996
0.07142857142857142 3.2347499999999996
0.10714285714285714 3.2383124999999997
0.14285714285714285 3.2383124999999997
0.17857142857142858 3.2347499999999996
0.21428571428571427 3.2347499999999996
0.25 3.2347499999999996
0.2857142857142857 3.2347499999999996
0.32142857142857145 3.2276249999999997
0.35714285714285715 3.2311875
0.39285714285714285 3.2311875
0.42857142857142855 3.2276249999999997
0.4642857142857143 3.2276249999999997
0.5 3.2276249999999997
0.5357142857142857 3.2276249999999997
0.5714285714285714 3.2276249999999997
0.6071428571428571 3.2240624999999996
0.6428571428571429 3.2240624999999996
0.6785714285714286 3.2240624999999996
0.7142857142857143 3.2240624999999996
0.75 3.2205
0.7857142857142857 3.2205
0.8214285714285714 3.2205
0.8571428571428571 3.2133749999999996
0.8928571428571429 3.2205
0.9285714285714286 3.2169375
0.9642857142857143 3.2169375
1.0 3.2169375
1.0357142857142858 3.2133749999999996
1.0714285714285714 3.2133749999999996
1.1071428571428572 3.2133749999999996
1.1428571428571428 3.2098125
1.1785714285714286 3.2098125
1.2142857142857142 3.2098125
1.25 3.20625
1.2857142857142858 3.20625
1.3214285714285714 3.20625
1.3571428571428572 3.2026874999999997
1.3928571428571428 3.20625
1.4285714285714286 3.20625
1.4642857142857142 3.2026874999999997
1.5 3.2026874999999997
1.5357142857142858 3.2026874999999997
1.5714285714285714 3.1991249999999996
1.6071428571428572 3.1991249999999996
1.6428571428571428 3.1991249999999996
1.6785714285714286 3.1991249999999996
1.7142857142857142 3.2026874999999997
1.75 3.1991249999999996
1.7857142857142858 3.1991249999999996
1.8214285714285714 3.1955625
1.8571428571428572 3.1955625
1.8928571428571428 3.1955625
1.9285714285714286 3.1991249999999996
1.9642857142857142 3.1991249999999996
2.0 3.1955625
2.0357142857142856 3.1955625
2.0714285714285716 3.1955625
2.107142857142857 3.1955625
2.142857142857143 3.1919999999999997
2.1785714285714284 3.1955625
2.2142857142857144 3.1991249999999996
2.25 3.1955625
2.2857142857142856 3.1955625
2.3214285714285716 3.1955625
2.357142857142857 3.1919999999999997
2.392857142857143 3.1919999999999997
2.4285714285714284 3.1955625
2.4642857142857144 3.1955625
2.5 3.1955625
2.5357142857142856 3.1955625
2.5714285714285716 3.1955625
2.607142857142857 3.1955625
2.642857142857143 3.1955625
2.6785714285714284 3.1955625
2.7142857142857144 3.1919999999999997
2.75 3.1884374999999996
2.7857142857142856 3.1919999999999997
2.8214285714285716 3.1919999999999997
2.857142857142857 3.1884374999999996
2.892857142857143 3.1884374999999996
2.9285714285714284 3.1884374999999996
2.9642857142857144 3.1884374999999996
3.0 3.1919999999999997
3.0357142857142856 3.1884374999999996
3.0714285714285716 3.1884374999999996
3.107142857142857 3.1884374999999996
3.142857142857143 3.1884374999999996
3.1785714285714284 3.1884374999999996
3.2142857142857144 3.184875
3.25 3.1884374999999996
3.2857142857142856 3.1884374999999996
3.3214285714285716 3.1884374999999996
3.357142857142857 3.1884374999999996
3.392857142857143 3.1884374999999996
3.4285714285714284 3.1884374999999996
3.4642857142857144 3.184875
3.5 3.184875
3.5357142857142856 3.1884374999999996
3.5714285714285716 3.184875
3.607142857142857 3.1884374999999996
3.642857142857143 3.1884374999999996
3.6785714285714284 3.1884374999999996
3.7142857142857144 3.184875
3.75 3.184875
3.7857142857142856 3.184875
3.8214285714285716 3.1884374999999996
3.857142857142857 3.1884374999999996
3.892857142857143 3.1884374999999996
3.9285714285714284 3.1884374999999996
3.9642857142857144 3.1884374999999996
4.0 3.1884374999999996
4.035714285714286 3.184875
4.071428571428571 3.1884374999999996
4.107142857142857 3.1884374999999996
4.142857142857143 3.1884374999999996
4.178571428571429 3.1884374999999996
4.214285714285714 3.1884374999999996
4.25 3.184875
4.285714285714286 3.184875
4.321428571428571 3.184875
4.357142857142857 3.1884374999999996
4.392857142857143 3.1919999999999997
4.428571428571429 3.1919999999999997
4.464285714285714 3.1884374999999996
4.5 3.1884374999999996
4.535714285714286 3.1884374999999996
4.571428571428571 3.1884374999999996
4.607142857142857 3.1884374999999996
4.642857142857143 3.1919999999999997
4.678571428571429 3.1955625
4.714285714285714 3.1919999999999997
4.75 3.1919999999999997
4.785714285714286 3.1884374999999996
4.821428571428571 3.1884374999999996
4.857142857142857 3.1919999999999997
4.892857142857143 3.1955625
4.928571428571429 3.1919999999999997
4.964285714285714 3.1955625
5.0 3.1919999999999997
5.035714285714286 3.1919999999999997
5.071428571428571 3.1884374999999996
5.107142857142857 3.1884374999999996
5.142857142857143 3.1919999999999997
5.178571428571429 3.1919999999999997
5.214285714285714 3.1919999999999997
5.25 3.1919999999999997
5.285714285714286 3.1919999999999997
5.321428571428571 3.1919999999999997
5.357142857142857 3.1884374999999996
5.392857142857143 3.1919999999999997
5.428571428571429 3.1991249999999996
5.464285714285714 3.1955625
5.5 3.1955625
5.535714285714286 3.1955625
5.571428571428571 3.1955625
5.607142857142857 3.1955625
5.642857142857143 3.1955625
5.678571428571429 3.1955625
5.714285714285714 3.2026874999999997
5.75 3.1991249999999996
5.785714285714286 3.1991249999999996
5.821428571428571 3.1955625
5.857142857142857 3.1919999999999997
5.892857142857143 3.1919999999999997
5.928571428571429 3.1919999999999997
5.964285714285714 3.1991249999999996
6.0 3.1991249999999996
6.035714285714286 3.2026874999999997
6.071428571428571 3.2026874999999997
6.107142857142857 3.1991249999999996
6.142857142857143 3.1991249999999996
6.178571428571429 3.1991249999999996
6.214285714285714 3.1991249999999996
6.25 3.20625
6.285714285714286 3.2098125
6.321428571428571 3.20625
6.357142857142857 3.20625
6.392857142857143 3.20625
6.428571428571429 3.2026874999999997
6.464285714285714 3.2026874999999997
6.5 3.2098125
6.535714285714286 3.2133749999999996
6.571428571428571 3.2133749999999996
6.607142857142857 3.2133749999999996
6.642857142857143 3.2133749999999996
6.678571428571429 3.2133749999999996
6.714285714285714 3.2133749999999996
6.75 3.2169375
6.785714285714286 3.2169375
6.821428571428571 3.2205
6.857142857142857 3.2205
6.892857142857143 3.2205
6.928571428571429 3.2205
6.964285714285714 3.2169375
7.0 3.2169375
7.035714285714286 3.2205
7.071428571428571 3.2205
7.107142857142857 3.2276249999999997
7.142857142857143 3.2276249999999997
7.178571428571429 3.2276249999999997
7.214285714285714 3.2240624999999996
7.25 3.2240624999999996
7.285714285714286 3.2276249999999997
7.321428571428571 3.2276249999999997
7.357142857142857 3.2311875
7.392857142857143 3.2311875
7.428571428571429 3.2311875
7.464285714285714 3.2311875
7.5 3.2311875
7.535714285714286 3.2276249999999997
7.571428571428571 3.2347499999999996
7.607142857142857 3.2383124999999997
7.642857142857143 3.2383124999999997
7.678571428571429 3.2383124999999997
7.714285714285714 3.2383124999999997
7.75 3.2383124999999997
7.785714285714286 3.2347499999999996
7.821428571428571 3.2383124999999997
7.857142857142857 3.241875
7.892857142857143 3.241875
7.928571428571429 3.2454375
7.964285714285714 3.2454375
8.0 3.2454375
8.035714285714286 3.2454375
8.071428571428571 3.2454375
8.107142857142858 3.2489999999999997
8.142857142857142 3.2525625
8.178571428571429 3.2489999999999997
8.214285714285714 3.2525625
8.25 3.2489999999999997
8.285714285714286 3.2489999999999997
8.321428571428571 3.2489999999999997
8.357142857142858 3.2525625
8.392857142857142 3.256125
8.428571428571429 3.2596874999999996
8.464285714285714 3.2632499999999998
8.5 3.2596874999999996
8.535714285714286 3.2596874999999996
8.571428571428571 3.2596874999999996
8.607142857142858 3.256125
8.642857142857142 3.2632499999999998
8.678571428571429 3.2632499999999998
8.714285714285714 3.2632499999999998
8.75 3.2668125
8.785714285714286 3.2668125
8.821428571428571 3.2668125
8.857142857142858 3.2668125
8.892857142857142 3.2668125
8.928571428571429 3.2703749999999996
8.964285714285714 3.2810624999999995
9.0 3.2775
9.035714285714286 3.2775
9.071428571428571 3.2775
9.107142857142858 3.2739374999999997
9.142857142857142 3.2739374999999997
9.178571428571429 3.2775
9.214285714285714 3.2810624999999995
9.25 3.2846249999999997
9.285714285714286 3.2881875
9.321428571428571 3.2846249999999997
9.357142857142858 3.2846249999999997
9.392857142857142 3.2846249999999997
9.428571428571429 3.2846249999999997
9.464285714285714 3.2881875
9.5 3.2953124999999996
9.535714285714286 3.298875
9.571428571428571 3.298875
9.607142857142858 3.2953124999999996
9.642857142857142 3.2953124999999996
9.678571428571429 3.29175
9.714285714285714 3.2953124999999996
9.75 3.3059999999999996
9.785714285714286 3.3024375
9.821428571428571 3.3059999999999996
9.857142857142858 3.3059999999999996
9.892857142857142 3.3024375
9.928571428571429 3.3024375
9.964285714285714 3.3024375
10.0 3.3059999999999996
10.035714285714286 3.3166874999999996
10.071428571428571 3.313125
10.107142857142858 3.313125
10.142857142857142 3.313125
10.178571428571429 3.3095624999999997
10.214285714285714 3.3095624999999997
10.25 3.3095624999999997
10.285714285714286 3.313125
10.321428571428571 3.3202499999999997
10.357142857142858 3.3166874999999996
10.392857142857142 3.3166874999999996
10.428571428571429 3.3166874999999996
10.464285714285714 3.3166874999999996
10.5 3.313125
10.535714285714286 3.313125
10.571428571428571 3.3202499999999997
10.607142857142858 3.3202499999999997
10.642857142857142 3.3202499999999997
10.678571428571429 3.3202499999999997
10.714285714285714 3.3202499999999997
10.75 3.3202499999999997
10.785714285714286 3.3166874999999996
10.821428571428571 3.3202499999999997
10.857142857142858 3.3238125
10.892857142857142 3.327375
10.928571428571429 3.327375
10.964285714285714 3.3238125
11.0 3.3238125
11.035714285714286 3.3238125
11.071428571428571 3.3238125
11.107142857142858 3.327375
11.142857142857142 3.3309374999999997
11.178571428571429 3.3309374999999997
11.214285714285714 3.3309374999999997
11.25 3.3309374999999997
11.285714285714286 3.327375
11.321428571428571 3.3309374999999997
11.357142857142858 3.3309374999999997
11.392857142857142 3.3380625
11.428571428571429 3.3380625
11.464285714285714 3.3380625
11.5 3.3380625
11.535714285714286 3.3380625
11.571428571428571 3.3345
11.607142857142858 3.3380625
11.642857142857142 3.3380625
11.678571428571429 3.3416249999999996
11.714285714285714 3.3451874999999998
11.75 3.3416249999999996
11.785714285714286 3.3416249999999996
11.821428571428571 3.3416249999999996
11.857142857142858 3.3416249999999996
11.892857142857142 3.3451874999999998
11.928571428571429 3.3558749999999997
11.964285714285714 3.34875
12.0 3.34875
12.035714285714286 3.34875
12.071428571428571 3.34875
12.107142857142858 3.34875
12.142857142857142 3.34875
12.178571428571429 3.34875
12.214285714285714 3.3558749999999997
12.25 3.3523124999999996
12.285714285714286 3.3523124999999996
12.321428571428571 3.3523124999999996
12.357142857142858 3.34875
12.392857142857142 3.34875
12.428571428571429 3.34875
12.464285714285714 3.3558749999999997
12.5 3.3523124999999996
12.535714285714286 3.3523124999999996
12.571428571428571 3.3523124999999996
12.607142857142858 3.3523124999999996
12.642857142857142 3.3523124999999996
12.678571428571429 3.3523124999999996
12.714285714285714 3.3523124999999996
12.75 3.3594375
12.785714285714286 3.3558749999999997
12.821428571428571 3.3558749999999997
12.857142857142858 3.3523124999999996
12.892857142857142 3.3558749999999997
12.928571428571429 3.3523124999999996
12.964285714285714 3.3523124999999996
13.0 3.3558749999999997
13.035714285714286 3.3594375
13.071428571428571 3.3594375
13.107142857142858 3.3594375
13.142857142857142 3.3558749999999997
13.178571428571429 3.3558749999999997
13.214285714285714 3.3558749999999997
13.25 3.3594375
13.285714285714286 3.3629999999999995
13.321428571428571 3.3629999999999995
13.357142857142858 3.3629999999999995
13.392857142857142 3.3629999999999995
13.428571428571429 3.3629999999999995
13.464285714285714 3.3594375
13.5 3.3629999999999995
13.535714285714286 3.3594375
13.571428571428571 3.3629999999999995
13.607142857142858 3.3665624999999997
13.642857142857142 3.3665624999999997
13.678571428571429 3.3665624999999997
13.714285714285714 3.3665624999999997
13.75 3.3665624999999997
13.785714285714286 3.370125
13.821428571428571 3.370125
13.857142857142858 3.370125
13.892857142857142 3.3736875
13.928571428571429 3.3736875
13.964285714285714 3.3736875
14.0 3.3736875
14.035714285714286 3.3736875
14.071428571428571 3.3736875
14.107142857142858 3.3772499999999996
14.142857142857142 3.3772499999999996
14.178571428571429 3.3772499999999996
14.214285714285714 3.3772499999999996
14.25 3.3772499999999996
14.285714285714286 3.3772499999999996
14.321428571428571 3.3772499999999996
14.357142857142858 3.3879374999999996
14.392857142857142 3.3808124999999998
14.428571428571429 3.3808124999999998
14.464285714285714 3.3808124999999998
14.5 3.3808124999999998
14.535714285714286 3.3808124999999998
14.571428571428571 3.3808124999999998
14.607142857142858 3.384375
14.642857142857142 3.3914999999999997
14.678571428571429 3.3879374999999996
14.714285714285714 3.3879374999999996
14.75 3.3879374999999996
14.785714285714286 3.384375
14.821428571428571 3.384375
14.857142857142858 3.3879374999999996
14.892857142857142 3.3879374999999996
14.928571428571429 3.3879374999999996
14.964285714285714 3.3879374999999996
15.0 3.3879374999999996
15.035714285714286 3.3879374999999996
15.071428571428571 3.3879374999999996
15.107142857142858 3.3879374999999996
15.142857142857142 3.3879374999999996
15.178571428571429 3.3950625
15.214285714285714 3.3879374999999996
15.25 3.3914999999999997
15.285714285714286 3.3914999999999997
15.321428571428571 3.3914999999999997
15.357142857142858 3.3914999999999997
15.392857142857142 3.3914999999999997
15.428571428571429 3.3879374999999996
15.464285714285714 3.3950625
15.5 3.3950625
15.535714285714286 3.3914999999999997
15.571428571428571 3.3914999999999997
15.607142857142858 3.3914999999999997
15.642857142857142 3.3914999999999997
15.678571428571429 3.3914999999999997
15.714285714285714 3.3914999999999997
15.75 3.3914999999999997
15.785714285714286 3.3950625
15.821428571428571 3.3950625
15.857142857142858 3.3950625
15.892857142857142 3.3950625
15.928571428571429 3.3950625
15.964285714285714 3.3950625
16.0 3.3914999999999997
16.035714285714285 3.3986249999999996
16.071428571428573 3.3986249999999996
16.107142857142858 3.3986249999999996
16.142857142857142 3.3950625
16.178571428571427 3.3950625
16.214285714285715 3.3986249999999996
16.25 3.40575
16.285714285714285 3.3986249999999996
16.321428571428573 3.4021874999999997
16.357142857142858 3.3986249999999996
16.392857142857142 3.3986249999999996
16.428571428571427 3.3986249999999996
16.464285714285715 3.3986249999999996
16.5 3.4021874999999997
16.535714285714285 3.4021874999999997
16.571428571428573 3.4021874999999997
16.607142857142858 3.4021874999999997
16.642857142857142 3.4021874999999997
16.678571428571427 3.4021874999999997
16.714285714285715 3.4021874999999997
16.75 3.4021874999999997
16.785714285714285 3.40575
16.821428571428573 3.3986249999999996
16.857142857142858 3.40575
16.892857142857142 3.40575
16.928571428571427 3.40575
16.964285714285715 3.40575
17.0 3.40575
17.035714285714285 3.40575
17.071428571428573 3.4164375
17.107142857142858 3.4093125
17.142857142857142 3.4093125
17.178571428571427 3.4093125
17.214285714285715 3.4093125
17.25 3.4093125
17.285714285714285 3.4093125
17.321428571428573 3.4093125
17.357142857142858 3.4128749999999997
17.392857142857142 3.4128749999999997
17.428571428571427 3.4128749999999997
17.464285714285715 3.4128749999999997
17.5 3.4128749999999997
17.535714285714285 3.4128749999999997
17.571428571428573 3.4128749999999997
17.607142857142858 3.4164375
17.642857142857142 3.4164375
17.678571428571427 3.4164375
17.714285714285715 3.4164375
17.75 3.4164375
17.785714285714285 3.4164375
17.821428571428573 3.4164375
17.857142857142858 3.4128749999999997
17.892857142857142 3.4164375
17.928571428571427 3.42
17.964285714285715 3.42
18.0 3.42
18.035714285714285 3.4164375
18.071428571428573 3.4164375
18.107142857142858 3.42
18.142857142857142 3.42
18.178571428571427 3.42
18.214285714285715 3.4235624999999996
18.25 3.4235624999999996
18.285714285714285 3.4235624999999996
18.321428571428573 3.4235624999999996
18.357142857142858 3.4235624999999996
18.392857142857142 3.4235624999999996
18.428571428571427 3.4271249999999998
18.464285714285715 3.4235624999999996
18.5 3.4271249999999998
18.535714285714285 3.4271249999999998
18.571428571428573 3.4271249999999998
18.607142857142858 3.4271249999999998
18.642857142857142 3.4271249999999998
18.678571428571427 3.4271249999999998
18.714285714285715 3.4235624999999996
18.75 3.4306875
18.785714285714285 3.4306875
18.821428571428573 3.4306875
18.857142857142858 3.4306875
18.892857142857142 3.4306875
18.928571428571427 3.4306875
18.964285714285715 3.4306875
19.0 3.4342499999999996
19.035714285714285 3.4342499999999996
19.071428571428573 3.4342499999999996
19.107142857142858 3.4342499999999996
19.142857142857142 3.4342499999999996
19.178571428571427 3.4342499999999996
19.214285714285715 3.4342499999999996
19.25 3.4306875
19.285714285714285 3.4378124999999997
19.321428571428573 3.4378124999999997
19.357142857142858 3.4378124999999997
19.392857142857142 3.4378124999999997
19.428571428571427 3.4378124999999997
19.464285714285715 3.4378124999999997
19.5 3.4449374999999995
19.535714285714285 3.4378124999999997
19.571428571428573 3.4449374999999995
19.607142857142858 3.441375
19.642857142857142 3.441375
19.678571428571427 3.441375
19.714285714285715 3.441375
19.75 3.441375
19.785714285714285 3.4520625
19.821428571428573 3.4449374999999995
19.857142857142858 3.4449374999999995
19.892857142857142 3.4449374999999995
19.928571428571427 3.4449374999999995
19.964285714285715 3.4449374999999995
20.0 3.4484999999999997
20.035714285714285 3.4484999999999997
20.071428571428573 3.4484999999999997
20.107142857142858 3.4520625
20.142857142857142 3.4520625
20.178571428571427 3.4520625
20.214285714285715 3.4484999999999997
20.25 3.4520625
20.285714285714285 3.4484999999999997
20.321428571428573 3.455625
20.357142857142858 3.455625
20.392857142857142 3.455625
20.428571428571427 3.455625
20.464285714285715 3.4520625
20.5 3.4520625
20.535714285714285 3.455625
20.571428571428573 3.4520625
20.607142857142858 3.455625
20.642857142857142 3.4591874999999996
20.678571428571427 3.4591874999999996
20.714285714285715 3.4591874999999996
20.75 3.4591874999999996
20.785714285714285 3.455625
20.821428571428573 3.4591874999999996
20.857142857142858 3.4591874999999996
20.892857142857142 3.4591874999999996
20.928571428571427 3.4591874999999996
20.964285714285715 3.4591874999999996
21.0 3.4591874999999996
21.035714285714285 3.4591874999999996
21.071428571428573 3.4591874999999996
21.107142857142858 3.4627499999999998
21.142857142857142 3.455625
21.178571428571427 3.4627499999999998
21.214285714285715 3.4663125
21.25 3.4627499999999998
21.285714285714285 3.4627499999999998
21.321428571428573 3.4627499999999998
21.357142857142858 3.4627499999999998
21.392857142857142 3.4698749999999996
21.428571428571427 3.4663125
21.464285714285715 3.4663125
21.5 3.4663125
21.535714285714285 3.4663125
21.571428571428573 3.4663125
21.607142857142858 3.4663125
21.642857142857142 3.4663125
21.678571428571427 3.4734374999999997
21.714285714285715 3.4734374999999997
21.75 3.4734374999999997
21.785714285714285 3.4734374999999997
21.821428571428573 3.4734374999999997
21.857142857142858 3.4698749999999996
21.892857142857142 3.4734374999999997
21.928571428571427 3.4734374999999997
21.964285714285715 3.4698749999999996
22.0 3.477
22.035714285714285 3.477
22.071428571428573 3.477
22.107142857142858 3.477
22.142857142857142 3.477
22.178571428571427 3.4734374999999997
22.214285714285715 3.4805624999999996
22.25 3.4805624999999996
22.285714285714285 3.4805624999999996
22.321428571428573 3.4805624999999996
22.357142857142858 3.4805624999999996
22.392857142857142 3.4805624999999996
22.428571428571427 3.4805624999999996
22.464285714285715 3.4805624999999996
22.5 3.4841249999999997
22.535714285714285 3.4841249999999997
22.571428571428573 3.4841249999999997
22.607142857142858 3.4841249999999997
22.642857142857142 3.4841249999999997
22.678571428571427 3.4841249999999997
22.714285714285715 3.4876875
22.75 3.4841249999999997
22.785714285714285 3.4841249999999997
22.821428571428573 3.4841249999999997
22.857142857142858 3.4841249999999997
22.892857142857142 3.4841249999999997
22.928571428571427 3.4841249999999997
22.964285714285715 3.4841249999999997
23.0 3.4841249999999997
23.035714285714285 3.4805624999999996
23.071428571428573 3.4841249999999997
23.107142857142858 3.4841249999999997
23.142857142857142 3.4841249999999997
23.178571428571427 3.4841249999999997
23.214285714285715 3.4841249999999997
23.25 3.4841249999999997
23.285714285714285 3.49125
23.321428571428573 3.4841249999999997
23.357142857142858 3.4841249999999997
23.392857142857142 3.4841249999999997
23.428571428571427 3.4841249999999997
23.464285714285715 3.4841249999999997
23.5 3.4841249999999997
23.535714285714285 3.4841249999999997
23.571428571428573 3.4841249999999997
23.607142857142858 3.4876875
23.642857142857142 3.4876875
23.678571428571427 3.4876875
23.714285714285715 3.4876875
23.75 3.4876875
23.785714285714285 3.4876875
23.821428571428573 3.4876875
23.857142857142858 3.4841249999999997
23.892857142857142 3.4841249999999997
23.928571428571427 3.4841249999999997
23.964285714285715 3.4841249999999997
24.0 3.4841249999999997
24.035714285714285 3.4841249999999997
24.071428571428573 3.4841249999999997
24.107142857142858 3.49125
24.142857142857142 3.4876875
24.178571428571427 3.4841249999999997
24.214285714285715 3.4876875
24.25 3.4841249999999997
24.285714285714285 3.4841249999999997
24.321428571428573 3.4841249999999997
24.357142857142858 3.4876875
24.392857142857142 3.4876875
24.428571428571427 3.49125
24.464285714285715 3.49125
24.5 3.49125
24.535714285714285 3.49125
24.571428571428573 3.49125
24.607142857142858 3.49125
24.642857142857142 3.4948124999999997
24.678571428571427 3.49125
24.714285714285715 3.49125
24.75 3.49125
24.785714285714285 3.49125
24.821428571428573 3.49125
24.857142857142858 3.49125
24.892857142857142 3.49125
24.928571428571427 3.498375
24.964285714285715 3.4948124999999997
25.0 3.4948124999999997
25.035714285714285 3.4948124999999997
25.071428571428573 3.4948124999999997
25.107142857142858 3.4948124999999997
25.142857142857142 3.4948124999999997
25.178571428571427 3.4948124999999997
25.214285714285715 3.4948124999999997
25.25 3.498375
25.285714285714285 3.498375
25.321428571428573 3.498375
25.357142857142858 3.498375
25.392857142857142 3.498375
25.428571428571427 3.5019375
25.464285714285715 3.5054999999999996
25.5 3.5054999999999996
25.535714285714285 3.5090624999999998
25.571428571428573 3.5090624999999998
25.607142857142858 3.5090624999999998
25.642857142857142 3.5054999999999996
25.678571428571427 3.5090624999999998
25.714285714285715 3.5090624999999998
25.75 3.512625
25.785714285714285 3.5161874999999996
25.821428571428573 3.5161874999999996
25.857142857142858 3.512625
25.892857142857142 3.5161874999999996
25.928571428571427 3.512625
25.964285714285715 3.5161874999999996
26.0 3.5233125
26.035714285714285 3.5197499999999997
26.071428571428573 3.5233125
26.107142857142858 3.5233125
26.142857142857142 3.5197499999999997
26.178571428571427 3.5197499999999997
26.214285714285715 3.5197499999999997
26.25 3.5268749999999995
26.285714285714285 3.5268749999999995
26.321428571428573 3.5304374999999997
26.357142857142858 3.5304374999999997
26.392857142857142 3.5304374999999997
26.428571428571427 3.5304374999999997
26.464285714285715 3.5304374999999997
26.5 3.5304374999999997
26.535714285714285 3.5375625
26.571428571428573 3.534
26.607142857142858 3.5411249999999996
26.642857142857142 3.5411249999999996
26.678571428571427 3.5411249999999996
26.714285714285715 3.5411249999999996
26.75 3.5411249999999996
26.785714285714285 3.5411249999999996
26.821428571428573 3.5518124999999996
26.857142857142858 3.54825
26.892857142857142 3.54825
26.928571428571427 3.54825
26.964285714285715 3.54825
27.0 3.5446874999999998
27.035714285714285 3.54825
27.071428571428573 3.5518124999999996
27.107142857142858 3.5553749999999997
27.142857142857142 3.5553749999999997
27.178571428571427 3.5553749999999997
27.214285714285715 3.5553749999999997
27.25 3.5553749999999997
27.285714285714285 3.5553749999999997
27.321428571428573 3.5553749999999997
27.357142857142858 3.5553749999999997
27.392857142857142 3.5589375
27.428571428571427 3.5589375
27.464285714285715 3.5589375
27.5 3.5589375
27.535714285714285 3.5589375
27.571428571428573 3.5589375
27.607142857142858 3.5660624999999997
27.642857142857142 3.5624999999999996
27.678571428571427 3.5660624999999997
27.714285714285715 3.5660624999999997
27.75 3.5624999999999996
27.785714285714285 3.5624999999999996
27.821428571428573 3.5624999999999996
27.857142857142858 3.5660624999999997
27.892857142857142 3.5660624999999997
27.928571428571427 3.5660624999999997
27.964285714285715 3.569625
28.0 3.5660624999999997
28.035714285714285 3.5660624999999997
28.071428571428573 3.5660624999999997
28.107142857142858 3.5660624999999997
28.142857142857142 3.5660624999999997
28.178571428571427 3.5660624999999997
28.214285714285715 3.569625
28.25 3.569625
28.285714285714285 3.569625
28.321428571428573 3.569625
28.357142857142858 3.569625
28.392857142857142 3.569625
28.428571428571427 3.569625
28.464285714285715 3.5660624999999997
28.5 3.569625
28.535714285714285 3.569625
28.571428571428573 3.569625
28.607142857142858 3.569625
28.642857142857142 3.569625
28.678571428571427 3.5660624999999997
28.714285714285715 3.569625
28.75 3.569625
28.785714285714285 3.569625
28.821428571428573 3.569625
28.857142857142858 3.569625
28.892857142857142 3.569625
28.928571428571427 3.569625
28.964285714285715 3.569625
29.0 3.569625
29.035714285714285 3.569625
29.071428571428573 3.5731875
29.107142857142858 3.569625
29.142857142857142 3.569625
29.178571428571427 3.569625
29.214285714285715 3.569625
29.25 3.569625
29.285714285714285 3.5731875
29.321428571428573 3.5731875
29.357142857142858 3.5731875
29.392857142857142 3.5731875
29.428571428571427 3.5731875
29.464285714285715 3.569625
29.5 3.569625
29.535714285714285 3.569625
29.571428571428573 3.569625
29.607142857142858 3.569625
29.642857142857142 3.569625
29.678571428571427 3.569625
29.714285714285715 3.569625
29.75 3.569625
29.785714285714285 3.5660624999999997
29.821428571428573 3.569625
29.857142857142858 3.569625
29.892857142857142 3.569625
29.928571428571427 3.569625
29.964285714285715 3.569625
30.0 3.569625
30.035714285714285 3.5660624999999997
30.071428571428573 3.569625
30.107142857142858 3.5731875
30.142857142857142 3.5731875
30.178571428571427 3.5731875
30.214285714285715 3.5731875
30.25 3.5731875
30.285714285714285 3.5731875
30.321428571428573 3.5731875
30.357142857142858 3.5731875
30.392857142857142 3.5731875
30.428571428571427 3.5731875
30.464285714285715 3.5731875
30.5 3.5731875
30.535714285714285 3.5731875
30.571428571428573 3.5731875
30.607142857142858 3.5731875
30.642857142857142 3.5767499999999997
30.678571428571427 3.5767499999999997
30.714285714285715 3.5731875
30.75 3.5731875
30.785714285714285 3.5767499999999997
30.821428571428573 3.5767499999999997
30.857142857142858 3.5767499999999997
30.892857142857142 3.5731875
30.928571428571427 3.5767499999999997
30.964285714285715 3.5767499999999997
31.0 3.5767499999999997
31.035714285714285 3.5767499999999997
31.071428571428573 3.5767499999999997
31.107142857142858 3.5767499999999997
31.142857142857142 3.583875
31.178571428571427 3.5803125
31.214285714285715 3.5803125
31.25 3.5803125
31.285714285714285 3.5803125
31.321428571428573 3.5803125
31.357142857142858 3.583875
31.392857142857142 3.583875
31.428571428571427 3.583875
31.464285714285715 3.5874374999999996
31.5 3.5874374999999996
31.535714285714285 3.5874374999999996
31.571428571428573 3.583875
31.607142857142858 3.583875
31.642857142857142 3.5874374999999996
31.678571428571427 3.5909999999999997
31.714285714285715 3.5945625
31.75 3.5945625
31.785714285714285 3.5945625
31.821428571428573 3.5945625
31.857142857142858 3.5909999999999997
31.892857142857142 3.5945625
31.928571428571427 3.5945625
31.964285714285715 3.6016874999999997
32.0 3.6016874999999997
32.035714285714285 3.5981249999999996
32.07142857142857 3.5981249999999996
32.107142857142854 3.5981249999999996
32.142857142857146 3.5981249999999996
32.17857142857143 3.6016874999999997
32.214285714285715 3.6016874999999997
32.25 3.60525
32.285714285714285 3.60525
32.32142857142857 3.6088124999999995
32.357142857142854 3.60525
32.392857142857146 3.60525
32.42857142857143 3.60525
32.464285714285715 3.6088124999999995
32.5 3.6088124999999995
32.535714285714285 3.6123749999999997
32.57142857142857 3.6123749999999997
32.607142857142854 3.6123749999999997
32.642857142857146 3.6123749999999997
32.67857142857143 3.6123749999999997
32.714285714285715 3.6123749999999997
32.75 3.6230624999999996
32.785714285714285 3.6195
32.82142857142857 3.6195
32.857142857142854 3.6195
32.892857142857146 3.6159375
32.92857142857143 3.6195
32.964285714285715 3.6195
33.0 3.6230624999999996
33.035714285714285 3.6301875
33.07142857142857 3.6266249999999998
33.107142857142854 3.6266249999999998
33.142857142857146 3.6266249999999998
33.17857142857143 3.6266249999999998
33.214285714285715 3.6266249999999998
33.25 3.6266249999999998
33.285714285714285 3.6301875
33.32142857142857 3.6301875
33.357142857142854 3.6337499999999996
33.392857142857146 3.6373124999999997
33.42857142857143 3.6373124999999997
33.464285714285715 3.6373124999999997
33.5 3.6337499999999996
33.535714285714285 3.6373124999999997
33.57142857142857 3.6444374999999996
33.607142857142854 3.6444374999999996
33.642857142857146 3.6444374999999996
33.67857142857143 3.6444374999999996
33.714285714285715 3.6444374999999996
33.75 3.6444374999999996
33.785714285714285 3.6444374999999996
33.82142857142857 3.6479999999999997
33.857142857142854 3.6515625
33.892857142857146 3.655125
33.92857142857143 3.655125
33.964285714285715 3.655125
34.0 3.6515625
34.035714285714285 3.6515625
34.07142857142857 3.655125
34.107142857142854 3.6586874999999996
34.142857142857146 3.6586874999999996
34.17857142857143 3.66225
34.214285714285715 3.66225
34.25 3.6586874999999996
34.285714285714285 3.6586874999999996
34.32142857142857 3.6586874999999996
34.357142857142854 3.66225
34.392857142857146 3.66225
34.42857142857143 3.6693749999999996
34.464285714285715 3.6658125
34.5 3.6658125
34.535714285714285 3.6658125
34.57142857142857 3.6658125
34.607142857142854 3.6658125
34.642857142857146 3.6729374999999997
34.67857142857143 3.6693749999999996
34.714285714285715 3.6729374999999997
34.75 3.6693749999999996
34.785714285714285 3.6693749999999996
34.82142857142857 3.6693749999999996
34.857142857142854 3.6693749999999996
34.892857142857146 3.6693749999999996
34.92857142857143 3.6765
34.964285714285715 3.6729374999999997
35.0 3.6729374999999997
35.035714285714285 3.6729374999999997
35.07142857142857 3.6729374999999997
35.107142857142854 3.6729374999999997
35.142857142857146 3.6729374999999997
35.17857142857143 3.6729374999999997
35.214285714285715 3.6729374999999997
35.25 3.6765
35.285714285714285 3.6765
35.32142857142857 3.6765
35.357142857142854 3.6765
35.392857142857146 3.6765
35.42857142857143 3.6765
35.464285714285715 3.6800624999999996
35.5 3.6800624999999996
35.535714285714285 3.6800624999999996
35.57142857142857 3.6800624999999996
35.607142857142854 3.6765
35.642857142857146 3.6765
35.67857142857143 3.6765
35.714285714285715 3.6765
35.75 3.6800624999999996
35.785714285714285 3.6800624999999996
35.82142857142857 3.6800624999999996
35.857142857142854 3.6800624999999996
35.892857142857146 3.6800624999999996
35.92857142857143 3.6800624999999996
35.964285714285715 3.6800624999999996
36.0 3.6800624999999996
36.035714285714285 3.6765
36.07142857142857 3.6800624999999996
36.107142857142854 3.6800624999999996
36.142857142857146 3.6800624999999996
36.17857142857143 3.6800624999999996
36.214285714285715 3.6800624999999996
36.25 3.6765
36.285714285714285 3.6800624999999996
36.32142857142857 3.6836249999999997
36.357142857142854 3.6836249999999997
36.392857142857146 3.6800624999999996
36.42857142857143 3.6800624999999996
36.464285714285715 3.6800624999999996
36.5 3.6836249999999997
36.535714285714285 3.6800624999999996
36.57142857142857 3.6800624999999996
36.607142857142854 3.6836249999999997
36.642857142857146 3.6836249999999997
36.67857142857143 3.6836249999999997
36.714285714285715 3.6836249999999997
36.75 3.6836249999999997
36.785714285714285 3.6836249999999997
36.82142857142857 3.6836249999999997
36.857142857142854 3.6800624999999996
36.892857142857146 3.6836249999999997
36.92857142857143 3.6836249999999997
36.964285714285715 3.6836249999999997
37.0 3.6836249999999997
37.035714285714285 3.6836249999999997
37.07142857142857 3.6800624999999996
37.107142857142854 3.6800624999999996
37.142857142857146 3.6836249999999997
37.17857142857143 3.6836249999999997
37.214285714285715 3.6836249999999997
37.25 3.6836249999999997
37.285714285714285 3.6836249999999997
37.32142857142857 3.6836249999999997
37.357142857142854 3.6871875
37.392857142857146 3.6836249999999997
37.42857142857143 3.6871875
37.464285714285715 3.6871875
37.5 3.6871875
37.535714285714285 3.6836249999999997
37.57142857142857 3.6836249999999997
37.607142857142854 3.6836249999999997
37.642857142857146 3.6836249999999997
37.67857142857143 3.6871875
37.714285714285715 3.6871875
37.75 3.6871875
37.785714285714285 3.6871875
37.82142857142857 3.6871875
37.857142857142854 3.6871875
37.892857142857146 3.6871875
37.92857142857143 3.6836249999999997
37.964285714285715 3.6907499999999995
38.0 3.6871875
38.035714285714285 3.6871875
38.07142857142857 3.6871875
38.107142857142854 3.6871875
38.142857142857146 3.6871875
38.17857142857143 3.6943124999999997
38.214285714285715 3.6907499999999995
38.25 3.6907499999999995
38.285714285714285 3.6907499999999995
38.32142857142857 3.6907499999999995
38.357142857142854 3.6907499999999995
38.392857142857146 3.6907499999999995
38.42857142857143 3.6907499999999995
38.464285714285715 3.6943124999999997
38.5 3.6943124999999997
38.535714285714285 3.6943124999999997
38.57142857142857 3.6943124999999997
38.607142857142854 3.6907499999999995
38.642857142857146 3.6943124999999997
38.67857142857143 3.6943124999999997
38.714285714285715 3.697875
38.75 3.697875
38.785714285714285 3.7014375
38.82142857142857 3.697875
38.857142857142854 3.697875
38.892857142857146 3.697875
38.92857142857143 3.697875
38.964285714285715 3.697875
39.0 3.7049999999999996
39.035714285714285 3.7049999999999996
39.07142857142857 3.7049999999999996
39.107142857142854 3.7049999999999996
39.142857142857146 3.7049999999999996
39.17857142857143 3.7049999999999996
39.214285714285715 3.7049999999999996
39.25 3.712125
39.285714285714285 3.712125
39.32142857142857 3.712125
39.357142857142854 3.712125
39.392857142857146 3.712125
39.42857142857143 3.712125
39.464285714285715 3.712125
39.5 3.7192499999999997
39.535714285714285 3.7156874999999996
39.57142857142857 3.7192499999999997
39.607142857142854 3.7228125
39.642857142857146 3.7192499999999997
39.67857142857143 3.7192499999999997
39.714285714285715 3.7192499999999997
39.75 3.7192499999999997
39.785714285714285 3.7263749999999995
39.82142857142857 3.7228125
39.857142857142854 3.7263749999999995
39.892857142857146 3.7263749999999995
39.92857142857143 3.7263749999999995
