0.03571428571428571 2.6566093750000004
0.07142857142857142 2.6566093750000004
0.10714285714285714 2.6566093750000004
0.14285714285714285 2.6566093750000004
0.17857142857142858 2.6566093750000004
0.21428571428571427 2.6530625000000003
0.25 2.6530625000000003
0.2857142857142857 2.6530625000000003
0.32142857142857145 2.6566093750000004
0.35714285714285715 2.6566093750000004
0.39285714285714285 2.6530625000000003
0.42857142857142855 2.6566093750000004
0.4642857142857143 2.6566093750000004
0.5 2.6566093750000004
0.5357142857142857 2.6566093750000004
0.5714285714285714 2.6530625000000003
0.6071428571428571 2.6566093750000004
0.6428571428571429 2.6530625000000003
0.6785714285714286 2.6566093750000004
0.7142857142857143 2.6566093750000004
0.75 2.6566093750000004
0.7857142857142857 2.6566093750000004
0.8214285714285714 2.6566093750000004
0.8571428571428571 2.6566093750000004
0.8928571428571429 2.6566093750000004
0.9285714285714286 2.6530625000000003
0.9642857142857143 2.6566093750000004
1.0 2.6814375000000004
1.0357142857142858 2.6814375000000004
1.0714285714285714 2.6849843750000004
1.1071428571428572 2.7275468750000003
1.1428571428571428 2.724
1.1785714285714286 2.7062656250000003
1.2142857142857142 2.6778906250000003
1.25 2.64596875
1.2857142857142858 2.635328125
1.3214285714285714 2.638875
1.3571428571428572 2.61759375
1.3928571428571428 2.557296875
1.4285714285714286 2.5502031250000003
1.4642857142857142 2.5395625
1.5 2.5395625
1.5357142857142858 2.53246875
1.5714285714285714 2.514734375
1.6071428571428572 2.4508906250000004
1.6428571428571428 2.4260625
1.6785714285714286 2.411875
1.7142857142857142 2.408328125
1.75 2.401234375
1.7857142857142858 2.40478125
1.8214285714285714 2.408328125
1.8571428571428572 2.4260625
2.0357142857142856 2.7027187500000003
2.0714285714285716 2.68853125
2.107142857142857 2.6601562500000004
2.142857142857143 2.6495156250000003
2.1785714285714284 2.635328125
2.2142857142857144 2.61759375
2.25 2.592765625
2.2857142857142856 2.5750312500000003
2.3214285714285716 2.5785781250000004
2.357142857142857 2.58921875
2.392857142857143 2.58921875
2.4285714285714284 2.58921875
2.4642857142857144 2.58921875
2.5 2.58921875
2.5357142857142856 2.58921875
2.5714285714285716 2.58921875
2.607142857142857 2.58921875
2.642857142857143 2.58921875
2.6785714285714284 2.58921875
2.7142857142857144 2.58921875
2.75 2.585671875
2.7857142857142856 2.585671875
2.8214285714285716 2.585671875
2.857142857142857 2.58921875
2.892857142857143 2.585671875
2.9285714285714284 2.585671875
2.9642857142857144 2.58921875
3.0 2.58921875
3.0357142857142856 2.58921875
3.0714285714285716 2.58921875
3.107142857142857 2.58921875
3.142857142857143 2.58921875
3.1785714285714284 2.585671875
3.2142857142857144 2.58921875
3.25 2.585671875
3.2857142857142856 2.58921875
3.3214285714285716 2.58921875
3.357142857142857 2.58921875
3.392857142857143 2.58921875
3.4285714285714284 2.585671875
3.4642857142857144 2.58921875
3.5 2.585671875
3.5357142857142856 2.58921875
3.5714285714285716 2.58921875
3.607142857142857 2.58921875
3.642857142857143 2.58921875
3.6785714285714284 2.58921875
3.7142857142857144 2.585671875
3.75 2.585671875
3.7857142857142856 2.58921875
3.8214285714285716 2.585671875
3.857142857142857 2.58921875
3.892857142857143 2.585671875
3.9285714285714284 2.58921875
3.9642857142857144 2.585671875
4.0 2.585671875
4.035714285714286 2.58921875
4.071428571428571 2.58921875
4.107142857142857 2.585671875
4.142857142857143 2.585671875
4.178571428571429 2.585671875
4.214285714285714 2.58921875
4.25 2.58921875
4.285714285714286 2.585671875
4.321428571428571 2.585671875
4.357142857142857 2.585671875
4.392857142857143 2.58921875
4.428571428571429 2.585671875
4.464285714285714 2.585671875
4.5 2.585671875
4.535714285714286 2.585671875
4.571428571428571 2.585671875
4.607142857142857 2.58921875
4.642857142857143 2.58921875
4.678571428571429 2.585671875
4.714285714285714 2.58921875
4.75 2.585671875
4.785714285714286 2.585671875
4.821428571428571 2.585671875
4.857142857142857 2.585671875
4.892857142857143 2.585671875
4.928571428571429 2.585671875
4.964285714285714 2.585671875
5.0 2.58921875
5.035714285714286 2.58921875
5.071428571428571 2.585671875
5.107142857142857 2.58921875
5.142857142857143 2.585671875
5.178571428571429 2.58921875
5.214285714285714 2.58921875
5.25 2.585671875
5.285714285714286 2.585671875
5.321428571428571 2.58921875
5.357142857142857 2.58921875
5.392857142857143 2.58921875
5.428571428571429 2.58921875
5.464285714285714 2.58921875
5.5 2.58921875
5.535714285714286 2.58921875
5.571428571428571 2.585671875
5.607142857142857 2.58921875
5.642857142857143 2.585671875
5.678571428571429 2.58921875
5.714285714285714 2.585671875
5.75 2.58921875
5.785714285714286 2.58921875
5.821428571428571 2.585671875
5.857142857142857 2.58921875
5.892857142857143 2.585671875
5.928571428571429 2.585671875
5.964285714285714 2.585671875
6.0 2.58921875
6.035714285714286 2.58921875
6.071428571428571 2.58921875
6.107142857142857 2.58921875
6.142857142857143 2.58921875
6.178571428571429 2.585671875
6.214285714285714 2.58921875
6.25 2.585671875
6.285714285714286 2.58921875
6.321428571428571 2.58921875
6.357142857142857 2.585671875
6.392857142857143 2.58921875
6.428571428571429 2.58921875
6.464285714285714 2.58921875
6.5 2.58921875
6.535714285714286 2.58921875
6.571428571428571 2.58921875
6.607142857142857 2.585671875
6.642857142857143 2.58921875
6.678571428571429 2.58921875
6.714285714285714 2.585671875
6.75 2.585671875
6.785714285714286 2.58921875
6.821428571428571 2.58921875
6.857142857142857 2.58921875
6.892857142857143 2.58921875
6.928571428571429 2.585671875
6.964285714285714 2.585671875
7.0 2.58921875
7.035714285714286 2.58921875
7.071428571428571 2.585671875
7.107142857142857 2.585671875
7.142857142857143 2.585671875
7.178571428571429 2.585671875
7.214285714285714 2.58921875
7.25 2.58921875
7.285714285714286 2.585671875
7.321428571428571 2.585671875
7.357142857142857 2.58921875
7.392857142857143 2.58921875
7.428571428571429 2.58921875
7.464285714285714 2.58921875
7.5 2.585671875
7.535714285714286 2.585671875
7.571428571428571 2.58921875
7.607142857142857 2.58921875
7.642857142857143 2.58921875
7.678571428571429 2.585671875
7.714285714285714 2.58921875
7.75 2.58921875
7.785714285714286 2.58921875
7.821428571428571 2.58921875
7.857142857142857 2.58921875
7.892857142857143 2.58921875
7.928571428571429 2.58921875
7.964285714285714 2.58921875
8.0 2.585671875
8.035714285714286 2.585671875
8.071428571428571 2.58921875
8.107142857142858 2.58921875
8.142857142857142 2.585671875
8.178571428571429 2.58921875
8.214285714285714 2.58921875
8.25 2.585671875
8.285714285714286 2.585671875
8.321428571428571 2.58921875
8.357142857142858 2.58921875
8.392857142857142 2.585671875
8.428571428571429 2.585671875
8.464285714285714 2.585671875
8.5 2.58921875
8.535714285714286 2.58921875
8.571428571428571 2.58921875
8.607142857142858 2.58921875
8.642857142857142 2.58921875
8.678571428571429 2.58921875
8.714285714285714 2.58921875
8.75 2.58921875
8.785714285714286 2.585671875
8.821428571428571 2.58921875
8.857142857142858 2.58921875
8.892857142857142 2.58921875
8.928571428571429 2.58921875
8.964285714285714 2.58921875
9.0 2.585671875
9.035714285714286 2.58921875
9.071428571428571 2.585671875
9.107142857142858 2.585671875
9.142857142857142 2.58921875
9.178571428571429 2.585671875
9.214285714285714 2.58921875
9.25 2.58921875
9.285714285714286 2.58921875
9.321428571428571 2.585671875
9.357142857142858 2.58921875
9.392857142857142 2.58921875
9.428571428571429 2.585671875
9.464285714285714 2.58921875
9.5 2.58921875
9.535714285714286 2.585671875
9.571428571428571 2.58921875
9.607142857142858 2.585671875
9.642857142857142 2.58921875
9.678571428571429 2.585671875
9.714285714285714 2.585671875
9.75 2.58921875
9.785714285714286 2.58921875
9.821428571428571 2.58921875
9.857142857142858 2.58921875
9.892857142857142 2.585671875
9.928571428571429 2.585671875
9.964285714285714 2.58921875
10.0 2.58921875
10.035714285714286 2.58921875
10.071428571428571 2.585671875
10.107142857142858 2.58921875
10.142857142857142 2.58921875
10.178571428571429 2.58921875
10.214285714285714 2.58921875
10.25 2.58921875
10.285714285714286 2.58921875
10.321428571428571 2.585671875
10.357142857142858 2.58921875
10.392857142857142 2.585671875
10.428571428571429 2.585671875
10.464285714285714 2.58921875
10.5 2.58921875
10.535714285714286 2.58921875
10.571428571428571 2.585671875
10.607142857142858 2.58921875
10.642857142857142 2.58921875
10.678571428571429 2.58921875
10.714285714285714 2.58921875
10.75 2.58921875
10.785714285714286 2.58921875
10.821428571428571 2.585671875
10.857142857142858 2.58921875
10.892857142857142 2.58921875
10.928571428571429 2.58921875
10.964285714285714 2.58921875
11.0 2.58921875
11.035714285714286 2.58921875
11.071428571428571 2.585671875
11.107142857142858 2.5963125000000002
11.142857142857142 2.6069531250000004
11.178571428571429 2.614046875
11.214285714285714 2.614046875
11.25 2.6530625000000003
11.285714285714286 2.6530625000000003
11.321428571428571 2.6530625000000003
11.357142857142858 2.6246875000000003
11.392857142857142 2.5998593750000003
11.428571428571429 2.5785781250000004
11.464285714285714 2.5431093750000002
11.5 2.514734375
11.535714285714286 2.5005468750000004
11.571428571428571 2.4934531250000003
11.607142857142858 2.48990625
11.642857142857142 2.4828125
11.678571428571429 2.479265625
11.714285714285714 2.4828125
11.75 2.5182812500000002
11.857142857142858 2.7913906250000005
11.892857142857142 2.7630156250000004
11.928571428571429 2.748828125
11.964285714285714 2.74528125
12.0 2.7346406250000004
12.035714285714286 2.692078125
12.071428571428571 2.68853125
12.107142857142858 2.66725
12.142857142857142 2.6530625000000003
12.178571428571429 2.6317812500000004
12.214285714285714 2.6069531250000004
12.25 2.592765625
12.285714285714286 2.585671875
12.321428571428571 2.5821250000000004
12.357142857142858 2.585671875
12.392857142857142 2.5821250000000004
12.428571428571429 2.585671875
12.464285714285714 2.585671875
12.5 2.585671875
12.535714285714286 2.585671875
12.571428571428571 2.58921875
12.607142857142858 2.58921875
12.642857142857142 2.58921875
12.678571428571429 2.58921875
12.714285714285714 2.585671875
12.75 2.58921875
12.785714285714286 2.58921875
12.821428571428571 2.58921875
12.857142857142858 2.58921875
12.892857142857142 2.58921875
12.928571428571429 2.58921875
12.964285714285714 2.58921875
13.0 2.58921875
13.035714285714286 2.58921875
13.071428571428571 2.58921875
13.107142857142858 2.58921875
13.142857142857142 2.58921875
13.178571428571429 2.58921875
13.214285714285714 2.58921875
13.25 2.592765625
13.285714285714286 2.58921875
13.321428571428571 2.58921875
13.357142857142858 2.58921875
13.392857142857142 2.58921875
13.428571428571429 2.58921875
13.464285714285714 2.58921875
13.5 2.58921875
13.535714285714286 2.58921875
13.571428571428571 2.58921875
13.607142857142858 2.58921875
13.642857142857142 2.58921875
13.678571428571429 2.58921875
13.714285714285714 2.58921875
13.75 2.58921875
13.785714285714286 2.58921875
13.821428571428571 2.58921875
13.857142857142858 2.58921875
13.892857142857142 2.58921875
13.928571428571429 2.58921875
13.964285714285714 2.58921875
14.0 2.58921875
14.035714285714286 2.58921875
14.071428571428571 2.58921875
14.107142857142858 2.58921875
14.142857142857142 2.58921875
14.178571428571429 2.58921875
14.214285714285714 2.58921875
14.25 2.58921875
14.285714285714286 2.58921875
14.321428571428571 2.58921875
14.357142857142858 2.58921875
14.392857142857142 2.58921875
14.428571428571429 2.58921875
14.464285714285714 2.58921875
14.5 2.58921875
14.535714285714286 2.58921875
14.571428571428571 2.58921875
14.607142857142858 2.58921875
14.642857142857142 2.58921875
14.678571428571429 2.58921875
14.714285714285714 2.58921875
14.75 2.58921875
14.785714285714286 2.58921875
14.821428571428571 2.58921875
14.857142857142858 2.58921875
14.892857142857142 2.58921875
14.928571428571429 2.58921875
14.964285714285714 2.58921875
15.0 2.58921875
15.035714285714286 2.58921875
15.071428571428571 2.58921875
15.107142857142858 2.58921875
15.142857142857142 2.58921875
15.178571428571429 2.58921875
15.214285714285714 2.58921875
15.25 2.58921875
15.285714285714286 2.58921875
15.321428571428571 2.58921875
15.357142857142858 2.58921875
15.392857142857142 2.58921875
15.428571428571429 2.58921875
15.464285714285714 2.58921875
15.5 2.58921875
15.535714285714286 2.58921875
15.571428571428571 2.58921875
15.607142857142858 2.58921875
15.642857142857142 2.58921875
15.678571428571429 2.58921875
15.714285714285714 2.58921875
15.75 2.58921875
15.785714285714286 2.58921875
15.821428571428571 2.58921875
15.857142857142858 2.58921875
15.892857142857142 2.58921875
15.928571428571429 2.58921875
15.964285714285714 2.58921875
16.0 2.58921875
16.035714285714285 2.58921875
16.071428571428573 2.58921875
16.107142857142858 2.58921875
16.142857142857142 2.58921875
16.178571428571427 2.58921875
16.214285714285715 2.58921875
16.25 2.58921875
16.285714285714285 2.58921875
16.321428571428573 2.58921875
16.357142857142858 2.58921875
16.392857142857142 2.58921875
16.428571428571427 2.58921875
16.464285714285715 2.58921875
16.5 2.58921875
16.535714285714285 2.58921875
16.571428571428573 2.58921875
16.607142857142858 2.58921875
16.642857142857142 2.58921875
16.678571428571427 2.58921875
16.714285714285715 2.58921875
16.75 2.58921875
16.785714285714285 2.58921875
16.821428571428573 2.58921875
16.857142857142858 2.58921875
16.892857142857142 2.58921875
16.928571428571427 2.58921875
16.964285714285715 2.58921875
17.0 2.58921875
17.035714285714285 2.58921875
17.071428571428573 2.58921875
17.107142857142858 2.58921875
17.142857142857142 2.58921875
17.178571428571427 2.58921875
17.214285714285715 2.58921875
17.25 2.58921875
17.285714285714285 2.58921875
17.321428571428573 2.58921875
17.357142857142858 2.58921875
17.392857142857142 2.58921875
17.428571428571427 2.58921875
17.464285714285715 2.58921875
17.5 2.58921875
17.535714285714285 2.58921875
17.571428571428573 2.58921875
17.607142857142858 2.58921875
17.642857142857142 2.58921875
17.678571428571427 2.58921875
17.714285714285715 2.58921875
17.75 2.58921875
17.785714285714285 2.58921875
17.821428571428573 2.58921875
17.857142857142858 2.58921875
17.892857142857142 2.58921875
17.928571428571427 2.58921875
17.964285714285715 2.58921875
18.0 2.58921875
18.035714285714285 2.58921875
18.071428571428573 2.58921875
18.107142857142858 2.58921875
18.142857142857142 2.58921875
18.178571428571427 2.58921875
18.214285714285715 2.58921875
18.25 2.58921875
18.285714285714285 2.58921875
18.321428571428573 2.58921875
18.357142857142858 2.58921875
18.392857142857142 2.58921875
18.428571428571427 2.58921875
18.464285714285715 2.58921875
18.5 2.58921875
18.535714285714285 2.58921875
18.571428571428573 2.58921875
18.607142857142858 2.58921875
18.642857142857142 2.58921875
18.678571428571427 2.58921875
18.714285714285715 2.58921875
18.75 2.58921875
18.785714285714285 2.58921875
18.821428571428573 2.58921875
18.857142857142858 2.58921875
18.892857142857142 2.58921875
18.928571428571427 2.58921875
18.964285714285715 2.58921875
19.0 2.58921875
19.035714285714285 2.58921875
19.071428571428573 2.58921875
19.107142857142858 2.58921875
19.142857142857142 2.58921875
19.178571428571427 2.58921875
19.214285714285715 2.58921875
19.25 2.58921875
19.285714285714285 2.58921875
19.321428571428573 2.58921875
19.357142857142858 2.58921875
19.392857142857142 2.58921875
19.428571428571427 2.58921875
19.464285714285715 2.58921875
19.5 2.58921875
19.535714285714285 2.58921875
19.571428571428573 2.58921875
19.607142857142858 2.58921875
19.642857142857142 2.58921875
19.678571428571427 2.58921875
19.714285714285715 2.58921875
19.75 2.58921875
19.785714285714285 2.58921875
19.821428571428573 2.58921875
19.857142857142858 2.58921875
19.892857142857142 2.58921875
19.928571428571427 2.58921875
19.964285714285715 2.58921875
20.0 2.58921875
20.035714285714285 2.58921875
20.071428571428573 2.58921875
20.107142857142858 2.58921875
20.142857142857142 2.58921875
20.178571428571427 2.58921875
20.214285714285715 2.58921875
20.25 2.58921875
20.285714285714285 2.58921875
20.321428571428573 2.58921875
20.357142857142858 2.58921875
20.392857142857142 2.58921875
20.428571428571427 2.58921875
20.464285714285715 2.58921875
20.5 2.58921875
20.535714285714285 2.58921875
20.571428571428573 2.58921875
20.607142857142858 2.58921875
20.642857142857142 2.58921875
20.678571428571427 2.58921875
20.714285714285715 2.58921875
20.75 2.58921875
20.785714285714285 2.58921875
20.821428571428573 2.58921875
20.857142857142858 2.58921875
20.892857142857142 2.58921875
20.928571428571427 2.58921875
20.964285714285715 2.58921875
21.0 2.58921875
21.035714285714285 2.58921875
21.071428571428573 2.58921875
21.107142857142858 2.592765625
21.142857142857142 2.5998593750000003
21.178571428571427 2.6069531250000004
21.214285714285715 2.6069531250000004
21.25 2.61759375
21.285714285714285 2.614046875
21.321428571428573 2.5963125000000002
21.357142857142858 2.5998593750000003
21.392857142857142 2.6069531250000004
21.428571428571427 2.592765625
21.464285714285715 2.5750312500000003
21.5 2.5289218750000004
21.535714285714285 2.514734375
21.571428571428573 2.507640625
21.607142857142858 2.4721718750000004
21.642857142857142 2.457984375
21.678571428571427 2.4437968750000003
21.714285714285715 2.4402500000000003
21.75 2.436703125
21.785714285714285 2.4437968750000003
21.821428571428573 2.46153125
21.928571428571427 2.7594687500000004
22.0 2.724
22.035714285714285 2.7098125000000004
22.071428571428573 2.695625
22.107142857142858 2.66725
22.142857142857142 2.6495156250000003
22.178571428571427 2.6317812500000004
22.214285714285715 2.61759375
22.25 2.592765625
22.285714285714285 2.585671875
22.321428571428573 2.58921875
22.357142857142858 2.585671875
22.392857142857142 2.585671875
22.428571428571427 2.585671875
22.464285714285715 2.58921875
22.5 2.58921875
22.535714285714285 2.58921875
22.571428571428573 2.58921875
22.607142857142858 2.58921875
22.642857142857142 2.58921875
22.678571428571427 2.58921875
22.714285714285715 2.58921875
22.75 2.58921875
22.785714285714285 2.58921875
22.821428571428573 2.58921875
22.857142857142858 2.58921875
22.892857142857142 2.58921875
22.928571428571427 2.585671875
22.964285714285715 2.585671875
23.0 2.585671875
23.035714285714285 2.58921875
23.071428571428573 2.585671875
23.107142857142858 2.585671875
23.142857142857142 2.585671875
23.178571428571427 2.585671875
23.214285714285715 2.58921875
23.25 2.585671875
23.285714285714285 2.585671875
23.321428571428573 2.585671875
23.357142857142858 2.585671875
23.392857142857142 2.585671875
23.428571428571427 2.585671875
23.464285714285715 2.585671875
23.5 2.585671875
23.535714285714285 2.58921875
23.571428571428573 2.585671875
23.607142857142858 2.585671875
23.642857142857142 2.585671875
23.678571428571427 2.585671875
23.714285714285715 2.585671875
23.75 2.58921875
23.785714285714285 2.585671875
23.821428571428573 2.58921875
23.857142857142858 2.585671875
23.892857142857142 2.58921875
23.928571428571427 2.585671875
23.964285714285715 2.585671875
24.0 2.585671875
24.035714285714285 2.585671875
24.071428571428573 2.585671875
24.107142857142858 2.585671875
24.142857142857142 2.585671875
24.178571428571427 2.585671875
24.214285714285715 2.585671875
24.25 2.585671875
24.285714285714285 2.585671875
24.321428571428573 2.585671875
24.357142857142858 2.585671875
24.392857142857142 2.585671875
24.428571428571427 2.585671875
24.464285714285715 2.585671875
24.5 2.585671875
24.535714285714285 2.585671875
24.571428571428573 2.585671875
24.607142857142858 2.585671875
24.642857142857142 2.585671875
24.678571428571427 2.585671875
24.714285714285715 2.585671875
24.75 2.585671875
24.785714285714285 2.585671875
24.821428571428573 2.585671875
24.857142857142858 2.585671875
24.892857142857142 2.585671875
24.928571428571427 2.58921875
24.964285714285715 2.585671875
25.0 2.585671875
25.035714285714285 2.585671875
25.071428571428573 2.585671875
25.107142857142858 2.585671875
25.142857142857142 2.585671875
25.178571428571427 2.585671875
25.214285714285715 2.58921875
25.25 2.58921875
25.285714285714285 2.58921875
25.321428571428573 2.585671875
25.357142857142858 2.585671875
25.392857142857142 2.585671875
25.428571428571427 2.585671875
25.464285714285715 2.58921875
25.5 2.58921875
25.535714285714285 2.58921875
25.571428571428573 2.585671875
25.607142857142858 2.58921875
25.642857142857142 2.58921875
25.678571428571427 2.585671875
25.714285714285715 2.585671875
25.75 2.585671875
25.785714285714285 2.585671875
25.821428571428573 2.585671875
25.857142857142858 2.585671875
25.892857142857142 2.585671875
25.928571428571427 2.585671875
25.964285714285715 2.585671875
26.0 2.585671875
26.035714285714285 2.585671875
26.071428571428573 2.585671875
26.107142857142858 2.585671875
26.142857142857142 2.585671875
26.178571428571427 2.585671875
26.214285714285715 2.585671875
26.25 2.585671875
26.285714285714285 2.585671875
26.321428571428573 2.585671875
26.357142857142858 2.585671875
26.392857142857142 2.585671875
26.428571428571427 2.585671875
26.464285714285715 2.585671875
26.5 2.585671875
26.535714285714285 2.585671875
26.571428571428573 2.58921875
26.607142857142858 2.58921875
26.642857142857142 2.585671875
26.678571428571427 2.585671875
26.714285714285715 2.585671875
26.75 2.585671875
26.785714285714285 2.58921875
26.821428571428573 2.585671875
26.857142857142858 2.585671875
26.892857142857142 2.585671875
26.928571428571427 2.585671875
26.964285714285715 2.585671875
27.0 2.585671875
27.035714285714285 2.585671875
27.071428571428573 2.585671875
27.107142857142858 2.585671875
27.142857142857142 2.585671875
27.178571428571427 2.585671875
27.214285714285715 2.585671875
27.25 2.585671875
27.285714285714285 2.585671875
27.321428571428573 2.585671875
27.357142857142858 2.585671875
27.392857142857142 2.58921875
27.428571428571427 2.58921875
27.464285714285715 2.58921875
27.5 2.585671875
27.535714285714285 2.585671875
27.571428571428573 2.585671875
27.607142857142858 2.585671875
27.642857142857142 2.585671875
27.678571428571427 2.585671875
27.714285714285715 2.58921875
27.75 2.585671875
27.785714285714285 2.585671875
27.821428571428573 2.585671875
27.857142857142858 2.58921875
27.892857142857142 2.58921875
27.928571428571427 2.58921875
27.964285714285715 2.585671875
28.0 2.585671875
28.035714285714285 2.585671875
28.071428571428573 2.58921875
28.107142857142858 2.585671875
28.142857142857142 2.585671875
28.178571428571427 2.585671875
28.214285714285715 2.585671875
28.25 2.585671875
28.285714285714285 2.585671875
28.321428571428573 2.585671875
28.357142857142858 2.585671875
28.392857142857142 2.585671875
28.428571428571427 2.585671875
28.464285714285715 2.585671875
28.5 2.58921875
28.535714285714285 2.585671875
28.571428571428573 2.585671875
28.607142857142858 2.585671875
28.642857142857142 2.585671875
28.678571428571427 2.585671875
28.714285714285715 2.58921875
28.75 2.585671875
28.785714285714285 2.58921875
28.821428571428573 2.585671875
28.857142857142858 2.585671875
28.892857142857142 2.585671875
28.928571428571427 2.585671875
28.964285714285715 2.58921875
29.0 2.585671875
29.035714285714285 2.585671875
29.071428571428573 2.585671875
29.107142857142858 2.585671875
29.142857142857142 2.58921875
29.178571428571427 2.585671875
29.214285714285715 2.585671875
29.25 2.585671875
29.285714285714285 2.585671875
29.321428571428573 2.585671875
29.357142857142858 2.585671875
29.392857142857142 2.58921875
29.428571428571427 2.58921875
29.464285714285715 2.585671875
29.5 2.585671875
29.535714285714285 2.585671875
29.571428571428573 2.58921875
29.607142857142858 2.585671875
29.642857142857142 2.585671875
29.678571428571427 2.585671875
29.714285714285715 2.585671875
29.75 2.585671875
29.785714285714285 2.585671875
29.821428571428573 2.585671875
29.857142857142858 2.585671875
29.892857142857142 2.58921875
29.928571428571427 2.585671875
29.964285714285715 2.58921875
30.0 2.58921875
30.035714285714285 2.585671875
30.071428571428573 2.585671875
30.107142857142858 2.585671875
30.142857142857142 2.585671875
30.178571428571427 2.585671875
30.214285714285715 2.58921875
30.25 2.58921875
30.285714285714285 2.58921875
30.321428571428573 2.58921875
30.357142857142858 2.585671875
30.392857142857142 2.585671875
30.428571428571427 2.585671875
30.464285714285715 2.585671875
30.5 2.58921875
30.535714285714285 2.58921875
30.571428571428573 2.58921875
30.607142857142858 2.58921875
30.642857142857142 2.58921875
30.678571428571427 2.585671875
30.714285714285715 2.585671875
30.75 2.585671875
30.785714285714285 2.58921875
30.821428571428573 2.58921875
30.857142857142858 2.58921875
30.892857142857142 2.58921875
30.928571428571427 2.58921875
30.964285714285715 2.58921875
31.0 2.58921875
31.035714285714285 2.585671875
31.071428571428573 2.585671875
31.107142857142858 2.58921875
31.142857142857142 2.6105
31.178571428571427 2.614046875
31.214285714285715 2.614046875
31.25 2.64596875
31.285714285714285 2.6530625000000003
31.321428571428573 2.642421875
31.357142857142858 2.6105
31.392857142857142 2.6069531250000004
31.428571428571427 2.585671875
31.464285714285715 2.5750312500000003
31.5 2.536015625
31.535714285714285 2.5289218750000004
31.571428571428573 2.5289218750000004
31.607142857142858 2.564390625
31.714285714285715 2.8587812500000003
31.75 2.8339531250000003
31.785714285714285 2.8233125
31.821428571428573 2.80203125
31.857142857142858 2.8126718750000004
31.928571428571427 2.7630156250000004
31.964285714285715 2.7381875000000004
32.0 2.8162187500000004
32.035714285714285 2.7062656250000003
32.07142857142857 2.6849843750000004
32.107142857142854 2.6849843750000004
32.142857142857146 2.68853125
32.17857142857143 2.68853125
32.214285714285715 2.68853125
32.25 2.68853125
32.285714285714285 2.68853125
32.32142857142857 2.68853125
32.357142857142854 2.68853125
32.392857142857146 2.68853125
32.42857142857143 2.68853125
32.464285714285715 2.692078125
32.5 2.68853125
32.535714285714285 2.68853125
32.57142857142857 2.68853125
32.607142857142854 2.68853125
32.642857142857146 2.68853125
32.67857142857143 2.68853125
32.714285714285715 2.68853125
32.75 2.68853125
32.785714285714285 2.68853125
32.82142857142857 2.68853125
32.857142857142854 2.68853125
32.892857142857146 2.68853125
32.92857142857143 2.68853125
32.964285714285715 2.68853125
33.0 2.68853125
33.035714285714285 2.68853125
33.07142857142857 2.68853125
33.107142857142854 2.68853125
33.142857142857146 2.68853125
33.17857142857143 2.68853125
33.214285714285715 2.68853125
33.25 2.68853125
33.285714285714285 2.68853125
33.32142857142857 2.68853125
33.357142857142854 2.68853125
33.392857142857146 2.68853125
33.42857142857143 2.68853125
33.464285714285715 2.68853125
33.5 2.68853125
33.535714285714285 2.68853125
33.57142857142857 2.68853125
33.607142857142854 2.68853125
33.642857142857146 2.68853125
33.67857142857143 2.68853125
33.714285714285715 2.68853125
33.75 2.68853125
33.785714285714285 2.68853125
33.82142857142857 2.68853125
33.857142857142854 2.692078125
33.892857142857146 2.68853125
33.92857142857143 2.68853125
33.964285714285715 2.68853125
34.0 2.68853125
34.035714285714285 2.68853125
34.07142857142857 2.68853125
34.107142857142854 2.68853125
34.142857142857146 2.68853125
34.17857142857143 2.68853125
34.214285714285715 2.68853125
34.25 2.68853125
34.285714285714285 2.68853125
34.32142857142857 2.68853125
34.357142857142854 2.68853125
34.392857142857146 2.68853125
34.42857142857143 2.68853125
34.464285714285715 2.68853125
34.5 2.68853125
34.535714285714285 2.68853125
34.57142857142857 2.68853125
34.607142857142854 2.68853125
34.642857142857146 2.68853125
34.67857142857143 2.68853125
34.714285714285715 2.68853125
34.75 2.68853125
34.785714285714285 2.68853125
34.82142857142857 2.68853125
34.857142857142854 2.68853125
34.892857142857146 2.68853125
34.92857142857143 2.68853125
34.964285714285715 2.68853125
35.0 2.692078125
35.035714285714285 2.68853125
35.07142857142857 2.68853125
35.107142857142854 2.68853125
35.142857142857146 2.68853125
35.17857142857143 2.68853125
35.214285714285715 2.68853125
35.25 2.68853125
35.285714285714285 2.68853125
35.32142857142857 2.68853125
35.357142857142854 2.68853125
35.392857142857146 2.68853125
35.42857142857143 2.68853125
35.464285714285715 2.68853125
35.5 2.68853125
35.535714285714285 2.68853125
35.57142857142857 2.68853125
35.607142857142854 2.692078125
35.642857142857146 2.68853125
35.67857142857143 2.68853125
35.714285714285715 2.692078125
35.75 2.692078125
35.785714285714285 2.68853125
35.82142857142857 2.68853125
35.857142857142854 2.68853125
35.892857142857146 2.68853125
35.92857142857143 2.68853125
35.964285714285715 2.692078125
36.0 2.68853125
36.035714285714285 2.68853125
36.07142857142857 2.68853125
36.107142857142854 2.692078125
36.142857142857146 2.692078125
36.17857142857143 2.68853125
36.214285714285715 2.68853125
36.25 2.692078125
36.285714285714285 2.68853125
36.32142857142857 2.68853125
36.357142857142854 2.68853125
36.392857142857146 2.68853125
36.42857142857143 2.68853125
36.464285714285715 2.692078125
36.5 2.692078125
36.535714285714285 2.692078125
36.57142857142857 2.68853125
36.607142857142854 2.68853125
36.642857142857146 2.68853125
36.67857142857143 2.692078125
36.714285714285715 2.68853125
36.75 2.68853125
36.785714285714285 2.692078125
36.82142857142857 2.68853125
36.857142857142854 2.68853125
36.892857142857146 2.68853125
36.92857142857143 2.68853125
36.964285714285715 2.692078125
37.0 2.692078125
37.035714285714285 2.68853125
37.07142857142857 2.68853125
37.107142857142854 2.68853125
37.142857142857146 2.68853125
37.17857142857143 2.692078125
37.214285714285715 2.68853125
37.25 2.68853125
37.285714285714285 2.68853125
37.32142857142857 2.68853125
37.357142857142854 2.68853125
37.392857142857146 2.692078125
37.42857142857143 2.68853125
37.464285714285715 2.692078125
37.5 2.692078125
37.535714285714285 2.68853125
37.57142857142857 2.68853125
37.607142857142854 2.68853125
37.642857142857146 2.68853125
37.67857142857143 2.692078125
37.714285714285715 2.68853125
37.75 2.68853125
37.785714285714285 2.68853125
37.82142857142857 2.68853125
37.857142857142854 2.68853125
37.892857142857146 2.68853125
37.92857142857143 2.68853125
37.964285714285715 2.68853125
38.0 2.68853125
38.035714285714285 2.68853125
38.07142857142857 2.68853125
38.107142857142854 2.68853125
38.142857142857146 2.68853125
38.17857142857143 2.68853125
38.214285714285715 2.68853125
38.25 2.68853125
38.285714285714285 2.68853125
38.32142857142857 2.692078125
38.357142857142854 2.692078125
38.392857142857146 2.692078125
38.42857142857143 2.692078125
38.464285714285715 2.68853125
38.5 2.68853125
38.535714285714285 2.692078125
38.57142857142857 2.692078125
38.607142857142854 2.692078125
38.642857142857146 2.68853125
38.67857142857143 2.692078125
38.714285714285715 2.68853125
38.75 2.692078125
38.785714285714285 2.68853125
38.82142857142857 2.692078125
38.857142857142854 2.68853125
38.892857142857146 2.68853125
38.92857142857143 2.692078125
38.964285714285715 2.68853125
39.0 2.68853125
39.035714285714285 2.68853125
39.07142857142857 2.68853125
39.107142857142854 2.68853125
39.142857142857146 2.68853125
39.17857142857143 2.692078125
39.214285714285715 2.692078125
39.25 2.68853125
39.285714285714285 2.68853125
39.32142857142857 2.68853125
39.357142857142854 2.692078125
39.392857142857146 2.68853125
39.42857142857143 2.68853125
39.464285714285715 2.68853125
39.5 2.68853125
39.535714285714285 2.68853125
39.57142857142857 2.68853125
39.607142857142854 2.68853125
39.642857142857146 2.68853125
39.67857142857143 2.68853125
39.714285714285715 2.68853125
39.75 2.692078125
39.785714285714285 2.68853125
39.82142857142857 2.692078125
39.857142857142854 2.68853125
39.892857142857146 2.68853125
39.92857142857143 2.68853125
