0.03571428571428571 1.8061874999999998
0.07142857142857142 1.8061874999999998
0.10714285714285714 1.8061874999999998
0.14285714285714285 1.7990624999999998
0.39285714285714285 1.6173749999999998
0.4642857142857143 1.7491875
0.5 1.8418124999999999
0.5357142857142857 1.8453749999999998
0.5714285714285714 1.8453749999999998
0.6071428571428571 1.8453749999999998
0.6428571428571429 1.8453749999999998
0.6785714285714286 1.8453749999999998
0.7142857142857143 1.8453749999999998
0.75 1.8453749999999998
0.7857142857142857 1.8418124999999999
0.8214285714285714 1.8418124999999999
0.8571428571428571 1.83825
0.8928571428571429 1.83825
0.9285714285714286 1.8346874999999998
0.9642857142857143 1.8346874999999998
1.0 1.8346874999999998
1.0357142857142858 1.8346874999999998
1.0714285714285714 1.8346874999999998
1.1071428571428572 1.8346874999999998
1.1428571428571428 1.831125
1.1785714285714286 1.831125
1.2142857142857142 1.831125
1.25 1.831125
1.2857142857142858 1.831125
1.3214285714285714 1.831125
1.3571428571428572 1.831125
1.3928571428571428 1.8346874999999998
1.4285714285714286 1.8346874999999998
1.4642857142857142 1.831125
1.5 1.831125
1.5357142857142858 1.831125
1.5714285714285714 1.8346874999999998
1.6071428571428572 1.831125
1.6428571428571428 1.831125
1.6785714285714286 1.831125
1.7142857142857142 1.8346874999999998
1.75 1.8346874999999998
1.7857142857142858 1.831125
1.8214285714285714 1.8275625
2.0714285714285716 1.61025
2.107142857142857 1.7491875
2.142857142857143 1.86675
2.1785714285714284 1.8631874999999998
2.2142857142857144 1.8631874999999998
2.25 1.8631874999999998
2.2857142857142856 1.8631874999999998
2.3214285714285716 1.8631874999999998
2.357142857142857 1.8596249999999999
2.392857142857143 1.8596249999999999
2.4285714285714284 1.8560625
2.4642857142857144 1.8560625
2.5 1.8524999999999998
2.5357142857142856 1.8524999999999998
2.5714285714285716 1.8489375
2.607142857142857 1.8489375
2.642857142857143 1.8489375
2.6785714285714284 1.8453749999999998
2.7142857142857144 1.8453749999999998
2.75 1.8453749999999998
2.7857142857142856 1.8418124999999999
2.8214285714285716 1.8418124999999999
2.857142857142857 1.8418124999999999
2.892857142857143 1.83825
2.9285714285714284 1.83825
2.9642857142857144 1.83825
3.0 1.83825
3.0357142857142856 1.8346874999999998
3.0714285714285716 1.8346874999999998
3.107142857142857 1.8346874999999998
3.142857142857143 1.8346874999999998
3.1785714285714284 1.8346874999999998
3.2142857142857144 1.8346874999999998
3.25 1.831125
3.2857142857142856 1.831125
3.3214285714285716 1.831125
3.357142857142857 1.831125
3.392857142857143 1.831125
3.4285714285714284 1.8275625
3.4642857142857144 1.8275625
3.7142857142857144 1.5496874999999999
3.75 1.6779374999999999
3.7857142857142856 1.7420624999999998
3.8214285714285716 1.8631874999999998
3.857142857142857 1.8524999999999998
3.892857142857143 1.8524999999999998
3.9285714285714284 1.8524999999999998
3.9642857142857144 1.8524999999999998
4.0 1.8489375
4.035714285714286 1.8489375
4.071428571428571 1.8489375
4.107142857142857 1.8489375
4.142857142857143 1.8453749999999998
4.178571428571429 1.8453749999999998
4.214285714285714 1.8453749999999998
4.25 1.8418124999999999
4.285714285714286 1.8418124999999999
4.321428571428571 1.83825
4.357142857142857 1.8346874999999998
4.392857142857143 1.8346874999999998
4.428571428571429 1.8346874999999998
4.464285714285714 1.8346874999999998
4.5 1.8346874999999998
4.535714285714286 1.8346874999999998
4.571428571428571 1.8346874999999998
4.607142857142857 1.8346874999999998
4.642857142857143 1.8346874999999998
4.678571428571429 1.8346874999999998
4.714285714285714 1.8346874999999998
4.75 1.8346874999999998
4.785714285714286 1.8346874999999998
4.821428571428571 1.8346874999999998
4.857142857142857 1.8346874999999998
4.892857142857143 1.8346874999999998
4.928571428571429 1.8346874999999998
4.964285714285714 1.8346874999999998
5.0 1.8346874999999998
5.035714285714286 1.8346874999999998
5.071428571428571 1.8346874999999998
5.107142857142857 1.8346874999999998
5.142857142857143 1.8346874999999998
5.178571428571429 1.8168749999999998
5.392857142857143 1.5959999999999999
5.428571428571429 1.6850625
5.464285714285714 1.7385
5.5 1.8809999999999998
5.535714285714286 1.8881249999999998
5.571428571428571 1.8881249999999998
5.607142857142857 1.8881249999999998
5.642857142857143 1.8881249999999998
5.678571428571429 1.8881249999999998
5.714285714285714 1.8845625
5.75 1.8845625
5.785714285714286 1.8845625
5.821428571428571 1.8809999999999998
5.857142857142857 1.8809999999999998
5.892857142857143 1.8809999999999998
5.928571428571429 1.8809999999999998
5.964285714285714 1.8774374999999999
6.0 1.8774374999999999
6.035714285714286 1.8774374999999999
6.071428571428571 1.8774374999999999
6.107142857142857 1.873875
6.142857142857143 1.873875
6.178571428571429 1.873875
6.214285714285714 1.8703124999999998
6.25 1.8703124999999998
6.285714285714286 1.8703124999999998
6.321428571428571 1.8703124999999998
6.357142857142857 1.8703124999999998
6.392857142857143 1.8703124999999998
6.428571428571429 1.8703124999999998
6.464285714285714 1.86675
6.5 1.86675
6.535714285714286 1.86675
6.571428571428571 1.86675
6.607142857142857 1.86675
6.642857142857143 1.86675
6.678571428571429 1.86675
6.714285714285714 1.86675
6.75 1.8631874999999998
6.785714285714286 1.8631874999999998
6.821428571428571 1.8596249999999999
7.107142857142857 1.5959999999999999
7.142857142857143 1.8133124999999999
7.178571428571429 1.8845625
7.214285714285714 1.8916875
7.25 1.8916875
7.285714285714286 1.8916875
7.321428571428571 1.8916875
7.357142857142857 1.8916875
7.392857142857143 1.8881249999999998
7.428571428571429 1.8881249999999998
7.464285714285714 1.8881249999999998
7.5 1.8845625
7.535714285714286 1.8845625
7.571428571428571 1.8845625
7.607142857142857 1.8845625
7.642857142857143 1.8809999999999998
7.678571428571429 1.8809999999999998
7.714285714285714 1.8774374999999999
7.75 1.8774374999999999
7.785714285714286 1.873875
7.821428571428571 1.873875
7.857142857142857 1.873875
7.892857142857143 1.8703124999999998
7.928571428571429 1.8703124999999998
7.964285714285714 1.8703124999999998
8.0 1.8703124999999998
8.035714285714286 1.8703124999999998
8.071428571428571 1.8703124999999998
8.107142857142858 1.8703124999999998
8.142857142857142 1.86675
8.178571428571429 1.86675
8.214285714285714 1.86675
8.25 1.86675
8.285714285714286 1.86675
8.321428571428571 1.86675
8.357142857142858 1.8631874999999998
8.392857142857142 1.8631874999999998
8.428571428571429 1.8631874999999998
8.464285714285714 1.8631874999999998
8.5 1.8560625
8.75 1.66725
8.821428571428571 1.8061874999999998
8.857142857142858 1.9059374999999998
8.892857142857142 1.9095
8.928571428571429 1.9095
8.964285714285714 1.9059374999999998
9.0 1.9059374999999998
9.035714285714286 1.9059374999999998
9.071428571428571 1.902375
9.107142857142858 1.902375
9.142857142857142 1.8988124999999998
9.178571428571429 1.8988124999999998
9.214285714285714 1.8988124999999998
9.25 1.8952499999999999
9.285714285714286 1.8916875
9.321428571428571 1.8916875
9.357142857142858 1.8881249999999998
9.392857142857142 1.8881249999999998
9.428571428571429 1.8845625
9.464285714285714 1.8845625
9.5 1.8845625
9.535714285714286 1.8809999999999998
9.571428571428571 1.8809999999999998
9.607142857142858 1.8809999999999998
9.642857142857142 1.8774374999999999
9.678571428571429 1.8774374999999999
9.714285714285714 1.8774374999999999
9.75 1.8774374999999999
9.785714285714286 1.8774374999999999
9.821428571428571 1.8774374999999999
9.857142857142858 1.873875
9.892857142857142 1.873875
9.928571428571429 1.873875
9.964285714285714 1.873875
10.0 1.873875
10.035714285714286 1.873875
10.071428571428571 1.873875
10.107142857142858 1.873875
10.142857142857142 1.873875
10.178571428571429 1.8703124999999998
10.392857142857142 1.5995624999999998
10.428571428571429 1.66725
10.464285714285714 1.7313749999999999
10.5 1.902375
10.535714285714286 1.9059374999999998
10.571428571428571 1.9095
10.607142857142858 1.9095
10.642857142857142 1.9095
10.678571428571429 1.9059374999999998
10.714285714285714 1.9059374999999998
10.75 1.9059374999999998
10.785714285714286 1.902375
10.821428571428571 1.902375
10.857142857142858 1.902375
10.892857142857142 1.8988124999999998
10.928571428571429 1.8988124999999998
10.964285714285714 1.8988124999999998
11.0 1.8952499999999999
11.035714285714286 1.8952499999999999
11.071428571428571 1.8952499999999999
11.107142857142858 1.8916875
11.142857142857142 1.8916875
11.178571428571429 1.8916875
11.214285714285714 1.8916875
11.25 1.8916875
11.285714285714286 1.8916875
11.321428571428571 1.8916875
11.357142857142858 1.8881249999999998
11.392857142857142 1.8916875
11.428571428571429 1.8881249999999998
11.464285714285714 1.8881249999999998
11.5 1.8881249999999998
11.535714285714286 1.8881249999999998
11.571428571428571 1.8881249999999998
11.607142857142858 1.8881249999999998
11.642857142857142 1.8881249999999998
11.678571428571429 1.8881249999999998
11.714285714285714 1.8881249999999998
11.75 1.8881249999999998
11.785714285714286 1.8881249999999998
11.821428571428571 1.8845625
12.071428571428571 1.5959999999999999
12.107142857142858 1.7278125
12.142857142857142 1.7883749999999998
12.178571428571429 1.9059374999999998
12.214285714285714 1.9166249999999998
12.25 1.9201875
12.285714285714286 1.9201875
12.321428571428571 1.9201875
12.357142857142858 1.9201875
12.392857142857142 1.9201875
12.428571428571429 1.9166249999999998
12.464285714285714 1.9166249999999998
12.5 1.9130624999999999
12.535714285714286 1.9130624999999999
12.571428571428571 1.9130624999999999
12.607142857142858 1.9130624999999999
12.642857142857142 1.9130624999999999
12.678571428571429 1.9130624999999999
12.714285714285714 1.9130624999999999
12.75 1.9130624999999999
12.785714285714286 1.9130624999999999
12.821428571428571 1.9130624999999999
12.857142857142858 1.9130624999999999
12.892857142857142 1.9095
12.928571428571429 1.9095
12.964285714285714 1.9095
13.0 1.9095
13.035714285714286 1.9095
13.071428571428571 1.9095
13.107142857142858 1.9095
13.142857142857142 1.9095
13.178571428571429 1.9095
13.214285714285714 1.9095
13.25 1.9095
13.285714285714286 1.9095
13.321428571428571 1.9095
13.357142857142858 1.9059374999999998
13.392857142857142 1.9059374999999998
13.428571428571429 1.9059374999999998
13.464285714285714 1.9059374999999998
13.5 1.902375
13.535714285714286 1.8952499999999999
13.75 1.6494375
13.785714285714286 1.7385
13.821428571428571 1.86675
13.857142857142858 1.9415624999999999
13.892857142857142 1.9451249999999998
13.928571428571429 1.9486875
13.964285714285714 1.9486875
14.0 1.9486875
14.035714285714286 1.9486875
14.071428571428571 1.9486875
14.107142857142858 1.9486875
14.142857142857142 1.9451249999999998
14.178571428571429 1.9451249999999998
14.214285714285714 1.9415624999999999
14.25 1.9415624999999999
14.285714285714286 1.938
14.321428571428571 1.938
14.357142857142858 1.9344374999999998
14.392857142857142 1.9344374999999998
14.428571428571429 1.9344374999999998
14.464285714285714 1.9344374999999998
14.5 1.930875
14.535714285714286 1.930875
14.571428571428571 1.930875
14.607142857142858 1.9273124999999998
14.642857142857142 1.9273124999999998
14.678571428571429 1.9273124999999998
14.714285714285714 1.9273124999999998
14.75 1.9273124999999998
14.785714285714286 1.9273124999999998
14.821428571428571 1.9273124999999998
14.857142857142858 1.9273124999999998
14.892857142857142 1.9273124999999998
14.928571428571429 1.9273124999999998
14.964285714285714 1.9273124999999998
15.0 1.9273124999999998
15.035714285714286 1.9273124999999998
15.071428571428571 1.9273124999999998
15.107142857142858 1.9273124999999998
15.142857142857142 1.9273124999999998
15.178571428571429 1.9237499999999998
15.428571428571429 1.6565625
15.464285714285714 1.7883749999999998
15.5 1.9807499999999998
15.535714285714286 1.9665
15.571428571428571 1.973625
15.607142857142858 1.9807499999999998
15.642857142857142 1.9807499999999998
15.678571428571429 1.9807499999999998
15.714285714285714 1.9771874999999999
15.75 1.9771874999999999
15.785714285714286 1.9771874999999999
15.821428571428571 1.973625
15.857142857142858 1.973625
15.892857142857142 1.973625
15.928571428571429 1.9700624999999998
15.964285714285714 1.9700624999999998
16.0 1.9700624999999998
16.035714285714285 1.9665
16.071428571428573 1.9665
16.107142857142858 1.9665
16.142857142857142 1.9665
16.178571428571427 1.9665
16.214285714285715 1.9665
16.25 1.9665
16.285714285714285 1.9665
16.321428571428573 1.9665
16.357142857142858 1.9665
16.392857142857142 1.9665
16.428571428571427 1.9665
16.464285714285715 1.9665
16.5 1.9665
16.535714285714285 1.9665
16.571428571428573 1.9665
16.607142857142858 1.9665
16.642857142857142 1.9665
16.678571428571427 1.9665
16.714285714285715 1.9665
16.75 1.9665
16.785714285714285 1.9665
16.821428571428573 1.9665
16.857142857142858 1.9665
17.107142857142858 1.7064374999999998
17.142857142857142 1.7919375
17.178571428571427 1.9166249999999998
17.214285714285715 2.0092499999999998
17.25 2.0199374999999997
17.285714285714285 2.0270625
17.321428571428573 2.0270625
17.357142857142858 2.0235
17.392857142857142 2.0235
17.428571428571427 2.0235
17.464285714285715 2.0235
17.5 2.0235
17.535714285714285 2.0270625
17.571428571428573 2.0235
17.607142857142858 2.0235
17.642857142857142 2.0235
17.678571428571427 2.0270625
17.714285714285715 2.0270625
17.75 2.0270625
17.785714285714285 2.0270625
17.821428571428573 2.0270625
17.857142857142858 2.0235
17.892857142857142 2.0235
17.928571428571427 2.0270625
17.964285714285715 2.0270625
18.0 2.0270625
18.035714285714285 2.0270625
18.071428571428573 2.0270625
18.107142857142858 2.0270625
18.142857142857142 2.0235
18.178571428571427 2.0235
18.214285714285715 2.0235
18.25 2.0235
18.285714285714285 2.0235
18.321428571428573 2.0235
18.357142857142858 2.0235
18.392857142857142 2.0235
18.428571428571427 2.0235
18.464285714285715 2.0235
18.5 2.0235
18.535714285714285 2.0199374999999997
18.821428571428573 1.8524999999999998
18.857142857142858 1.9807499999999998
18.892857142857142 2.0448749999999998
18.928571428571427 2.052
18.964285714285715 2.052
19.0 2.052
19.035714285714285 2.052
19.071428571428573 2.052
19.107142857142858 2.0484375
19.142857142857142 2.0484375
19.178571428571427 2.0484375
19.214285714285715 2.0484375
19.25 2.0484375
19.285714285714285 2.0484375
19.321428571428573 2.0484375
19.357142857142858 2.0448749999999998
19.392857142857142 2.0448749999999998
19.428571428571427 2.0448749999999998
19.464285714285715 2.0448749999999998
19.5 2.0448749999999998
19.535714285714285 2.0448749999999998
19.571428571428573 2.0448749999999998
19.607142857142858 2.0448749999999998
19.642857142857142 2.0448749999999998
19.678571428571427 2.0448749999999998
19.714285714285715 2.0448749999999998
19.75 2.0448749999999998
19.785714285714285 2.0413124999999996
19.821428571428573 2.0448749999999998
19.857142857142858 2.0413124999999996
19.892857142857142 2.0413124999999996
19.928571428571427 2.0413124999999996
19.964285714285715 2.0413124999999996
20.0 2.0413124999999996
20.035714285714285 2.0413124999999996
20.071428571428573 2.0413124999999996
20.107142857142858 2.0413124999999996
20.142857142857142 2.0413124999999996
20.178571428571427 2.0413124999999996
20.214285714285715 2.03775
20.5 1.902375
20.535714285714285 1.9665
20.571428571428573 2.0840625
20.607142857142858 2.09475
20.642857142857142 2.0911874999999998
20.678571428571427 2.0911874999999998
20.714285714285715 2.087625
20.75 2.087625
20.785714285714285 2.087625
20.821428571428573 2.087625
20.857142857142858 2.087625
20.892857142857142 2.087625
20.928571428571427 2.087625
20.964285714285715 2.0840625
21.0 2.0840625
21.035714285714285 2.0840625
21.071428571428573 2.0840625
21.107142857142858 2.0840625
21.142857142857142 2.0840625
21.178571428571427 2.0840625
21.214285714285715 2.0840625
21.25 2.0840625
21.285714285714285 2.0840625
21.321428571428573 2.0840625
21.357142857142858 2.0840625
21.392857142857142 2.0840625
21.428571428571427 2.0840625
21.464285714285715 2.087625
21.5 2.087625
21.535714285714285 2.087625
21.571428571428573 2.0840625
21.607142857142858 2.0840625
21.642857142857142 2.0840625
21.678571428571427 2.0840625
21.714285714285715 2.087625
21.75 2.0840625
21.785714285714285 2.0840625
21.821428571428573 2.087625
21.857142857142858 2.0840625
21.892857142857142 2.0840625
21.928571428571427 2.0698125
22.142857142857142 1.831125
22.178571428571427 1.9201875
22.214285714285715 1.9665
22.25 2.1374999999999997
22.285714285714285 2.1481874999999997
22.321428571428573 2.15175
22.357142857142858 2.1481874999999997
22.392857142857142 2.1481874999999997
22.428571428571427 2.1481874999999997
22.464285714285715 2.1481874999999997
22.5 2.1481874999999997
22.535714285714285 2.1481874999999997
22.571428571428573 2.1481874999999997
22.607142857142858 2.1481874999999997
22.642857142857142 2.1481874999999997
22.678571428571427 2.1481874999999997
22.714285714285715 2.1481874999999997
22.75 2.1481874999999997
22.785714285714285 2.1481874999999997
22.821428571428573 2.1481874999999997
22.857142857142858 2.1481874999999997
22.892857142857142 2.1481874999999997
22.928571428571427 2.1481874999999997
22.964285714285715 2.1481874999999997
23.0 2.1481874999999997
23.035714285714285 2.1481874999999997
23.071428571428573 2.1481874999999997
23.107142857142858 2.1481874999999997
23.142857142857142 2.1481874999999997
23.178571428571427 2.1481874999999997
23.214285714285715 2.1481874999999997
23.25 2.1481874999999997
23.285714285714285 2.1481874999999997
23.321428571428573 2.1481874999999997
23.357142857142858 2.1481874999999997
23.392857142857142 2.1481874999999997
23.428571428571427 2.1481874999999997
23.464285714285715 2.1481874999999997
23.5 2.1481874999999997
23.535714285714285 2.1481874999999997
23.571428571428573 2.1481874999999997
23.857142857142858 1.9878749999999998
23.892857142857142 2.0341875
23.928571428571427 2.1909375
23.964285714285715 2.201625
24.0 2.2123125
24.035714285714285 2.215875
24.071428571428573 2.215875
24.107142857142858 2.215875
24.142857142857142 2.215875
24.178571428571427 2.215875
24.214285714285715 2.215875
24.25 2.215875
24.285714285714285 2.215875
24.321428571428573 2.215875
24.357142857142858 2.215875
24.392857142857142 2.215875
24.428571428571427 2.215875
24.464285714285715 2.215875
24.5 2.215875
24.535714285714285 2.215875
24.571428571428573 2.215875
24.607142857142858 2.215875
24.642857142857142 2.215875
24.678571428571427 2.215875
24.714285714285715 2.215875
24.75 2.215875
24.785714285714285 2.215875
24.821428571428573 2.215875
24.857142857142858 2.215875
24.892857142857142 2.215875
24.928571428571427 2.215875
24.964285714285715 2.215875
25.0 2.215875
25.035714285714285 2.215875
25.071428571428573 2.215875
25.107142857142858 2.215875
25.142857142857142 2.215875
25.178571428571427 2.215875
25.214285714285715 2.2123125
25.25 2.2123125
25.285714285714285 2.2123125
25.535714285714285 1.9629374999999998
25.571428571428573 2.0484375
25.607142857142858 2.1588749999999997
25.642857142857142 2.2693125
25.678571428571427 2.272875
25.714285714285715 2.272875
25.75 2.272875
25.785714285714285 2.272875
25.821428571428573 2.272875
25.857142857142858 2.272875
25.892857142857142 2.272875
25.928571428571427 2.272875
25.964285714285715 2.272875
26.0 2.272875
26.035714285714285 2.272875
26.071428571428573 2.272875
26.107142857142858 2.2693125
26.142857142857142 2.2693125
26.178571428571427 2.2693125
26.214285714285715 2.2693125
26.25 2.2693125
26.285714285714285 2.2693125
26.321428571428573 2.2693125
26.357142857142858 2.2693125
26.392857142857142 2.2693125
26.428571428571427 2.2693125
26.464285714285715 2.2693125
26.5 2.2693125
26.535714285714285 2.272875
26.571428571428573 2.272875
26.607142857142858 2.272875
26.642857142857142 2.272875
26.678571428571427 2.272875
26.714285714285715 2.272875
26.75 2.272875
26.785714285714285 2.272875
26.821428571428573 2.272875
26.857142857142858 2.2693125
26.892857142857142 2.272875
26.928571428571427 2.2693125
26.964285714285715 2.2693125
27.25 2.1054375
27.285714285714285 2.2657499999999997
27.321428571428573 2.2978125
27.357142857142858 2.3227499999999996
27.392857142857142 2.3227499999999996
27.428571428571427 2.3227499999999996
27.464285714285715 2.3227499999999996
27.5 2.3227499999999996
27.535714285714285 2.3227499999999996
27.571428571428573 2.3227499999999996
27.607142857142858 2.3227499999999996
27.642857142857142 2.3227499999999996
27.678571428571427 2.3263125
27.714285714285715 2.3263125
27.75 2.3263125
27.785714285714285 2.3263125
27.821428571428573 2.3263125
27.857142857142858 2.3263125
27.892857142857142 2.3263125
27.928571428571427 2.3263125
27.964285714285715 2.3263125
28.0 2.3263125
28.035714285714285 2.3263125
28.071428571428573 2.3227499999999996
28.107142857142858 2.3227499999999996
28.142857142857142 2.3227499999999996
28.178571428571427 2.3227499999999996
28.214285714285715 2.3227499999999996
28.25 2.3227499999999996
28.285714285714285 2.3227499999999996
28.321428571428573 2.3227499999999996
28.357142857142858 2.3263125
28.392857142857142 2.3263125
28.428571428571427 2.3263125
28.464285714285715 2.3263125
28.5 2.3263125
28.535714285714285 2.3263125
28.571428571428573 2.3263125
28.607142857142858 2.3263125
28.642857142857142 2.3227499999999996
28.928571428571427 2.1624375
28.964285714285715 2.244375
29.0 2.3263125
29.035714285714285 2.3476874999999997
29.071428571428573 2.2693125
29.107142857142858 2.3548125
29.142857142857142 2.2657499999999997
29.178571428571427 2.2657499999999997
29.214285714285715 2.3548125
29.25 2.3548125
29.285714285714285 2.35125
29.321428571428573 2.35125
29.357142857142858 2.35125
29.392857142857142 2.3548125
29.428571428571427 2.3548125
29.464285714285715 2.3548125
29.5 2.3548125
29.535714285714285 2.3548125
29.571428571428573 2.3548125
29.607142857142858 2.3548125
29.642857142857142 2.3548125
29.678571428571427 2.3548125
29.714285714285715 2.3548125
29.75 2.3548125
29.785714285714285 2.3548125
29.821428571428573 2.3548125
29.857142857142858 2.3548125
29.892857142857142 2.3548125
29.928571428571427 2.3548125
29.964285714285715 2.3548125
30.0 2.3548125
30.035714285714285 2.3548125
30.071428571428573 2.3548125
30.107142857142858 2.3548125
30.142857142857142 2.3548125
30.178571428571427 2.3548125
30.214285714285715 2.3548125
30.25 2.3548125
30.285714285714285 2.3548125
30.321428571428573 2.3548125
30.607142857142858 2.23725
30.642857142857142 2.29425
30.678571428571427 2.329875
30.714285714285715 2.3761875
30.75 2.2978125
30.785714285714285 2.37975
30.821428571428573 2.37975
30.857142857142858 2.3833124999999997
30.892857142857142 2.3833124999999997
30.928571428571427 2.3833124999999997
30.964285714285715 2.3833124999999997
31.0 2.3833124999999997
31.035714285714285 2.3833124999999997
31.071428571428573 2.386875
31.107142857142858 2.3833124999999997
31.142857142857142 2.3833124999999997
31.178571428571427 2.3833124999999997
31.214285714285715 2.3833124999999997
31.25 2.3833124999999997
31.285714285714285 2.3833124999999997
31.321428571428573 2.3833124999999997
31.357142857142858 2.3833124999999997
31.392857142857142 2.3833124999999997
31.428571428571427 2.3833124999999997
31.464285714285715 2.3833124999999997
31.5 2.3833124999999997
31.535714285714285 2.3833124999999997
31.571428571428573 2.3833124999999997
31.607142857142858 2.3833124999999997
31.642857142857142 2.3833124999999997
31.678571428571427 2.3833124999999997
31.714285714285715 2.3833124999999997
31.75 2.3833124999999997
31.785714285714285 2.3833124999999997
31.821428571428573 2.3833124999999997
31.857142857142858 2.3833124999999997
31.892857142857142 2.3833124999999997
31.928571428571427 2.3833124999999997
31.964285714285715 2.3833124999999997
32.0 2.3833124999999997
32.285714285714285 2.2301249999999997
32.32142857142857 2.3013749999999997
32.357142857142854 2.3655
32.392857142857146 2.37975
32.42857142857143 2.386875
32.464285714285715 2.386875
32.5 2.386875
32.535714285714285 2.3904375
32.57142857142857 2.3904375
32.607142857142854 2.3904375
32.642857142857146 2.3904375
32.67857142857143 2.3904375
32.714285714285715 2.3904375
32.75 2.3939999999999997
32.785714285714285 2.3939999999999997
32.82142857142857 2.3939999999999997
32.857142857142854 2.3939999999999997
32.892857142857146 2.3939999999999997
32.92857142857143 2.3939999999999997
32.964285714285715 2.3939999999999997
33.0 2.3939999999999997
33.035714285714285 2.3939999999999997
33.07142857142857 2.3939999999999997
33.107142857142854 2.3939999999999997
33.142857142857146 2.3939999999999997
33.17857142857143 2.3939999999999997
33.214285714285715 2.3939999999999997
33.25 2.3939999999999997
33.285714285714285 2.3939999999999997
33.32142857142857 2.3939999999999997
33.357142857142854 2.3939999999999997
33.392857142857146 2.3975625
33.42857142857143 2.3975625
33.464285714285715 2.3975625
33.5 2.3975625
33.535714285714285 2.3975625
33.57142857142857 2.3975625
33.607142857142854 2.3975625
33.642857142857146 2.3975625
33.67857142857143 2.3975625
33.714285714285715 2.3939999999999997
34.0 2.344125
34.035714285714285 2.3904375
34.07142857142857 2.4118125
34.107142857142854 2.4225
34.142857142857146 2.4225
34.17857142857143 2.4225
34.214285714285715 2.4225
34.25 2.4260625
34.285714285714285 2.4260625
34.32142857142857 2.4296249999999997
34.357142857142854 2.4296249999999997
34.392857142857146 2.4296249999999997
34.42857142857143 2.4296249999999997
34.464285714285715 2.4296249999999997
34.5 2.4296249999999997
34.535714285714285 2.4296249999999997
34.57142857142857 2.4296249999999997
34.607142857142854 2.4296249999999997
34.642857142857146 2.4296249999999997
34.67857142857143 2.4296249999999997
34.714285714285715 2.4296249999999997
34.75 2.4331875
34.785714285714285 2.4296249999999997
34.82142857142857 2.4296249999999997
34.857142857142854 2.4296249999999997
34.892857142857146 2.4296249999999997
34.92857142857143 2.4296249999999997
34.964285714285715 2.4331875
35.0 2.4296249999999997
35.035714285714285 2.4296249999999997
35.07142857142857 2.4331875
35.107142857142854 2.4331875
35.142857142857146 2.4331875
35.17857142857143 2.4331875
35.214285714285715 2.4331875
35.25 2.4296249999999997
35.285714285714285 2.4331875
35.32142857142857 2.4331875
35.357142857142854 2.4296249999999997
35.67857142857143 2.40825
35.714285714285715 2.4545624999999998
35.75 2.4901874999999998
35.785714285714285 2.4901874999999998
35.82142857142857 2.4901874999999998
35.857142857142854 2.4901874999999998
35.892857142857146 2.49375
35.92857142857143 2.49375
35.964285714285715 2.49375
36.0 2.4973124999999996
36.035714285714285 2.4973124999999996
36.07142857142857 2.4973124999999996
36.107142857142854 2.4973124999999996
36.142857142857146 2.4973124999999996
36.17857142857143 2.4973124999999996
36.214285714285715 2.5008749999999997
36.25 2.4973124999999996
36.285714285714285 2.4973124999999996
36.32142857142857 2.4973124999999996
36.357142857142854 2.4973124999999996
36.392857142857146 2.4973124999999996
36.42857142857143 2.4973124999999996
36.464285714285715 2.4973124999999996
36.5 2.4973124999999996
36.535714285714285 2.4973124999999996
36.57142857142857 2.5008749999999997
36.607142857142854 2.5008749999999997
36.642857142857146 2.5008749999999997
36.67857142857143 2.5008749999999997
36.714285714285715 2.4973124999999996
36.75 2.5008749999999997
36.785714285714285 2.5008749999999997
36.82142857142857 2.4973124999999996
36.857142857142854 2.4973124999999996
36.892857142857146 2.4973124999999996
36.92857142857143 2.4973124999999996
36.964285714285715 2.4973124999999996
37.0 2.4973124999999996
37.035714285714285 2.4973124999999996
37.357142857142854 2.4260625
37.392857142857146 2.5222499999999997
37.42857142857143 2.5400625
37.464285714285715 2.543625
37.5 2.543625
37.535714285714285 2.543625
37.57142857142857 2.543625
37.607142857142854 2.543625
37.642857142857146 2.543625
37.67857142857143 2.5471874999999997
37.714285714285715 2.5471874999999997
37.75 2.5471874999999997
37.785714285714285 2.5471874999999997
37.82142857142857 2.5471874999999997
37.857142857142854 2.5471874999999997
37.892857142857146 2.5471874999999997
37.92857142857143 2.5471874999999997
37.964285714285715 2.5471874999999997
38.0 2.5471874999999997
38.035714285714285 2.5471874999999997
38.07142857142857 2.5471874999999997
38.107142857142854 2.5471874999999997
38.142857142857146 2.5471874999999997
38.17857142857143 2.5471874999999997
38.214285714285715 2.5471874999999997
38.25 2.5471874999999997
38.285714285714285 2.5471874999999997
38.32142857142857 2.5471874999999997
38.357142857142854 2.5471874999999997
38.392857142857146 2.5471874999999997
38.42857142857143 2.5471874999999997
38.464285714285715 2.5471874999999997
38.5 2.5471874999999997
38.535714285714285 2.5471874999999997
38.57142857142857 2.5471874999999997
38.607142857142854 2.5471874999999997
38.642857142857146 2.5471874999999997
38.67857142857143 2.5471874999999997
38.714285714285715 2.5471874999999997
39.035714285714285 2.49375
39.07142857142857 2.5329374999999996
39.107142857142854 2.5721249999999998
39.142857142857146 2.5756875
39.17857142857143 2.5792499999999996
39.214285714285715 2.5792499999999996
39.25 2.5792499999999996
39.285714285714285 2.5792499999999996
39.32142857142857 2.5792499999999996
39.357142857142854 2.5792499999999996
39.392857142857146 2.5792499999999996
39.42857142857143 2.5828124999999997
39.464285714285715 2.5828124999999997
39.5 2.5828124999999997
39.535714285714285 2.5828124999999997
39.57142857142857 2.5828124999999997
39.607142857142854 2.5828124999999997
39.642857142857146 2.5828124999999997
39.67857142857143 2.5828124999999997
39.714285714285715 2.5828124999999997
39.75 2.5828124999999997
39.785714285714285 2.5828124999999997
39.82142857142857 2.5828124999999997
39.857142857142854 2.5828124999999997
39.892857142857146 2.5828124999999997
39.92857142857143 2.5828124999999997
