0.03571428571428571 1.3300781250000002
0.07142857142857142 1.3300781250000002
0.10714285714285714 1.3300781250000002
0.14285714285714285 1.3300781250000002
0.17857142857142858 1.3300781250000002
0.21428571428571427 1.3300781250000002
0.5 1.3158906250000002
0.5357142857142857 1.26978125
0.5714285714285714 1.26978125
0.6071428571428571 1.2733281250000001
0.6428571428571429 1.2733281250000001
0.6785714285714286 1.2733281250000001
0.7142857142857143 1.2733281250000001
0.75 1.2733281250000001
0.7857142857142857 1.2733281250000001
0.8214285714285714 1.2768750000000002
0.8571428571428571 1.2733281250000001
0.8928571428571429 1.2768750000000002
0.9285714285714286 1.2768750000000002
0.9642857142857143 1.2768750000000002
1.0 1.2768750000000002
1.0357142857142858 1.2768750000000002
1.0714285714285714 1.2768750000000002
1.1071428571428572 1.2768750000000002
1.1428571428571428 1.2768750000000002
1.1785714285714286 1.2768750000000002
1.2142857142857142 1.2768750000000002
1.25 1.2768750000000002
1.2857142857142858 1.2768750000000002
1.3214285714285714 1.2768750000000002
1.6071428571428572 1.3265312500000002
1.6428571428571428 1.2626875000000002
1.6785714285714286 1.2626875000000002
1.7142857142857142 1.2626875000000002
1.75 1.2626875000000002
1.7857142857142858 1.2626875000000002
1.8214285714285714 1.2626875000000002
1.8571428571428572 1.266234375
1.8928571428571428 1.266234375
1.9285714285714286 1.266234375
1.9642857142857142 1.266234375
2.0 1.266234375
2.0357142857142856 1.26978125
2.0714285714285716 1.26978125
2.107142857142857 1.26978125
2.142857142857143 1.26978125
2.1785714285714284 1.26978125
2.2142857142857144 1.26978125
2.25 1.26978125
2.2857142857142856 1.26978125
2.3214285714285716 1.26978125
2.357142857142857 1.26978125
2.392857142857143 1.26978125
2.4285714285714284 1.26978125
2.4642857142857144 1.26978125
2.75 1.2485000000000002
2.7857142857142856 1.244953125
2.8214285714285716 1.244953125
2.857142857142857 1.244953125
2.892857142857143 1.244953125
2.9285714285714284 1.2485000000000002
2.9642857142857144 1.2485000000000002
3.0 1.2485000000000002
3.0357142857142856 1.2485000000000002
3.0714285714285716 1.2485000000000002
3.107142857142857 1.2485000000000002
3.142857142857143 1.252046875
3.1785714285714284 1.252046875
3.2142857142857144 1.252046875
3.25 1.252046875
3.2857142857142856 1.2485000000000002
3.3214285714285716 1.2485000000000002
3.357142857142857 1.2485000000000002
3.392857142857143 1.2485000000000002
3.4285714285714284 1.2485000000000002
3.4642857142857144 1.2485000000000002
3.5 1.2485000000000002
3.5357142857142856 1.2485000000000002
3.5714285714285716 1.252046875
3.857142857142857 1.230765625
3.892857142857143 1.2236718750000002
3.9285714285714284 1.2236718750000002
3.9642857142857144 1.2236718750000002
4.0 1.22721875
4.035714285714286 1.22721875
4.071428571428571 1.22721875
4.107142857142857 1.22721875
4.142857142857143 1.230765625
4.178571428571429 1.230765625
4.214285714285714 1.230765625
4.25 1.230765625
4.285714285714286 1.230765625
4.321428571428571 1.230765625
4.357142857142857 1.230765625
4.392857142857143 1.230765625
4.428571428571429 1.230765625
4.464285714285714 1.230765625
4.5 1.230765625
4.535714285714286 1.230765625
4.571428571428571 1.2343125000000001
4.607142857142857 1.230765625
4.642857142857143 1.230765625
4.678571428571429 1.2343125000000001
5.0 1.202390625
5.035714285714286 1.202390625
5.071428571428571 1.202390625
5.107142857142857 1.2059375
5.142857142857143 1.2059375
5.178571428571429 1.2059375
5.214285714285714 1.2059375
5.25 1.2059375
5.285714285714286 1.2059375
5.321428571428571 1.2059375
5.357142857142857 1.2059375
5.392857142857143 1.2059375
5.428571428571429 1.2094843750000002
5.464285714285714 1.2059375
5.5 1.2094843750000002
5.535714285714286 1.2094843750000002
5.571428571428571 1.2059375
5.607142857142857 1.2094843750000002
5.642857142857143 1.2094843750000002
5.678571428571429 1.2094843750000002
5.714285714285714 1.2094843750000002
5.75 1.2059375
5.785714285714286 1.2059375
6.107142857142857 1.188203125
6.142857142857143 1.19175
6.178571428571429 1.19175
6.214285714285714 1.188203125
6.25 1.19175
6.285714285714286 1.19175
6.321428571428571 1.19175
6.357142857142857 1.1952968750000001
6.392857142857143 1.1952968750000001
6.428571428571429 1.1952968750000001
6.464285714285714 1.1952968750000001
6.5 1.1952968750000001
6.535714285714286 1.1952968750000001
6.571428571428571 1.1952968750000001
6.607142857142857 1.1952968750000001
6.642857142857143 1.1952968750000001
6.678571428571429 1.1952968750000001
6.714285714285714 1.1952968750000001
6.75 1.1952968750000001
6.785714285714286 1.1952968750000001
6.821428571428571 1.1952968750000001
6.857142857142857 1.1952968750000001
6.892857142857143 1.1952968750000001
7.214285714285714 1.1775625
7.25 1.1775625
7.285714285714286 1.1811093750000001
7.321428571428571 1.1775625
7.357142857142857 1.1811093750000001
7.392857142857143 1.1811093750000001
7.428571428571429 1.1811093750000001
7.464285714285714 1.1846562500000002
7.5 1.1846562500000002
7.535714285714286 1.1846562500000002
7.571428571428571 1.1846562500000002
7.607142857142857 1.1846562500000002
7.642857142857143 1.1846562500000002
7.678571428571429 1.1846562500000002
7.714285714285714 1.1846562500000002
7.75 1.1846562500000002
7.785714285714286 1.1846562500000002
7.821428571428571 1.1846562500000002
7.857142857142857 1.1846562500000002
7.892857142857143 1.1846562500000002
7.928571428571429 1.1846562500000002
7.964285714285714 1.1846562500000002
8.0 1.1846562500000002
8.035714285714286 1.1846562500000002
8.321428571428571 1.1775625
8.357142857142858 1.1811093750000001
8.392857142857142 1.1811093750000001
8.428571428571429 1.1811093750000001
8.464285714285714 1.1811093750000001
8.5 1.1846562500000002
8.535714285714286 1.1846562500000002
8.571428571428571 1.1846562500000002
8.607142857142858 1.1846562500000002
8.642857142857142 1.1846562500000002
8.678571428571429 1.1846562500000002
8.714285714285714 1.1846562500000002
8.75 1.1811093750000001
8.785714285714286 1.1846562500000002
8.821428571428571 1.1846562500000002
8.857142857142858 1.1846562500000002
8.892857142857142 1.1846562500000002
8.928571428571429 1.1846562500000002
8.964285714285714 1.1846562500000002
9.0 1.1846562500000002
9.035714285714286 1.1846562500000002
9.071428571428571 1.1846562500000002
9.107142857142858 1.1846562500000002
9.142857142857142 1.1846562500000002
9.428571428571429 1.174015625
9.464285714285714 1.174015625
9.5 1.174015625
9.535714285714286 1.174015625
9.571428571428571 1.1775625
9.607142857142858 1.1775625
9.642857142857142 1.1775625
9.678571428571429 1.1775625
9.714285714285714 1.1811093750000001
9.75 1.1775625
9.785714285714286 1.1811093750000001
9.821428571428571 1.1811093750000001
9.857142857142858 1.1811093750000001
9.892857142857142 1.1811093750000001
9.928571428571429 1.1811093750000001
9.964285714285714 1.1811093750000001
10.0 1.1811093750000001
10.035714285714286 1.1775625
10.071428571428571 1.1811093750000001
10.107142857142858 1.1811093750000001
10.142857142857142 1.1811093750000001
10.178571428571429 1.1811093750000001
10.214285714285714 1.1811093750000001
10.25 1.1811093750000001
10.535714285714286 1.1704687500000002
10.571428571428571 1.1704687500000002
10.607142857142858 1.1704687500000002
10.642857142857142 1.1704687500000002
10.678571428571429 1.174015625
10.714285714285714 1.174015625
10.75 1.174015625
10.785714285714286 1.174015625
10.821428571428571 1.174015625
10.857142857142858 1.174015625
10.892857142857142 1.174015625
10.928571428571429 1.1775625
10.964285714285714 1.1775625
11.0 1.1775625
11.035714285714286 1.1775625
11.071428571428571 1.174015625
11.107142857142858 1.174015625
11.142857142857142 1.174015625
11.178571428571429 1.174015625
11.214285714285714 1.1775625
11.25 1.174015625
11.285714285714286 1.1775625
11.321428571428571 1.174015625
11.357142857142858 1.174015625
11.642857142857142 1.166921875
11.678571428571429 1.166921875
11.714285714285714 1.166921875
11.75 1.166921875
11.785714285714286 1.166921875
11.821428571428571 1.1704687500000002
11.857142857142858 1.1704687500000002
11.892857142857142 1.1704687500000002
11.928571428571429 1.1704687500000002
11.964285714285714 1.1704687500000002
12.0 1.1704687500000002
12.035714285714286 1.1704687500000002
12.071428571428571 1.1704687500000002
12.107142857142858 1.1704687500000002
12.142857142857142 1.1704687500000002
12.178571428571429 1.1704687500000002
12.214285714285714 1.1704687500000002
12.25 1.1704687500000002
12.285714285714286 1.1704687500000002
12.321428571428571 1.1704687500000002
12.357142857142858 1.1704687500000002
12.392857142857142 1.1704687500000002
12.428571428571429 1.1704687500000002
12.464285714285714 1.1704687500000002
12.75 1.24140625
12.785714285714286 1.1598281250000002
12.821428571428571 1.163375
12.857142857142858 1.163375
12.892857142857142 1.163375
12.928571428571429 1.163375
12.964285714285714 1.163375
13.0 1.166921875
13.035714285714286 1.166921875
13.071428571428571 1.163375
13.107142857142858 1.163375
13.142857142857142 1.166921875
13.178571428571429 1.166921875
13.214285714285714 1.166921875
13.25 1.166921875
13.285714285714286 1.166921875
13.321428571428571 1.166921875
13.357142857142858 1.166921875
13.392857142857142 1.166921875
13.428571428571429 1.166921875
13.464285714285714 1.166921875
13.5 1.166921875
13.535714285714286 1.166921875
13.571428571428571 1.166921875
13.857142857142858 1.24140625
13.892857142857142 1.1704687500000002
13.928571428571429 1.174015625
13.964285714285714 1.174015625
14.0 1.174015625
14.035714285714286 1.174015625
14.071428571428571 1.174015625
14.107142857142858 1.174015625
14.142857142857142 1.174015625
14.178571428571429 1.174015625
14.214285714285714 1.174015625
14.25 1.174015625
14.285714285714286 1.1775625
14.321428571428571 1.174015625
14.357142857142858 1.1775625
14.392857142857142 1.174015625
14.428571428571429 1.1775625
14.464285714285714 1.1775625
14.5 1.1775625
14.535714285714286 1.1775625
14.571428571428571 1.1775625
14.607142857142858 1.174015625
14.642857142857142 1.174015625
14.678571428571429 1.1775625
14.714285714285714 1.1775625
14.964285714285714 1.24140625
15.0 1.1704687500000002
15.035714285714286 1.1704687500000002
15.071428571428571 1.1704687500000002
15.107142857142858 1.1704687500000002
15.142857142857142 1.1704687500000002
15.178571428571429 1.174015625
15.214285714285714 1.174015625
15.25 1.174015625
15.285714285714286 1.174015625
15.321428571428571 1.174015625
15.357142857142858 1.174015625
15.392857142857142 1.174015625
15.428571428571429 1.174015625
15.464285714285714 1.174015625
15.5 1.174015625
15.535714285714286 1.174015625
15.571428571428571 1.174015625
15.607142857142858 1.174015625
15.642857142857142 1.174015625
15.678571428571429 1.174015625
15.714285714285714 1.174015625
15.75 1.174015625
15.785714285714286 1.1775625
15.821428571428571 1.174015625
16.071428571428573 1.2485000000000002
16.107142857142858 1.1775625
16.142857142857142 1.1775625
16.178571428571427 1.1775625
16.214285714285715 1.1775625
16.25 1.1775625
16.285714285714285 1.1775625
16.321428571428573 1.1775625
16.357142857142858 1.1775625
16.392857142857142 1.1775625
16.428571428571427 1.1811093750000001
16.464285714285715 1.1811093750000001
16.5 1.1811093750000001
16.535714285714285 1.1811093750000001
16.571428571428573 1.1811093750000001
16.607142857142858 1.1811093750000001
16.642857142857142 1.1811093750000001
16.678571428571427 1.1811093750000001
16.714285714285715 1.1811093750000001
16.75 1.1811093750000001
16.785714285714285 1.1811093750000001
16.821428571428573 1.1811093750000001
16.857142857142858 1.1811093750000001
16.892857142857142 1.1811093750000001
16.928571428571427 1.1811093750000001
17.178571428571427 1.25559375
17.214285714285715 1.1846562500000002
17.25 1.188203125
17.285714285714285 1.1846562500000002
17.321428571428573 1.188203125
17.357142857142858 1.188203125
17.392857142857142 1.188203125
17.428571428571427 1.188203125
17.464285714285715 1.188203125
17.5 1.188203125
17.535714285714285 1.188203125
17.571428571428573 1.188203125
17.607142857142858 1.188203125
17.642857142857142 1.188203125
17.678571428571427 1.188203125
17.714285714285715 1.19175
17.75 1.19175
17.785714285714285 1.188203125
17.821428571428573 1.188203125
17.857142857142858 1.19175
17.892857142857142 1.188203125
17.928571428571427 1.188203125
17.964285714285715 1.19175
18.0 1.19175
18.285714285714285 1.252046875
18.321428571428573 1.1952968750000001
18.357142857142858 1.19175
18.392857142857142 1.19175
18.428571428571427 1.1952968750000001
18.464285714285715 1.1952968750000001
18.5 1.1952968750000001
18.535714285714285 1.1952968750000001
18.571428571428573 1.1952968750000001
18.607142857142858 1.1952968750000001
18.642857142857142 1.1952968750000001
18.678571428571427 1.1952968750000001
18.714285714285715 1.1952968750000001
18.75 1.1952968750000001
18.785714285714285 1.1988437500000002
18.821428571428573 1.1988437500000002
18.857142857142858 1.1952968750000001
18.892857142857142 1.1952968750000001
18.928571428571427 1.1988437500000002
18.964285714285715 1.1952968750000001
19.0 1.1952968750000001
19.035714285714285 1.1988437500000002
19.071428571428573 1.1988437500000002
19.107142857142858 1.1952968750000001
19.392857142857142 1.2626875000000002
19.428571428571427 1.1988437500000002
19.464285714285715 1.1988437500000002
19.5 1.1988437500000002
19.535714285714285 1.1988437500000002
19.571428571428573 1.1988437500000002
19.607142857142858 1.202390625
19.642857142857142 1.202390625
19.678571428571427 1.202390625
19.714285714285715 1.202390625
19.75 1.1988437500000002
19.785714285714285 1.202390625
19.821428571428573 1.202390625
19.857142857142858 1.202390625
19.892857142857142 1.202390625
19.928571428571427 1.202390625
19.964285714285715 1.202390625
20.0 1.202390625
20.035714285714285 1.202390625
20.071428571428573 1.202390625
20.107142857142858 1.202390625
20.142857142857142 1.202390625
20.178571428571427 1.202390625
20.214285714285715 1.202390625
20.535714285714285 1.2094843750000002
20.571428571428573 1.2094843750000002
20.607142857142858 1.2059375
20.642857142857142 1.2059375
20.678571428571427 1.2094843750000002
20.714285714285715 1.2094843750000002
20.75 1.21303125
20.785714285714285 1.2094843750000002
20.821428571428573 1.2094843750000002
20.857142857142858 1.21303125
20.892857142857142 1.2094843750000002
20.928571428571427 1.21303125
20.964285714285715 1.21303125
21.0 1.2094843750000002
21.035714285714285 1.21303125
21.071428571428573 1.21303125
21.107142857142858 1.21303125
21.142857142857142 1.21303125
21.178571428571427 1.21303125
21.214285714285715 1.21303125
21.25 1.21303125
21.285714285714285 1.21303125
21.321428571428573 1.21303125
21.642857142857142 1.2094843750000002
21.678571428571427 1.2094843750000002
21.714285714285715 1.21303125
21.75 1.21303125
21.785714285714285 1.21303125
21.821428571428573 1.21303125
21.857142857142858 1.21303125
21.892857142857142 1.21303125
21.928571428571427 1.21303125
21.964285714285715 1.21303125
22.0 1.21303125
22.035714285714285 1.21303125
22.071428571428573 1.21303125
22.107142857142858 1.21303125
22.142857142857142 1.21303125
22.178571428571427 1.21303125
22.214285714285715 1.21303125
22.25 1.21303125
22.285714285714285 1.21303125
22.321428571428573 1.21303125
22.357142857142858 1.21303125
22.392857142857142 1.21303125
22.428571428571427 1.21303125
22.464285714285715 1.216578125
22.75 1.2201250000000001
22.785714285714285 1.2201250000000001
22.821428571428573 1.2201250000000001
22.857142857142858 1.2201250000000001
22.892857142857142 1.2201250000000001
22.928571428571427 1.2201250000000001
22.964285714285715 1.2201250000000001
23.0 1.2201250000000001
23.035714285714285 1.2201250000000001
23.071428571428573 1.2236718750000002
23.107142857142858 1.2201250000000001
23.142857142857142 1.2201250000000001
23.178571428571427 1.2236718750000002
23.214285714285715 1.2236718750000002
23.25 1.2201250000000001
23.285714285714285 1.2201250000000001
23.321428571428573 1.2201250000000001
23.357142857142858 1.2201250000000001
23.392857142857142 1.2201250000000001
23.428571428571427 1.2201250000000001
23.464285714285715 1.2201250000000001
23.5 1.2201250000000001
23.535714285714285 1.2201250000000001
23.571428571428573 1.2201250000000001
23.857142857142858 1.216578125
23.892857142857142 1.216578125
23.928571428571427 1.216578125
23.964285714285715 1.216578125
24.0 1.216578125
24.035714285714285 1.216578125
24.071428571428573 1.216578125
24.107142857142858 1.216578125
24.142857142857142 1.216578125
24.178571428571427 1.216578125
24.214285714285715 1.216578125
24.25 1.216578125
24.285714285714285 1.216578125
24.321428571428573 1.216578125
24.357142857142858 1.216578125
24.392857142857142 1.216578125
24.428571428571427 1.216578125
24.464285714285715 1.216578125
24.5 1.216578125
24.535714285714285 1.216578125
24.571428571428573 1.216578125
24.607142857142858 1.216578125
24.642857142857142 1.216578125
24.678571428571427 1.216578125
24.964285714285715 1.266234375
25.0 1.216578125
25.035714285714285 1.216578125
25.071428571428573 1.216578125
25.107142857142858 1.2201250000000001
25.142857142857142 1.216578125
25.178571428571427 1.216578125
25.214285714285715 1.216578125
25.25 1.216578125
25.285714285714285 1.216578125
25.321428571428573 1.2201250000000001
25.357142857142858 1.2201250000000001
25.392857142857142 1.2201250000000001
25.428571428571427 1.216578125
25.464285714285715 1.216578125
25.5 1.2201250000000001
25.535714285714285 1.216578125
25.571428571428573 1.2201250000000001
25.607142857142858 1.216578125
25.642857142857142 1.216578125
25.678571428571427 1.216578125
25.714285714285715 1.2201250000000001
25.75 1.2201250000000001
25.785714285714285 1.2201250000000001
26.071428571428573 1.2485000000000002
26.107142857142858 1.21303125
26.142857142857142 1.216578125
26.178571428571427 1.216578125
26.214285714285715 1.216578125
26.25 1.216578125
26.285714285714285 1.216578125
26.321428571428573 1.216578125
26.357142857142858 1.216578125
26.392857142857142 1.216578125
26.428571428571427 1.216578125
26.464285714285715 1.216578125
26.5 1.216578125
26.535714285714285 1.216578125
26.571428571428573 1.216578125
26.607142857142858 1.216578125
26.642857142857142 1.216578125
26.678571428571427 1.216578125
26.714285714285715 1.216578125
26.75 1.216578125
26.785714285714285 1.216578125
26.821428571428573 1.216578125
26.857142857142858 1.216578125
26.892857142857142 1.216578125
27.178571428571427 1.2768750000000002
27.214285714285715 1.216578125
27.25 1.216578125
27.285714285714285 1.216578125
27.321428571428573 1.216578125
27.357142857142858 1.216578125
27.392857142857142 1.216578125
27.428571428571427 1.216578125
27.464285714285715 1.216578125
27.5 1.216578125
27.535714285714285 1.216578125
27.571428571428573 1.216578125
27.607142857142858 1.216578125
27.642857142857142 1.216578125
27.678571428571427 1.216578125
27.714285714285715 1.216578125
27.75 1.216578125
27.785714285714285 1.21303125
27.821428571428573 1.21303125
27.857142857142858 1.216578125
27.892857142857142 1.216578125
27.928571428571427 1.216578125
27.964285714285715 1.216578125
28.0 1.216578125
28.285714285714285 1.280421875
28.321428571428573 1.2094843750000002
28.357142857142858 1.2094843750000002
28.392857142857142 1.21303125
28.428571428571427 1.2094843750000002
28.464285714285715 1.2094843750000002
28.5 1.2094843750000002
28.535714285714285 1.2094843750000002
28.571428571428573 1.21303125
28.607142857142858 1.21303125
28.642857142857142 1.2094843750000002
28.678571428571427 1.21303125
28.714285714285715 1.2094843750000002
28.75 1.21303125
28.785714285714285 1.21303125
28.821428571428573 1.2094843750000002
28.857142857142858 1.2094843750000002
28.892857142857142 1.2094843750000002
28.928571428571427 1.2094843750000002
28.964285714285715 1.21303125
29.0 1.21303125
29.035714285714285 1.21303125
29.071428571428573 1.2094843750000002
29.107142857142858 1.2094843750000002
29.392857142857142 1.2768750000000002
29.428571428571427 1.2059375
29.464285714285715 1.2059375
29.5 1.2059375
29.535714285714285 1.2059375
29.571428571428573 1.2059375
29.607142857142858 1.2059375
29.642857142857142 1.2059375
29.678571428571427 1.2059375
29.714285714285715 1.2059375
29.75 1.2059375
29.785714285714285 1.2059375
29.821428571428573 1.2059375
29.857142857142858 1.2059375
29.892857142857142 1.2059375
29.928571428571427 1.2094843750000002
29.964285714285715 1.2094843750000002
30.0 1.2094843750000002
30.035714285714285 1.2094843750000002
30.071428571428573 1.2094843750000002
30.107142857142858 1.2094843750000002
30.142857142857142 1.2094843750000002
30.178571428571427 1.2094843750000002
30.214285714285715 1.2094843750000002
30.25 1.2094843750000002
30.5 1.280421875
30.535714285714285 1.2059375
30.571428571428573 1.2059375
30.607142857142858 1.2059375
30.642857142857142 1.2059375
30.678571428571427 1.2059375
30.714285714285715 1.2059375
30.75 1.2094843750000002
30.785714285714285 1.2059375
30.821428571428573 1.2059375
30.857142857142858 1.2059375
30.892857142857142 1.2059375
30.928571428571427 1.2059375
30.964285714285715 1.2059375
31.0 1.2059375
31.035714285714285 1.2059375
31.071428571428573 1.2059375
31.107142857142858 1.2094843750000002
31.142857142857142 1.2059375
31.178571428571427 1.2059375
31.214285714285715 1.2094843750000002
31.25 1.2059375
31.285714285714285 1.2059375
31.321428571428573 1.2059375
31.357142857142858 1.2059375
31.607142857142858 1.2910625000000002
31.642857142857142 1.21303125
31.678571428571427 1.2094843750000002
31.714285714285715 1.2094843750000002
31.75 1.2094843750000002
31.785714285714285 1.2059375
31.821428571428573 1.2094843750000002
31.857142857142858 1.2094843750000002
31.892857142857142 1.2094843750000002
31.928571428571427 1.2094843750000002
31.964285714285715 1.2094843750000002
32.0 1.21303125
32.035714285714285 1.21303125
32.07142857142857 1.21303125
32.107142857142854 1.21303125
32.142857142857146 1.21303125
32.17857142857143 1.21303125
32.214285714285715 1.2094843750000002
32.25 1.21303125
32.285714285714285 1.2094843750000002
32.32142857142857 1.2094843750000002
32.357142857142854 1.2094843750000002
32.392857142857146 1.2094843750000002
32.42857142857143 1.2094843750000002
32.464285714285715 1.21303125
32.75 1.2094843750000002
32.785714285714285 1.2094843750000002
32.82142857142857 1.2094843750000002
32.857142857142854 1.2094843750000002
32.892857142857146 1.2094843750000002
32.92857142857143 1.2094843750000002
32.964285714285715 1.2094843750000002
33.0 1.2094843750000002
33.035714285714285 1.2094843750000002
33.07142857142857 1.2094843750000002
33.107142857142854 1.2094843750000002
33.142857142857146 1.2094843750000002
33.17857142857143 1.2094843750000002
33.214285714285715 1.2094843750000002
33.25 1.2094843750000002
33.285714285714285 1.2094843750000002
33.32142857142857 1.2094843750000002
33.357142857142854 1.2094843750000002
33.392857142857146 1.2094843750000002
33.42857142857143 1.2094843750000002
33.464285714285715 1.2094843750000002
33.5 1.2094843750000002
33.535714285714285 1.2094843750000002
33.57142857142857 1.2094843750000002
33.857142857142854 1.21303125
33.892857142857146 1.21303125
33.92857142857143 1.2094843750000002
33.964285714285715 1.2094843750000002
34.0 1.2094843750000002
34.035714285714285 1.21303125
34.07142857142857 1.2094843750000002
34.107142857142854 1.2094843750000002
34.142857142857146 1.21303125
34.17857142857143 1.2094843750000002
34.214285714285715 1.2094843750000002
34.25 1.21303125
34.285714285714285 1.21303125
34.32142857142857 1.21303125
34.357142857142854 1.21303125
34.392857142857146 1.21303125
34.42857142857143 1.21303125
34.464285714285715 1.21303125
34.5 1.21303125
34.535714285714285 1.21303125
34.57142857142857 1.21303125
34.607142857142854 1.21303125
34.642857142857146 1.21303125
34.67857142857143 1.21303125
34.714285714285715 1.21303125
34.964285714285715 1.2981562500000001
35.0 1.2094843750000002
35.035714285714285 1.2094843750000002
35.07142857142857 1.2094843750000002
35.107142857142854 1.2094843750000002
35.142857142857146 1.2094843750000002
35.17857142857143 1.2094843750000002
35.214285714285715 1.2094843750000002
35.25 1.2094843750000002
35.285714285714285 1.2094843750000002
35.32142857142857 1.2094843750000002
35.357142857142854 1.2094843750000002
35.392857142857146 1.2094843750000002
35.42857142857143 1.2094843750000002
35.464285714285715 1.2094843750000002
35.5 1.2094843750000002
35.535714285714285 1.21303125
35.57142857142857 1.21303125
35.607142857142854 1.21303125
35.642857142857146 1.21303125
35.67857142857143 1.21303125
35.714285714285715 1.21303125
35.75 1.21303125
35.785714285714285 1.2094843750000002
35.82142857142857 1.2094843750000002
36.07142857142857 1.2981562500000001
36.107142857142854 1.2059375
36.142857142857146 1.2059375
36.17857142857143 1.2059375
36.214285714285715 1.2094843750000002
36.25 1.2059375
36.285714285714285 1.2094843750000002
36.32142857142857 1.2094843750000002
36.357142857142854 1.2094843750000002
36.392857142857146 1.2094843750000002
36.42857142857143 1.2094843750000002
36.464285714285715 1.2094843750000002
36.5 1.2094843750000002
36.535714285714285 1.2094843750000002
36.57142857142857 1.2094843750000002
36.607142857142854 1.2094843750000002
36.642857142857146 1.2094843750000002
36.67857142857143 1.2094843750000002
36.714285714285715 1.2094843750000002
36.75 1.2094843750000002
36.785714285714285 1.2094843750000002
36.82142857142857 1.2094843750000002
36.857142857142854 1.2094843750000002
36.892857142857146 1.2094843750000002
36.92857142857143 1.2094843750000002
37.17857142857143 1.3017031250000002
37.214285714285715 1.21303125
37.25 1.2094843750000002
37.285714285714285 1.2094843750000002
37.32142857142857 1.2094843750000002
37.357142857142854 1.2094843750000002
37.392857142857146 1.2094843750000002
37.42857142857143 1.2094843750000002
37.464285714285715 1.2094843750000002
37.5 1.2094843750000002
37.535714285714285 1.2094843750000002
37.57142857142857 1.2094843750000002
37.607142857142854 1.21303125
37.642857142857146 1.2094843750000002
37.67857142857143 1.2094843750000002
37.714285714285715 1.2094843750000002
37.75 1.2094843750000002
37.785714285714285 1.21303125
37.82142857142857 1.2094843750000002
37.857142857142854 1.2094843750000002
37.892857142857146 1.2094843750000002
37.92857142857143 1.2094843750000002
37.964285714285715 1.2094843750000002
38.0 1.2094843750000002
38.035714285714285 1.2094843750000002
38.285714285714285 1.308796875
38.32142857142857 1.21303125
38.357142857142854 1.2094843750000002
38.392857142857146 1.2094843750000002
38.42857142857143 1.2094843750000002
38.464285714285715 1.2094843750000002
38.5 1.21303125
38.535714285714285 1.2094843750000002
38.57142857142857 1.2094843750000002
38.607142857142854 1.21303125
38.642857142857146 1.2094843750000002
38.67857142857143 1.2094843750000002
38.714285714285715 1.2094843750000002
38.75 1.2094843750000002
38.785714285714285 1.2094843750000002
38.82142857142857 1.2094843750000002
38.857142857142854 1.21303125
38.892857142857146 1.21303125
38.92857142857143 1.21303125
38.964285714285715 1.21303125
39.0 1.21303125
39.035714285714285 1.21303125
39.07142857142857 1.21303125
39.107142857142854 1.21303125
39.142857142857146 1.216578125
39.392857142857146 1.308796875
39.42857142857143 1.2236718750000002
39.464285714285715 1.2201250000000001
39.5 1.2201250000000001
39.535714285714285 1.2201250000000001
39.57142857142857 1.2201250000000001
39.607142857142854 1.2201250000000001
39.642857142857146 1.2201250000000001
39.67857142857143 1.2201250000000001
39.714285714285715 1.2236718750000002
39.75 1.2201250000000001
39.785714285714285 1.2201250000000001
39.82142857142857 1.2201250000000001
39.857142857142854 1.2201250000000001
39.892857142857146 1.2201250000000001
39.92857142857143 1.2236718750000002
