0.03571428571428571 2.4544375
0.07142857142857142 2.4544375
0.10714285714285714 2.4544375
0.39285714285714285 2.429609375
0.42857142857142855 2.429609375
0.4642857142857143 2.429609375
0.5 2.4260625
0.5357142857142857 2.4260625
0.5714285714285714 2.4225156250000004
0.6071428571428571 2.4225156250000004
0.6428571428571429 2.4225156250000004
0.6785714285714286 2.4225156250000004
0.7142857142857143 2.4225156250000004
0.75 2.4225156250000004
0.7857142857142857 2.4225156250000004
0.8214285714285714 2.4225156250000004
0.8571428571428571 2.4225156250000004
0.8928571428571429 2.4225156250000004
0.9285714285714286 2.4225156250000004
0.9642857142857143 2.4225156250000004
1.0 2.4225156250000004
1.0357142857142858 2.4225156250000004
1.0714285714285714 2.4225156250000004
1.1071428571428572 2.4225156250000004
1.1428571428571428 2.4225156250000004
1.1785714285714286 2.4225156250000004
1.2142857142857142 2.4225156250000004
1.5357142857142858 2.3905937500000003
1.5714285714285714 2.3905937500000003
1.6071428571428572 2.3870468750000002
1.6428571428571428 2.3870468750000002
1.6785714285714286 2.3870468750000002
1.7142857142857142 2.3870468750000002
1.75 2.3870468750000002
1.7857142857142858 2.3870468750000002
1.8214285714285714 2.3870468750000002
1.8571428571428572 2.3870468750000002
1.8928571428571428 2.3870468750000002
1.9285714285714286 2.3835
1.9642857142857142 2.3835
2.0 2.3835
2.0357142857142856 2.3835
2.0714285714285716 2.3870468750000002
2.107142857142857 2.3835
2.142857142857143 2.3870468750000002
2.1785714285714284 2.3870468750000002
2.2142857142857144 2.3870468750000002
2.25 2.3870468750000002
2.2857142857142856 2.3870468750000002
2.3214285714285716 2.3870468750000002
2.642857142857143 2.3693125000000004
2.6785714285714284 2.3728593750000004
2.7142857142857144 2.3693125000000004
2.75 2.3693125000000004
2.7857142857142856 2.3693125000000004
2.8214285714285716 2.3693125000000004
2.857142857142857 2.3693125000000004
2.892857142857143 2.3693125000000004
2.9285714285714284 2.3693125000000004
2.9642857142857144 2.3693125000000004
3.0 2.3657656250000003
3.0357142857142856 2.3657656250000003
3.0714285714285716 2.3657656250000003
3.107142857142857 2.3657656250000003
3.142857142857143 2.3657656250000003
3.1785714285714284 2.3657656250000003
3.2142857142857144 2.3657656250000003
3.25 2.3657656250000003
3.2857142857142856 2.3657656250000003
3.3214285714285716 2.3657656250000003
3.357142857142857 2.3657656250000003
3.392857142857143 2.3657656250000003
3.4285714285714284 2.3657656250000003
3.4642857142857144 2.3657656250000003
3.75 2.323203125
3.7857142857142856 2.323203125
3.8214285714285716 2.323203125
3.857142857142857 2.323203125
3.892857142857143 2.323203125
3.9285714285714284 2.3196562500000004
3.9642857142857144 2.323203125
4.0 2.3196562500000004
4.035714285714286 2.3196562500000004
4.071428571428571 2.3196562500000004
4.107142857142857 2.3196562500000004
4.142857142857143 2.3196562500000004
4.178571428571429 2.3196562500000004
4.214285714285714 2.3196562500000004
4.25 2.3196562500000004
4.285714285714286 2.3196562500000004
4.321428571428571 2.3196562500000004
4.357142857142857 2.3196562500000004
4.392857142857143 2.3196562500000004
4.428571428571429 2.3196562500000004
4.464285714285714 2.3196562500000004
4.5 2.3196562500000004
4.535714285714286 2.3196562500000004
4.571428571428571 2.3196562500000004
4.857142857142857 2.330296875
4.892857142857143 2.3161093750000004
4.928571428571429 2.3125625000000003
4.964285714285714 2.3125625000000003
5.0 2.3125625000000003
5.035714285714286 2.3125625000000003
5.071428571428571 2.3125625000000003
5.107142857142857 2.3090156250000002
5.142857142857143 2.3090156250000002
5.178571428571429 2.3090156250000002
5.214285714285714 2.3090156250000002
5.25 2.3090156250000002
5.285714285714286 2.3090156250000002
5.321428571428571 2.3090156250000002
5.357142857142857 2.3090156250000002
5.392857142857143 2.3090156250000002
5.428571428571429 2.3090156250000002
5.464285714285714 2.3090156250000002
5.5 2.3090156250000002
5.535714285714286 2.3090156250000002
5.571428571428571 2.3090156250000002
5.607142857142857 2.3090156250000002
5.642857142857143 2.3090156250000002
5.678571428571429 2.3090156250000002
5.714285714285714 2.3090156250000002
5.964285714285714 2.408328125
6.0 2.323203125
6.035714285714286 2.323203125
6.071428571428571 2.323203125
6.107142857142857 2.3196562500000004
6.142857142857143 2.323203125
6.178571428571429 2.323203125
6.214285714285714 2.3196562500000004
6.25 2.323203125
6.285714285714286 2.323203125
6.321428571428571 2.323203125
6.357142857142857 2.3196562500000004
6.392857142857143 2.3196562500000004
6.428571428571429 2.3196562500000004
6.464285714285714 2.3196562500000004
6.5 2.323203125
6.535714285714286 2.323203125
6.571428571428571 2.3196562500000004
6.607142857142857 2.323203125
6.642857142857143 2.3196562500000004
6.678571428571429 2.3196562500000004
6.714285714285714 2.323203125
6.75 2.3196562500000004
6.785714285714286 2.3196562500000004
6.821428571428571 2.323203125
7.071428571428571 2.401234375
7.107142857142857 2.3161093750000004
7.142857142857143 2.3161093750000004
7.178571428571429 2.3161093750000004
7.214285714285714 2.3161093750000004
7.25 2.3161093750000004
7.285714285714286 2.3161093750000004
7.321428571428571 2.3161093750000004
7.357142857142857 2.3161093750000004
7.392857142857143 2.3161093750000004
7.428571428571429 2.3161093750000004
7.464285714285714 2.3161093750000004
7.5 2.3161093750000004
7.535714285714286 2.3161093750000004
7.571428571428571 2.3161093750000004
7.607142857142857 2.3161093750000004
7.642857142857143 2.3161093750000004
7.678571428571429 2.3161093750000004
7.714285714285714 2.3161093750000004
7.75 2.3161093750000004
7.785714285714286 2.3161093750000004
7.821428571428571 2.3125625000000003
7.857142857142857 2.3125625000000003
7.892857142857143 2.3161093750000004
7.928571428571429 2.3161093750000004
8.214285714285714 2.3373906250000003
8.25 2.3090156250000002
8.285714285714286 2.3090156250000002
8.321428571428571 2.3090156250000002
8.357142857142858 2.3090156250000002
8.392857142857142 2.3090156250000002
8.428571428571429 2.3090156250000002
8.464285714285714 2.3090156250000002
8.5 2.3090156250000002
8.535714285714286 2.3090156250000002
8.571428571428571 2.30546875
8.607142857142858 2.30546875
8.642857142857142 2.30546875
8.678571428571429 2.30546875
8.714285714285714 2.3090156250000002
8.75 2.3090156250000002
8.785714285714286 2.30546875
8.821428571428571 2.30546875
8.857142857142858 2.3090156250000002
8.892857142857142 2.3090156250000002
8.928571428571429 2.3090156250000002
8.964285714285714 2.3090156250000002
9.0 2.30546875
9.035714285714286 2.3090156250000002
9.321428571428571 2.33384375
9.357142857142858 2.3125625000000003
9.392857142857142 2.3125625000000003
9.428571428571429 2.3090156250000002
9.464285714285714 2.3090156250000002
9.5 2.3090156250000002
9.535714285714286 2.3090156250000002
9.571428571428571 2.3090156250000002
9.607142857142858 2.3090156250000002
9.642857142857142 2.3090156250000002
9.678571428571429 2.3090156250000002
9.714285714285714 2.3090156250000002
9.75 2.3090156250000002
9.785714285714286 2.3090156250000002
9.821428571428571 2.3090156250000002
9.857142857142858 2.3090156250000002
9.892857142857142 2.3090156250000002
9.928571428571429 2.3090156250000002
9.964285714285714 2.3090156250000002
10.0 2.3090156250000002
10.035714285714286 2.3090156250000002
10.071428571428571 2.3090156250000002
10.107142857142858 2.3090156250000002
10.142857142857142 2.3090156250000002
10.428571428571429 2.3373906250000003
10.464285714285714 2.3090156250000002
10.5 2.3090156250000002
10.535714285714286 2.3090156250000002
10.571428571428571 2.3090156250000002
10.607142857142858 2.3090156250000002
10.642857142857142 2.3090156250000002
10.678571428571429 2.30546875
10.714285714285714 2.30546875
10.75 2.3090156250000002
10.785714285714286 2.30546875
10.821428571428571 2.30546875
10.857142857142858 2.30546875
10.892857142857142 2.30546875
10.928571428571429 2.30546875
10.964285714285714 2.3090156250000002
11.0 2.30546875
11.035714285714286 2.30546875
11.071428571428571 2.30546875
11.107142857142858 2.30546875
11.142857142857142 2.30546875
11.178571428571429 2.30546875
11.214285714285714 2.30546875
11.25 2.30546875
11.535714285714286 2.3444843750000004
11.571428571428571 2.3161093750000004
11.607142857142858 2.3161093750000004
11.642857142857142 2.3125625000000003
11.678571428571429 2.3125625000000003
11.714285714285714 2.3125625000000003
11.75 2.3125625000000003
11.785714285714286 2.3125625000000003
11.821428571428571 2.3125625000000003
11.857142857142858 2.3125625000000003
11.892857142857142 2.3125625000000003
11.928571428571429 2.3125625000000003
11.964285714285714 2.3125625000000003
12.0 2.3125625000000003
12.035714285714286 2.3125625000000003
12.071428571428571 2.3125625000000003
12.107142857142858 2.3125625000000003
12.142857142857142 2.3125625000000003
12.178571428571429 2.3125625000000003
12.214285714285714 2.3125625000000003
12.25 2.3125625000000003
12.285714285714286 2.3125625000000003
12.321428571428571 2.3125625000000003
12.357142857142858 2.3125625000000003
12.642857142857142 2.34803125
12.678571428571429 2.3125625000000003
12.714285714285714 2.3125625000000003
12.75 2.3090156250000002
12.785714285714286 2.3125625000000003
12.821428571428571 2.3125625000000003
12.857142857142858 2.3090156250000002
12.892857142857142 2.3090156250000002
12.928571428571429 2.3090156250000002
12.964285714285714 2.3090156250000002
13.0 2.3090156250000002
13.035714285714286 2.3090156250000002
13.071428571428571 2.3090156250000002
13.107142857142858 2.3090156250000002
13.142857142857142 2.3125625000000003
13.178571428571429 2.3090156250000002
13.214285714285714 2.3090156250000002
13.25 2.3090156250000002
13.285714285714286 2.3125625000000003
13.321428571428571 2.3090156250000002
13.357142857142858 2.3125625000000003
13.392857142857142 2.3125625000000003
13.428571428571429 2.3090156250000002
13.464285714285714 2.3090156250000002
13.75 2.34803125
13.785714285714286 2.3161093750000004
13.821428571428571 2.3161093750000004
13.857142857142858 2.3125625000000003
13.892857142857142 2.3125625000000003
13.928571428571429 2.3125625000000003
13.964285714285714 2.3125625000000003
14.0 2.3125625000000003
14.035714285714286 2.3125625000000003
14.071428571428571 2.3125625000000003
14.107142857142858 2.3125625000000003
14.142857142857142 2.3125625000000003
14.178571428571429 2.3125625000000003
14.214285714285714 2.3125625000000003
14.25 2.3125625000000003
14.285714285714286 2.3125625000000003
14.321428571428571 2.3125625000000003
14.357142857142858 2.3125625000000003
14.392857142857142 2.3125625000000003
14.428571428571429 2.3125625000000003
14.464285714285714 2.3125625000000003
14.5 2.3125625000000003
14.535714285714286 2.3125625000000003
14.571428571428571 2.3125625000000003
14.857142857142858 2.351578125
14.892857142857142 2.3125625000000003
14.928571428571429 2.3125625000000003
14.964285714285714 2.3125625000000003
15.0 2.3090156250000002
15.035714285714286 2.3090156250000002
15.071428571428571 2.3090156250000002
15.107142857142858 2.3090156250000002
15.142857142857142 2.3090156250000002
15.178571428571429 2.3090156250000002
15.214285714285714 2.3090156250000002
15.25 2.3125625000000003
15.285714285714286 2.3090156250000002
15.321428571428571 2.3090156250000002
15.357142857142858 2.3090156250000002
15.392857142857142 2.3090156250000002
15.428571428571429 2.3125625000000003
15.464285714285714 2.3125625000000003
15.5 2.3090156250000002
15.535714285714286 2.3090156250000002
15.571428571428571 2.3090156250000002
15.607142857142858 2.3090156250000002
15.642857142857142 2.3090156250000002
15.678571428571429 2.3090156250000002
15.714285714285714 2.3090156250000002
16.0 2.3196562500000004
16.035714285714285 2.3196562500000004
16.071428571428573 2.3161093750000004
16.107142857142858 2.3196562500000004
16.142857142857142 2.3161093750000004
16.178571428571427 2.3161093750000004
16.214285714285715 2.3161093750000004
16.25 2.3161093750000004
16.285714285714285 2.3161093750000004
16.321428571428573 2.3161093750000004
16.357142857142858 2.3161093750000004
16.392857142857142 2.3196562500000004
16.428571428571427 2.3161093750000004
16.464285714285715 2.3161093750000004
16.5 2.3161093750000004
16.535714285714285 2.3161093750000004
16.571428571428573 2.3161093750000004
16.607142857142858 2.3161093750000004
16.642857142857142 2.3161093750000004
16.678571428571427 2.3161093750000004
16.714285714285715 2.3161093750000004
16.75 2.3161093750000004
16.785714285714285 2.3161093750000004
16.821428571428573 2.3161093750000004
17.107142857142858 2.3196562500000004
17.142857142857142 2.3196562500000004
17.178571428571427 2.3196562500000004
17.214285714285715 2.3196562500000004
17.25 2.3196562500000004
17.285714285714285 2.3196562500000004
17.321428571428573 2.3196562500000004
17.357142857142858 2.3196562500000004
17.392857142857142 2.3196562500000004
17.428571428571427 2.3196562500000004
17.464285714285715 2.3196562500000004
17.5 2.3196562500000004
17.535714285714285 2.3196562500000004
17.571428571428573 2.3196562500000004
17.607142857142858 2.3196562500000004
17.642857142857142 2.3196562500000004
17.678571428571427 2.3196562500000004
17.714285714285715 2.3196562500000004
17.75 2.3196562500000004
17.785714285714285 2.3196562500000004
17.821428571428573 2.3196562500000004
17.857142857142858 2.3196562500000004
17.892857142857142 2.3196562500000004
17.928571428571427 2.3196562500000004
18.214285714285715 2.355125
18.25 2.3196562500000004
18.285714285714285 2.3161093750000004
18.321428571428573 2.3196562500000004
18.357142857142858 2.3161093750000004
18.392857142857142 2.3161093750000004
18.428571428571427 2.3161093750000004
18.464285714285715 2.3161093750000004
18.5 2.3161093750000004
18.535714285714285 2.3161093750000004
18.571428571428573 2.3161093750000004
18.607142857142858 2.3161093750000004
18.642857142857142 2.3161093750000004
18.678571428571427 2.3161093750000004
18.714285714285715 2.3161093750000004
18.75 2.3161093750000004
18.785714285714285 2.3161093750000004
18.821428571428573 2.3161093750000004
18.857142857142858 2.3161093750000004
18.892857142857142 2.3161093750000004
18.928571428571427 2.3161093750000004
18.964285714285715 2.3161093750000004
19.0 2.3161093750000004
19.035714285714285 2.3161093750000004
19.321428571428573 2.32675
19.357142857142858 2.32675
19.392857142857142 2.32675
19.428571428571427 2.32675
19.464285714285715 2.32675
19.5 2.32675
19.535714285714285 2.32675
19.571428571428573 2.32675
19.607142857142858 2.32675
19.642857142857142 2.32675
19.678571428571427 2.32675
19.714285714285715 2.32675
19.75 2.32675
19.785714285714285 2.32675
19.821428571428573 2.32675
19.857142857142858 2.32675
19.892857142857142 2.32675
19.928571428571427 2.32675
19.964285714285715 2.32675
20.0 2.32675
20.035714285714285 2.32675
20.071428571428573 2.32675
20.107142857142858 2.32675
20.142857142857142 2.32675
20.428571428571427 2.3657656250000003
20.464285714285715 2.3409375000000003
20.5 2.3409375000000003
20.535714285714285 2.3409375000000003
20.571428571428573 2.3409375000000003
20.607142857142858 2.3409375000000003
20.642857142857142 2.3409375000000003
20.678571428571427 2.3409375000000003
20.714285714285715 2.3409375000000003
20.75 2.3409375000000003
20.785714285714285 2.3409375000000003
20.821428571428573 2.3409375000000003
20.857142857142858 2.3409375000000003
20.892857142857142 2.3409375000000003
20.928571428571427 2.3409375000000003
20.964285714285715 2.3409375000000003
21.0 2.3409375000000003
21.035714285714285 2.3409375000000003
21.071428571428573 2.3409375000000003
21.107142857142858 2.3409375000000003
21.142857142857142 2.3409375000000003
21.178571428571427 2.3409375000000003
21.214285714285715 2.3409375000000003
21.25 2.3409375000000003
21.5 2.4508906250000004
21.535714285714285 2.358671875
21.571428571428573 2.358671875
21.607142857142858 2.358671875
21.642857142857142 2.358671875
21.678571428571427 2.358671875
21.714285714285715 2.358671875
21.75 2.358671875
21.785714285714285 2.358671875
21.821428571428573 2.355125
21.857142857142858 2.358671875
21.892857142857142 2.358671875
21.928571428571427 2.358671875
21.964285714285715 2.355125
22.0 2.355125
22.035714285714285 2.358671875
22.071428571428573 2.358671875
22.107142857142858 2.358671875
22.142857142857142 2.358671875
22.178571428571427 2.358671875
22.214285714285715 2.355125
22.25 2.355125
22.285714285714285 2.355125
22.321428571428573 2.355125
22.357142857142858 2.358671875
22.642857142857142 2.3693125000000004
22.678571428571427 2.351578125
22.714285714285715 2.34803125
22.75 2.34803125
22.785714285714285 2.34803125
22.821428571428573 2.34803125
22.857142857142858 2.34803125
22.892857142857142 2.34803125
22.928571428571427 2.34803125
22.964285714285715 2.34803125
23.0 2.34803125
23.035714285714285 2.34803125
23.071428571428573 2.34803125
23.107142857142858 2.34803125
23.142857142857142 2.34803125
23.178571428571427 2.34803125
23.214285714285715 2.34803125
23.25 2.34803125
23.285714285714285 2.34803125
23.321428571428573 2.34803125
23.357142857142858 2.34803125
23.392857142857142 2.34803125
23.428571428571427 2.34803125
23.464285714285715 2.34803125
23.75 2.3622187500000003
23.785714285714285 2.351578125
23.821428571428573 2.351578125
23.857142857142858 2.351578125
23.892857142857142 2.351578125
23.928571428571427 2.351578125
23.964285714285715 2.351578125
24.0 2.351578125
24.035714285714285 2.351578125
24.071428571428573 2.351578125
24.107142857142858 2.351578125
24.142857142857142 2.351578125
24.178571428571427 2.351578125
24.214285714285715 2.351578125
24.25 2.351578125
24.285714285714285 2.351578125
24.321428571428573 2.351578125
24.357142857142858 2.351578125
24.392857142857142 2.351578125
24.428571428571427 2.351578125
24.464285714285715 2.351578125
24.5 2.351578125
24.535714285714285 2.351578125
24.571428571428573 2.351578125
24.857142857142858 2.3622187500000003
24.892857142857142 2.358671875
24.928571428571427 2.358671875
24.964285714285715 2.358671875
25.0 2.358671875
25.035714285714285 2.358671875
25.071428571428573 2.355125
25.107142857142858 2.358671875
25.142857142857142 2.358671875
25.178571428571427 2.355125
25.214285714285715 2.355125
25.25 2.355125
25.285714285714285 2.355125
25.321428571428573 2.355125
25.357142857142858 2.355125
25.392857142857142 2.355125
25.428571428571427 2.355125
25.464285714285715 2.355125
25.5 2.355125
25.535714285714285 2.358671875
25.571428571428573 2.355125
25.607142857142858 2.355125
25.642857142857142 2.355125
25.678571428571427 2.355125
26.0 2.351578125
26.035714285714285 2.351578125
26.071428571428573 2.351578125
26.107142857142858 2.34803125
26.142857142857142 2.34803125
26.178571428571427 2.34803125
26.214285714285715 2.34803125
26.25 2.34803125
26.285714285714285 2.351578125
26.321428571428573 2.34803125
26.357142857142858 2.351578125
26.392857142857142 2.351578125
26.428571428571427 2.34803125
26.464285714285715 2.34803125
26.5 2.34803125
26.535714285714285 2.34803125
26.571428571428573 2.351578125
26.607142857142858 2.351578125
26.642857142857142 2.34803125
26.678571428571427 2.34803125
26.714285714285715 2.34803125
26.75 2.351578125
26.785714285714285 2.34803125
27.107142857142858 2.355125
27.142857142857142 2.355125
27.178571428571427 2.355125
27.214285714285715 2.355125
27.25 2.355125
27.285714285714285 2.355125
27.321428571428573 2.355125
27.357142857142858 2.355125
27.392857142857142 2.355125
27.428571428571427 2.355125
27.464285714285715 2.355125
27.5 2.355125
27.535714285714285 2.355125
27.571428571428573 2.355125
27.607142857142858 2.355125
27.642857142857142 2.355125
27.678571428571427 2.355125
27.714285714285715 2.355125
27.75 2.355125
27.785714285714285 2.355125
27.821428571428573 2.355125
27.857142857142858 2.355125
27.892857142857142 2.355125
28.214285714285715 2.3728593750000004
28.25 2.3693125000000004
28.285714285714285 2.3693125000000004
28.321428571428573 2.3693125000000004
28.357142857142858 2.3693125000000004
28.392857142857142 2.3693125000000004
28.428571428571427 2.3693125000000004
28.464285714285715 2.3693125000000004
28.5 2.3693125000000004
28.535714285714285 2.3693125000000004
28.571428571428573 2.3693125000000004
28.607142857142858 2.3693125000000004
28.642857142857142 2.3693125000000004
28.678571428571427 2.3693125000000004
28.714285714285715 2.3693125000000004
28.75 2.3693125000000004
28.785714285714285 2.3693125000000004
28.821428571428573 2.3693125000000004
28.857142857142858 2.3693125000000004
28.892857142857142 2.3693125000000004
28.928571428571427 2.3693125000000004
28.964285714285715 2.3693125000000004
29.0 2.3693125000000004
29.285714285714285 2.4757187500000004
29.321428571428573 2.379953125
29.357142857142858 2.379953125
29.392857142857142 2.379953125
29.428571428571427 2.379953125
29.464285714285715 2.379953125
29.5 2.379953125
29.535714285714285 2.379953125
29.571428571428573 2.379953125
29.607142857142858 2.379953125
29.642857142857142 2.379953125
29.678571428571427 2.379953125
29.714285714285715 2.379953125
29.75 2.379953125
29.785714285714285 2.379953125
29.821428571428573 2.379953125
29.857142857142858 2.379953125
29.892857142857142 2.379953125
29.928571428571427 2.379953125
29.964285714285715 2.379953125
30.0 2.379953125
30.035714285714285 2.379953125
30.071428571428573 2.379953125
30.107142857142858 2.379953125
30.392857142857142 2.486359375
30.428571428571427 2.3905937500000003
30.464285714285715 2.3905937500000003
30.5 2.3905937500000003
30.535714285714285 2.3905937500000003
30.571428571428573 2.3905937500000003
30.607142857142858 2.3905937500000003
30.642857142857142 2.3905937500000003
30.678571428571427 2.3905937500000003
30.714285714285715 2.3905937500000003
30.75 2.3905937500000003
30.785714285714285 2.3905937500000003
30.821428571428573 2.3905937500000003
30.857142857142858 2.3905937500000003
30.892857142857142 2.3905937500000003
30.928571428571427 2.3905937500000003
30.964285714285715 2.3905937500000003
31.0 2.3905937500000003
31.035714285714285 2.3905937500000003
31.071428571428573 2.3905937500000003
31.107142857142858 2.3905937500000003
31.142857142857142 2.3905937500000003
31.178571428571427 2.3905937500000003
31.214285714285715 2.3905937500000003
31.25 2.3905937500000003
31.5 2.4828125
31.535714285714285 2.3941406250000004
31.571428571428573 2.3941406250000004
31.607142857142858 2.3941406250000004
31.642857142857142 2.3941406250000004
31.678571428571427 2.3941406250000004
31.714285714285715 2.3941406250000004
31.75 2.3941406250000004
31.785714285714285 2.3941406250000004
31.821428571428573 2.3941406250000004
31.857142857142858 2.3941406250000004
31.892857142857142 2.3941406250000004
31.928571428571427 2.3941406250000004
31.964285714285715 2.3941406250000004
32.0 2.3941406250000004
32.035714285714285 2.3941406250000004
32.07142857142857 2.3941406250000004
32.107142857142854 2.3941406250000004
32.142857142857146 2.3941406250000004
32.17857142857143 2.3941406250000004
32.214285714285715 2.3941406250000004
32.25 2.3941406250000004
32.285714285714285 2.3941406250000004
32.32142857142857 2.3941406250000004
32.357142857142854 2.3941406250000004
32.607142857142854 2.48990625
32.642857142857146 2.3941406250000004
32.67857142857143 2.3941406250000004
32.714285714285715 2.3905937500000003
32.75 2.3905937500000003
32.785714285714285 2.3905937500000003
32.82142857142857 2.3905937500000003
32.857142857142854 2.3905937500000003
32.892857142857146 2.3905937500000003
32.92857142857143 2.3905937500000003
32.964285714285715 2.3905937500000003
33.0 2.3905937500000003
33.035714285714285 2.3905937500000003
33.07142857142857 2.3905937500000003
33.107142857142854 2.3905937500000003
33.142857142857146 2.3905937500000003
33.17857142857143 2.3905937500000003
33.214285714285715 2.3905937500000003
33.25 2.3941406250000004
33.285714285714285 2.3941406250000004
33.32142857142857 2.3905937500000003
33.357142857142854 2.3905937500000003
33.392857142857146 2.3941406250000004
33.42857142857143 2.3941406250000004
33.464285714285715 2.3941406250000004
33.75 2.40478125
33.785714285714285 2.379953125
33.82142857142857 2.379953125
33.857142857142854 2.379953125
33.892857142857146 2.379953125
33.92857142857143 2.379953125
33.964285714285715 2.379953125
34.0 2.379953125
34.035714285714285 2.379953125
34.07142857142857 2.379953125
34.107142857142854 2.379953125
34.142857142857146 2.379953125
34.17857142857143 2.379953125
34.214285714285715 2.379953125
34.25 2.379953125
34.285714285714285 2.379953125
34.32142857142857 2.379953125
34.357142857142854 2.379953125
34.392857142857146 2.379953125
34.42857142857143 2.379953125
34.464285714285715 2.379953125
34.5 2.379953125
34.535714285714285 2.379953125
34.57142857142857 2.379953125
34.857142857142854 2.3976875000000004
34.892857142857146 2.3976875000000004
34.92857142857143 2.3976875000000004
34.964285714285715 2.3976875000000004
35.0 2.3976875000000004
35.035714285714285 2.3941406250000004
35.07142857142857 2.3976875000000004
35.107142857142854 2.3941406250000004
35.142857142857146 2.3941406250000004
35.17857142857143 2.3941406250000004
35.214285714285715 2.3941406250000004
35.25 2.3941406250000004
35.285714285714285 2.3941406250000004
35.32142857142857 2.3976875000000004
35.357142857142854 2.3976875000000004
35.392857142857146 2.3976875000000004
35.42857142857143 2.3941406250000004
35.464285714285715 2.3976875000000004
35.5 2.3976875000000004
35.535714285714285 2.3976875000000004
35.57142857142857 2.3976875000000004
35.607142857142854 2.3976875000000004
35.642857142857146 2.3976875000000004
35.67857142857143 2.3976875000000004
35.964285714285715 2.408328125
36.0 2.40478125
36.035714285714285 2.40478125
36.07142857142857 2.40478125
36.107142857142854 2.40478125
36.142857142857146 2.40478125
36.17857142857143 2.40478125
36.214285714285715 2.40478125
36.25 2.40478125
36.285714285714285 2.40478125
36.32142857142857 2.40478125
36.357142857142854 2.40478125
36.392857142857146 2.40478125
36.42857142857143 2.408328125
36.464285714285715 2.40478125
36.5 2.40478125
36.535714285714285 2.408328125
36.57142857142857 2.408328125
36.607142857142854 2.408328125
36.642857142857146 2.408328125
36.67857142857143 2.408328125
36.714285714285715 2.408328125
36.75 2.408328125
36.785714285714285 2.408328125
37.07142857142857 2.4225156250000004
37.107142857142854 2.4189687500000003
37.142857142857146 2.4189687500000003
37.17857142857143 2.4189687500000003
37.214285714285715 2.4189687500000003
37.25 2.4189687500000003
37.285714285714285 2.4189687500000003
37.32142857142857 2.4189687500000003
37.357142857142854 2.4189687500000003
37.392857142857146 2.4189687500000003
37.42857142857143 2.4189687500000003
37.464285714285715 2.4189687500000003
37.5 2.4189687500000003
37.535714285714285 2.4189687500000003
37.57142857142857 2.4189687500000003
37.607142857142854 2.4189687500000003
37.642857142857146 2.4189687500000003
37.67857142857143 2.4189687500000003
37.714285714285715 2.4225156250000004
37.75 2.4225156250000004
37.785714285714285 2.4225156250000004
37.82142857142857 2.4189687500000003
37.857142857142854 2.4189687500000003
37.892857142857146 2.4189687500000003
38.17857142857143 2.4402500000000003
38.214285714285715 2.4402500000000003
38.25 2.436703125
38.285714285714285 2.436703125
38.32142857142857 2.436703125
38.357142857142854 2.436703125
38.392857142857146 2.436703125
38.42857142857143 2.436703125
38.464285714285715 2.436703125
38.5 2.4402500000000003
38.535714285714285 2.436703125
38.57142857142857 2.4402500000000003
38.607142857142854 2.436703125
38.642857142857146 2.436703125
38.67857142857143 2.4402500000000003
38.714285714285715 2.4402500000000003
38.75 2.4402500000000003
38.785714285714285 2.436703125
38.82142857142857 2.4402500000000003
38.857142857142854 2.4402500000000003
38.892857142857146 2.4402500000000003
38.92857142857143 2.4402500000000003
38.964285714285715 2.4402500000000003
39.0 2.4402500000000003
39.285714285714285 2.507640625
39.32142857142857 2.4473437500000004
39.357142857142854 2.4473437500000004
39.392857142857146 2.4473437500000004
39.42857142857143 2.4473437500000004
39.464285714285715 2.4473437500000004
39.5 2.4473437500000004
39.535714285714285 2.4473437500000004
39.57142857142857 2.4473437500000004
39.607142857142854 2.4473437500000004
39.642857142857146 2.4473437500000004
39.67857142857143 2.4473437500000004
39.714285714285715 2.4473437500000004
39.75 2.4473437500000004
39.785714285714285 2.4473437500000004
39.82142857142857 2.4473437500000004
39.857142857142854 2.4473437500000004
39.892857142857146 2.4473437500000004
