0.03571428571428571 2.842875
0.07142857142857142 2.8393124999999997
0.10714285714285714 2.8250624999999996
0.14285714285714285 2.8286249999999997
0.17857142857142858 2.83575
0.21428571428571427 2.83575
0.25 2.83575
0.2857142857142857 2.8393124999999997
0.32142857142857145 2.8393124999999997
0.35714285714285715 2.8393124999999997
0.39285714285714285 2.8393124999999997
0.42857142857142855 2.8393124999999997
0.4642857142857143 2.8393124999999997
0.5 2.8393124999999997
0.5357142857142857 2.8393124999999997
0.5714285714285714 2.8393124999999997
0.6071428571428571 2.842875
0.6428571428571429 2.8464375
0.6785714285714286 2.8179374999999998
0.7142857142857143 2.8286249999999997
0.75 2.83575
0.7857142857142857 2.83575
0.8214285714285714 2.8393124999999997
0.8571428571428571 2.8393124999999997
0.8928571428571429 2.8393124999999997
0.9285714285714286 2.8393124999999997
0.9642857142857143 2.8393124999999997
1.0 2.8393124999999997
1.0357142857142858 2.8393124999999997
1.0714285714285714 2.8393124999999997
1.1071428571428572 2.842875
1.1428571428571428 2.8393124999999997
1.1785714285714286 2.8393124999999997
1.2142857142857142 2.842875
1.25 2.8393124999999997
1.2857142857142858 2.8250624999999996
1.3214285714285714 2.8321875
1.3571428571428572 2.83575
1.3928571428571428 2.83575
1.4285714285714286 2.83575
1.4642857142857142 2.8393124999999997
1.5 2.83575
1.5357142857142858 2.83575
1.5714285714285714 2.83575
1.6071428571428572 2.8393124999999997
1.6428571428571428 2.8393124999999997
1.6785714285714286 2.8393124999999997
1.7142857142857142 2.8393124999999997
1.75 2.8393124999999997
1.7857142857142858 2.842875
1.8214285714285714 2.842875
1.8571428571428572 2.8250624999999996
1.8928571428571428 2.8286249999999997
1.9285714285714286 2.8321875
1.9642857142857142 2.83575
2.0 2.83575
2.0357142857142856 2.83575
2.0714285714285716 2.8393124999999997
2.107142857142857 2.8393124999999997
2.142857142857143 2.8393124999999997
2.1785714285714284 2.8393124999999997
2.2142857142857144 2.8393124999999997
2.25 2.8393124999999997
2.2857142857142856 2.8393124999999997
2.3214285714285716 2.8393124999999997
2.392857142857143 2.8464375
2.4285714285714284 2.8393124999999997
2.4642857142857144 2.8250624999999996
2.5 2.8286249999999997
2.5357142857142856 2.8321875
2.5714285714285716 2.8321875
2.607142857142857 2.8321875
2.642857142857143 2.83575
2.6785714285714284 2.83575
2.7142857142857144 2.83575
2.75 2.83575
2.7857142857142856 2.83575
2.8214285714285716 2.83575
2.857142857142857 2.83575
2.892857142857143 2.83575
2.9285714285714284 2.8393124999999997
2.9642857142857144 2.8393124999999997
3.0 2.8393124999999997
3.0357142857142856 2.8286249999999997
3.0714285714285716 2.8250624999999996
3.107142857142857 2.8321875
3.142857142857143 2.8321875
3.1785714285714284 2.8321875
3.2142857142857144 2.83575
3.25 2.83575
3.2857142857142856 2.83575
3.3214285714285716 2.83575
3.357142857142857 2.83575
3.392857142857143 2.83575
3.4285714285714284 2.83575
3.4642857142857144 2.83575
3.5 2.83575
3.5357142857142856 2.8393124999999997
3.5714285714285716 2.8393124999999997
3.607142857142857 2.8286249999999997
3.642857142857143 2.8250624999999996
3.6785714285714284 2.8286249999999997
3.7142857142857144 2.8321875
3.75 2.83575
3.7857142857142856 2.8393124999999997
3.8214285714285716 2.83575
3.857142857142857 2.83575
3.892857142857143 2.8393124999999997
3.9285714285714284 2.8393124999999997
3.9642857142857144 2.8393124999999997
4.0 2.8393124999999997
4.035714285714286 2.8393124999999997
4.071428571428571 2.8393124999999997
4.107142857142857 2.842875
4.142857142857143 2.842875
4.178571428571429 2.842875
4.214285714285714 2.8286249999999997
4.25 2.8286249999999997
4.285714285714286 2.8321875
4.321428571428571 2.8321875
4.357142857142857 2.83575
4.392857142857143 2.83575
4.428571428571429 2.83575
4.464285714285714 2.83575
4.5 2.83575
4.535714285714286 2.8393124999999997
4.571428571428571 2.83575
4.607142857142857 2.8393124999999997
4.642857142857143 2.8393124999999997
4.678571428571429 2.8393124999999997
4.714285714285714 2.8393124999999997
4.75 2.842875
4.785714285714286 2.8250624999999996
4.821428571428571 2.83575
4.857142857142857 2.8286249999999997
4.892857142857143 2.8286249999999997
4.928571428571429 2.8286249999999997
4.964285714285714 2.8286249999999997
5.0 2.8286249999999997
5.035714285714286 2.8321875
5.071428571428571 2.8286249999999997
5.107142857142857 2.8286249999999997
5.142857142857143 2.8286249999999997
5.178571428571429 2.8286249999999997
5.214285714285714 2.8286249999999997
5.25 2.8286249999999997
5.285714285714286 2.8286249999999997
5.321428571428571 2.8286249999999997
5.357142857142857 2.8286249999999997
5.392857142857143 2.8250624999999996
5.428571428571429 2.8215
5.464285714285714 2.8215
5.5 2.8215
5.535714285714286 2.8215
5.571428571428571 2.8215
5.607142857142857 2.8215
5.642857142857143 2.8215
5.678571428571429 2.8179374999999998
5.714285714285714 2.8179374999999998
5.75 2.8179374999999998
5.785714285714286 2.8179374999999998
5.821428571428571 2.8179374999999998
5.857142857142857 2.8179374999999998
5.892857142857143 2.8215
5.928571428571429 2.8215
5.964285714285714 2.8143749999999996
6.0 2.8143749999999996
6.035714285714286 2.8143749999999996
6.071428571428571 2.8143749999999996
6.107142857142857 2.8143749999999996
6.142857142857143 2.8143749999999996
6.178571428571429 2.8143749999999996
6.214285714285714 2.8143749999999996
6.25 2.8143749999999996
6.285714285714286 2.8143749999999996
6.321428571428571 2.8143749999999996
6.357142857142857 2.8143749999999996
6.392857142857143 2.8143749999999996
6.428571428571429 2.8143749999999996
6.464285714285714 2.8108125
6.5 2.8108125
6.535714285714286 2.800125
6.571428571428571 2.80725
6.607142857142857 2.80725
6.642857142857143 2.80725
6.678571428571429 2.80725
6.714285714285714 2.80725
6.75 2.80725
6.785714285714286 2.80725
6.821428571428571 2.80725
6.857142857142857 2.80725
6.892857142857143 2.80725
6.928571428571429 2.80725
6.964285714285714 2.80725
7.0 2.80725
7.035714285714286 2.80725
7.071428571428571 2.80725
7.107142857142857 2.80725
7.142857142857143 2.7965625
7.178571428571429 2.800125
7.214285714285714 2.800125
7.25 2.800125
7.285714285714286 2.8036874999999997
7.321428571428571 2.800125
7.357142857142857 2.800125
7.392857142857143 2.8036874999999997
7.428571428571429 2.8036874999999997
7.464285714285714 2.8036874999999997
7.5 2.800125
7.535714285714286 2.800125
7.571428571428571 2.800125
7.607142857142857 2.800125
7.678571428571429 2.8036874999999997
7.714285714285714 2.8036874999999997
7.75 2.7965625
7.785714285714286 2.7965625
7.821428571428571 2.7965625
7.857142857142857 2.800125
7.892857142857143 2.800125
7.928571428571429 2.800125
7.964285714285714 2.800125
8.0 2.800125
8.035714285714286 2.800125
8.071428571428571 2.800125
8.107142857142858 2.800125
8.142857142857142 2.800125
8.178571428571429 2.800125
8.214285714285714 2.800125
8.25 2.800125
8.285714285714286 2.800125
8.321428571428571 2.7929999999999997
8.357142857142858 2.7965625
8.392857142857142 2.800125
8.428571428571429 2.800125
8.464285714285714 2.800125
8.5 2.800125
8.535714285714286 2.8036874999999997
8.571428571428571 2.800125
8.607142857142858 2.800125
8.642857142857142 2.800125
8.678571428571429 2.800125
8.714285714285714 2.800125
8.75 2.800125
8.821428571428571 2.800125
8.857142857142858 2.8036874999999997
8.892857142857142 2.7894375
8.928571428571429 2.7965625
8.964285714285714 2.7965625
9.0 2.800125
9.035714285714286 2.800125
9.071428571428571 2.800125
9.107142857142858 2.800125
9.142857142857142 2.800125
9.178571428571429 2.800125
9.214285714285714 2.800125
9.25 2.800125
9.285714285714286 2.800125
9.321428571428571 2.800125
9.357142857142858 2.800125
9.428571428571429 2.800125
9.464285714285714 2.800125
9.5 2.7965625
9.535714285714286 2.7929999999999997
9.571428571428571 2.7965625
9.607142857142858 2.7965625
9.642857142857142 2.7965625
9.678571428571429 2.7965625
9.714285714285714 2.7965625
9.75 2.7965625
9.785714285714286 2.7965625
9.821428571428571 2.7965625
9.857142857142858 2.7965625
9.892857142857142 2.7965625
9.928571428571429 2.7965625
9.964285714285714 2.7965625
10.0 2.800125
10.035714285714286 2.7965625
10.071428571428571 2.800125
10.107142857142858 2.7929999999999997
10.142857142857142 2.7929999999999997
10.178571428571429 2.7965625
10.214285714285714 2.7965625
10.25 2.7965625
10.285714285714286 2.7965625
10.321428571428571 2.7965625
10.357142857142858 2.7965625
10.392857142857142 2.7965625
10.428571428571429 2.7965625
10.464285714285714 2.7965625
10.5 2.7965625
10.535714285714286 2.7965625
10.607142857142858 2.800125
10.642857142857142 2.800125
10.678571428571429 2.7965625
10.714285714285714 2.7929999999999997
10.75 2.7965625
10.785714285714286 2.7965625
10.821428571428571 2.7965625
10.857142857142858 2.7965625
10.892857142857142 2.7965625
10.928571428571429 2.7965625
10.964285714285714 2.7965625
11.0 2.7965625
11.035714285714286 2.7965625
11.071428571428571 2.7965625
11.107142857142858 2.7965625
11.142857142857142 2.7929999999999997
11.178571428571429 2.7965625
11.214285714285714 2.800125
11.25 2.7929999999999997
11.285714285714286 2.7929999999999997
11.321428571428571 2.7894375
11.357142857142858 2.7929999999999997
11.392857142857142 2.7929999999999997
11.428571428571429 2.7929999999999997
11.464285714285714 2.7929999999999997
11.5 2.7929999999999997
11.535714285714286 2.7929999999999997
11.571428571428571 2.7929999999999997
11.607142857142858 2.7929999999999997
11.642857142857142 2.7929999999999997
11.678571428571429 2.7929999999999997
11.714285714285714 2.7929999999999997
11.785714285714286 2.7929999999999997
11.821428571428571 2.7965625
11.857142857142858 2.785875
11.892857142857142 2.7823124999999997
11.928571428571429 2.785875
11.964285714285714 2.785875
12.0 2.7894375
12.035714285714286 2.7929999999999997
12.071428571428571 2.7894375
12.107142857142858 2.7894375
12.142857142857142 2.7894375
12.178571428571429 2.7894375
12.214285714285714 2.7894375
12.25 2.7894375
12.285714285714286 2.7894375
12.321428571428571 2.7894375
12.392857142857142 2.7929999999999997
12.428571428571429 2.7894375
12.464285714285714 2.7823124999999997
12.5 2.7823124999999997
12.535714285714286 2.7823124999999997
12.571428571428571 2.785875
12.607142857142858 2.7894375
12.642857142857142 2.7894375
12.678571428571429 2.7894375
12.714285714285714 2.7894375
12.75 2.7894375
12.785714285714286 2.7894375
12.821428571428571 2.7894375
12.857142857142858 2.7894375
12.892857142857142 2.7894375
12.928571428571429 2.7894375
12.964285714285714 2.7929999999999997
13.0 2.7929999999999997
13.035714285714286 2.7823124999999997
13.071428571428571 2.7823124999999997
13.107142857142858 2.785875
13.142857142857142 2.785875
13.178571428571429 2.7894375
13.214285714285714 2.7894375
13.25 2.7929999999999997
13.285714285714286 2.7894375
13.321428571428571 2.7894375
13.357142857142858 2.7894375
13.392857142857142 2.7894375
13.428571428571429 2.7894375
13.464285714285714 2.7894375
13.5 2.7894375
13.535714285714286 2.7894375
13.571428571428571 2.7929999999999997
13.607142857142858 2.7823124999999997
13.642857142857142 2.7787499999999996
13.678571428571429 2.7787499999999996
13.714285714285714 2.785875
13.75 2.785875
13.785714285714286 2.785875
13.821428571428571 2.785875
13.857142857142858 2.785875
13.892857142857142 2.785875
13.928571428571429 2.785875
13.964285714285714 2.785875
14.0 2.7823124999999997
14.035714285714286 2.7823124999999997
14.071428571428571 2.7823124999999997
14.107142857142858 2.785875
14.142857142857142 2.785875
14.178571428571429 2.7894375
14.214285714285714 2.7787499999999996
14.25 2.7751875
14.285714285714286 2.7787499999999996
14.321428571428571 2.7823124999999997
14.357142857142858 2.7823124999999997
14.392857142857142 2.7823124999999997
14.428571428571429 2.7823124999999997
14.464285714285714 2.7823124999999997
14.5 2.7823124999999997
14.535714285714286 2.7823124999999997
14.571428571428571 2.7823124999999997
14.607142857142858 2.7823124999999997
14.642857142857142 2.7823124999999997
14.678571428571429 2.7823124999999997
14.75 2.785875
14.785714285714286 2.7680624999999996
14.821428571428571 2.771625
14.857142857142858 2.771625
14.892857142857142 2.7751875
14.928571428571429 2.7751875
14.964285714285714 2.7787499999999996
15.0 2.7787499999999996
15.035714285714286 2.7787499999999996
15.071428571428571 2.7787499999999996
15.107142857142858 2.7787499999999996
15.142857142857142 2.7787499999999996
15.178571428571429 2.7787499999999996
15.214285714285714 2.7787499999999996
15.25 2.7751875
15.285714285714286 2.7787499999999996
15.321428571428571 2.7787499999999996
15.357142857142858 2.7751875
15.392857142857142 2.7680624999999996
15.428571428571429 2.7680624999999996
15.464285714285714 2.7680624999999996
15.5 2.771625
15.535714285714286 2.771625
15.571428571428571 2.771625
15.607142857142858 2.7751875
15.642857142857142 2.7751875
15.678571428571429 2.7751875
15.714285714285714 2.7751875
15.75 2.7751875
15.785714285714286 2.7751875
15.821428571428571 2.7751875
15.892857142857142 2.7751875
15.928571428571429 2.7751875
15.964285714285714 2.75025
16.0 2.7609375
16.035714285714285 2.7645
16.071428571428573 2.7645
16.107142857142858 2.7680624999999996
16.142857142857142 2.7680624999999996
16.178571428571427 2.7680624999999996
16.214285714285715 2.7680624999999996
16.25 2.7680624999999996
16.285714285714285 2.7680624999999996
16.321428571428573 2.7680624999999996
16.357142857142858 2.7680624999999996
16.392857142857142 2.7680624999999996
16.428571428571427 2.7680624999999996
16.464285714285715 2.7680624999999996
16.535714285714285 2.7609375
16.571428571428573 2.7680624999999996
16.607142857142858 2.7645
16.642857142857142 2.7680624999999996
16.678571428571427 2.7680624999999996
16.714285714285715 2.771625
16.75 2.771625
16.785714285714285 2.771625
16.821428571428573 2.771625
16.857142857142858 2.771625
16.892857142857142 2.7751875
16.928571428571427 2.7751875
16.964285714285715 2.771625
17.0 2.771625
17.035714285714285 2.771625
17.107142857142858 2.7823124999999997
17.142857142857142 2.7680624999999996
17.178571428571427 2.771625
17.214285714285715 2.771625
17.25 2.7751875
17.285714285714285 2.7787499999999996
17.321428571428573 2.7787499999999996
17.357142857142858 2.7787499999999996
17.392857142857142 2.7787499999999996
17.428571428571427 2.7787499999999996
17.464285714285715 2.7787499999999996
17.5 2.7787499999999996
17.535714285714285 2.7787499999999996
17.571428571428573 2.7787499999999996
17.678571428571427 2.7823124999999997
17.714285714285715 2.7894375
17.75 2.7751875
17.785714285714285 2.7751875
17.821428571428573 2.7787499999999996
17.857142857142858 2.7823124999999997
17.892857142857142 2.7823124999999997
17.928571428571427 2.7823124999999997
17.964285714285715 2.785875
18.0 2.7823124999999997
18.035714285714285 2.785875
18.071428571428573 2.7823124999999997
18.107142857142858 2.7823124999999997
18.142857142857142 2.7823124999999997
18.178571428571427 2.7823124999999997
18.214285714285715 2.7823124999999997
18.25 2.7823124999999997
18.285714285714285 2.7894375
18.321428571428573 2.771625
18.357142857142858 2.7680624999999996
18.392857142857142 2.771625
18.428571428571427 2.7751875
18.464285714285715 2.7751875
18.5 2.7751875
18.535714285714285 2.7751875
18.571428571428573 2.7787499999999996
18.607142857142858 2.7751875
18.642857142857142 2.7751875
18.678571428571427 2.7751875
18.714285714285715 2.7751875
18.75 2.7751875
18.821428571428573 2.7751875
18.857142857142858 2.7751875
18.892857142857142 2.7645
18.928571428571427 2.7680624999999996
18.964285714285715 2.7645
19.0 2.7680624999999996
19.035714285714285 2.7680624999999996
19.071428571428573 2.7680624999999996
19.107142857142858 2.7680624999999996
19.142857142857142 2.771625
19.178571428571427 2.771625
19.214285714285715 2.7680624999999996
19.25 2.771625
19.285714285714285 2.7680624999999996
19.321428571428573 2.7680624999999996
19.357142857142858 2.7680624999999996
19.392857142857142 2.7680624999999996
19.428571428571427 2.771625
19.464285714285715 2.7751875
19.5 2.7680624999999996
19.535714285714285 2.7680624999999996
19.571428571428573 2.7680624999999996
19.607142857142858 2.771625
19.642857142857142 2.771625
19.678571428571427 2.771625
19.714285714285715 2.771625
19.75 2.771625
19.785714285714285 2.771625
19.821428571428573 2.771625
19.857142857142858 2.771625
19.892857142857142 2.771625
19.928571428571427 2.771625
20.0 2.7751875
20.035714285714285 2.7751875
20.071428571428573 2.7787499999999996
20.107142857142858 2.771625
20.142857142857142 2.7680624999999996
20.178571428571427 2.771625
20.214285714285715 2.7751875
20.25 2.7751875
20.285714285714285 2.7751875
20.321428571428573 2.7751875
20.357142857142858 2.7751875
20.392857142857142 2.7751875
20.428571428571427 2.7751875
20.464285714285715 2.7751875
20.5 2.7751875
20.571428571428573 2.771625
20.642857142857142 2.7787499999999996
20.678571428571427 2.771625
20.714285714285715 2.7680624999999996
20.75 2.771625
20.785714285714285 2.771625
20.821428571428573 2.7751875
20.857142857142858 2.7751875
20.892857142857142 2.7751875
20.928571428571427 2.7751875
20.964285714285715 2.7751875
21.0 2.7751875
21.035714285714285 2.771625
21.071428571428573 2.7751875
21.107142857142858 2.7751875
21.178571428571427 2.7751875
21.214285714285715 2.7787499999999996
21.25 2.771625
21.285714285714285 2.771625
21.321428571428573 2.771625
21.357142857142858 2.7751875
21.392857142857142 2.7751875
21.428571428571427 2.7751875
21.464285714285715 2.7787499999999996
21.5 2.7751875
21.535714285714285 2.7751875
21.571428571428573 2.7751875
21.607142857142858 2.7751875
21.642857142857142 2.7751875
21.678571428571427 2.7751875
21.714285714285715 2.7751875
21.75 2.7751875
21.785714285714285 2.7751875
21.821428571428573 2.7787499999999996
21.857142857142858 2.771625
21.892857142857142 2.771625
21.928571428571427 2.771625
21.964285714285715 2.771625
22.0 2.7751875
22.035714285714285 2.7751875
22.071428571428573 2.7751875
22.107142857142858 2.7751875
22.142857142857142 2.7751875
22.178571428571427 2.771625
22.214285714285715 2.7751875
22.25 2.7751875
22.285714285714285 2.7751875
22.321428571428573 2.771625
22.392857142857142 2.7787499999999996
22.428571428571427 2.7823124999999997
22.464285714285715 2.771625
22.5 2.771625
22.535714285714285 2.771625
22.571428571428573 2.7751875
22.607142857142858 2.7751875
22.642857142857142 2.7787499999999996
22.678571428571427 2.7787499999999996
22.714285714285715 2.7751875
22.75 2.7751875
22.785714285714285 2.7751875
22.821428571428573 2.7751875
22.857142857142858 2.7751875
22.928571428571427 2.7751875
22.964285714285715 2.7787499999999996
23.0 2.7787499999999996
23.035714285714285 2.7680624999999996
23.071428571428573 2.7645
23.107142857142858 2.7680624999999996
23.142857142857142 2.7680624999999996
23.178571428571427 2.771625
23.214285714285715 2.771625
23.25 2.771625
23.285714285714285 2.771625
23.321428571428573 2.771625
23.357142857142858 2.7680624999999996
23.392857142857142 2.771625
23.428571428571427 2.7680624999999996
23.464285714285715 2.7680624999999996
23.5 2.7680624999999996
23.535714285714285 2.771625
23.571428571428573 2.7751875
23.607142857142858 2.7680624999999996
23.642857142857142 2.7645
23.678571428571427 2.7645
23.714285714285715 2.7645
23.75 2.7680624999999996
23.785714285714285 2.7680624999999996
23.821428571428573 2.7680624999999996
23.857142857142858 2.7680624999999996
23.892857142857142 2.7680624999999996
23.928571428571427 2.7680624999999996
23.964285714285715 2.7680624999999996
24.0 2.7680624999999996
24.035714285714285 2.7680624999999996
24.071428571428573 2.7680624999999996
24.107142857142858 2.771625
24.142857142857142 2.771625
24.178571428571427 2.771625
24.214285714285715 2.7573749999999997
24.25 2.7609375
24.285714285714285 2.7609375
24.321428571428573 2.7609375
24.357142857142858 2.7645
24.392857142857142 2.7645
24.428571428571427 2.7645
24.464285714285715 2.7645
24.5 2.7645
24.535714285714285 2.7645
24.571428571428573 2.7645
24.607142857142858 2.7645
24.642857142857142 2.7645
24.678571428571427 2.7645
24.75 2.771625
24.785714285714285 2.7538125
24.821428571428573 2.7573749999999997
24.857142857142858 2.7573749999999997
24.892857142857142 2.7573749999999997
24.928571428571427 2.7573749999999997
24.964285714285715 2.7573749999999997
25.0 2.7609375
25.035714285714285 2.7609375
25.071428571428573 2.7609375
25.107142857142858 2.7609375
25.142857142857142 2.7609375
25.178571428571427 2.7609375
25.214285714285715 2.7609375
25.25 2.7609375
25.285714285714285 2.7645
25.321428571428573 2.7645
25.357142857142858 2.7645
25.392857142857142 2.7538125
25.428571428571427 2.75025
25.464285714285715 2.75025
25.5 2.75025
25.535714285714285 2.75025
25.571428571428573 2.75025
25.607142857142858 2.75025
25.642857142857142 2.7538125
25.678571428571427 2.7538125
25.714285714285715 2.7538125
25.75 2.7538125
25.785714285714285 2.7538125
25.821428571428573 2.7538125
25.857142857142858 2.7538125
25.892857142857142 2.7573749999999997
25.928571428571427 2.7573749999999997
25.964285714285715 2.7359999999999998
26.0 2.7466874999999997
26.035714285714285 2.7466874999999997
26.071428571428573 2.7466874999999997
26.107142857142858 2.7466874999999997
26.142857142857142 2.7466874999999997
26.178571428571427 2.7466874999999997
26.214285714285715 2.7466874999999997
26.25 2.7466874999999997
26.285714285714285 2.7466874999999997
26.321428571428573 2.75025
26.357142857142858 2.75025
26.392857142857142 2.75025
26.428571428571427 2.75025
26.464285714285715 2.75025
26.5 2.7538125
26.535714285714285 2.7431249999999996
26.571428571428573 2.7359999999999998
26.607142857142858 2.7359999999999998
26.642857142857142 2.7395625
26.678571428571427 2.7395625
26.714285714285715 2.7395625
26.75 2.7395625
26.785714285714285 2.7395625
26.821428571428573 2.7395625
26.857142857142858 2.7395625
26.892857142857142 2.7431249999999996
26.928571428571427 2.7431249999999996
26.964285714285715 2.7431249999999996
27.0 2.7431249999999996
27.035714285714285 2.7431249999999996
27.071428571428573 2.7466874999999997
27.107142857142858 2.7466874999999997
27.142857142857142 2.7217499999999997
27.178571428571427 2.728875
27.214285714285715 2.728875
27.25 2.7324374999999996
27.285714285714285 2.7324374999999996
27.321428571428573 2.7324374999999996
27.357142857142858 2.7324374999999996
27.392857142857142 2.7324374999999996
27.428571428571427 2.7324374999999996
27.464285714285715 2.7324374999999996
27.5 2.7359999999999998
27.535714285714285 2.7359999999999998
27.571428571428573 2.7359999999999998
27.607142857142858 2.7359999999999998
27.642857142857142 2.7395625
27.678571428571427 2.7395625
27.714285714285715 2.7217499999999997
27.75 2.7217499999999997
27.785714285714285 2.7217499999999997
27.821428571428573 2.7217499999999997
27.857142857142858 2.7217499999999997
27.892857142857142 2.7217499999999997
27.928571428571427 2.7253125
27.964285714285715 2.7253125
28.0 2.7253125
28.035714285714285 2.7253125
28.071428571428573 2.7253125
28.107142857142858 2.7253125
28.142857142857142 2.7253125
28.178571428571427 2.7253125
28.214285714285715 2.7253125
28.25 2.7324374999999996
28.285714285714285 2.728875
28.321428571428573 2.7075
28.357142857142858 2.7075
28.392857142857142 2.7075
28.428571428571427 2.7075
28.464285714285715 2.7075
28.5 2.7075
28.535714285714285 2.7075
28.571428571428573 2.7075
28.607142857142858 2.7075
28.642857142857142 2.7075
28.678571428571427 2.7110624999999997
28.714285714285715 2.7110624999999997
28.75 2.7110624999999997
28.821428571428573 2.7110624999999997
28.857142857142858 2.7110624999999997
28.892857142857142 2.69325
28.928571428571427 2.7003749999999997
28.964285714285715 2.7003749999999997
29.0 2.7003749999999997
29.035714285714285 2.7003749999999997
29.071428571428573 2.7003749999999997
29.107142857142858 2.7039375
29.142857142857142 2.7039375
29.178571428571427 2.7039375
29.214285714285715 2.7039375
29.25 2.7039375
29.285714285714285 2.7039375
29.321428571428573 2.7039375
29.357142857142858 2.7039375
29.392857142857142 2.7075
29.428571428571427 2.7075
29.464285714285715 2.7075
29.5 2.6968124999999996
29.535714285714285 2.6896875
29.571428571428573 2.6896875
29.607142857142858 2.6896875
29.642857142857142 2.6896875
29.678571428571427 2.6896875
29.714285714285715 2.6896875
29.75 2.6896875
29.785714285714285 2.6896875
29.821428571428573 2.6896875
29.857142857142858 2.6896875
29.892857142857142 2.6896875
29.928571428571427 2.6896875
29.964285714285715 2.6896875
30.0 2.69325
30.035714285714285 2.69325
30.071428571428573 2.6861249999999997
30.107142857142858 2.6861249999999997
30.142857142857142 2.6861249999999997
30.178571428571427 2.6861249999999997
30.214285714285715 2.6861249999999997
30.25 2.6861249999999997
30.285714285714285 2.6861249999999997
30.321428571428573 2.6861249999999997
30.357142857142858 2.6861249999999997
30.392857142857142 2.6861249999999997
30.428571428571427 2.6861249999999997
30.464285714285715 2.6861249999999997
30.5 2.6861249999999997
30.535714285714285 2.6861249999999997
30.571428571428573 2.6861249999999997
30.607142857142858 2.6896875
30.642857142857142 2.679
30.678571428571427 2.6825625
30.714285714285715 2.679
30.75 2.679
30.785714285714285 2.679
30.821428571428573 2.679
30.857142857142858 2.679
30.892857142857142 2.679
30.928571428571427 2.6825625
30.964285714285715 2.679
31.0 2.6825625
31.035714285714285 2.679
31.071428571428573 2.679
31.107142857142858 2.679
31.142857142857142 2.679
31.178571428571427 2.679
31.214285714285715 2.679
31.25 2.6754374999999997
31.285714285714285 2.6754374999999997
31.321428571428573 2.6754374999999997
31.357142857142858 2.6754374999999997
31.392857142857142 2.6754374999999997
31.428571428571427 2.6754374999999997
31.464285714285715 2.6754374999999997
31.5 2.6754374999999997
31.535714285714285 2.6754374999999997
31.571428571428573 2.6754374999999997
31.607142857142858 2.6754374999999997
31.642857142857142 2.6754374999999997
31.678571428571427 2.6754374999999997
31.714285714285715 2.6754374999999997
31.75 2.679
31.785714285714285 2.6825625
31.821428571428573 2.679
31.857142857142858 2.6683125
31.892857142857142 2.6683125
31.928571428571427 2.671875
31.964285714285715 2.671875
32.0 2.671875
32.035714285714285 2.671875
32.07142857142857 2.671875
32.107142857142854 2.671875
32.142857142857146 2.671875
32.17857142857143 2.671875
32.214285714285715 2.671875
32.25 2.671875
32.285714285714285 2.671875
32.357142857142854 2.6754374999999997
32.392857142857146 2.679
32.42857142857143 2.6647499999999997
32.464285714285715 2.6647499999999997
32.5 2.6647499999999997
32.535714285714285 2.6647499999999997
32.57142857142857 2.6647499999999997
32.607142857142854 2.6611874999999996
32.642857142857146 2.6611874999999996
32.67857142857143 2.6611874999999996
32.714285714285715 2.6647499999999997
32.75 2.6647499999999997
32.785714285714285 2.6647499999999997
32.82142857142857 2.6647499999999997
32.857142857142854 2.6647499999999997
32.892857142857146 2.6647499999999997
32.92857142857143 2.6683125
32.964285714285715 2.6647499999999997
33.0 2.6611874999999996
33.035714285714285 2.6611874999999996
33.07142857142857 2.657625
33.107142857142854 2.6611874999999996
33.142857142857146 2.657625
33.17857142857143 2.657625
33.214285714285715 2.657625
33.25 2.657625
33.285714285714285 2.657625
33.32142857142857 2.657625
33.357142857142854 2.657625
33.392857142857146 2.657625
33.42857142857143 2.657625
33.464285714285715 2.657625
33.535714285714285 2.6611874999999996
33.57142857142857 2.6647499999999997
33.607142857142854 2.657625
33.642857142857146 2.657625
33.67857142857143 2.657625
33.714285714285715 2.657625
33.75 2.657625
33.785714285714285 2.657625
33.82142857142857 2.657625
33.857142857142854 2.657625
33.892857142857146 2.657625
33.92857142857143 2.657625
33.964285714285715 2.657625
34.0 2.657625
34.035714285714285 2.657625
34.07142857142857 2.657625
34.107142857142854 2.6611874999999996
34.142857142857146 2.6611874999999996
34.17857142857143 2.657625
34.214285714285715 2.6504999999999996
34.25 2.6540624999999998
34.285714285714285 2.6540624999999998
34.32142857142857 2.657625
34.357142857142854 2.657625
34.392857142857146 2.657625
34.42857142857143 2.6540624999999998
34.464285714285715 2.6540624999999998
34.5 2.6540624999999998
34.535714285714285 2.6540624999999998
34.57142857142857 2.6540624999999998
34.607142857142854 2.6540624999999998
34.67857142857143 2.6540624999999998
34.75 2.6540624999999998
34.785714285714285 2.63625
34.82142857142857 2.63625
34.857142857142854 2.63625
34.892857142857146 2.6398124999999997
34.92857142857143 2.6398124999999997
34.964285714285715 2.6398124999999997
35.0 2.6398124999999997
35.035714285714285 2.6398124999999997
35.07142857142857 2.6398124999999997
35.107142857142854 2.6398124999999997
35.142857142857146 2.6398124999999997
35.17857142857143 2.6398124999999997
35.214285714285715 2.6398124999999997
35.25 2.6398124999999997
35.285714285714285 2.643375
35.32142857142857 2.6469375
35.357142857142854 2.63625
35.392857142857146 2.6326875
35.42857142857143 2.6326875
35.464285714285715 2.63625
35.5 2.6398124999999997
35.535714285714285 2.6398124999999997
35.57142857142857 2.6398124999999997
35.607142857142854 2.6398124999999997
35.642857142857146 2.6398124999999997
35.67857142857143 2.6398124999999997
35.714285714285715 2.6398124999999997
35.75 2.6398124999999997
35.785714285714285 2.6398124999999997
35.82142857142857 2.6398124999999997
35.857142857142854 2.63625
35.892857142857146 2.63625
35.92857142857143 2.6398124999999997
35.964285714285715 2.622
36.0 2.622
36.035714285714285 2.6255625
36.07142857142857 2.6291249999999997
36.107142857142854 2.6291249999999997
36.142857142857146 2.6326875
36.17857142857143 2.6326875
36.214285714285715 2.6326875
36.25 2.6291249999999997
36.285714285714285 2.6291249999999997
36.32142857142857 2.6291249999999997
36.357142857142854 2.6291249999999997
36.392857142857146 2.6291249999999997
36.42857142857143 2.6291249999999997
36.5 2.6326875
36.535714285714285 2.60775
36.57142857142857 2.6184374999999998
36.607142857142854 2.622
36.642857142857146 2.622
36.67857142857143 2.6255625
36.714285714285715 2.6291249999999997
36.75 2.6291249999999997
36.785714285714285 2.6291249999999997
36.82142857142857 2.6291249999999997
36.857142857142854 2.6291249999999997
36.892857142857146 2.6291249999999997
36.92857142857143 2.6291249999999997
36.964285714285715 2.6291249999999997
37.035714285714285 2.6326875
37.07142857142857 2.6326875
37.107142857142854 2.6326875
37.142857142857146 2.5970625
37.17857142857143 2.5970625
37.214285714285715 2.600625
37.25 2.6041874999999997
37.285714285714285 2.6041874999999997
37.32142857142857 2.60775
37.357142857142854 2.60775
37.392857142857146 2.60775
37.42857142857143 2.60775
37.464285714285715 2.60775
37.5 2.60775
37.535714285714285 2.60775
37.57142857142857 2.60775
37.607142857142854 2.60775
37.642857142857146 2.60775
37.67857142857143 2.6041874999999997
37.714285714285715 2.5756875
37.75 2.5828124999999997
37.785714285714285 2.586375
37.82142857142857 2.5899375
37.857142857142854 2.5934999999999997
37.892857142857146 2.5934999999999997
37.92857142857143 2.5934999999999997
37.964285714285715 2.5934999999999997
38.0 2.5934999999999997
38.035714285714285 2.5934999999999997
38.07142857142857 2.5934999999999997
38.107142857142854 2.5934999999999997
38.142857142857146 2.5934999999999997
38.25 2.5970625
38.285714285714285 2.565
38.32142857142857 2.5721249999999998
38.357142857142854 2.5756875
38.392857142857146 2.5792499999999996
38.42857142857143 2.5792499999999996
38.464285714285715 2.5792499999999996
38.5 2.5792499999999996
38.535714285714285 2.5792499999999996
38.57142857142857 2.5792499999999996
38.607142857142854 2.5792499999999996
38.642857142857146 2.5792499999999996
38.67857142857143 2.5792499999999996
38.714285714285715 2.5792499999999996
38.75 2.5828124999999997
38.785714285714285 2.5828124999999997
38.82142857142857 2.586375
38.857142857142854 2.5792499999999996
38.892857142857146 2.5721249999999998
38.92857142857143 2.5792499999999996
38.964285714285715 2.5828124999999997
39.0 2.586375
39.035714285714285 2.5899375
39.07142857142857 2.5899375
39.107142857142854 2.5899375
39.142857142857146 2.5899375
39.17857142857143 2.5899375
39.214285714285715 2.5899375
39.25 2.5899375
39.285714285714285 2.5899375
39.32142857142857 2.5899375
39.392857142857146 2.5934999999999997
39.42857142857143 2.5934999999999997
39.464285714285715 2.5614375
39.5 2.5685624999999996
39.535714285714285 2.5721249999999998
39.57142857142857 2.5721249999999998
39.607142857142854 2.5721249999999998
39.642857142857146 2.5756875
39.67857142857143 2.5756875
39.714285714285715 2.5756875
39.75 2.5756875
39.785714285714285 2.5756875
39.82142857142857 2.5756875
39.857142857142854 2.5756875
39.892857142857146 2.5756875
