0.03571428571428571 2.2912812500000004
0.07142857142857142 2.2912812500000004
0.10714285714285714 2.2912812500000004
0.14285714285714285 2.2912812500000004
0.17857142857142858 2.2912812500000004
0.21428571428571427 2.2912812500000004
0.25 2.2912812500000004
0.2857142857142857 2.2912812500000004
0.32142857142857145 2.2912812500000004
0.35714285714285715 2.2912812500000004
0.39285714285714285 2.2912812500000004
0.42857142857142855 2.2912812500000004
0.4642857142857143 2.2912812500000004
0.5 2.2912812500000004
0.5357142857142857 2.2912812500000004
0.5714285714285714 2.2912812500000004
0.6071428571428571 2.2912812500000004
0.6428571428571429 2.2912812500000004
0.6785714285714286 2.2912812500000004
0.7142857142857143 2.2912812500000004
0.75 2.2912812500000004
0.7857142857142857 2.2912812500000004
0.8214285714285714 2.2912812500000004
0.8571428571428571 2.2912812500000004
0.8928571428571429 2.2912812500000004
0.9285714285714286 2.2912812500000004
0.9642857142857143 2.2912812500000004
1.0 2.2912812500000004
1.0357142857142858 2.2912812500000004
1.0714285714285714 2.2912812500000004
1.1071428571428572 2.2912812500000004
1.1428571428571428 2.2912812500000004
1.1785714285714286 2.2912812500000004
1.2142857142857142 2.2912812500000004
1.25 2.2912812500000004
1.2857142857142858 2.2912812500000004
1.3214285714285714 2.2912812500000004
1.3571428571428572 2.2912812500000004
1.3928571428571428 2.2912812500000004
1.4285714285714286 2.2912812500000004
1.4642857142857142 2.2912812500000004
1.5 2.2912812500000004
1.5357142857142858 2.2912812500000004
1.5714285714285714 2.2912812500000004
1.6071428571428572 2.2912812500000004
1.6428571428571428 2.2912812500000004
1.6785714285714286 2.2912812500000004
1.7142857142857142 2.2912812500000004
1.75 2.2912812500000004
1.7857142857142858 2.2912812500000004
1.8214285714285714 2.2912812500000004
1.8571428571428572 2.2912812500000004
1.8928571428571428 2.2912812500000004
1.9285714285714286 2.2912812500000004
1.9642857142857142 2.2912812500000004
2.0 2.2912812500000004
2.0357142857142856 2.2912812500000004
2.0714285714285716 2.2912812500000004
2.107142857142857 2.2912812500000004
2.142857142857143 2.2912812500000004
2.1785714285714284 2.2912812500000004
2.2142857142857144 2.2912812500000004
2.25 2.2912812500000004
2.2857142857142856 2.2912812500000004
2.3214285714285716 2.2912812500000004
2.357142857142857 2.2912812500000004
2.392857142857143 2.2912812500000004
2.4285714285714284 2.2912812500000004
2.4642857142857144 2.2912812500000004
2.5 2.2912812500000004
2.5357142857142856 2.2912812500000004
2.5714285714285716 2.2912812500000004
2.607142857142857 2.2912812500000004
2.642857142857143 2.2912812500000004
2.6785714285714284 2.2912812500000004
2.7142857142857144 2.2912812500000004
2.75 2.2912812500000004
2.7857142857142856 2.2912812500000004
2.8214285714285716 2.2912812500000004
2.857142857142857 2.2912812500000004
2.892857142857143 2.2912812500000004
2.9285714285714284 2.2912812500000004
2.9642857142857144 2.2912812500000004
3.0 2.2912812500000004
3.0357142857142856 2.2912812500000004
3.0714285714285716 2.2912812500000004
3.107142857142857 2.2912812500000004
3.142857142857143 2.2912812500000004
3.1785714285714284 2.2912812500000004
3.2142857142857144 2.2912812500000004
3.25 2.2912812500000004
3.2857142857142856 2.2912812500000004
3.3214285714285716 2.2912812500000004
3.357142857142857 2.2912812500000004
3.392857142857143 2.2912812500000004
3.4285714285714284 2.2912812500000004
3.4642857142857144 2.2912812500000004
3.5 2.2912812500000004
3.5357142857142856 2.2912812500000004
3.5714285714285716 2.2912812500000004
3.607142857142857 2.2912812500000004
3.642857142857143 2.2912812500000004
3.6785714285714284 2.2912812500000004
3.7142857142857144 2.2912812500000004
3.75 2.2912812500000004
3.7857142857142856 2.2912812500000004
3.8214285714285716 2.2912812500000004
3.857142857142857 2.2912812500000004
3.892857142857143 2.2912812500000004
3.9285714285714284 2.2912812500000004
3.9642857142857144 2.2912812500000004
4.0 2.2912812500000004
4.035714285714286 2.2912812500000004
4.071428571428571 2.2912812500000004
4.107142857142857 2.2912812500000004
4.142857142857143 2.2912812500000004
4.178571428571429 2.298375
4.214285714285714 2.3090156250000002
4.25 2.3161093750000004
4.285714285714286 2.3196562500000004
4.321428571428571 2.3125625000000003
4.357142857142857 2.3125625000000003
4.392857142857143 2.3125625000000003
4.428571428571429 2.323203125
4.464285714285714 2.3090156250000002
4.5 2.2912812500000004
4.535714285714286 2.27
4.571428571428571 2.245171875
4.607142857142857 2.223890625
4.642857142857143 2.2274375
4.678571428571429 2.2274375
4.714285714285714 2.245171875
4.857142857142857 2.5431093750000002
4.892857142857143 2.5218281250000003
4.928571428571429 2.5005468750000004
4.964285714285714 2.4970000000000003
5.0 2.4686250000000003
5.035714285714286 2.4473437500000004
5.071428571428571 2.4473437500000004
5.107142857142857 2.4154218750000003
5.142857142857143 2.3976875000000004
5.178571428571429 2.3870468750000002
5.214285714285714 2.37640625
5.25 2.358671875
5.285714285714286 2.3622187500000003
5.321428571428571 2.358671875
5.357142857142857 2.3622187500000003
5.392857142857143 2.358671875
5.428571428571429 2.3622187500000003
5.464285714285714 2.3622187500000003
5.5 2.358671875
5.535714285714286 2.358671875
5.571428571428571 2.3622187500000003
5.607142857142857 2.358671875
5.642857142857143 2.358671875
5.678571428571429 2.358671875
5.714285714285714 2.358671875
5.75 2.358671875
5.785714285714286 2.3622187500000003
5.821428571428571 2.3622187500000003
5.857142857142857 2.358671875
5.892857142857143 2.358671875
5.928571428571429 2.3622187500000003
5.964285714285714 2.3622187500000003
6.0 2.358671875
6.035714285714286 2.3622187500000003
6.071428571428571 2.3622187500000003
6.107142857142857 2.3622187500000003
6.142857142857143 2.3622187500000003
6.178571428571429 2.358671875
6.214285714285714 2.358671875
6.25 2.358671875
6.285714285714286 2.358671875
6.321428571428571 2.3622187500000003
6.357142857142857 2.358671875
6.392857142857143 2.358671875
6.428571428571429 2.358671875
6.464285714285714 2.358671875
6.5 2.358671875
6.535714285714286 2.358671875
6.571428571428571 2.3622187500000003
6.607142857142857 2.358671875
6.642857142857143 2.358671875
6.678571428571429 2.358671875
6.714285714285714 2.358671875
6.75 2.358671875
6.785714285714286 2.358671875
6.821428571428571 2.358671875
6.857142857142857 2.358671875
6.892857142857143 2.358671875
6.928571428571429 2.358671875
6.964285714285714 2.358671875
7.0 2.358671875
7.035714285714286 2.358671875
7.071428571428571 2.358671875
7.107142857142857 2.358671875
7.142857142857143 2.358671875
7.178571428571429 2.358671875
7.214285714285714 2.358671875
7.25 2.3622187500000003
7.285714285714286 2.3622187500000003
7.321428571428571 2.358671875
7.357142857142857 2.358671875
7.392857142857143 2.358671875
7.428571428571429 2.358671875
7.464285714285714 2.358671875
7.5 2.358671875
7.535714285714286 2.358671875
7.571428571428571 2.358671875
7.607142857142857 2.3622187500000003
7.642857142857143 2.3622187500000003
7.678571428571429 2.3622187500000003
7.714285714285714 2.358671875
7.75 2.358671875
7.785714285714286 2.358671875
7.821428571428571 2.358671875
7.857142857142857 2.3622187500000003
7.892857142857143 2.3622187500000003
7.928571428571429 2.3622187500000003
7.964285714285714 2.3622187500000003
8.0 2.358671875
8.035714285714286 2.358671875
8.071428571428571 2.358671875
8.107142857142858 2.3622187500000003
8.142857142857142 2.358671875
8.178571428571429 2.358671875
8.214285714285714 2.358671875
8.25 2.358671875
8.285714285714286 2.3622187500000003
8.321428571428571 2.358671875
8.357142857142858 2.358671875
8.392857142857142 2.3622187500000003
8.428571428571429 2.358671875
8.464285714285714 2.358671875
8.5 2.358671875
8.535714285714286 2.3622187500000003
8.571428571428571 2.3622187500000003
8.607142857142858 2.3622187500000003
8.642857142857142 2.3622187500000003
8.678571428571429 2.3622187500000003
8.714285714285714 2.358671875
8.75 2.358671875
8.785714285714286 2.3622187500000003
8.821428571428571 2.3622187500000003
8.857142857142858 2.3622187500000003
8.892857142857142 2.3622187500000003
8.928571428571429 2.3622187500000003
8.964285714285714 2.3622187500000003
9.0 2.3622187500000003
9.035714285714286 2.358671875
9.071428571428571 2.358671875
9.107142857142858 2.358671875
9.142857142857142 2.3622187500000003
9.178571428571429 2.358671875
9.214285714285714 2.358671875
9.25 2.358671875
9.285714285714286 2.3622187500000003
9.321428571428571 2.358671875
9.357142857142858 2.358671875
9.392857142857142 2.358671875
9.428571428571429 2.3622187500000003
9.464285714285714 2.3622187500000003
9.5 2.3622187500000003
9.535714285714286 2.3622187500000003
9.571428571428571 2.3622187500000003
9.607142857142858 2.3622187500000003
9.642857142857142 2.3622187500000003
9.678571428571429 2.358671875
9.714285714285714 2.358671875
9.75 2.358671875
9.785714285714286 2.358671875
9.821428571428571 2.358671875
9.857142857142858 2.3622187500000003
9.892857142857142 2.3622187500000003
9.928571428571429 2.3622187500000003
9.964285714285714 2.3622187500000003
10.0 2.358671875
10.035714285714286 2.3622187500000003
10.071428571428571 2.3622187500000003
10.107142857142858 2.3622187500000003
10.142857142857142 2.3622187500000003
10.178571428571429 2.3622187500000003
10.214285714285714 2.3622187500000003
10.25 2.3622187500000003
10.285714285714286 2.358671875
10.321428571428571 2.3622187500000003
10.357142857142858 2.358671875
10.392857142857142 2.3622187500000003
10.428571428571429 2.3622187500000003
10.464285714285714 2.3622187500000003
10.5 2.3622187500000003
10.535714285714286 2.3622187500000003
10.571428571428571 2.358671875
10.607142857142858 2.3622187500000003
10.642857142857142 2.3622187500000003
10.678571428571429 2.358671875
10.714285714285714 2.358671875
10.75 2.3622187500000003
10.785714285714286 2.358671875
10.821428571428571 2.3622187500000003
10.857142857142858 2.3622187500000003
10.892857142857142 2.3622187500000003
10.928571428571429 2.3622187500000003
10.964285714285714 2.358671875
11.0 2.3622187500000003
11.035714285714286 2.3622187500000003
11.071428571428571 2.358671875
11.107142857142858 2.358671875
11.142857142857142 2.3622187500000003
11.178571428571429 2.3622187500000003
11.214285714285714 2.3622187500000003
11.25 2.3622187500000003
11.285714285714286 2.358671875
11.321428571428571 2.3622187500000003
11.357142857142858 2.3622187500000003
11.392857142857142 2.358671875
11.428571428571429 2.3622187500000003
11.464285714285714 2.3622187500000003
11.5 2.3622187500000003
11.535714285714286 2.3622187500000003
11.571428571428571 2.3622187500000003
11.607142857142858 2.3622187500000003
11.642857142857142 2.358671875
11.678571428571429 2.3622187500000003
11.714285714285714 2.3622187500000003
11.75 2.3622187500000003
11.785714285714286 2.3622187500000003
11.821428571428571 2.3622187500000003
11.857142857142858 2.3622187500000003
11.892857142857142 2.358671875
11.928571428571429 2.3622187500000003
11.964285714285714 2.3622187500000003
12.0 2.358671875
12.035714285714286 2.3622187500000003
12.071428571428571 2.3622187500000003
12.107142857142858 2.358671875
12.142857142857142 2.3622187500000003
12.178571428571429 2.3622187500000003
12.214285714285714 2.3622187500000003
12.25 2.3622187500000003
12.285714285714286 2.3622187500000003
12.321428571428571 2.3622187500000003
12.357142857142858 2.3622187500000003
12.392857142857142 2.3622187500000003
12.428571428571429 2.3622187500000003
12.464285714285714 2.3622187500000003
12.5 2.3622187500000003
12.535714285714286 2.3622187500000003
12.571428571428571 2.3622187500000003
12.607142857142858 2.3622187500000003
12.642857142857142 2.3622187500000003
12.678571428571429 2.3622187500000003
12.714285714285714 2.358671875
12.75 2.358671875
12.785714285714286 2.3622187500000003
12.821428571428571 2.3622187500000003
12.857142857142858 2.3622187500000003
12.892857142857142 2.358671875
12.928571428571429 2.3622187500000003
12.964285714285714 2.3622187500000003
13.0 2.3622187500000003
13.035714285714286 2.3622187500000003
13.071428571428571 2.3622187500000003
13.107142857142858 2.3622187500000003
13.142857142857142 2.3622187500000003
13.178571428571429 2.358671875
13.214285714285714 2.3622187500000003
13.25 2.3622187500000003
13.285714285714286 2.3622187500000003
13.321428571428571 2.358671875
13.357142857142858 2.3622187500000003
13.392857142857142 2.3622187500000003
13.428571428571429 2.3622187500000003
13.464285714285714 2.3622187500000003
13.5 2.3622187500000003
13.535714285714286 2.358671875
13.571428571428571 2.3622187500000003
13.607142857142858 2.358671875
13.642857142857142 2.3622187500000003
13.678571428571429 2.3622187500000003
13.714285714285714 2.3622187500000003
13.75 2.3622187500000003
13.785714285714286 2.3622187500000003
13.821428571428571 2.3622187500000003
13.857142857142858 2.3622187500000003
13.892857142857142 2.3622187500000003
13.928571428571429 2.358671875
13.964285714285714 2.3622187500000003
14.0 2.358671875
14.035714285714286 2.358671875
14.071428571428571 2.3622187500000003
14.107142857142858 2.3728593750000004
14.142857142857142 2.3870468750000002
14.178571428571429 2.3941406250000004
14.214285714285714 2.40478125
14.25 2.4260625
14.285714285714286 2.401234375
14.321428571428571 2.3976875000000004
14.357142857142858 2.37640625
14.392857142857142 2.358671875
14.428571428571429 2.3373906250000003
14.464285714285714 2.330296875
14.5 2.3444843750000004
14.678571428571429 2.61759375
14.714285714285714 2.614046875
14.75 2.5821250000000004
14.785714285714286 2.5750312500000003
14.821428571428571 2.56084375
14.857142857142858 2.5253750000000004
14.892857142857142 2.5218281250000003
14.928571428571429 2.50409375
14.964285714285714 2.4934531250000003
15.0 2.46153125
15.035714285714286 2.4437968750000003
15.071428571428571 2.4437968750000003
15.107142857142858 2.4402500000000003
15.142857142857142 2.436703125
15.178571428571429 2.436703125
15.214285714285714 2.4402500000000003
15.25 2.4402500000000003
15.285714285714286 2.4402500000000003
15.321428571428571 2.4402500000000003
15.357142857142858 2.4402500000000003
15.392857142857142 2.4402500000000003
15.428571428571429 2.4402500000000003
15.464285714285714 2.4402500000000003
15.5 2.4402500000000003
15.535714285714286 2.4402500000000003
15.571428571428571 2.4402500000000003
15.607142857142858 2.4402500000000003
15.642857142857142 2.4402500000000003
15.678571428571429 2.4402500000000003
15.714285714285714 2.4402500000000003
15.75 2.4402500000000003
15.785714285714286 2.4402500000000003
15.821428571428571 2.4402500000000003
15.857142857142858 2.4402500000000003
15.892857142857142 2.4402500000000003
15.928571428571429 2.4402500000000003
15.964285714285714 2.4402500000000003
16.0 2.4402500000000003
16.035714285714285 2.4402500000000003
16.071428571428573 2.4402500000000003
16.107142857142858 2.4402500000000003
16.142857142857142 2.4402500000000003
16.178571428571427 2.4402500000000003
16.214285714285715 2.4402500000000003
16.25 2.4437968750000003
16.285714285714285 2.4402500000000003
16.321428571428573 2.4402500000000003
16.357142857142858 2.4402500000000003
16.392857142857142 2.4402500000000003
16.428571428571427 2.4402500000000003
16.464285714285715 2.4402500000000003
16.5 2.4402500000000003
16.535714285714285 2.4402500000000003
16.571428571428573 2.4402500000000003
16.607142857142858 2.4402500000000003
16.642857142857142 2.4437968750000003
16.678571428571427 2.4437968750000003
16.714285714285715 2.4402500000000003
16.75 2.4402500000000003
16.785714285714285 2.4402500000000003
16.821428571428573 2.4402500000000003
16.857142857142858 2.4437968750000003
16.892857142857142 2.4402500000000003
16.928571428571427 2.4402500000000003
16.964285714285715 2.4402500000000003
17.0 2.4402500000000003
17.035714285714285 2.4402500000000003
17.071428571428573 2.4402500000000003
17.107142857142858 2.4402500000000003
17.142857142857142 2.4402500000000003
17.178571428571427 2.4437968750000003
17.214285714285715 2.4437968750000003
17.25 2.4437968750000003
17.285714285714285 2.4437968750000003
17.321428571428573 2.4437968750000003
17.357142857142858 2.4437968750000003
17.392857142857142 2.4437968750000003
17.428571428571427 2.4437968750000003
17.464285714285715 2.4437968750000003
17.5 2.4402500000000003
17.535714285714285 2.4437968750000003
17.571428571428573 2.4402500000000003
17.607142857142858 2.4437968750000003
17.642857142857142 2.4402500000000003
17.678571428571427 2.4402500000000003
17.714285714285715 2.4437968750000003
17.75 2.4437968750000003
17.785714285714285 2.4437968750000003
17.821428571428573 2.4402500000000003
17.857142857142858 2.4437968750000003
17.892857142857142 2.4437968750000003
17.928571428571427 2.4437968750000003
17.964285714285715 2.4402500000000003
18.0 2.4437968750000003
18.035714285714285 2.4437968750000003
18.071428571428573 2.4437968750000003
18.107142857142858 2.4437968750000003
18.142857142857142 2.4437968750000003
18.178571428571427 2.4437968750000003
18.214285714285715 2.4437968750000003
18.25 2.4437968750000003
18.285714285714285 2.4437968750000003
18.321428571428573 2.4437968750000003
18.357142857142858 2.4437968750000003
18.392857142857142 2.4437968750000003
18.428571428571427 2.4437968750000003
18.464285714285715 2.4437968750000003
18.5 2.4437968750000003
18.535714285714285 2.4437968750000003
18.571428571428573 2.4437968750000003
18.607142857142858 2.4437968750000003
18.642857142857142 2.4437968750000003
18.678571428571427 2.4437968750000003
18.714285714285715 2.4437968750000003
18.75 2.4437968750000003
18.785714285714285 2.4437968750000003
18.821428571428573 2.4437968750000003
18.857142857142858 2.4437968750000003
18.892857142857142 2.4437968750000003
18.928571428571427 2.4437968750000003
18.964285714285715 2.4437968750000003
19.0 2.4437968750000003
19.035714285714285 2.4402500000000003
19.071428571428573 2.4437968750000003
19.107142857142858 2.4437968750000003
19.142857142857142 2.4437968750000003
19.178571428571427 2.4437968750000003
19.214285714285715 2.4437968750000003
19.25 2.4437968750000003
19.285714285714285 2.4437968750000003
19.321428571428573 2.4437968750000003
19.357142857142858 2.4437968750000003
19.392857142857142 2.4437968750000003
19.428571428571427 2.4437968750000003
19.464285714285715 2.4437968750000003
19.5 2.4437968750000003
19.535714285714285 2.4437968750000003
19.571428571428573 2.4437968750000003
19.607142857142858 2.4437968750000003
19.642857142857142 2.4437968750000003
19.678571428571427 2.4437968750000003
19.714285714285715 2.4437968750000003
19.75 2.4437968750000003
19.785714285714285 2.4437968750000003
19.821428571428573 2.4437968750000003
19.857142857142858 2.4437968750000003
19.892857142857142 2.4437968750000003
19.928571428571427 2.4437968750000003
19.964285714285715 2.4437968750000003
20.0 2.4437968750000003
20.035714285714285 2.4437968750000003
20.071428571428573 2.4437968750000003
20.107142857142858 2.4437968750000003
20.142857142857142 2.4437968750000003
20.178571428571427 2.4437968750000003
20.214285714285715 2.4437968750000003
20.25 2.4437968750000003
20.285714285714285 2.4437968750000003
20.321428571428573 2.4437968750000003
20.357142857142858 2.4437968750000003
20.392857142857142 2.4437968750000003
20.428571428571427 2.4437968750000003
20.464285714285715 2.4437968750000003
20.5 2.4437968750000003
20.535714285714285 2.4437968750000003
20.571428571428573 2.4437968750000003
20.607142857142858 2.4437968750000003
20.642857142857142 2.4437968750000003
20.678571428571427 2.4437968750000003
20.714285714285715 2.4437968750000003
20.75 2.4437968750000003
20.785714285714285 2.4437968750000003
20.821428571428573 2.4437968750000003
20.857142857142858 2.4437968750000003
20.892857142857142 2.4437968750000003
20.928571428571427 2.4437968750000003
20.964285714285715 2.4437968750000003
21.0 2.4437968750000003
21.035714285714285 2.4437968750000003
21.071428571428573 2.4437968750000003
21.107142857142858 2.4437968750000003
21.142857142857142 2.4437968750000003
21.178571428571427 2.4437968750000003
21.214285714285715 2.4437968750000003
21.25 2.4437968750000003
21.285714285714285 2.4437968750000003
21.321428571428573 2.4437968750000003
21.357142857142858 2.4437968750000003
21.392857142857142 2.4437968750000003
21.428571428571427 2.4437968750000003
21.464285714285715 2.4437968750000003
21.5 2.4437968750000003
21.535714285714285 2.4437968750000003
21.571428571428573 2.4437968750000003
21.607142857142858 2.4437968750000003
21.642857142857142 2.4437968750000003
21.678571428571427 2.4437968750000003
21.714285714285715 2.4437968750000003
21.75 2.4437968750000003
21.785714285714285 2.4437968750000003
21.821428571428573 2.4437968750000003
21.857142857142858 2.4437968750000003
21.892857142857142 2.4437968750000003
21.928571428571427 2.4437968750000003
21.964285714285715 2.4437968750000003
22.0 2.4437968750000003
22.035714285714285 2.4437968750000003
22.071428571428573 2.4437968750000003
22.107142857142858 2.4437968750000003
22.142857142857142 2.4437968750000003
22.178571428571427 2.4437968750000003
22.214285714285715 2.4437968750000003
22.25 2.4437968750000003
22.285714285714285 2.4437968750000003
22.321428571428573 2.4437968750000003
22.357142857142858 2.4437968750000003
22.392857142857142 2.4437968750000003
22.428571428571427 2.4437968750000003
22.464285714285715 2.4437968750000003
22.5 2.4437968750000003
22.535714285714285 2.4437968750000003
22.571428571428573 2.4437968750000003
22.607142857142858 2.4437968750000003
22.642857142857142 2.4437968750000003
22.678571428571427 2.4437968750000003
22.714285714285715 2.4437968750000003
22.75 2.4437968750000003
22.785714285714285 2.4437968750000003
22.821428571428573 2.4437968750000003
22.857142857142858 2.4437968750000003
22.892857142857142 2.4437968750000003
22.928571428571427 2.4437968750000003
22.964285714285715 2.4437968750000003
23.0 2.4437968750000003
23.035714285714285 2.4437968750000003
23.071428571428573 2.4437968750000003
23.107142857142858 2.4437968750000003
23.142857142857142 2.4437968750000003
23.178571428571427 2.4437968750000003
23.214285714285715 2.4437968750000003
23.25 2.4437968750000003
23.285714285714285 2.4437968750000003
23.321428571428573 2.4437968750000003
23.357142857142858 2.4437968750000003
23.392857142857142 2.4437968750000003
23.428571428571427 2.4437968750000003
23.464285714285715 2.4437968750000003
23.5 2.4437968750000003
23.535714285714285 2.4437968750000003
23.571428571428573 2.4437968750000003
23.607142857142858 2.4437968750000003
23.642857142857142 2.4437968750000003
23.678571428571427 2.4437968750000003
23.714285714285715 2.4437968750000003
23.75 2.4437968750000003
23.785714285714285 2.4437968750000003
23.821428571428573 2.4437968750000003
23.857142857142858 2.4473437500000004
23.892857142857142 2.4544375
23.928571428571427 2.4686250000000003
23.964285714285715 2.486359375
24.0 2.5218281250000003
24.035714285714285 2.5182812500000002
24.071428571428573 2.5182812500000002
24.107142857142858 2.48990625
24.142857142857142 2.4686250000000003
24.178571428571427 2.4650781250000002
24.214285714285715 2.4437968750000003
24.25 2.411875
24.285714285714285 2.40478125
24.321428571428573 2.3870468750000002
24.357142857142858 2.3728593750000004
24.392857142857142 2.34803125
24.428571428571427 2.3373906250000003
24.464285714285715 2.33384375
24.5 2.3444843750000004
24.607142857142858 2.6566093750000004
24.642857142857142 2.64596875
24.678571428571427 2.614046875
24.714285714285715 2.614046875
24.785714285714285 2.56084375
24.821428571428573 2.557296875
24.857142857142858 2.536015625
24.892857142857142 2.5253750000000004
24.928571428571427 2.50409375
24.964285714285715 2.486359375
25.0 2.4650781250000002
25.035714285714285 2.4544375
25.071428571428573 2.4544375
25.107142857142858 2.4544375
25.142857142857142 2.4544375
25.178571428571427 2.4544375
25.214285714285715 2.4544375
25.25 2.4544375
25.285714285714285 2.4544375
25.321428571428573 2.4544375
25.357142857142858 2.4544375
25.392857142857142 2.457984375
25.428571428571427 2.457984375
25.464285714285715 2.4544375
25.5 2.457984375
25.535714285714285 2.457984375
25.571428571428573 2.4544375
25.607142857142858 2.4544375
25.642857142857142 2.457984375
25.678571428571427 2.457984375
25.714285714285715 2.457984375
25.75 2.457984375
25.785714285714285 2.457984375
25.821428571428573 2.457984375
25.857142857142858 2.457984375
25.892857142857142 2.457984375
25.928571428571427 2.457984375
25.964285714285715 2.457984375
26.0 2.457984375
26.035714285714285 2.457984375
26.071428571428573 2.457984375
26.107142857142858 2.457984375
26.142857142857142 2.457984375
26.178571428571427 2.457984375
26.214285714285715 2.457984375
26.25 2.457984375
26.285714285714285 2.457984375
26.321428571428573 2.457984375
26.357142857142858 2.457984375
26.392857142857142 2.4544375
26.428571428571427 2.457984375
26.464285714285715 2.457984375
26.5 2.457984375
26.535714285714285 2.457984375
26.571428571428573 2.457984375
26.607142857142858 2.457984375
26.642857142857142 2.457984375
26.678571428571427 2.457984375
26.714285714285715 2.457984375
26.75 2.457984375
26.785714285714285 2.4544375
26.821428571428573 2.457984375
26.857142857142858 2.457984375
26.892857142857142 2.4544375
26.928571428571427 2.4544375
26.964285714285715 2.4544375
27.0 2.457984375
27.035714285714285 2.457984375
27.071428571428573 2.457984375
27.107142857142858 2.457984375
27.142857142857142 2.457984375
27.178571428571427 2.457984375
27.214285714285715 2.457984375
27.25 2.457984375
27.285714285714285 2.457984375
27.321428571428573 2.457984375
27.357142857142858 2.457984375
27.392857142857142 2.457984375
27.428571428571427 2.457984375
27.464285714285715 2.457984375
27.5 2.457984375
27.535714285714285 2.457984375
27.571428571428573 2.457984375
27.607142857142858 2.457984375
27.642857142857142 2.457984375
27.678571428571427 2.457984375
27.714285714285715 2.457984375
27.75 2.457984375
27.785714285714285 2.4544375
27.821428571428573 2.457984375
27.857142857142858 2.457984375
27.892857142857142 2.457984375
27.928571428571427 2.457984375
27.964285714285715 2.457984375
28.0 2.457984375
28.035714285714285 2.457984375
28.071428571428573 2.457984375
28.107142857142858 2.457984375
28.142857142857142 2.457984375
28.178571428571427 2.457984375
28.214285714285715 2.457984375
28.25 2.457984375
28.285714285714285 2.457984375
28.321428571428573 2.457984375
28.357142857142858 2.457984375
28.392857142857142 2.457984375
28.428571428571427 2.457984375
28.464285714285715 2.457984375
28.5 2.457984375
28.535714285714285 2.457984375
28.571428571428573 2.457984375
28.607142857142858 2.457984375
28.642857142857142 2.457984375
28.678571428571427 2.457984375
28.714285714285715 2.457984375
28.75 2.457984375
28.785714285714285 2.457984375
28.821428571428573 2.457984375
28.857142857142858 2.457984375
28.892857142857142 2.457984375
28.928571428571427 2.457984375
28.964285714285715 2.457984375
29.0 2.457984375
29.035714285714285 2.457984375
29.071428571428573 2.457984375
29.107142857142858 2.457984375
29.142857142857142 2.457984375
29.178571428571427 2.457984375
29.214285714285715 2.457984375
29.25 2.457984375
29.285714285714285 2.457984375
29.321428571428573 2.457984375
29.357142857142858 2.457984375
29.392857142857142 2.457984375
29.428571428571427 2.457984375
29.464285714285715 2.457984375
29.5 2.457984375
29.535714285714285 2.457984375
29.571428571428573 2.457984375
29.607142857142858 2.457984375
29.642857142857142 2.457984375
29.678571428571427 2.457984375
29.714285714285715 2.457984375
29.75 2.457984375
29.785714285714285 2.457984375
29.821428571428573 2.457984375
29.857142857142858 2.457984375
29.892857142857142 2.457984375
29.928571428571427 2.457984375
29.964285714285715 2.457984375
30.0 2.457984375
30.035714285714285 2.457984375
30.071428571428573 2.457984375
30.107142857142858 2.457984375
30.142857142857142 2.457984375
30.178571428571427 2.457984375
30.214285714285715 2.457984375
30.25 2.457984375
30.285714285714285 2.457984375
30.321428571428573 2.457984375
30.357142857142858 2.457984375
30.392857142857142 2.457984375
30.428571428571427 2.457984375
30.464285714285715 2.457984375
30.5 2.457984375
30.535714285714285 2.457984375
30.571428571428573 2.457984375
30.607142857142858 2.457984375
30.642857142857142 2.457984375
30.678571428571427 2.457984375
30.714285714285715 2.457984375
30.75 2.457984375
30.785714285714285 2.457984375
30.821428571428573 2.457984375
30.857142857142858 2.457984375
30.892857142857142 2.457984375
30.928571428571427 2.457984375
30.964285714285715 2.457984375
31.0 2.457984375
31.035714285714285 2.457984375
31.071428571428573 2.457984375
31.107142857142858 2.457984375
31.142857142857142 2.457984375
31.178571428571427 2.457984375
31.214285714285715 2.457984375
31.25 2.457984375
31.285714285714285 2.457984375
31.321428571428573 2.457984375
31.357142857142858 2.457984375
31.392857142857142 2.457984375
31.428571428571427 2.457984375
31.464285714285715 2.457984375
31.5 2.457984375
31.535714285714285 2.457984375
31.571428571428573 2.457984375
31.607142857142858 2.457984375
31.642857142857142 2.457984375
31.678571428571427 2.457984375
31.714285714285715 2.457984375
31.75 2.457984375
31.785714285714285 2.457984375
31.821428571428573 2.457984375
31.857142857142858 2.457984375
31.892857142857142 2.457984375
31.928571428571427 2.457984375
31.964285714285715 2.457984375
32.0 2.457984375
32.035714285714285 2.457984375
32.07142857142857 2.457984375
32.107142857142854 2.457984375
32.142857142857146 2.457984375
32.17857142857143 2.457984375
32.214285714285715 2.457984375
32.25 2.457984375
32.285714285714285 2.457984375
32.32142857142857 2.457984375
32.357142857142854 2.457984375
32.392857142857146 2.457984375
32.42857142857143 2.457984375
32.464285714285715 2.457984375
32.5 2.457984375
32.535714285714285 2.457984375
32.57142857142857 2.457984375
32.607142857142854 2.457984375
32.642857142857146 2.457984375
32.67857142857143 2.457984375
32.714285714285715 2.457984375
32.75 2.457984375
32.785714285714285 2.457984375
32.82142857142857 2.457984375
32.857142857142854 2.457984375
32.892857142857146 2.457984375
32.92857142857143 2.457984375
32.964285714285715 2.457984375
33.0 2.457984375
33.035714285714285 2.457984375
33.07142857142857 2.457984375
33.107142857142854 2.457984375
33.142857142857146 2.457984375
33.17857142857143 2.457984375
33.214285714285715 2.457984375
33.25 2.457984375
33.285714285714285 2.457984375
33.32142857142857 2.457984375
33.357142857142854 2.457984375
33.392857142857146 2.457984375
33.42857142857143 2.457984375
33.464285714285715 2.457984375
33.5 2.457984375
33.535714285714285 2.457984375
33.57142857142857 2.457984375
33.607142857142854 2.457984375
33.642857142857146 2.457984375
33.67857142857143 2.457984375
33.714285714285715 2.457984375
33.75 2.457984375
33.785714285714285 2.457984375
33.82142857142857 2.457984375
33.857142857142854 2.4721718750000004
33.892857142857146 2.4828125
33.92857142857143 2.4970000000000003
33.964285714285715 2.50409375
34.0 2.53246875
34.035714285714285 2.5218281250000003
34.07142857142857 2.4970000000000003
34.107142857142854 2.479265625
34.142857142857146 2.479265625
34.17857142857143 2.4757187500000004
34.214285714285715 2.50409375
34.285714285714285 2.819765625
34.32142857142857 2.8055781250000003
34.357142857142854 2.7807500000000003
34.392857142857146 2.7665625
34.42857142857143 2.748828125
34.464285714285715 2.7310937500000003
34.5 2.7133593750000005
34.535714285714285 2.699171875
34.57142857142857 2.6778906250000003
34.607142857142854 2.6530625000000003
34.642857142857146 2.6317812500000004
34.67857142857143 2.614046875
34.714285714285715 2.614046875
34.75 2.5963125000000002
34.785714285714285 2.5998593750000003
34.82142857142857 2.5998593750000003
34.857142857142854 2.5998593750000003
34.892857142857146 2.5998593750000003
34.92857142857143 2.5998593750000003
34.964285714285715 2.5998593750000003
35.0 2.5998593750000003
35.035714285714285 2.6034062500000004
35.07142857142857 2.6034062500000004
35.107142857142854 2.6034062500000004
35.142857142857146 2.6034062500000004
35.17857142857143 2.6034062500000004
35.214285714285715 2.6034062500000004
35.25 2.6034062500000004
35.285714285714285 2.6034062500000004
35.32142857142857 2.6034062500000004
35.357142857142854 2.6034062500000004
35.392857142857146 2.6034062500000004
35.42857142857143 2.6034062500000004
35.464285714285715 2.6034062500000004
35.5 2.6034062500000004
35.535714285714285 2.6034062500000004
35.57142857142857 2.6034062500000004
35.607142857142854 2.6034062500000004
35.642857142857146 2.6034062500000004
35.67857142857143 2.6034062500000004
35.714285714285715 2.6034062500000004
35.75 2.6034062500000004
35.785714285714285 2.6034062500000004
35.82142857142857 2.6034062500000004
35.857142857142854 2.6034062500000004
35.892857142857146 2.6034062500000004
35.92857142857143 2.6034062500000004
35.964285714285715 2.6034062500000004
36.0 2.6034062500000004
36.035714285714285 2.5998593750000003
36.07142857142857 2.5998593750000003
36.107142857142854 2.5998593750000003
36.142857142857146 2.5998593750000003
36.17857142857143 2.5998593750000003
36.214285714285715 2.5998593750000003
36.25 2.5998593750000003
36.285714285714285 2.5998593750000003
36.32142857142857 2.5998593750000003
36.357142857142854 2.5998593750000003
36.392857142857146 2.5998593750000003
36.42857142857143 2.6034062500000004
36.464285714285715 2.5998593750000003
36.5 2.5998593750000003
36.535714285714285 2.5998593750000003
36.57142857142857 2.5998593750000003
36.607142857142854 2.5998593750000003
36.642857142857146 2.5998593750000003
36.67857142857143 2.5998593750000003
36.714285714285715 2.5998593750000003
36.75 2.5998593750000003
36.785714285714285 2.5998593750000003
36.82142857142857 2.5998593750000003
36.857142857142854 2.5998593750000003
36.892857142857146 2.5998593750000003
36.92857142857143 2.6034062500000004
36.964285714285715 2.5998593750000003
37.0 2.5998593750000003
37.035714285714285 2.5998593750000003
37.07142857142857 2.5998593750000003
37.107142857142854 2.5998593750000003
37.142857142857146 2.5998593750000003
37.17857142857143 2.5998593750000003
37.214285714285715 2.5998593750000003
37.25 2.5998593750000003
37.285714285714285 2.5998593750000003
37.32142857142857 2.5998593750000003
37.357142857142854 2.5998593750000003
37.392857142857146 2.6034062500000004
37.42857142857143 2.6034062500000004
37.464285714285715 2.6034062500000004
37.5 2.5998593750000003
37.535714285714285 2.5998593750000003
37.57142857142857 2.5998593750000003
37.607142857142854 2.5998593750000003
37.642857142857146 2.5998593750000003
37.67857142857143 2.5998593750000003
37.714285714285715 2.5998593750000003
37.75 2.5998593750000003
37.785714285714285 2.5998593750000003
37.82142857142857 2.6034062500000004
37.857142857142854 2.6034062500000004
37.892857142857146 2.5998593750000003
37.92857142857143 2.5998593750000003
37.964285714285715 2.5998593750000003
38.0 2.5998593750000003
38.035714285714285 2.5998593750000003
38.07142857142857 2.5998593750000003
38.107142857142854 2.5998593750000003
38.142857142857146 2.5998593750000003
38.17857142857143 2.6034062500000004
38.214285714285715 2.6034062500000004
38.25 2.5998593750000003
38.285714285714285 2.5998593750000003
38.32142857142857 2.6034062500000004
38.357142857142854 2.6034062500000004
38.392857142857146 2.5998593750000003
38.42857142857143 2.5998593750000003
38.464285714285715 2.5998593750000003
38.5 2.5998593750000003
38.535714285714285 2.6034062500000004
38.57142857142857 2.5998593750000003
38.607142857142854 2.5998593750000003
38.642857142857146 2.5998593750000003
38.67857142857143 2.6034062500000004
38.714285714285715 2.5998593750000003
38.75 2.6034062500000004
38.785714285714285 2.6034062500000004
38.82142857142857 2.5998593750000003
38.857142857142854 2.5998593750000003
38.892857142857146 2.5998593750000003
38.92857142857143 2.5998593750000003
38.964285714285715 2.6034062500000004
39.0 2.5998593750000003
39.035714285714285 2.6034062500000004
39.07142857142857 2.6034062500000004
39.107142857142854 2.5998593750000003
39.142857142857146 2.5998593750000003
39.17857142857143 2.5998593750000003
39.214285714285715 2.6034062500000004
39.25 2.5998593750000003
39.285714285714285 2.5998593750000003
39.32142857142857 2.5998593750000003
39.357142857142854 2.5998593750000003
39.392857142857146 2.5998593750000003
39.42857142857143 2.6034062500000004
39.464285714285715 2.6034062500000004
39.5 2.6034062500000004
39.535714285714285 2.5998593750000003
39.57142857142857 2.5998593750000003
39.607142857142854 2.6034062500000004
39.642857142857146 2.6034062500000004
39.67857142857143 2.6034062500000004
39.714285714285715 2.6034062500000004
39.75 2.5998593750000003
39.785714285714285 2.6034062500000004
39.82142857142857 2.6034062500000004
39.857142857142854 2.6034062500000004
39.892857142857146 2.5998593750000003
39.92857142857143 2.6034062500000004
