0.03571428571428571 1.4677499999999999
0.07142857142857142 1.4677499999999999
0.10714285714285714 1.4677499999999999
0.14285714285714285 1.4677499999999999
0.17857142857142858 1.4677499999999999
0.21428571428571427 1.4677499999999999
0.25 1.4677499999999999
0.2857142857142857 1.4677499999999999
0.32142857142857145 1.4677499999999999
0.7142857142857143 1.4677499999999999
0.75 1.5069374999999998
0.7857142857142857 1.5069374999999998
0.8214285714285714 1.503375
0.8571428571428571 1.503375
0.8928571428571429 1.503375
0.9285714285714286 1.5069374999999998
0.9642857142857143 1.503375
1.0 1.5069374999999998
1.0357142857142858 1.5069374999999998
1.0714285714285714 1.5069374999999998
1.1071428571428572 1.5069374999999998
1.1428571428571428 1.5069374999999998
1.1785714285714286 1.5069374999999998
1.2142857142857142 1.5069374999999998
1.25 1.5069374999999998
1.2857142857142858 1.5069374999999998
1.3214285714285714 1.5069374999999998
1.3571428571428572 1.5069374999999998
1.3928571428571428 1.5069374999999998
1.4285714285714286 1.5069374999999998
1.4642857142857142 1.5069374999999998
1.5 1.5069374999999998
1.5357142857142858 1.5105
1.5714285714285714 1.5069374999999998
1.6071428571428572 1.5069374999999998
1.6428571428571428 1.5069374999999998
1.6785714285714286 1.5069374999999998
1.7142857142857142 1.5069374999999998
1.75 1.5069374999999998
1.7857142857142858 1.5069374999999998
1.8214285714285714 1.5069374999999998
1.8571428571428572 1.5069374999999998
1.8928571428571428 1.5069374999999998
1.9285714285714286 1.5069374999999998
1.9642857142857142 1.5069374999999998
2.0 1.5069374999999998
2.357142857142857 1.4570625
2.392857142857143 1.5283125
2.4285714285714284 1.5140624999999999
2.4642857142857144 1.5354374999999998
2.5 1.5354374999999998
2.5357142857142856 1.5354374999999998
2.607142857142857 1.5354374999999998
2.642857142857143 1.5354374999999998
2.6785714285714284 1.5354374999999998
2.7142857142857144 1.5354374999999998
2.7857142857142856 1.5354374999999998
2.8214285714285716 1.5354374999999998
2.857142857142857 1.5354374999999998
2.892857142857143 1.5318749999999999
2.9285714285714284 1.5354374999999998
2.9642857142857144 1.5354374999999998
3.0 1.5354374999999998
3.0357142857142856 1.5354374999999998
3.0714285714285716 1.5354374999999998
3.107142857142857 1.5354374999999998
3.142857142857143 1.5354374999999998
3.1785714285714284 1.5354374999999998
3.2142857142857144 1.5354374999999998
3.25 1.5354374999999998
3.2857142857142856 1.5354374999999998
3.3214285714285716 1.5354374999999998
3.357142857142857 1.539
3.392857142857143 1.5354374999999998
3.4285714285714284 1.5354374999999998
3.4642857142857144 1.5354374999999998
3.5 1.539
3.5357142857142856 1.539
3.5714285714285716 1.5354374999999998
3.607142857142857 1.5354374999999998
3.642857142857143 1.539
3.6785714285714284 1.539
4.071428571428571 1.5354374999999998
4.107142857142857 1.5532499999999998
4.142857142857143 1.5532499999999998
4.178571428571429 1.5532499999999998
4.214285714285714 1.5532499999999998
4.25 1.5496874999999999
4.285714285714286 1.5496874999999999
4.321428571428571 1.5496874999999999
4.357142857142857 1.5496874999999999
4.392857142857143 1.5496874999999999
4.428571428571429 1.5496874999999999
4.464285714285714 1.5496874999999999
4.5 1.5496874999999999
4.535714285714286 1.546125
4.571428571428571 1.546125
4.607142857142857 1.546125
4.642857142857143 1.546125
4.678571428571429 1.546125
4.714285714285714 1.546125
4.75 1.546125
4.785714285714286 1.546125
4.928571428571429 1.546125
4.964285714285714 1.546125
5.071428571428571 1.546125
5.107142857142857 1.546125
5.142857142857143 1.546125
5.178571428571429 1.546125
5.214285714285714 1.546125
5.25 1.546125
5.285714285714286 1.546125
5.321428571428571 1.546125
5.75 1.5603749999999998
5.928571428571429 1.5675
5.964285714285714 1.5675
6.0 1.5675
6.035714285714286 1.5675
6.071428571428571 1.5675
6.107142857142857 1.5675
6.142857142857143 1.5675
6.178571428571429 1.5675
6.214285714285714 1.5675
6.25 1.5675
6.285714285714286 1.5675
6.321428571428571 1.5639375
6.357142857142857 1.5639375
6.392857142857143 1.5639375
6.428571428571429 1.5639375
6.464285714285714 1.5675
6.5 1.5675
6.535714285714286 1.5675
6.642857142857143 1.5675
6.678571428571429 1.5675
6.714285714285714 1.5675
6.75 1.5675
6.785714285714286 1.5675
6.821428571428571 1.5710624999999998
6.857142857142857 1.5710624999999998
6.892857142857143 1.5710624999999998
6.928571428571429 1.5710624999999998
6.964285714285714 1.5710624999999998
7.0 1.5710624999999998
7.392857142857143 1.5211875
7.428571428571429 1.5924375
7.5 1.6066874999999998
7.535714285714286 1.6066874999999998
7.571428571428571 1.6066874999999998
7.607142857142857 1.6066874999999998
7.642857142857143 1.6066874999999998
7.678571428571429 1.603125
7.714285714285714 1.603125
7.75 1.603125
7.785714285714286 1.603125
7.821428571428571 1.603125
7.857142857142857 1.603125
7.892857142857143 1.603125
7.928571428571429 1.603125
7.964285714285714 1.603125
8.0 1.603125
8.035714285714286 1.603125
8.071428571428571 1.5995624999999998
8.107142857142858 1.5995624999999998
8.142857142857142 1.603125
8.178571428571429 1.603125
8.214285714285714 1.603125
8.25 1.603125
8.285714285714286 1.5995624999999998
8.321428571428571 1.5995624999999998
8.392857142857142 1.5995624999999998
8.428571428571429 1.5995624999999998
8.464285714285714 1.5995624999999998
8.5 1.603125
8.535714285714286 1.603125
8.571428571428571 1.603125
8.607142857142858 1.603125
8.642857142857142 1.5995624999999998
8.678571428571429 1.603125
9.178571428571429 1.63875
9.214285714285714 1.6351874999999998
9.25 1.6351874999999998
9.285714285714286 1.6351874999999998
9.321428571428571 1.6351874999999998
9.357142857142858 1.6316249999999999
9.392857142857142 1.6316249999999999
9.428571428571429 1.6351874999999998
9.464285714285714 1.6351874999999998
9.5 1.6316249999999999
9.535714285714286 1.6316249999999999
9.571428571428571 1.6316249999999999
9.607142857142858 1.6316249999999999
9.642857142857142 1.6316249999999999
9.678571428571429 1.6316249999999999
9.714285714285714 1.6316249999999999
9.75 1.6316249999999999
9.785714285714286 1.6316249999999999
9.821428571428571 1.6316249999999999
9.857142857142858 1.6316249999999999
9.892857142857142 1.6316249999999999
9.928571428571429 1.6316249999999999
9.964285714285714 1.6316249999999999
10.0 1.6316249999999999
10.035714285714286 1.6316249999999999
10.071428571428571 1.6316249999999999
10.107142857142858 1.6316249999999999
10.142857142857142 1.6316249999999999
10.178571428571429 1.6316249999999999
10.214285714285714 1.6316249999999999
10.25 1.6316249999999999
10.285714285714286 1.6316249999999999
10.321428571428571 1.6316249999999999
10.357142857142858 1.6316249999999999
10.785714285714286 1.7171249999999998
10.857142857142858 1.7171249999999998
10.892857142857142 1.7206875
10.928571428571429 1.7171249999999998
11.035714285714286 1.7135624999999999
11.071428571428571 1.7135624999999999
11.25 1.7135624999999999
11.285714285714286 1.7135624999999999
11.321428571428571 1.71
11.357142857142858 1.71
11.392857142857142 1.71
11.428571428571429 1.71
11.464285714285714 1.71
11.5 1.71
11.535714285714286 1.71
12.464285714285714 1.7135624999999999
12.5 1.7171249999999998
12.571428571428571 1.745625
12.607142857142858 1.7420624999999998
12.821428571428571 1.7420624999999998
14.142857142857142 1.7848125
14.178571428571429 1.7954999999999999
14.214285714285714 1.7990624999999998
14.25 1.7990624999999998
14.285714285714286 1.7990624999999998
14.321428571428571 1.7990624999999998
14.392857142857142 1.7954999999999999
14.428571428571429 1.7954999999999999
14.464285714285714 1.7954999999999999
14.5 1.7954999999999999
14.535714285714286 1.7954999999999999
14.571428571428571 1.7954999999999999
14.642857142857142 1.7954999999999999
14.785714285714286 1.7954999999999999
14.821428571428571 1.7954999999999999
14.857142857142858 1.7954999999999999
14.892857142857142 1.7919375
14.928571428571429 1.7954999999999999
14.964285714285714 1.7954999999999999
15.0 1.7954999999999999
15.107142857142858 1.7919375
15.142857142857142 1.7919375
15.178571428571429 1.7954999999999999
15.214285714285714 1.7919375
15.25 1.7919375
15.285714285714286 1.7919375
15.321428571428571 1.7919375
15.357142857142858 1.7919375
15.392857142857142 1.7954999999999999
15.428571428571429 1.7919375
15.857142857142858 1.8418124999999999
15.892857142857142 1.8560625
15.928571428571429 1.8560625
15.964285714285714 1.8560625
16.0 1.8560625
16.035714285714285 1.8524999999999998
16.071428571428573 1.8524999999999998
16.25 1.8524999999999998
16.285714285714285 1.8524999999999998
16.321428571428573 1.8524999999999998
16.357142857142858 1.8524999999999998
16.392857142857142 1.8524999999999998
16.428571428571427 1.8524999999999998
16.464285714285715 1.8524999999999998
16.5 1.8524999999999998
17.535714285714285 1.9166249999999998
17.571428571428573 1.930875
17.607142857142858 1.9344374999999998
17.642857142857142 1.930875
17.678571428571427 1.930875
17.714285714285715 1.930875
17.75 1.930875
17.785714285714285 1.930875
17.821428571428573 1.930875
17.857142857142858 1.930875
18.392857142857142 1.930875
18.428571428571427 1.930875
18.464285714285715 1.930875
18.5 1.930875
18.535714285714285 1.930875
18.571428571428573 1.930875
18.607142857142858 1.930875
18.642857142857142 1.930875
18.678571428571427 1.930875
18.714285714285715 1.930875
18.75 1.930875
18.785714285714285 1.930875
19.214285714285715 1.9843125
19.25 1.9914374999999997
19.285714285714285 1.9949999999999999
19.321428571428573 1.9949999999999999
19.357142857142858 1.9949999999999999
19.392857142857142 1.9949999999999999
19.428571428571427 1.9949999999999999
19.464285714285715 1.9949999999999999
19.5 1.9949999999999999
19.535714285714285 1.9914374999999997
19.571428571428573 1.9914374999999997
20.0 1.9914374999999997
20.071428571428573 1.9914374999999997
20.107142857142858 1.9914374999999997
20.142857142857142 1.9914374999999997
20.178571428571427 1.9914374999999997
20.214285714285715 1.9914374999999997
20.25 1.9914374999999997
20.285714285714285 1.9914374999999997
20.321428571428573 1.9914374999999997
20.357142857142858 1.9914374999999997
20.392857142857142 1.9914374999999997
20.428571428571427 1.9914374999999997
20.464285714285715 1.9914374999999997
20.892857142857142 2.0413124999999996
20.928571428571427 2.09475
20.964285714285715 2.0911874999999998
21.0 2.09475
21.035714285714285 2.09475
21.071428571428573 2.0911874999999998
21.107142857142858 2.0911874999999998
21.142857142857142 2.0911874999999998
21.178571428571427 2.0911874999999998
21.214285714285715 2.0911874999999998
21.25 2.0911874999999998
21.857142857142858 2.0911874999999998
21.892857142857142 2.0911874999999998
21.928571428571427 2.0911874999999998
21.964285714285715 2.0911874999999998
22.0 2.0911874999999998
22.035714285714285 2.0911874999999998
22.071428571428573 2.0911874999999998
22.107142857142858 2.0911874999999998
22.142857142857142 2.0911874999999998
22.178571428571427 2.0911874999999998
22.607142857142858 2.15175
22.642857142857142 2.1232499999999996
22.678571428571427 2.1481874999999997
22.714285714285715 2.1481874999999997
22.75 2.144625
22.785714285714285 2.144625
22.821428571428573 2.144625
22.964285714285715 2.144625
23.071428571428573 2.1410625
23.107142857142858 2.144625
23.214285714285715 2.144625
23.25 2.144625
23.285714285714285 2.1410625
23.321428571428573 2.1410625
23.357142857142858 2.1410625
23.392857142857142 2.1410625
23.428571428571427 2.1410625
23.464285714285715 2.1410625
23.5 2.144625
23.535714285714285 2.144625
23.571428571428573 2.144625
23.607142857142858 2.1410625
23.642857142857142 2.1410625
23.678571428571427 2.144625
23.714285714285715 2.144625
23.75 2.1410625
23.785714285714285 2.1410625
23.821428571428573 2.1410625
23.857142857142858 2.1410625
24.285714285714285 2.18025
24.321428571428573 2.2123125
24.357142857142858 2.2194374999999997
24.392857142857142 2.2194374999999997
24.428571428571427 2.2194374999999997
24.464285714285715 2.215875
24.5 2.215875
24.535714285714285 2.215875
24.571428571428573 2.215875
24.607142857142858 2.215875
24.642857142857142 2.215875
24.678571428571427 2.215875
24.714285714285715 2.215875
24.75 2.215875
24.785714285714285 2.215875
24.821428571428573 2.215875
24.892857142857142 2.215875
24.928571428571427 2.215875
24.964285714285715 2.215875
25.0 2.215875
25.035714285714285 2.215875
25.071428571428573 2.215875
25.107142857142858 2.215875
25.142857142857142 2.215875
25.178571428571427 2.215875
25.214285714285715 2.215875
25.25 2.215875
25.285714285714285 2.215875
25.321428571428573 2.215875
25.357142857142858 2.215875
25.392857142857142 2.215875
25.428571428571427 2.215875
25.464285714285715 2.215875
25.5 2.215875
25.535714285714285 2.215875
25.964285714285715 2.2265625
26.0 2.2978125
26.035714285714285 2.2906874999999998
26.071428571428573 2.2978125
26.107142857142858 2.3013749999999997
26.142857142857142 2.2978125
26.178571428571427 2.2978125
26.214285714285715 2.2978125
26.25 2.2978125
26.285714285714285 2.2978125
26.321428571428573 2.3013749999999997
26.357142857142858 2.2978125
26.392857142857142 2.2978125
26.428571428571427 2.2978125
26.464285714285715 2.2978125
26.5 2.2978125
26.535714285714285 2.2978125
26.571428571428573 2.2978125
26.607142857142858 2.2978125
26.642857142857142 2.2978125
26.678571428571427 2.2978125
26.714285714285715 2.2978125
26.75 2.2978125
26.785714285714285 2.2978125
26.821428571428573 2.2978125
26.857142857142858 2.2978125
26.892857142857142 2.2978125
26.928571428571427 2.2978125
26.964285714285715 2.2978125
27.0 2.2978125
27.035714285714285 2.2978125
27.071428571428573 2.2978125
27.107142857142858 2.2978125
27.142857142857142 2.2978125
27.178571428571427 2.2978125
27.214285714285715 2.2978125
27.25 2.2978125
27.678571428571427 2.3548125
27.714285714285715 2.3548125
27.857142857142858 2.3583749999999997
27.892857142857142 2.3583749999999997
27.928571428571427 2.3583749999999997
27.964285714285715 2.3619375
28.0 2.3583749999999997
28.035714285714285 2.3583749999999997
28.071428571428573 2.3583749999999997
28.107142857142858 2.3619375
28.5 2.3583749999999997
28.535714285714285 2.3583749999999997
28.571428571428573 2.3583749999999997
28.607142857142858 2.3583749999999997
28.642857142857142 2.3583749999999997
28.678571428571427 2.3583749999999997
28.714285714285715 2.3583749999999997
28.75 2.3583749999999997
28.785714285714285 2.3583749999999997
28.821428571428573 2.3583749999999997
28.857142857142858 2.3583749999999997
28.892857142857142 2.3583749999999997
28.928571428571427 2.3583749999999997
28.964285714285715 2.3583749999999997
29.357142857142858 2.4118125
29.392857142857142 2.3904375
29.428571428571427 2.4118125
30.5 2.40825
30.535714285714285 2.40825
30.571428571428573 2.40825
30.607142857142858 2.40825
31.035714285714285 2.40825
31.071428571428573 2.472375
31.107142857142858 2.4759374999999997
31.142857142857142 2.472375
31.25 2.4688125
31.285714285714285 2.4688125
31.321428571428573 2.4688125
31.392857142857142 2.4688125
31.428571428571427 2.4688125
31.464285714285715 2.4688125
31.5 2.4688125
31.535714285714285 2.4688125
31.571428571428573 2.4688125
32.17857142857143 2.4688125
32.214285714285715 2.4688125
32.25 2.4688125
32.285714285714285 2.4688125
32.32142857142857 2.4688125
32.75 2.55075
32.785714285714285 2.5543125
32.82142857142857 2.5543125
32.857142857142854 2.5471874999999997
33.0 2.5471874999999997
33.035714285714285 2.5471874999999997
33.464285714285715 2.5471874999999997
33.5 2.5471874999999997
33.535714285714285 2.5471874999999997
33.57142857142857 2.5471874999999997
33.607142857142854 2.5471874999999997
33.642857142857146 2.5471874999999997
33.67857142857143 2.5471874999999997
33.714285714285715 2.5471874999999997
33.75 2.5471874999999997
33.785714285714285 2.5471874999999997
33.82142857142857 2.5471874999999997
33.857142857142854 2.5471874999999997
33.892857142857146 2.5471874999999997
33.92857142857143 2.5471874999999997
33.964285714285715 2.5471874999999997
34.0 2.5471874999999997
34.42857142857143 2.60775
34.464285714285715 2.5756875
34.5 2.6113125
34.535714285714285 2.6113125
34.57142857142857 2.60775
34.607142857142854 2.6041874999999997
34.642857142857146 2.60775
34.67857142857143 2.60775
34.714285714285715 2.60775
34.75 2.60775
34.785714285714285 2.6041874999999997
34.82142857142857 2.6041874999999997
34.857142857142854 2.60775
34.892857142857146 2.6041874999999997
34.92857142857143 2.6041874999999997
34.964285714285715 2.60775
35.0 2.60775
35.035714285714285 2.6041874999999997
35.07142857142857 2.6041874999999997
35.107142857142854 2.6041874999999997
35.142857142857146 2.6041874999999997
35.17857142857143 2.6041874999999997
35.214285714285715 2.6041874999999997
35.25 2.6041874999999997
35.285714285714285 2.6041874999999997
35.32142857142857 2.6041874999999997
35.357142857142854 2.6041874999999997
35.392857142857146 2.6041874999999997
35.42857142857143 2.6041874999999997
35.464285714285715 2.6041874999999997
35.5 2.6041874999999997
35.535714285714285 2.6041874999999997
35.57142857142857 2.6041874999999997
35.607142857142854 2.6041874999999997
35.642857142857146 2.6041874999999997
35.67857142857143 2.600625
36.107142857142854 2.5970625
36.142857142857146 2.6611874999999996
36.17857142857143 2.6504999999999996
36.214285714285715 2.6611874999999996
36.392857142857146 2.657625
36.464285714285715 2.657625
37.82142857142857 2.7359999999999998
37.857142857142854 2.7181875
37.892857142857146 2.7395625
39.5 2.7929999999999997
39.535714285714285 2.8321875
39.57142857142857 2.8286249999999997
