0.03571428571428571 2.2087499999999998
0.07142857142857142 2.2051874999999996
0.10714285714285714 2.201625
0.14285714285714285 2.1980625
0.17857142857142858 2.1980625
0.21428571428571427 2.1944999999999997
0.25 2.1944999999999997
0.2857142857142857 2.1944999999999997
0.32142857142857145 2.1909375
0.35714285714285715 2.1944999999999997
0.39285714285714285 2.1909375
0.42857142857142855 2.1909375
0.5 2.1980625
0.5357142857142857 2.1980625
0.5714285714285714 2.1980625
0.6785714285714286 2.2123125
0.7142857142857143 2.2087499999999998
0.75 2.201625
0.7857142857142857 2.1980625
0.8214285714285714 2.1944999999999997
0.8571428571428571 2.1944999999999997
0.8928571428571429 2.1944999999999997
0.9285714285714286 2.1909375
0.9642857142857143 2.1909375
1.0 2.1909375
1.0357142857142858 2.1909375
1.0714285714285714 2.1909375
1.1071428571428572 2.1909375
1.1785714285714286 2.187375
1.2142857142857142 2.187375
1.3214285714285714 2.1980625
1.3571428571428572 2.1838124999999997
1.3928571428571428 2.18025
1.4285714285714286 2.18025
1.4642857142857142 2.18025
1.5 2.1766875
1.5357142857142858 2.1731249999999998
1.5714285714285714 2.1731249999999998
1.6071428571428572 2.1731249999999998
1.6428571428571428 2.1731249999999998
1.6785714285714286 2.1731249999999998
1.7142857142857142 2.1731249999999998
1.75 2.1731249999999998
1.8571428571428572 2.18025
2.0 2.201625
2.0357142857142856 2.1980625
2.0714285714285716 2.1909375
2.107142857142857 2.187375
2.142857142857143 2.187375
2.1785714285714284 2.1838124999999997
2.2142857142857144 2.18025
2.25 2.1838124999999997
2.2857142857142856 2.1838124999999997
2.3214285714285716 2.1838124999999997
2.357142857142857 2.18025
2.392857142857143 2.18025
2.4285714285714284 2.18025
2.4642857142857144 2.1838124999999997
2.5357142857142856 2.187375
2.5714285714285716 2.1838124999999997
2.6785714285714284 2.201625
2.7142857142857144 2.1944999999999997
2.75 2.187375
2.7857142857142856 2.187375
2.8214285714285716 2.1838124999999997
2.857142857142857 2.1838124999999997
2.892857142857143 2.18025
2.9285714285714284 2.18025
2.9642857142857144 2.18025
3.0 2.18025
3.0357142857142856 2.18025
3.0714285714285716 2.18025
3.107142857142857 2.18025
3.1785714285714284 2.18025
3.2142857142857144 2.18025
3.25 2.18025
3.357142857142857 2.1838124999999997
3.392857142857143 2.1731249999999998
3.4285714285714284 2.1731249999999998
3.4642857142857144 2.1731249999999998
3.5 2.166
3.5357142857142856 2.166
3.5714285714285716 2.166
3.607142857142857 2.166
3.642857142857143 2.1624375
3.6785714285714284 2.1624375
3.7142857142857144 2.1624375
3.75 2.1624375
3.7857142857142856 2.1624375
3.857142857142857 2.1766875
3.892857142857143 2.1766875
4.035714285714286 2.1731249999999998
4.071428571428571 2.1695625
4.107142857142857 2.166
4.142857142857143 2.1624375
4.178571428571429 2.1588749999999997
4.214285714285714 2.1588749999999997
4.25 2.1588749999999997
4.285714285714286 2.1588749999999997
4.321428571428571 2.1553125
4.357142857142857 2.1553125
4.392857142857143 2.1553125
4.428571428571429 2.1553125
4.464285714285714 2.1553125
4.5 2.1588749999999997
4.535714285714286 2.166
4.571428571428571 2.1588749999999997
4.714285714285714 2.1624375
4.75 2.15175
4.785714285714286 2.144625
4.821428571428571 2.144625
4.857142857142857 2.144625
4.892857142857143 2.1410625
4.928571428571429 2.1410625
4.964285714285714 2.1410625
5.0 2.1410625
5.035714285714286 2.1374999999999997
5.071428571428571 2.1374999999999997
5.107142857142857 2.1374999999999997
5.178571428571429 2.1339375
5.214285714285714 2.1481874999999997
5.357142857142857 2.1624375
5.392857142857143 2.1588749999999997
5.428571428571429 2.1553125
5.464285714285714 2.15175
5.5 2.1481874999999997
5.535714285714286 2.1481874999999997
5.571428571428571 2.1481874999999997
5.607142857142857 2.144625
5.642857142857143 2.144625
5.678571428571429 2.144625
5.714285714285714 2.144625
5.75 2.144625
5.785714285714286 2.1481874999999997
5.857142857142857 2.1624375
5.892857142857143 2.15175
6.035714285714286 2.1553125
6.071428571428571 2.1481874999999997
6.107142857142857 2.144625
6.142857142857143 2.1410625
6.178571428571429 2.1410625
6.214285714285714 2.1410625
6.25 2.1410625
6.285714285714286 2.1374999999999997
6.321428571428571 2.1374999999999997
6.357142857142857 2.1374999999999997
6.392857142857143 2.1374999999999997
6.428571428571429 2.1374999999999997
6.464285714285714 2.1374999999999997
6.5 2.130375
6.535714285714286 2.144625
6.571428571428571 2.1410625
6.75 2.1481874999999997
6.785714285714286 2.144625
6.821428571428571 2.1410625
6.857142857142857 2.1374999999999997
6.892857142857143 2.1374999999999997
6.928571428571429 2.1374999999999997
6.964285714285714 2.1339375
7.0 2.1339375
7.035714285714286 2.1339375
7.071428571428571 2.1339375
7.107142857142857 2.1339375
7.178571428571429 2.1374999999999997
7.214285714285714 2.1374999999999997
7.25 2.1339375
7.357142857142857 2.1481874999999997
7.392857142857143 2.1374999999999997
7.428571428571429 2.1374999999999997
7.464285714285714 2.1339375
7.5 2.130375
7.535714285714286 2.1268124999999998
7.571428571428571 2.1268124999999998
7.607142857142857 2.1268124999999998
7.642857142857143 2.1268124999999998
7.678571428571429 2.1268124999999998
7.714285714285714 2.1268124999999998
7.75 2.1268124999999998
7.785714285714286 2.1268124999999998
7.857142857142857 2.1481874999999997
7.892857142857143 2.1481874999999997
8.035714285714286 2.1481874999999997
8.071428571428571 2.1410625
8.107142857142858 2.1339375
8.142857142857142 2.130375
8.178571428571429 2.1268124999999998
8.214285714285714 2.1268124999999998
8.25 2.1232499999999996
8.285714285714286 2.1232499999999996
8.321428571428571 2.1232499999999996
8.357142857142858 2.1196875
8.392857142857142 2.1196875
8.428571428571429 2.1196875
8.464285714285714 2.1232499999999996
8.5 2.1268124999999998
8.535714285714286 2.1410625
8.714285714285714 2.144625
8.75 2.1339375
8.785714285714286 2.130375
8.821428571428571 2.1268124999999998
8.857142857142858 2.1232499999999996
8.892857142857142 2.1232499999999996
8.928571428571429 2.1232499999999996
8.964285714285714 2.1232499999999996
9.0 2.1232499999999996
9.035714285714286 2.1196875
9.071428571428571 2.1196875
9.107142857142858 2.1196875
9.214285714285714 2.1374999999999997
9.357142857142858 2.130375
9.392857142857142 2.1232499999999996
9.428571428571429 2.116125
9.464285714285714 2.1125624999999997
9.5 2.109
9.535714285714286 2.109
9.571428571428571 2.1054375
9.607142857142858 2.1054375
9.642857142857142 2.1054375
9.678571428571429 2.1054375
9.714285714285714 2.1054375
9.75 2.1018749999999997
9.785714285714286 2.109
10.035714285714286 2.1125624999999997
10.071428571428571 2.1054375
10.107142857142858 2.09475
10.142857142857142 2.0911874999999998
10.178571428571429 2.0911874999999998
10.214285714285714 2.0911874999999998
10.25 2.087625
10.285714285714286 2.087625
10.321428571428571 2.087625
10.357142857142858 2.0840625
10.392857142857142 2.0840625
10.428571428571429 2.0840625
10.464285714285714 2.087625
10.535714285714286 2.09475
10.571428571428571 2.09475
10.714285714285714 2.0983125
10.75 2.0840625
10.785714285714286 2.0805
10.821428571428571 2.0805
10.857142857142858 2.0769374999999997
10.892857142857142 2.073375
10.928571428571429 2.073375
10.964285714285714 2.073375
11.0 2.073375
11.035714285714286 2.073375
11.071428571428571 2.0698125
11.107142857142858 2.073375
11.142857142857142 2.073375
11.214285714285714 2.0805
11.25 2.0698125
11.357142857142858 2.0769374999999997
11.392857142857142 2.0698125
11.428571428571429 2.0662499999999997
11.464285714285714 2.0626875
11.5 2.059125
11.535714285714286 2.059125
11.571428571428571 2.0555624999999997
11.607142857142858 2.0555624999999997
11.642857142857142 2.0555624999999997
11.678571428571429 2.0555624999999997
11.714285714285714 2.0555624999999997
11.75 2.052
11.785714285714286 2.0555624999999997
11.821428571428571 2.0555624999999997
11.857142857142858 2.059125
11.892857142857142 2.0484375
12.071428571428571 2.0484375
12.107142857142858 2.0484375
12.142857142857142 2.0448749999999998
12.178571428571429 2.0413124999999996
12.214285714285714 2.0413124999999996
12.25 2.0413124999999996
12.285714285714286 2.0413124999999996
12.321428571428571 2.03775
12.357142857142858 2.03775
12.392857142857142 2.03775
12.428571428571429 2.03775
12.464285714285714 2.03775
12.535714285714286 2.0448749999999998
12.571428571428571 2.0484375
12.75 2.052
12.785714285714286 2.0448749999999998
12.821428571428571 2.0413124999999996
12.857142857142858 2.03775
12.892857142857142 2.03775
12.928571428571429 2.03775
12.964285714285714 2.03775
13.0 2.03775
13.035714285714286 2.0341875
13.071428571428571 2.0341875
13.107142857142858 2.0341875
13.142857142857142 2.0341875
13.214285714285714 2.0413124999999996
13.25 2.0341875
13.392857142857142 2.0448749999999998
13.428571428571429 2.0413124999999996
13.464285714285714 2.03775
13.5 2.0341875
13.535714285714286 2.0341875
13.571428571428571 2.0341875
13.607142857142858 2.0306249999999997
13.642857142857142 2.0306249999999997
13.678571428571429 2.0306249999999997
13.714285714285714 2.0306249999999997
13.75 2.0306249999999997
13.785714285714286 2.0306249999999997
13.821428571428571 2.0270625
13.857142857142858 2.0341875
13.892857142857142 2.0448749999999998
14.107142857142858 2.0626875
14.142857142857142 2.0555624999999997
14.178571428571429 2.0555624999999997
14.214285714285714 2.052
14.25 2.052
14.285714285714286 2.052
14.321428571428571 2.0484375
14.357142857142858 2.0484375
14.392857142857142 2.0484375
14.428571428571429 2.0448749999999998
14.535714285714286 2.0484375
14.571428571428571 2.0555624999999997
14.785714285714286 2.059125
14.821428571428571 2.0555624999999997
14.857142857142858 2.0555624999999997
14.892857142857142 2.052
14.928571428571429 2.052
14.964285714285714 2.0484375
15.0 2.0484375
15.035714285714286 2.0484375
15.071428571428571 2.0484375
15.142857142857142 2.0484375
15.25 2.0555624999999997
15.428571428571429 2.059125
15.464285714285714 2.0555624999999997
15.5 2.052
15.535714285714286 2.0484375
15.571428571428571 2.0484375
15.607142857142858 2.0484375
15.642857142857142 2.0484375
15.678571428571429 2.0448749999999998
15.714285714285714 2.0448749999999998
15.75 2.0448749999999998
15.821428571428571 2.0484375
15.857142857142858 2.0626875
15.892857142857142 2.0555624999999997
16.107142857142858 2.052
16.142857142857142 2.0484375
16.178571428571427 2.0484375
16.214285714285715 2.0484375
16.25 2.0448749999999998
16.285714285714285 2.0448749999999998
16.321428571428573 2.0448749999999998
16.357142857142858 2.0448749999999998
16.392857142857142 2.0448749999999998
16.428571428571427 2.0448749999999998
16.535714285714285 2.059125
16.571428571428573 2.059125
16.714285714285715 2.087625
16.75 2.0805
16.785714285714285 2.0769374999999997
16.821428571428573 2.0769374999999997
16.857142857142858 2.073375
16.892857142857142 2.073375
16.928571428571427 2.0698125
16.964285714285715 2.0698125
17.0 2.0698125
17.035714285714285 2.0698125
17.071428571428573 2.0698125
17.214285714285715 2.0805
17.392857142857142 2.087625
17.428571428571427 2.087625
17.464285714285715 2.0805
17.5 2.0805
17.535714285714285 2.0805
17.571428571428573 2.0805
17.607142857142858 2.0769374999999997
17.642857142857142 2.0769374999999997
17.678571428571427 2.0769374999999997
17.714285714285715 2.0769374999999997
17.75 2.073375
17.785714285714285 2.073375
17.857142857142858 2.0805
17.892857142857142 2.0769374999999997
18.035714285714285 2.0840625
18.071428571428573 2.0840625
18.107142857142858 2.0769374999999997
18.142857142857142 2.073375
18.178571428571427 2.073375
18.214285714285715 2.073375
18.25 2.0698125
18.285714285714285 2.0698125
18.321428571428573 2.0698125
18.357142857142858 2.0698125
18.392857142857142 2.0698125
18.428571428571427 2.0662499999999997
18.464285714285715 2.0698125
18.535714285714285 2.073375
18.571428571428573 2.073375
18.678571428571427 2.1054375
18.714285714285715 2.1018749999999997
18.75 2.09475
18.785714285714285 2.0911874999999998
18.821428571428573 2.087625
18.857142857142858 2.087625
18.892857142857142 2.087625
18.928571428571427 2.087625
18.964285714285715 2.0840625
19.0 2.0840625
19.035714285714285 2.0840625
19.071428571428573 2.0840625
19.107142857142858 2.0840625
19.214285714285715 2.087625
19.25 2.087625
19.357142857142858 2.09475
19.392857142857142 2.0911874999999998
19.428571428571427 2.087625
19.464285714285715 2.0840625
19.5 2.0805
19.535714285714285 2.0805
19.571428571428573 2.0805
19.607142857142858 2.0769374999999997
19.642857142857142 2.0769374999999997
19.678571428571427 2.0769374999999997
19.714285714285715 2.0769374999999997
19.75 2.0769374999999997
19.785714285714285 2.0769374999999997
19.821428571428573 2.0769374999999997
19.857142857142858 2.0769374999999997
19.892857142857142 2.087625
19.928571428571427 2.0840625
20.035714285714285 2.109
20.071428571428573 2.1018749999999997
20.107142857142858 2.09475
20.142857142857142 2.0911874999999998
20.178571428571427 2.0911874999999998
20.214285714285715 2.087625
20.25 2.087625
20.285714285714285 2.087625
20.321428571428573 2.087625
20.357142857142858 2.087625
20.392857142857142 2.0840625
20.428571428571427 2.0840625
20.464285714285715 2.0840625
20.535714285714285 2.09475
20.571428571428573 2.087625
20.714285714285715 2.0983125
20.75 2.0911874999999998
20.785714285714285 2.087625
20.821428571428573 2.0840625
20.857142857142858 2.0840625
20.892857142857142 2.0840625
20.928571428571427 2.0805
20.964285714285715 2.0805
21.0 2.0805
21.035714285714285 2.0805
21.071428571428573 2.0805
21.107142857142858 2.0805
21.142857142857142 2.0805
21.178571428571427 2.0769374999999997
21.214285714285715 2.0911874999999998
21.25 2.0805
21.357142857142858 2.09475
21.392857142857142 2.0911874999999998
21.428571428571427 2.087625
21.464285714285715 2.0840625
21.5 2.0805
21.535714285714285 2.0769374999999997
21.571428571428573 2.0769374999999997
21.607142857142858 2.0769374999999997
21.642857142857142 2.073375
21.678571428571427 2.073375
21.714285714285715 2.073375
21.75 2.073375
21.785714285714285 2.073375
21.857142857142858 2.0805
21.892857142857142 2.073375
22.035714285714285 2.0805
22.071428571428573 2.0769374999999997
22.107142857142858 2.073375
22.142857142857142 2.0698125
22.178571428571427 2.0698125
22.214285714285715 2.0662499999999997
22.25 2.0662499999999997
22.285714285714285 2.0662499999999997
22.321428571428573 2.0662499999999997
22.357142857142858 2.0662499999999997
22.392857142857142 2.0662499999999997
22.428571428571427 2.0662499999999997
22.464285714285715 2.0662499999999997
22.535714285714285 2.0662499999999997
22.571428571428573 2.0698125
22.714285714285715 2.087625
22.75 2.0769374999999997
22.785714285714285 2.073375
22.821428571428573 2.0698125
22.857142857142858 2.0698125
22.892857142857142 2.0698125
22.928571428571427 2.0662499999999997
22.964285714285715 2.0662499999999997
23.0 2.0662499999999997
23.035714285714285 2.0626875
23.071428571428573 2.0626875
23.107142857142858 2.0626875
23.214285714285715 2.059125
23.25 2.052
23.357142857142858 2.0698125
23.392857142857142 2.0662499999999997
23.428571428571427 2.059125
23.464285714285715 2.059125
23.5 2.0555624999999997
23.535714285714285 2.052
23.571428571428573 2.052
23.607142857142858 2.052
23.642857142857142 2.0484375
23.678571428571427 2.0484375
23.714285714285715 2.0484375
23.75 2.0484375
23.785714285714285 2.0484375
23.821428571428573 2.0484375
23.857142857142858 2.0484375
23.892857142857142 2.0555624999999997
23.928571428571427 2.0555624999999997
24.035714285714285 2.087625
24.071428571428573 2.0840625
24.107142857142858 2.0769374999999997
24.142857142857142 2.0769374999999997
24.178571428571427 2.073375
24.214285714285715 2.073375
24.25 2.073375
24.285714285714285 2.0698125
24.321428571428573 2.0698125
24.357142857142858 2.0698125
24.392857142857142 2.0698125
24.428571428571427 2.0698125
24.464285714285715 2.0698125
24.535714285714285 2.073375
24.571428571428573 2.0662499999999997
24.678571428571427 2.087625
24.714285714285715 2.0805
24.75 2.0769374999999997
24.785714285714285 2.073375
24.821428571428573 2.073375
24.857142857142858 2.0698125
24.892857142857142 2.0662499999999997
24.928571428571427 2.0662499999999997
24.964285714285715 2.0662499999999997
25.0 2.0662499999999997
25.035714285714285 2.0662499999999997
25.071428571428573 2.0626875
25.107142857142858 2.0626875
25.142857142857142 2.0626875
25.178571428571427 2.059125
25.214285714285715 2.0698125
25.357142857142858 2.087625
25.392857142857142 2.0805
25.428571428571427 2.0769374999999997
25.464285714285715 2.073375
25.5 2.0698125
25.535714285714285 2.0698125
25.571428571428573 2.0698125
25.607142857142858 2.0662499999999997
25.642857142857142 2.0662499999999997
25.678571428571427 2.0662499999999997
25.714285714285715 2.0662499999999997
25.75 2.0662499999999997
25.785714285714285 2.0626875
25.857142857142858 2.0662499999999997
25.892857142857142 2.0626875
26.035714285714285 2.0769374999999997
26.071428571428573 2.073375
26.107142857142858 2.073375
26.142857142857142 2.0698125
26.178571428571427 2.0662499999999997
26.214285714285715 2.0662499999999997
26.25 2.0662499999999997
26.285714285714285 2.0626875
26.321428571428573 2.0626875
26.357142857142858 2.0626875
26.392857142857142 2.0626875
26.428571428571427 2.059125
26.464285714285715 2.0626875
26.535714285714285 2.0662499999999997
26.571428571428573 2.0662499999999997
26.714285714285715 2.0805
26.75 2.073375
26.785714285714285 2.073375
26.821428571428573 2.0698125
26.857142857142858 2.0698125
26.892857142857142 2.0662499999999997
26.928571428571427 2.0662499999999997
26.964285714285715 2.0626875
27.0 2.0626875
27.035714285714285 2.0626875
27.071428571428573 2.0626875
27.107142857142858 2.0626875
27.214285714285715 2.0626875
27.25 2.059125
27.357142857142858 2.0662499999999997
27.392857142857142 2.0626875
27.428571428571427 2.0626875
27.464285714285715 2.059125
27.5 2.0555624999999997
27.535714285714285 2.0555624999999997
27.571428571428573 2.0555624999999997
27.607142857142858 2.052
27.642857142857142 2.052
27.678571428571427 2.052
27.714285714285715 2.052
27.75 2.052
27.821428571428573 2.0484375
27.857142857142858 2.0484375
27.892857142857142 2.059125
27.928571428571427 2.0626875
28.035714285714285 2.087625
28.071428571428573 2.0840625
28.107142857142858 2.073375
28.142857142857142 2.073375
28.178571428571427 2.0698125
28.214285714285715 2.0698125
28.25 2.0698125
28.285714285714285 2.0662499999999997
28.321428571428573 2.0662499999999997
28.357142857142858 2.0662499999999997
28.392857142857142 2.0662499999999997
28.428571428571427 2.0662499999999997
28.464285714285715 2.0662499999999997
28.535714285714285 2.0662499999999997
28.571428571428573 2.0626875
28.678571428571427 2.0805
28.714285714285715 2.0805
28.75 2.073375
28.785714285714285 2.0698125
28.821428571428573 2.0698125
28.857142857142858 2.0662499999999997
28.892857142857142 2.0662499999999997
28.928571428571427 2.0662499999999997
28.964285714285715 2.0626875
29.0 2.0626875
29.035714285714285 2.0626875
29.071428571428573 2.0626875
29.107142857142858 2.0626875
29.142857142857142 2.059125
29.178571428571427 2.059125
29.214285714285715 2.0698125
29.25 2.0662499999999997
29.357142857142858 2.0911874999999998
29.392857142857142 2.087625
29.428571428571427 2.0805
29.464285714285715 2.0769374999999997
29.5 2.073375
29.535714285714285 2.0698125
29.571428571428573 2.0698125
29.607142857142858 2.0698125
29.642857142857142 2.0662499999999997
29.678571428571427 2.0662499999999997
29.714285714285715 2.0662499999999997
29.75 2.0662499999999997
29.785714285714285 2.0662499999999997
29.857142857142858 2.0626875
29.892857142857142 2.0555624999999997
30.035714285714285 2.0555624999999997
30.071428571428573 2.052
30.107142857142858 2.0448749999999998
30.142857142857142 2.0413124999999996
30.178571428571427 2.0413124999999996
30.214285714285715 2.0413124999999996
30.25 2.03775
30.285714285714285 2.03775
30.321428571428573 2.03775
30.357142857142858 2.03775
30.392857142857142 2.03775
30.428571428571427 2.03775
30.464285714285715 2.03775
30.535714285714285 2.03775
30.571428571428573 2.0341875
30.714285714285715 2.0448749999999998
30.75 2.0413124999999996
30.785714285714285 2.0413124999999996
30.821428571428573 2.0341875
30.857142857142858 2.0341875
30.892857142857142 2.0341875
30.928571428571427 2.0341875
30.964285714285715 2.0306249999999997
31.0 2.0306249999999997
31.035714285714285 2.0306249999999997
31.071428571428573 2.0306249999999997
31.107142857142858 2.0306249999999997
31.142857142857142 2.0270625
31.214285714285715 2.0270625
31.25 2.016375
31.357142857142858 2.0306249999999997
31.392857142857142 2.0306249999999997
31.428571428571427 2.0306249999999997
31.464285714285715 2.0270625
31.5 2.0235
31.535714285714285 2.0235
31.571428571428573 2.0235
31.607142857142858 2.0235
31.642857142857142 2.0235
31.678571428571427 2.0199374999999997
31.714285714285715 2.0199374999999997
31.75 2.0235
31.785714285714285 2.0199374999999997
31.821428571428573 2.016375
31.857142857142858 2.016375
31.892857142857142 2.016375
31.928571428571427 2.0128125
32.035714285714285 2.0341875
32.07142857142857 2.0341875
32.107142857142854 2.0306249999999997
32.142857142857146 2.0270625
32.17857142857143 2.0270625
32.214285714285715 2.0235
32.25 2.0199374999999997
32.285714285714285 2.0199374999999997
32.32142857142857 2.0199374999999997
32.357142857142854 2.016375
32.392857142857146 2.016375
32.42857142857143 2.016375
32.464285714285715 2.016375
32.535714285714285 2.0128125
32.57142857142857 2.0092499999999998
32.714285714285715 2.0235
32.75 2.016375
32.785714285714285 2.0128125
32.82142857142857 2.0128125
32.857142857142854 2.0092499999999998
32.892857142857146 2.0092499999999998
32.92857142857143 2.0092499999999998
32.964285714285715 2.0056875
33.0 2.0056875
33.035714285714285 2.0056875
33.07142857142857 2.0056875
33.107142857142854 2.0056875
33.142857142857146 2.0056875
33.214285714285715 2.0128125
33.25 2.002125
33.357142857142854 2.0270625
33.392857142857146 2.0235
33.42857142857143 2.016375
33.464285714285715 2.016375
33.5 2.0128125
33.535714285714285 2.0092499999999998
33.57142857142857 2.0092499999999998
33.607142857142854 2.0092499999999998
33.642857142857146 2.0092499999999998
33.67857142857143 2.0092499999999998
33.714285714285715 2.0092499999999998
33.75 2.0056875
33.785714285714285 2.0056875
33.82142857142857 2.0056875
33.857142857142854 2.0092499999999998
33.892857142857146 2.002125
33.92857142857143 1.9949999999999999
34.035714285714285 2.0199374999999997
34.07142857142857 2.0128125
34.107142857142854 2.0092499999999998
34.142857142857146 2.0092499999999998
34.17857142857143 2.0056875
34.214285714285715 2.0056875
34.25 2.0056875
34.285714285714285 2.002125
34.32142857142857 2.002125
34.357142857142854 2.002125
34.392857142857146 2.002125
34.42857142857143 2.002125
34.464285714285715 2.002125
34.535714285714285 2.002125
34.57142857142857 1.9985624999999998
34.607142857142854 1.9949999999999999
34.714285714285715 2.0128125
34.75 2.0092499999999998
34.785714285714285 2.0056875
34.82142857142857 2.002125
34.857142857142854 2.002125
34.892857142857146 1.9985624999999998
34.92857142857143 1.9985624999999998
34.964285714285715 1.9985624999999998
35.0 1.9985624999999998
35.035714285714285 1.9949999999999999
35.07142857142857 1.9949999999999999
35.107142857142854 1.9949999999999999
35.142857142857146 1.9949999999999999
35.214285714285715 1.9949999999999999
35.25 1.9878749999999998
35.357142857142854 2.0056875
35.392857142857146 2.002125
35.42857142857143 1.9985624999999998
35.464285714285715 1.9949999999999999
35.5 1.9949999999999999
35.535714285714285 1.9914374999999997
35.57142857142857 1.9914374999999997
35.607142857142854 1.9878749999999998
35.642857142857146 1.9878749999999998
35.67857142857143 1.9878749999999998
35.714285714285715 1.9878749999999998
35.75 1.9878749999999998
35.785714285714285 1.9878749999999998
35.82142857142857 1.9878749999999998
35.857142857142854 1.9878749999999998
35.892857142857146 1.9949999999999999
35.92857142857143 1.9914374999999997
36.035714285714285 2.0128125
36.07142857142857 2.0056875
36.107142857142854 2.002125
36.142857142857146 1.9985624999999998
36.17857142857143 1.9985624999999998
36.214285714285715 1.9949999999999999
36.25 1.9949999999999999
36.285714285714285 1.9949999999999999
36.32142857142857 1.9914374999999997
36.357142857142854 1.9914374999999997
36.392857142857146 1.9914374999999997
36.42857142857143 1.9914374999999997
36.464285714285715 1.9914374999999997
36.535714285714285 1.9878749999999998
36.57142857142857 1.9878749999999998
36.67857142857143 2.0092499999999998
36.714285714285715 2.0056875
36.75 1.9985624999999998
36.785714285714285 1.9985624999999998
36.82142857142857 1.9949999999999999
36.857142857142854 1.9949999999999999
36.892857142857146 1.9914374999999997
36.92857142857143 1.9914374999999997
36.964285714285715 1.9914374999999997
37.0 1.9878749999999998
37.035714285714285 1.9878749999999998
37.07142857142857 1.9878749999999998
37.107142857142854 1.9878749999999998
37.142857142857146 1.9878749999999998
37.214285714285715 1.9949999999999999
37.25 1.9878749999999998
37.357142857142854 2.0092499999999998
37.392857142857146 2.0056875
37.42857142857143 2.0056875
37.464285714285715 1.9985624999999998
37.5 1.9949999999999999
37.535714285714285 1.9949999999999999
37.57142857142857 1.9949999999999999
37.607142857142854 1.9949999999999999
37.642857142857146 1.9914374999999997
37.67857142857143 1.9914374999999997
37.714285714285715 1.9914374999999997
37.75 1.9914374999999997
37.785714285714285 1.9914374999999997
37.82142857142857 1.9914374999999997
37.892857142857146 1.9914374999999997
37.92857142857143 1.9843125
38.035714285714285 2.0056875
38.07142857142857 1.9985624999999998
38.107142857142854 1.9949999999999999
38.142857142857146 1.9914374999999997
38.17857142857143 1.9914374999999997
38.214285714285715 1.9878749999999998
38.25 1.9878749999999998
38.285714285714285 1.9878749999999998
38.32142857142857 1.9878749999999998
38.357142857142854 1.9878749999999998
38.392857142857146 1.9843125
38.42857142857143 1.9843125
38.464285714285715 1.9843125
38.535714285714285 1.9878749999999998
38.57142857142857 1.9914374999999997
38.607142857142854 1.9914374999999997
38.714285714285715 2.0056875
38.75 1.9985624999999998
38.785714285714285 1.9985624999999998
38.82142857142857 1.9949999999999999
38.857142857142854 1.9914374999999997
38.892857142857146 1.9914374999999997
38.92857142857143 1.9914374999999997
38.964285714285715 1.9914374999999997
39.0 1.9878749999999998
39.035714285714285 1.9878749999999998
39.07142857142857 1.9914374999999997
39.107142857142854 1.9878749999999998
39.142857142857146 1.9914374999999997
39.214285714285715 1.9914374999999997
39.25 1.9807499999999998
39.357142857142854 2.002125
39.392857142857146 1.9985624999999998
39.42857142857143 1.9985624999999998
39.464285714285715 1.9949999999999999
39.5 1.9914374999999997
39.535714285714285 1.9914374999999997
39.57142857142857 1.9914374999999997
39.607142857142854 1.9878749999999998
39.642857142857146 1.9878749999999998
39.67857142857143 1.9878749999999998
39.714285714285715 1.9878749999999998
39.75 1.9878749999999998
39.785714285714285 1.9878749999999998
39.82142857142857 1.9843125
39.857142857142854 1.9843125
39.892857142857146 1.9949999999999999
39.92857142857143 1.9949999999999999
