0.7142857142857143 2.2657499999999997
0.7857142857142857 2.2835625
0.8214285714285714 2.28
1.0714285714285714 2.3085
1.1071428571428572 2.3085
1.1428571428571428 2.3049375
1.1785714285714286 2.3049375
1.2142857142857142 2.3049375
1.25 2.3049375
1.2857142857142858 2.3049375
1.3214285714285714 2.3049375
1.3571428571428572 2.3049375
1.3928571428571428 2.3013749999999997
1.5357142857142858 2.3049375
1.6071428571428572 2.3120624999999997
1.6428571428571428 2.3085
1.7857142857142858 2.3085
1.8214285714285714 2.3013749999999997
1.8571428571428572 2.3013749999999997
1.8928571428571428 2.2978125
1.9285714285714286 2.2978125
1.9642857142857142 2.2978125
2.0 2.2978125
2.0357142857142856 2.2978125
2.0714285714285716 2.2978125
2.107142857142857 2.29425
2.142857142857143 2.29425
2.1785714285714284 2.29425
2.2142857142857144 2.29425
2.25 2.29425
2.2857142857142856 2.29425
2.357142857142857 2.2978125
2.392857142857143 2.29425
2.4285714285714284 2.3013749999999997
2.4642857142857144 2.3049375
2.607142857142857 2.29425
2.642857142857143 2.29425
2.6785714285714284 2.2871249999999996
2.7142857142857144 2.2871249999999996
2.75 2.2871249999999996
2.7857142857142856 2.2871249999999996
2.8214285714285716 2.2835625
2.857142857142857 2.2835625
2.892857142857143 2.2835625
2.9285714285714284 2.2835625
2.9642857142857144 2.2835625
3.0 2.2835625
3.0357142857142856 2.2835625
3.0714285714285716 2.2835625
3.107142857142857 2.2835625
3.2142857142857144 2.2835625
3.25 2.2871249999999996
3.2857142857142856 2.2871249999999996
3.3214285714285716 2.2835625
3.4285714285714284 2.28
3.4642857142857144 2.272875
3.5 2.2657499999999997
3.5357142857142856 2.2657499999999997
3.5714285714285716 2.2657499999999997
3.607142857142857 2.2621875
3.642857142857143 2.2621875
3.6785714285714284 2.2621875
3.7142857142857144 2.2621875
3.75 2.2621875
3.7857142857142856 2.2621875
3.8214285714285716 2.2621875
3.857142857142857 2.2621875
3.892857142857143 2.2621875
3.9285714285714284 2.2621875
3.9642857142857144 2.2621875
4.0 2.2657499999999997
4.035714285714286 2.2693125
4.071428571428571 2.2657499999999997
4.107142857142857 2.272875
4.142857142857143 2.2657499999999997
4.25 2.2657499999999997
4.285714285714286 2.258625
4.321428571428571 2.2550624999999997
4.357142857142857 2.2515
4.392857142857143 2.2515
4.428571428571429 2.2479375
4.464285714285714 2.2479375
4.5 2.2479375
4.535714285714286 2.2479375
4.571428571428571 2.2479375
4.607142857142857 2.2479375
4.642857142857143 2.2479375
4.678571428571429 2.2479375
4.714285714285714 2.2479375
4.75 2.2479375
4.785714285714286 2.2479375
4.821428571428571 2.2479375
4.892857142857143 2.2515
4.964285714285714 2.258625
5.107142857142857 2.2693125
5.142857142857143 2.2657499999999997
5.178571428571429 2.258625
5.214285714285714 2.258625
5.25 2.258625
5.285714285714286 2.2550624999999997
5.321428571428571 2.2550624999999997
5.357142857142857 2.2550624999999997
5.392857142857143 2.2550624999999997
5.428571428571429 2.2550624999999997
5.464285714285714 2.2550624999999997
5.5 2.2550624999999997
5.535714285714286 2.2550624999999997
5.571428571428571 2.2550624999999997
5.607142857142857 2.2550624999999997
5.642857142857143 2.2550624999999997
5.785714285714286 2.2657499999999997
5.964285714285714 2.272875
6.0 2.2657499999999997
6.035714285714286 2.2657499999999997
6.071428571428571 2.2621875
6.107142857142857 2.2621875
6.142857142857143 2.2621875
6.178571428571429 2.258625
6.214285714285714 2.258625
6.25 2.258625
6.285714285714286 2.258625
6.321428571428571 2.258625
6.357142857142857 2.258625
6.392857142857143 2.258625
6.428571428571429 2.258625
6.464285714285714 2.258625
6.5 2.2621875
6.535714285714286 2.2621875
6.571428571428571 2.2621875
6.607142857142857 2.2693125
6.642857142857143 2.2657499999999997
6.75 2.2693125
6.785714285714286 2.2621875
6.821428571428571 2.2550624999999997
6.857142857142857 2.2515
6.892857142857143 2.2515
6.928571428571429 2.2479375
6.964285714285714 2.2479375
7.0 2.2479375
7.035714285714286 2.244375
7.071428571428571 2.244375
7.107142857142857 2.244375
7.142857142857143 2.244375
7.178571428571429 2.244375
7.214285714285714 2.244375
7.25 2.244375
7.285714285714286 2.244375
7.321428571428571 2.244375
7.357142857142857 2.2479375
7.392857142857143 2.2515
7.464285714285714 2.2621875
7.607142857142857 2.2657499999999997
7.642857142857143 2.2621875
7.678571428571429 2.258625
7.714285714285714 2.2550624999999997
7.75 2.2515
7.785714285714286 2.2515
7.821428571428571 2.2515
7.857142857142857 2.2515
7.892857142857143 2.2515
7.928571428571429 2.2479375
7.964285714285714 2.2479375
8.0 2.2479375
8.035714285714286 2.2479375
8.071428571428571 2.2479375
8.107142857142858 2.2479375
8.142857142857142 2.2479375
8.178571428571429 2.2515
8.285714285714286 2.258625
8.428571428571429 2.2550624999999997
8.464285714285714 2.2479375
8.5 2.2408124999999997
8.535714285714286 2.2408124999999997
8.571428571428571 2.2408124999999997
8.607142857142858 2.23725
8.642857142857142 2.23725
8.678571428571429 2.2336875
8.714285714285714 2.2336875
8.75 2.2336875
8.785714285714286 2.2336875
8.821428571428571 2.2336875
8.857142857142858 2.23725
8.892857142857142 2.23725
8.928571428571429 2.2336875
8.964285714285714 2.2336875
9.0 2.23725
9.035714285714286 2.2408124999999997
9.071428571428571 2.23725
9.107142857142858 2.2479375
9.142857142857142 2.244375
9.25 2.244375
9.285714285714286 2.23725
9.321428571428571 2.2336875
9.357142857142858 2.2265625
9.392857142857142 2.2265625
9.428571428571429 2.2265625
9.464285714285714 2.223
9.5 2.223
9.535714285714286 2.223
9.571428571428571 2.223
9.607142857142858 2.2265625
9.642857142857142 2.223
9.678571428571429 2.223
9.714285714285714 2.223
9.75 2.223
9.785714285714286 2.223
9.821428571428571 2.2265625
9.892857142857142 2.2265625
9.928571428571429 2.2408124999999997
9.964285714285714 2.244375
10.0 2.2408124999999997
10.107142857142858 2.2550624999999997
10.142857142857142 2.2479375
10.178571428571429 2.244375
10.214285714285714 2.244375
10.25 2.2408124999999997
10.285714285714286 2.23725
10.321428571428571 2.23725
10.357142857142858 2.23725
10.392857142857142 2.23725
10.428571428571429 2.23725
10.464285714285714 2.23725
10.5 2.23725
10.535714285714286 2.23725
10.571428571428571 2.23725
10.607142857142858 2.23725
10.642857142857142 2.23725
10.678571428571429 2.2408124999999997
10.714285714285714 2.2408124999999997
10.785714285714286 2.2479375
10.821428571428571 2.2408124999999997
10.928571428571429 2.2515
10.964285714285714 2.2408124999999997
11.0 2.23725
11.035714285714286 2.2336875
11.071428571428571 2.2336875
11.107142857142858 2.2301249999999997
11.142857142857142 2.2301249999999997
11.178571428571429 2.2301249999999997
11.214285714285714 2.2301249999999997
11.25 2.2301249999999997
11.285714285714286 2.2301249999999997
11.321428571428571 2.2301249999999997
11.357142857142858 2.2301249999999997
11.392857142857142 2.2301249999999997
11.428571428571429 2.2301249999999997
11.464285714285714 2.2301249999999997
11.5 2.2301249999999997
11.535714285714286 2.2301249999999997
11.571428571428571 2.2265625
11.607142857142858 2.2408124999999997
11.642857142857142 2.23725
11.75 2.244375
11.785714285714286 2.2408124999999997
11.821428571428571 2.2336875
11.857142857142858 2.2301249999999997
11.892857142857142 2.2301249999999997
11.928571428571429 2.2301249999999997
11.964285714285714 2.2301249999999997
12.0 2.2265625
12.035714285714286 2.2265625
12.071428571428571 2.2265625
12.107142857142858 2.2265625
12.142857142857142 2.2265625
12.178571428571429 2.2265625
12.214285714285714 2.2265625
12.25 2.2265625
12.285714285714286 2.2265625
12.321428571428571 2.2265625
12.392857142857142 2.2301249999999997
12.464285714285714 2.244375
12.607142857142858 2.2515
12.642857142857142 2.244375
12.678571428571429 2.2408124999999997
12.714285714285714 2.23725
12.75 2.23725
12.785714285714286 2.23725
12.821428571428571 2.23725
12.857142857142858 2.2336875
12.892857142857142 2.2336875
12.928571428571429 2.2336875
12.964285714285714 2.2336875
13.0 2.2336875
13.035714285714286 2.2336875
13.071428571428571 2.2336875
13.107142857142858 2.2336875
13.142857142857142 2.2336875
13.214285714285714 2.23725
13.285714285714286 2.2479375
13.321428571428571 2.244375
13.428571428571429 2.2515
13.464285714285714 2.2408124999999997
13.5 2.23725
13.535714285714286 2.23725
13.571428571428571 2.2336875
13.607142857142858 2.2301249999999997
13.642857142857142 2.2301249999999997
13.678571428571429 2.2301249999999997
13.714285714285714 2.2301249999999997
13.75 2.2301249999999997
13.785714285714286 2.2301249999999997
13.821428571428571 2.2301249999999997
13.857142857142858 2.2301249999999997
13.892857142857142 2.2301249999999997
13.928571428571429 2.2301249999999997
13.964285714285714 2.2301249999999997
14.0 2.2336875
14.035714285714286 2.23725
14.071428571428571 2.2336875
14.107142857142858 2.244375
14.142857142857142 2.244375
14.25 2.2479375
14.285714285714286 2.2408124999999997
14.321428571428571 2.2408124999999997
14.357142857142858 2.2336875
14.392857142857142 2.2336875
14.428571428571429 2.2301249999999997
14.464285714285714 2.2301249999999997
14.5 2.2301249999999997
14.535714285714286 2.2301249999999997
14.571428571428571 2.2301249999999997
14.607142857142858 2.2301249999999997
14.642857142857142 2.2301249999999997
14.678571428571429 2.2301249999999997
14.714285714285714 2.2301249999999997
14.75 2.2301249999999997
14.785714285714286 2.2301249999999997
14.821428571428571 2.2301249999999997
14.857142857142858 2.2336875
14.892857142857142 2.2301249999999997
14.928571428571429 2.2408124999999997
14.964285714285714 2.2408124999999997
15.107142857142858 2.2408124999999997
15.142857142857142 2.2336875
15.178571428571429 2.2336875
15.214285714285714 2.2301249999999997
15.25 2.2301249999999997
15.285714285714286 2.2301249999999997
15.321428571428571 2.2265625
15.357142857142858 2.2265625
15.392857142857142 2.2265625
15.428571428571429 2.2265625
15.464285714285714 2.223
15.5 2.223
15.535714285714286 2.223
15.571428571428571 2.223
15.607142857142858 2.223
15.642857142857142 2.223
15.714285714285714 2.2301249999999997
15.75 2.23725
15.785714285714286 2.23725
15.821428571428571 2.2301249999999997
15.928571428571429 2.2408124999999997
15.964285714285714 2.2336875
16.0 2.2265625
16.035714285714285 2.2265625
16.071428571428573 2.223
16.107142857142858 2.223
16.142857142857142 2.223
16.178571428571427 2.223
16.214285714285715 2.2194374999999997
16.25 2.2194374999999997
16.285714285714285 2.2194374999999997
16.321428571428573 2.2194374999999997
16.357142857142858 2.2194374999999997
16.392857142857142 2.2194374999999997
16.428571428571427 2.2194374999999997
16.464285714285715 2.2194374999999997
16.5 2.223
16.535714285714285 2.2265625
16.571428571428573 2.223
16.607142857142858 2.23725
16.642857142857142 2.2301249999999997
16.75 2.244375
16.785714285714285 2.2336875
16.821428571428573 2.2301249999999997
16.857142857142858 2.2265625
16.892857142857142 2.2265625
16.928571428571427 2.223
16.964285714285715 2.223
17.0 2.223
17.035714285714285 2.223
17.071428571428573 2.223
17.107142857142858 2.223
17.142857142857142 2.2194374999999997
17.178571428571427 2.2194374999999997
17.214285714285715 2.2194374999999997
17.25 2.2194374999999997
17.285714285714285 2.2194374999999997
17.321428571428573 2.2194374999999997
17.357142857142858 2.2265625
17.428571428571427 2.2336875
17.464285714285715 2.2336875
17.607142857142858 2.2301249999999997
17.642857142857142 2.223
17.678571428571427 2.223
17.714285714285715 2.2194374999999997
17.75 2.215875
17.785714285714285 2.215875
17.821428571428573 2.215875
17.857142857142858 2.215875
17.892857142857142 2.2123125
17.928571428571427 2.2123125
17.964285714285715 2.2123125
18.0 2.2123125
18.035714285714285 2.2123125
18.071428571428573 2.2123125
18.107142857142858 2.2123125
18.142857142857142 2.2123125
18.178571428571427 2.215875
18.214285714285715 2.215875
18.25 2.2194374999999997
18.285714285714285 2.2194374999999997
18.321428571428573 2.2087499999999998
18.464285714285715 2.2051874999999996
18.5 2.201625
18.535714285714285 2.201625
18.571428571428573 2.1980625
18.607142857142858 2.1944999999999997
18.642857142857142 2.1944999999999997
18.678571428571427 2.1944999999999997
18.714285714285715 2.1944999999999997
18.75 2.1944999999999997
18.785714285714285 2.1944999999999997
18.821428571428573 2.1944999999999997
18.857142857142858 2.1944999999999997
18.892857142857142 2.1944999999999997
18.928571428571427 2.1944999999999997
18.964285714285715 2.1944999999999997
19.0 2.1944999999999997
19.035714285714285 2.1980625
19.071428571428573 2.1944999999999997
19.107142857142858 2.201625
19.285714285714285 2.201625
19.321428571428573 2.1980625
19.357142857142858 2.1944999999999997
19.392857142857142 2.1944999999999997
19.428571428571427 2.1909375
19.464285714285715 2.187375
19.5 2.187375
19.535714285714285 2.187375
19.571428571428573 2.1909375
19.607142857142858 2.187375
19.642857142857142 2.187375
19.678571428571427 2.187375
19.714285714285715 2.187375
19.75 2.187375
19.785714285714285 2.187375
19.821428571428573 2.187375
19.857142857142858 2.1944999999999997
19.928571428571427 2.1944999999999997
19.964285714285715 2.2051874999999996
20.107142857142858 2.1980625
20.142857142857142 2.1909375
20.178571428571427 2.187375
20.214285714285715 2.187375
20.25 2.1838124999999997
20.285714285714285 2.1838124999999997
20.321428571428573 2.18025
20.357142857142858 2.18025
20.392857142857142 2.18025
20.428571428571427 2.18025
20.464285714285715 2.18025
20.5 2.18025
20.535714285714285 2.18025
20.571428571428573 2.18025
20.607142857142858 2.18025
20.642857142857142 2.18025
20.678571428571427 2.1838124999999997
20.714285714285715 2.1838124999999997
20.75 2.1838124999999997
20.785714285714285 2.1909375
20.928571428571427 2.1980625
20.964285714285715 2.1944999999999997
21.0 2.1909375
21.035714285714285 2.187375
21.071428571428573 2.1838124999999997
21.107142857142858 2.18025
21.142857142857142 2.18025
21.178571428571427 2.18025
21.214285714285715 2.18025
21.25 2.18025
21.285714285714285 2.18025
21.321428571428573 2.18025
21.357142857142858 2.18025
21.392857142857142 2.1838124999999997
21.428571428571427 2.18025
21.464285714285715 2.18025
21.5 2.1838124999999997
21.642857142857142 2.18025
21.785714285714285 2.1909375
21.821428571428573 2.1909375
21.857142857142858 2.187375
21.892857142857142 2.1838124999999997
21.928571428571427 2.1838124999999997
21.964285714285715 2.1838124999999997
22.0 2.18025
22.035714285714285 2.18025
22.071428571428573 2.18025
22.107142857142858 2.18025
22.142857142857142 2.18025
22.178571428571427 2.18025
22.214285714285715 2.18025
22.25 2.18025
22.285714285714285 2.18025
22.321428571428573 2.18025
22.428571428571427 2.18025
22.464285714285715 2.1838124999999997
22.5 2.18025
22.607142857142858 2.1909375
22.642857142857142 2.187375
22.678571428571427 2.1838124999999997
22.714285714285715 2.1838124999999997
22.75 2.18025
22.785714285714285 2.18025
22.821428571428573 2.18025
22.857142857142858 2.1766875
22.892857142857142 2.1766875
22.928571428571427 2.1766875
22.964285714285715 2.1766875
23.0 2.1766875
23.035714285714285 2.1766875
23.071428571428573 2.1766875
23.107142857142858 2.1766875
23.142857142857142 2.1766875
23.178571428571427 2.18025
23.25 2.1766875
23.321428571428573 2.18025
23.428571428571427 2.1909375
23.464285714285715 2.1909375
23.5 2.187375
23.535714285714285 2.1838124999999997
23.571428571428573 2.1838124999999997
23.607142857142858 2.18025
23.642857142857142 2.18025
23.678571428571427 2.18025
23.714285714285715 2.18025
23.75 2.1766875
23.785714285714285 2.18025
23.821428571428573 2.1766875
23.857142857142858 2.1766875
23.892857142857142 2.1766875
23.928571428571427 2.1766875
23.964285714285715 2.1766875
24.0 2.18025
24.107142857142858 2.1909375
24.142857142857142 2.187375
24.178571428571427 2.187375
24.285714285714285 2.1944999999999997
24.321428571428573 2.1909375
24.357142857142858 2.187375
24.392857142857142 2.1838124999999997
24.428571428571427 2.1838124999999997
24.464285714285715 2.18025
24.5 2.18025
24.535714285714285 2.18025
24.571428571428573 2.18025
24.607142857142858 2.18025
24.642857142857142 2.18025
24.678571428571427 2.18025
24.714285714285715 2.18025
24.75 2.18025
24.785714285714285 2.18025
24.821428571428573 2.18025
24.928571428571427 2.18025
24.964285714285715 2.187375
25.0 2.1838124999999997
25.107142857142858 2.187375
25.142857142857142 2.1838124999999997
25.178571428571427 2.1838124999999997
25.214285714285715 2.18025
25.25 2.1766875
25.285714285714285 2.1766875
25.321428571428573 2.1766875
25.357142857142858 2.1766875
25.392857142857142 2.1731249999999998
25.428571428571427 2.1731249999999998
25.464285714285715 2.1731249999999998
25.5 2.1731249999999998
25.535714285714285 2.1731249999999998
25.571428571428573 2.1731249999999998
25.607142857142858 2.1731249999999998
25.642857142857142 2.1731249999999998
25.678571428571427 2.1766875
25.75 2.1766875
25.785714285714285 2.1838124999999997
25.821428571428573 2.18025
25.928571428571427 2.1944999999999997
25.964285714285715 2.1944999999999997
26.0 2.1944999999999997
26.035714285714285 2.1909375
26.071428571428573 2.1909375
26.107142857142858 2.187375
26.142857142857142 2.187375
26.178571428571427 2.187375
26.214285714285715 2.187375
26.25 2.187375
26.285714285714285 2.187375
26.321428571428573 2.187375
26.357142857142858 2.187375
26.392857142857142 2.187375
26.428571428571427 2.187375
26.464285714285715 2.187375
26.5 2.187375
26.607142857142858 2.1944999999999997
26.642857142857142 2.187375
26.678571428571427 2.1838124999999997
26.785714285714285 2.1838124999999997
26.821428571428573 2.18025
26.857142857142858 2.1766875
26.892857142857142 2.1731249999999998
26.928571428571427 2.1731249999999998
26.964285714285715 2.1731249999999998
27.0 2.1731249999999998
27.035714285714285 2.1695625
27.071428571428573 2.1695625
27.107142857142858 2.1695625
27.142857142857142 2.1695625
27.178571428571427 2.1695625
27.214285714285715 2.1695625
27.25 2.1695625
27.285714285714285 2.1695625
27.321428571428573 2.1695625
27.428571428571427 2.1766875
27.464285714285715 2.1766875
27.5 2.166
27.607142857142858 2.18025
27.642857142857142 2.18025
27.678571428571427 2.18025
27.714285714285715 2.1766875
27.75 2.1731249999999998
27.785714285714285 2.1731249999999998
27.821428571428573 2.1731249999999998
27.857142857142858 2.1695625
27.892857142857142 2.1695625
27.928571428571427 2.1695625
27.964285714285715 2.1695625
28.0 2.1695625
28.035714285714285 2.1695625
28.071428571428573 2.1695625
28.107142857142858 2.1695625
28.142857142857142 2.1695625
28.178571428571427 2.1731249999999998
28.25 2.1695625
28.285714285714285 2.1731249999999998
28.321428571428573 2.1695625
28.428571428571427 2.1731249999999998
28.464285714285715 2.1695625
28.5 2.166
28.535714285714285 2.1624375
28.571428571428573 2.1588749999999997
28.607142857142858 2.1588749999999997
28.642857142857142 2.1588749999999997
28.678571428571427 2.1588749999999997
28.714285714285715 2.1553125
28.75 2.1553125
28.785714285714285 2.1553125
28.821428571428573 2.1553125
28.857142857142858 2.1553125
28.892857142857142 2.1553125
28.928571428571427 2.1553125
28.964285714285715 2.1553125
29.035714285714285 2.1553125
29.071428571428573 2.1588749999999997
29.142857142857142 2.1588749999999997
29.178571428571427 2.15175
29.285714285714285 2.1588749999999997
29.321428571428573 2.1553125
29.357142857142858 2.15175
29.392857142857142 2.1481874999999997
29.428571428571427 2.1481874999999997
29.464285714285715 2.1481874999999997
29.5 2.144625
29.535714285714285 2.144625
29.571428571428573 2.144625
29.607142857142858 2.144625
29.642857142857142 2.144625
29.678571428571427 2.144625
29.714285714285715 2.144625
29.75 2.144625
29.785714285714285 2.144625
29.821428571428573 2.144625
29.857142857142858 2.144625
29.892857142857142 2.1481874999999997
29.964285714285715 2.1481874999999997
30.0 2.1410625
30.107142857142858 2.1588749999999997
30.142857142857142 2.1588749999999997
30.178571428571427 2.1588749999999997
30.214285714285715 2.1553125
30.25 2.15175
30.285714285714285 2.15175
30.321428571428573 2.15175
30.357142857142858 2.15175
30.392857142857142 2.15175
30.428571428571427 2.15175
30.464285714285715 2.1481874999999997
30.5 2.1481874999999997
30.535714285714285 2.1481874999999997
30.571428571428573 2.1481874999999997
30.607142857142858 2.1481874999999997
30.642857142857142 2.1481874999999997
30.714285714285715 2.15175
30.75 2.144625
30.785714285714285 2.1481874999999997
30.821428571428573 2.1481874999999997
30.928571428571427 2.144625
30.964285714285715 2.1410625
31.0 2.1339375
31.035714285714285 2.130375
31.071428571428573 2.130375
31.107142857142858 2.130375
31.142857142857142 2.130375
31.178571428571427 2.130375
31.214285714285715 2.130375
31.25 2.1268124999999998
31.285714285714285 2.1268124999999998
31.321428571428573 2.1268124999999998
31.357142857142858 2.1268124999999998
31.392857142857142 2.1268124999999998
31.428571428571427 2.1268124999999998
31.464285714285715 2.1268124999999998
31.5 2.130375
31.535714285714285 2.130375
31.571428571428573 2.1339375
31.607142857142858 2.1339375
31.642857142857142 2.1339375
31.678571428571427 2.1268124999999998
31.785714285714285 2.1339375
31.821428571428573 2.130375
31.857142857142858 2.1268124999999998
31.892857142857142 2.1268124999999998
31.928571428571427 2.1232499999999996
31.964285714285715 2.1232499999999996
32.0 2.1232499999999996
32.035714285714285 2.1232499999999996
32.07142857142857 2.1232499999999996
32.107142857142854 2.1232499999999996
32.142857142857146 2.1232499999999996
32.17857142857143 2.1232499999999996
32.214285714285715 2.1232499999999996
32.25 2.1232499999999996
32.285714285714285 2.1196875
32.32142857142857 2.1196875
32.357142857142854 2.1232499999999996
32.392857142857146 2.1268124999999998
32.42857142857143 2.130375
32.464285714285715 2.130375
32.5 2.1268124999999998
32.607142857142854 2.144625
32.642857142857146 2.144625
32.67857142857143 2.144625
32.714285714285715 2.1410625
32.75 2.1374999999999997
32.785714285714285 2.1374999999999997
32.82142857142857 2.1374999999999997
32.857142857142854 2.1374999999999997
32.892857142857146 2.1374999999999997
32.92857142857143 2.1374999999999997
32.964285714285715 2.1374999999999997
33.0 2.1339375
33.035714285714285 2.1339375
33.07142857142857 2.1339375
33.107142857142854 2.1339375
33.142857142857146 2.1339375
33.214285714285715 2.1374999999999997
33.25 2.1374999999999997
33.285714285714285 2.1410625
33.32142857142857 2.144625
33.42857142857143 2.1553125
33.464285714285715 2.1553125
33.5 2.1553125
33.535714285714285 2.15175
33.57142857142857 2.15175
33.607142857142854 2.1481874999999997
33.642857142857146 2.1481874999999997
33.67857142857143 2.1481874999999997
33.714285714285715 2.1481874999999997
33.75 2.144625
33.785714285714285 2.144625
33.82142857142857 2.144625
33.857142857142854 2.144625
33.892857142857146 2.144625
33.92857142857143 2.144625
33.964285714285715 2.144625
34.0 2.1481874999999997
34.035714285714285 2.1481874999999997
34.07142857142857 2.144625
34.107142857142854 2.15175
34.142857142857146 2.1553125
34.17857142857143 2.144625
34.25 2.1481874999999997
34.285714285714285 2.144625
34.32142857142857 2.1410625
34.357142857142854 2.1374999999999997
34.392857142857146 2.1339375
34.42857142857143 2.1339375
34.464285714285715 2.1339375
34.5 2.130375
34.535714285714285 2.130375
34.57142857142857 2.130375
34.607142857142854 2.130375
34.642857142857146 2.130375
34.67857142857143 2.130375
34.714285714285715 2.130375
34.75 2.130375
34.785714285714285 2.130375
34.82142857142857 2.130375
34.857142857142854 2.1339375
34.892857142857146 2.1374999999999997
34.92857142857143 2.1374999999999997
34.964285714285715 2.1374999999999997
35.107142857142854 2.15175
35.142857142857146 2.15175
35.17857142857143 2.1481874999999997
35.214285714285715 2.144625
35.25 2.1410625
35.285714285714285 2.1410625
35.32142857142857 2.1374999999999997
35.357142857142854 2.1374999999999997
35.392857142857146 2.1410625
35.42857142857143 2.1410625
35.464285714285715 2.1410625
35.5 2.1410625
35.535714285714285 2.1410625
35.57142857142857 2.1374999999999997
35.607142857142854 2.1410625
35.642857142857146 2.1410625
35.714285714285715 2.1410625
35.75 2.1410625
35.785714285714285 2.1481874999999997
35.82142857142857 2.1481874999999997
35.92857142857143 2.1624375
35.964285714285715 2.1624375
36.0 2.1624375
36.035714285714285 2.1588749999999997
36.07142857142857 2.1553125
36.107142857142854 2.1553125
36.142857142857146 2.15175
36.17857142857143 2.15175
36.214285714285715 2.15175
36.25 2.15175
36.285714285714285 2.15175
36.32142857142857 2.15175
36.357142857142854 2.15175
36.392857142857146 2.15175
36.42857142857143 2.15175
36.464285714285715 2.15175
36.535714285714285 2.1553125
36.57142857142857 2.15175
36.607142857142854 2.1553125
36.642857142857146 2.1588749999999997
36.75 2.1588749999999997
36.785714285714285 2.1553125
36.82142857142857 2.15175
36.857142857142854 2.1481874999999997
36.892857142857146 2.1481874999999997
36.92857142857143 2.144625
36.964285714285715 2.144625
37.0 2.144625
37.035714285714285 2.144625
37.07142857142857 2.144625
37.107142857142854 2.144625
37.142857142857146 2.144625
37.17857142857143 2.144625
37.214285714285715 2.144625
37.25 2.144625
37.285714285714285 2.144625
37.32142857142857 2.144625
37.357142857142854 2.1481874999999997
37.392857142857146 2.1481874999999997
37.42857142857143 2.15175
37.464285714285715 2.15175
37.607142857142854 2.1624375
37.642857142857146 2.1588749999999997
37.67857142857143 2.1588749999999997
37.714285714285715 2.1553125
37.75 2.15175
37.785714285714285 2.15175
37.82142857142857 2.1481874999999997
37.857142857142854 2.1481874999999997
37.892857142857146 2.1481874999999997
37.92857142857143 2.1481874999999997
37.964285714285715 2.1481874999999997
38.0 2.1481874999999997
38.035714285714285 2.1481874999999997
38.07142857142857 2.1481874999999997
38.107142857142854 2.1481874999999997
38.142857142857146 2.1481874999999997
38.17857142857143 2.1481874999999997
38.214285714285715 2.15175
38.25 2.1481874999999997
38.285714285714285 2.15175
38.32142857142857 2.15175
38.42857142857143 2.1553125
38.464285714285715 2.15175
38.5 2.1481874999999997
38.535714285714285 2.144625
38.57142857142857 2.144625
38.607142857142854 2.144625
38.642857142857146 2.144625
38.67857142857143 2.1410625
38.714285714285715 2.1410625
38.75 2.144625
38.785714285714285 2.1410625
38.82142857142857 2.144625
38.857142857142854 2.1410625
38.892857142857146 2.1410625
38.92857142857143 2.1410625
38.964285714285715 2.1410625
39.0 2.144625
39.035714285714285 2.144625
39.107142857142854 2.1481874999999997
39.142857142857146 2.1553125
39.17857142857143 2.1481874999999997
39.25 2.1553125
39.285714285714285 2.15175
39.32142857142857 2.1481874999999997
39.357142857142854 2.144625
39.392857142857146 2.1410625
39.42857142857143 2.1410625
39.464285714285715 2.1374999999999997
39.5 2.1410625
39.535714285714285 2.1410625
39.57142857142857 2.1374999999999997
39.607142857142854 2.1374999999999997
39.642857142857146 2.1374999999999997
39.67857142857143 2.1374999999999997
39.714285714285715 2.1374999999999997
39.75 2.1374999999999997
39.785714285714285 2.1374999999999997
39.82142857142857 2.1374999999999997
39.857142857142854 2.1410625
39.892857142857146 2.1410625
39.92857142857143 2.1410625
