0.03571428571428571 1.973625
0.10714285714285714 1.9665
0.14285714285714285 1.9486875
0.17857142857142858 1.9415624999999999
0.21428571428571427 1.9415624999999999
0.25 1.9486875
0.2857142857142857 1.938
0.32142857142857145 1.938
0.35714285714285715 1.9344374999999998
0.39285714285714285 1.9344374999999998
0.42857142857142855 1.9344374999999998
0.4642857142857143 1.9344374999999998
0.5 1.9344374999999998
0.5357142857142857 1.9344374999999998
0.5714285714285714 1.930875
0.6071428571428571 1.930875
0.6428571428571429 1.930875
0.6785714285714286 1.930875
0.7142857142857143 1.930875
0.75 1.930875
0.7857142857142857 1.930875
0.8214285714285714 1.930875
0.8571428571428571 1.9201875
0.9285714285714286 1.9059374999999998
0.9642857142857143 1.9059374999999998
1.0 1.8809999999999998
1.0357142857142858 1.873875
1.0714285714285714 1.8952499999999999
1.1071428571428572 1.8845625
1.1428571428571428 1.873875
1.1785714285714286 1.873875
1.2142857142857142 1.8703124999999998
1.25 1.86675
1.2857142857142858 1.86675
1.3214285714285714 1.86675
1.3571428571428572 1.86675
1.3928571428571428 1.86675
1.4285714285714286 1.86675
1.4642857142857142 1.8631874999999998
1.5 1.86675
1.5357142857142858 1.8631874999999998
1.5714285714285714 1.86675
1.6071428571428572 1.86675
1.6428571428571428 1.8631874999999998
1.6785714285714286 1.86675
1.7142857142857142 1.873875
1.7857142857142858 1.8453749999999998
1.8214285714285714 1.8346874999999998
1.8571428571428572 1.8239999999999998
1.8928571428571428 1.8275625
1.9285714285714286 1.831125
1.9642857142857142 1.8346874999999998
2.0 1.8239999999999998
2.0357142857142856 1.8239999999999998
2.0714285714285716 1.8204375
2.107142857142857 1.8168749999999998
2.142857142857143 1.8168749999999998
2.1785714285714284 1.8168749999999998
2.2142857142857144 1.8168749999999998
2.25 1.8168749999999998
2.2857142857142856 1.8168749999999998
2.3214285714285716 1.8168749999999998
2.357142857142857 1.8168749999999998
2.392857142857143 1.8168749999999998
2.4285714285714284 1.8168749999999998
2.4642857142857144 1.8168749999999998
2.5 1.8168749999999998
2.5357142857142856 1.8204375
2.5714285714285716 1.80975
2.607142857142857 1.7990624999999998
2.642857142857143 1.7990624999999998
2.6785714285714284 1.7776874999999999
2.7142857142857144 1.774125
2.75 1.7919375
2.7857142857142856 1.7848125
2.8214285714285716 1.774125
2.857142857142857 1.7705624999999998
2.892857142857143 1.7705624999999998
2.9285714285714284 1.7705624999999998
2.9642857142857144 1.7705624999999998
3.0 1.7705624999999998
3.0357142857142856 1.7705624999999998
3.0714285714285716 1.7705624999999998
3.107142857142857 1.7705624999999998
3.142857142857143 1.7705624999999998
3.1785714285714284 1.7705624999999998
3.2142857142857144 1.7705624999999998
3.25 1.7705624999999998
3.2857142857142856 1.7705624999999998
3.3214285714285716 1.7705624999999998
3.392857142857143 1.7776874999999999
3.4642857142857144 1.7598749999999999
3.5 1.7491875
3.5357142857142856 1.7491875
3.5714285714285716 1.7420624999999998
3.607142857142857 1.7598749999999999
3.642857142857143 1.7491875
3.6785714285714284 1.745625
3.7142857142857144 1.745625
3.75 1.7420624999999998
3.7857142857142856 1.7420624999999998
3.8214285714285716 1.7420624999999998
3.857142857142857 1.7420624999999998
3.892857142857143 1.7385
3.9285714285714284 1.7385
3.9642857142857144 1.7420624999999998
4.0 1.7385
4.035714285714286 1.7385
4.071428571428571 1.7385
4.107142857142857 1.7385
4.142857142857143 1.7385
4.178571428571429 1.7385
4.214285714285714 1.7420624999999998
4.321428571428571 1.7491875
4.357142857142857 1.7278125
4.428571428571429 1.7385
4.464285714285714 1.7278125
4.5 1.7206875
4.535714285714286 1.7171249999999998
4.571428571428571 1.7135624999999999
4.607142857142857 1.7135624999999999
4.642857142857143 1.7135624999999999
4.678571428571429 1.7135624999999999
4.714285714285714 1.7135624999999999
4.75 1.71
4.785714285714286 1.71
4.821428571428571 1.71
4.857142857142857 1.71
4.892857142857143 1.71
4.928571428571429 1.71
4.964285714285714 1.71
5.0 1.71
5.071428571428571 1.7171249999999998
5.142857142857143 1.6993124999999998
5.178571428571429 1.6886249999999998
5.214285714285714 1.6850625
5.25 1.6850625
5.285714285714286 1.6957499999999999
5.321428571428571 1.6886249999999998
5.357142857142857 1.6814999999999998
5.392857142857143 1.6814999999999998
5.428571428571429 1.6779374999999999
5.464285714285714 1.6779374999999999
5.5 1.6779374999999999
5.535714285714286 1.6779374999999999
5.571428571428571 1.674375
5.607142857142857 1.674375
5.642857142857143 1.674375
5.678571428571429 1.674375
5.714285714285714 1.674375
5.75 1.674375
5.785714285714286 1.674375
5.821428571428571 1.674375
5.857142857142857 1.674375
5.892857142857143 1.6850625
5.928571428571429 1.6779374999999999
6.0 1.6921875
6.035714285714286 1.6850625
6.071428571428571 1.6886249999999998
6.107142857142857 1.6993124999999998
6.142857142857143 1.6957499999999999
6.178571428571429 1.6886249999999998
6.214285714285714 1.6850625
6.25 1.6814999999999998
6.285714285714286 1.6814999999999998
6.321428571428571 1.6814999999999998
6.357142857142857 1.6779374999999999
6.392857142857143 1.6779374999999999
6.428571428571429 1.6779374999999999
6.464285714285714 1.6779374999999999
6.5 1.6779374999999999
6.535714285714286 1.6779374999999999
6.571428571428571 1.6779374999999999
6.607142857142857 1.6779374999999999
6.642857142857143 1.6779374999999999
6.678571428571429 1.6779374999999999
6.714285714285714 1.6779374999999999
6.821428571428571 1.674375
6.857142857142857 1.6636875
6.892857142857143 1.6601249999999999
6.964285714285714 1.6779374999999999
7.0 1.674375
7.035714285714286 1.674375
7.071428571428571 1.6708124999999998
7.107142857142857 1.6708124999999998
7.142857142857143 1.66725
7.178571428571429 1.6708124999999998
7.214285714285714 1.66725
7.25 1.66725
7.285714285714286 1.66725
7.321428571428571 1.66725
7.357142857142857 1.66725
7.392857142857143 1.66725
7.428571428571429 1.66725
7.464285714285714 1.66725
7.5 1.66725
7.535714285714286 1.66725
7.571428571428571 1.66725
7.607142857142857 1.66725
7.642857142857143 1.674375
7.678571428571429 1.6850625
7.714285714285714 1.6779374999999999
7.75 1.6779374999999999
7.785714285714286 1.6921875
7.821428571428571 1.6957499999999999
7.857142857142857 1.6814999999999998
7.892857142857143 1.6814999999999998
7.928571428571429 1.6779374999999999
7.964285714285714 1.6779374999999999
8.0 1.6779374999999999
8.035714285714286 1.6779374999999999
8.071428571428571 1.674375
8.107142857142858 1.6779374999999999
8.142857142857142 1.674375
8.178571428571429 1.674375
8.214285714285714 1.674375
8.25 1.674375
8.285714285714286 1.674375
8.321428571428571 1.674375
8.357142857142858 1.674375
8.392857142857142 1.674375
8.428571428571429 1.674375
8.5 1.6921875
8.535714285714286 1.6850625
8.571428571428571 1.6850625
8.607142857142858 1.6993124999999998
8.642857142857142 1.6957499999999999
8.678571428571429 1.6886249999999998
8.714285714285714 1.6814999999999998
8.75 1.6779374999999999
8.785714285714286 1.6779374999999999
8.821428571428571 1.6779374999999999
8.857142857142858 1.674375
8.892857142857142 1.674375
8.928571428571429 1.674375
8.964285714285714 1.674375
9.0 1.674375
9.035714285714286 1.674375
9.071428571428571 1.674375
9.107142857142858 1.674375
9.142857142857142 1.674375
9.178571428571429 1.674375
9.214285714285714 1.674375
9.25 1.674375
9.321428571428571 1.674375
9.357142857142858 1.66725
9.392857142857142 1.6636875
9.428571428571429 1.674375
9.464285714285714 1.674375
9.5 1.6636875
9.535714285714286 1.6636875
9.571428571428571 1.6636875
9.607142857142858 1.6601249999999999
9.642857142857142 1.6601249999999999
9.678571428571429 1.6601249999999999
9.714285714285714 1.6601249999999999
9.75 1.6601249999999999
9.785714285714286 1.6601249999999999
9.821428571428571 1.6565625
9.857142857142858 1.6565625
9.892857142857142 1.6565625
9.928571428571429 1.6565625
9.964285714285714 1.6565625
10.0 1.6565625
10.035714285714286 1.6565625
10.071428571428571 1.6601249999999999
10.107142857142858 1.6565625
10.142857142857142 1.6565625
10.178571428571429 1.6708124999999998
10.214285714285714 1.6601249999999999
10.25 1.6565625
10.285714285714286 1.6779374999999999
10.321428571428571 1.6708124999999998
10.357142857142858 1.6601249999999999
10.392857142857142 1.6601249999999999
10.428571428571429 1.6565625
10.464285714285714 1.6565625
10.5 1.6565625
10.535714285714286 1.6565625
10.571428571428571 1.6565625
10.607142857142858 1.6529999999999998
10.642857142857142 1.6565625
10.678571428571429 1.6565625
10.714285714285714 1.6529999999999998
10.75 1.6529999999999998
10.785714285714286 1.6529999999999998
10.821428571428571 1.6529999999999998
10.857142857142858 1.6529999999999998
10.892857142857142 1.6565625
10.928571428571429 1.6494375
11.0 1.6708124999999998
11.035714285714286 1.6601249999999999
11.107142857142858 1.6708124999999998
11.142857142857142 1.66725
11.178571428571429 1.6636875
11.214285714285714 1.6636875
11.25 1.6601249999999999
11.285714285714286 1.6601249999999999
11.321428571428571 1.6601249999999999
11.357142857142858 1.6601249999999999
11.392857142857142 1.6565625
11.428571428571429 1.6565625
11.464285714285714 1.6565625
11.5 1.6565625
11.535714285714286 1.6565625
11.571428571428571 1.6565625
11.607142857142858 1.6565625
11.642857142857142 1.6565625
11.678571428571429 1.6565625
11.714285714285714 1.6565625
11.75 1.6565625
11.821428571428571 1.6529999999999998
11.857142857142858 1.6601249999999999
11.892857142857142 1.6601249999999999
11.964285714285714 1.674375
12.0 1.66725
12.035714285714286 1.66725
12.071428571428571 1.6636875
12.107142857142858 1.6636875
12.142857142857142 1.6636875
12.178571428571429 1.6601249999999999
12.214285714285714 1.6601249999999999
12.25 1.6601249999999999
12.285714285714286 1.6601249999999999
12.321428571428571 1.6601249999999999
12.357142857142858 1.6601249999999999
12.392857142857142 1.6601249999999999
12.428571428571429 1.6601249999999999
12.464285714285714 1.6601249999999999
12.5 1.6601249999999999
12.535714285714286 1.6601249999999999
12.571428571428571 1.6601249999999999
12.607142857142858 1.6565625
12.642857142857142 1.6565625
12.678571428571429 1.674375
12.714285714285714 1.6636875
12.785714285714286 1.6814999999999998
12.821428571428571 1.6814999999999998
12.857142857142858 1.6708124999999998
12.892857142857142 1.66725
12.928571428571429 1.66725
12.964285714285714 1.66725
13.0 1.66725
13.035714285714286 1.6636875
13.071428571428571 1.6636875
13.107142857142858 1.6636875
13.142857142857142 1.66725
13.178571428571429 1.6636875
13.214285714285714 1.6636875
13.25 1.6636875
13.285714285714286 1.6636875
13.321428571428571 1.6636875
13.357142857142858 1.6636875
13.392857142857142 1.6636875
13.428571428571429 1.6601249999999999
13.464285714285714 1.6601249999999999
13.5 1.674375
13.535714285714286 1.6601249999999999
13.571428571428571 1.645875
13.607142857142858 1.6636875
13.642857142857142 1.6601249999999999
13.678571428571429 1.6565625
13.714285714285714 1.6565625
13.75 1.6529999999999998
13.785714285714286 1.6529999999999998
13.821428571428571 1.6529999999999998
13.857142857142858 1.6529999999999998
13.892857142857142 1.6529999999999998
13.928571428571429 1.6529999999999998
13.964285714285714 1.6529999999999998
14.0 1.6494375
14.035714285714286 1.6494375
14.071428571428571 1.6494375
14.107142857142858 1.6494375
14.142857142857142 1.6494375
14.178571428571429 1.6494375
14.214285714285714 1.6494375
14.25 1.6529999999999998
14.321428571428571 1.6494375
14.357142857142858 1.6529999999999998
14.392857142857142 1.6529999999999998
14.428571428571429 1.6565625
14.464285714285714 1.6601249999999999
14.5 1.6529999999999998
14.535714285714286 1.6529999999999998
14.571428571428571 1.6494375
14.607142857142858 1.6494375
14.642857142857142 1.645875
14.678571428571429 1.6494375
14.714285714285714 1.645875
14.75 1.645875
14.785714285714286 1.645875
14.821428571428571 1.645875
14.857142857142858 1.645875
14.892857142857142 1.645875
14.928571428571429 1.645875
14.964285714285714 1.645875
15.0 1.645875
15.035714285714286 1.645875
15.071428571428571 1.6494375
15.107142857142858 1.6494375
15.142857142857142 1.645875
15.178571428571429 1.6636875
15.214285714285714 1.645875
15.25 1.6529999999999998
15.285714285714286 1.6529999999999998
15.321428571428571 1.6494375
15.357142857142858 1.6494375
15.392857142857142 1.645875
15.428571428571429 1.645875
15.464285714285714 1.645875
15.5 1.645875
15.535714285714286 1.645875
15.571428571428571 1.645875
15.607142857142858 1.645875
15.642857142857142 1.645875
15.678571428571429 1.645875
15.714285714285714 1.645875
15.75 1.645875
15.785714285714286 1.6423124999999998
15.821428571428571 1.645875
15.857142857142858 1.6423124999999998
15.892857142857142 1.6423124999999998
15.928571428571429 1.6423124999999998
16.0 1.6636875
16.035714285714285 1.6494375
16.107142857142858 1.6565625
16.142857142857142 1.6494375
16.178571428571427 1.6494375
16.214285714285715 1.6494375
16.25 1.645875
16.285714285714285 1.645875
16.321428571428573 1.645875
16.357142857142858 1.645875
16.392857142857142 1.645875
16.428571428571427 1.645875
16.464285714285715 1.6423124999999998
16.5 1.6423124999999998
16.535714285714285 1.6423124999999998
16.571428571428573 1.6423124999999998
16.607142857142858 1.6423124999999998
16.642857142857142 1.6423124999999998
16.678571428571427 1.6423124999999998
16.714285714285715 1.6423124999999998
16.75 1.645875
16.821428571428573 1.6423124999999998
16.857142857142858 1.6494375
16.892857142857142 1.6494375
16.928571428571427 1.6565625
16.964285714285715 1.6601249999999999
17.0 1.6601249999999999
17.035714285714285 1.6529999999999998
17.071428571428573 1.6529999999999998
17.107142857142858 1.6494375
17.142857142857142 1.6494375
17.178571428571427 1.6494375
17.214285714285715 1.6494375
17.25 1.6494375
17.285714285714285 1.6494375
17.321428571428573 1.6494375
17.357142857142858 1.6494375
17.392857142857142 1.645875
17.428571428571427 1.645875
17.464285714285715 1.645875
17.5 1.645875
17.535714285714285 1.645875
17.571428571428573 1.6494375
17.607142857142858 1.645875
17.642857142857142 1.6423124999999998
17.678571428571427 1.6636875
17.714285714285715 1.6494375
17.75 1.6529999999999998
17.785714285714285 1.6565625
17.821428571428573 1.6529999999999998
17.857142857142858 1.6529999999999998
17.892857142857142 1.6494375
17.928571428571427 1.6494375
17.964285714285715 1.645875
18.0 1.645875
18.035714285714285 1.645875
18.071428571428573 1.645875
18.107142857142858 1.645875
18.142857142857142 1.645875
18.178571428571427 1.645875
18.214285714285715 1.645875
18.25 1.645875
18.285714285714285 1.645875
18.321428571428573 1.6423124999999998
18.357142857142858 1.645875
18.392857142857142 1.645875
18.428571428571427 1.6423124999999998
18.464285714285715 1.645875
18.5 1.6636875
18.535714285714285 1.6565625
18.607142857142858 1.6708124999999998
18.642857142857142 1.66725
18.678571428571427 1.6601249999999999
18.714285714285715 1.6601249999999999
18.75 1.6565625
18.785714285714285 1.6565625
18.821428571428573 1.6529999999999998
18.857142857142858 1.6529999999999998
18.892857142857142 1.6529999999999998
18.928571428571427 1.6529999999999998
18.964285714285715 1.6529999999999998
19.0 1.6529999999999998
19.035714285714285 1.6529999999999998
19.071428571428573 1.6529999999999998
19.107142857142858 1.6529999999999998
19.142857142857142 1.6529999999999998
19.178571428571427 1.6529999999999998
19.214285714285715 1.6529999999999998
19.25 1.6565625
19.321428571428573 1.6423124999999998
19.357142857142858 1.6494375
19.428571428571427 1.6529999999999998
19.464285714285715 1.6601249999999999
19.5 1.6529999999999998
19.535714285714285 1.645875
19.571428571428573 1.645875
19.607142857142858 1.6423124999999998
19.642857142857142 1.6423124999999998
19.678571428571427 1.6423124999999998
19.714285714285715 1.6423124999999998
19.75 1.63875
19.785714285714285 1.63875
19.821428571428573 1.63875
19.857142857142858 1.63875
19.892857142857142 1.63875
19.928571428571427 1.63875
19.964285714285715 1.63875
20.0 1.63875
20.035714285714285 1.63875
20.071428571428573 1.6423124999999998
20.142857142857142 1.63875
20.178571428571427 1.6636875
20.214285714285715 1.6601249999999999
20.25 1.6708124999999998
20.285714285714285 1.6814999999999998
20.321428571428573 1.6779374999999999
20.357142857142858 1.6708124999999998
20.392857142857142 1.66725
20.428571428571427 1.66725
20.464285714285715 1.66725
20.5 1.6636875
20.535714285714285 1.6636875
20.571428571428573 1.6636875
20.607142857142858 1.6636875
20.642857142857142 1.6636875
20.678571428571427 1.6636875
20.714285714285715 1.6636875
20.75 1.6636875
20.785714285714285 1.6636875
20.821428571428573 1.6636875
20.857142857142858 1.6636875
20.892857142857142 1.6636875
20.928571428571427 1.6601249999999999
20.964285714285715 1.6636875
21.0 1.674375
21.035714285714285 1.6636875
21.107142857142858 1.6779374999999999
21.142857142857142 1.66725
21.178571428571427 1.6636875
21.214285714285715 1.6601249999999999
21.25 1.6601249999999999
21.285714285714285 1.6601249999999999
21.321428571428573 1.6601249999999999
21.357142857142858 1.6601249999999999
21.392857142857142 1.6565625
21.428571428571427 1.6565625
21.464285714285715 1.6565625
21.5 1.6565625
21.535714285714285 1.6565625
21.571428571428573 1.6565625
21.607142857142858 1.6565625
21.642857142857142 1.6565625
21.678571428571427 1.6565625
21.714285714285715 1.6565625
21.75 1.6601249999999999
21.821428571428573 1.6423124999999998
21.857142857142858 1.6494375
21.928571428571427 1.6494375
21.964285714285715 1.6565625
22.0 1.6565625
22.035714285714285 1.6494375
22.071428571428573 1.645875
22.107142857142858 1.645875
22.142857142857142 1.645875
22.178571428571427 1.645875
22.214285714285715 1.6423124999999998
22.25 1.6423124999999998
22.285714285714285 1.6423124999999998
22.321428571428573 1.6423124999999998
22.357142857142858 1.6423124999999998
22.392857142857142 1.6423124999999998
22.428571428571427 1.6423124999999998
22.464285714285715 1.6423124999999998
22.5 1.6423124999999998
22.535714285714285 1.6423124999999998
22.571428571428573 1.645875
22.642857142857142 1.63875
22.678571428571427 1.6601249999999999
22.714285714285715 1.6529999999999998
22.75 1.6636875
22.785714285714285 1.674375
22.821428571428573 1.6636875
22.857142857142858 1.6636875
22.892857142857142 1.6601249999999999
22.928571428571427 1.6601249999999999
22.964285714285715 1.6601249999999999
23.0 1.6601249999999999
23.035714285714285 1.6601249999999999
23.071428571428573 1.6601249999999999
23.107142857142858 1.6565625
23.142857142857142 1.6565625
23.178571428571427 1.6565625
23.214285714285715 1.6565625
23.25 1.6565625
23.285714285714285 1.6565625
23.321428571428573 1.6565625
23.357142857142858 1.6565625
23.392857142857142 1.6565625
23.428571428571427 1.6529999999999998
23.5 1.6565625
23.535714285714285 1.6423124999999998
23.607142857142858 1.6423124999999998
23.642857142857142 1.6316249999999999
23.678571428571427 1.6316249999999999
23.714285714285715 1.6280625
23.75 1.6280625
23.785714285714285 1.6244999999999998
23.821428571428573 1.6244999999999998
23.857142857142858 1.6244999999999998
23.892857142857142 1.6244999999999998
23.928571428571427 1.6244999999999998
23.964285714285715 1.6244999999999998
24.0 1.6244999999999998
24.035714285714285 1.6244999999999998
24.071428571428573 1.6244999999999998
24.107142857142858 1.6244999999999998
24.142857142857142 1.6209375
24.178571428571427 1.6209375
24.214285714285715 1.6209375
24.25 1.6173749999999998
24.357142857142858 1.6209375
24.392857142857142 1.6066874999999998
24.428571428571427 1.603125
24.464285714285715 1.6173749999999998
24.5 1.6173749999999998
24.535714285714285 1.61025
24.571428571428573 1.6066874999999998
24.607142857142858 1.6066874999999998
24.642857142857142 1.603125
24.678571428571427 1.603125
24.714285714285715 1.603125
24.75 1.603125
24.785714285714285 1.603125
24.821428571428573 1.603125
24.857142857142858 1.603125
24.892857142857142 1.603125
24.928571428571427 1.603125
24.964285714285715 1.603125
25.0 1.603125
25.035714285714285 1.603125
25.071428571428573 1.603125
25.178571428571427 1.5995624999999998
25.214285714285715 1.5995624999999998
25.25 1.5959999999999999
25.285714285714285 1.61025
25.321428571428573 1.61025
25.357142857142858 1.5995624999999998
25.392857142857142 1.5959999999999999
25.428571428571427 1.5959999999999999
25.464285714285715 1.5959999999999999
25.5 1.5924375
25.535714285714285 1.5924375
25.571428571428573 1.5924375
25.607142857142858 1.5924375
25.642857142857142 1.5924375
25.678571428571427 1.5924375
25.714285714285715 1.5924375
25.75 1.5924375
25.785714285714285 1.5924375
25.821428571428573 1.5924375
25.857142857142858 1.5924375
25.892857142857142 1.5924375
25.928571428571427 1.5888749999999998
26.0 1.574625
26.035714285714285 1.5781874999999999
26.071428571428573 1.574625
26.107142857142858 1.58175
26.142857142857142 1.58175
26.178571428571427 1.574625
26.214285714285715 1.574625
26.25 1.5710624999999998
26.285714285714285 1.5710624999999998
26.321428571428573 1.5675
26.357142857142858 1.5710624999999998
26.392857142857142 1.5710624999999998
26.428571428571427 1.5675
26.464285714285715 1.5675
26.5 1.5675
26.535714285714285 1.5675
26.571428571428573 1.5675
26.607142857142858 1.5675
26.642857142857142 1.5675
26.678571428571427 1.5675
26.714285714285715 1.5675
26.75 1.5675
26.857142857142858 1.5532499999999998
26.892857142857142 1.5283125
26.928571428571427 1.5247499999999998
26.964285714285715 1.5283125
27.0 1.5318749999999999
27.035714285714285 1.5283125
27.071428571428573 1.5211875
27.107142857142858 1.5211875
27.142857142857142 1.517625
27.178571428571427 1.517625
27.214285714285715 1.517625
27.25 1.517625
27.285714285714285 1.517625
27.321428571428573 1.517625
27.357142857142858 1.517625
27.392857142857142 1.517625
27.428571428571427 1.5140624999999999
27.464285714285715 1.517625
27.5 1.517625
27.535714285714285 1.517625
27.571428571428573 1.517625
27.678571428571427 1.4998125
27.714285714285715 1.4962499999999999
27.75 1.4784374999999998
27.785714285714285 1.4713124999999998
27.821428571428573 1.482
27.857142857142858 1.4784374999999998
27.892857142857142 1.474875
27.928571428571427 1.474875
27.964285714285715 1.4713124999999998
28.0 1.4713124999999998
28.035714285714285 1.4677499999999999
28.071428571428573 1.4713124999999998
28.107142857142858 1.4677499999999999
28.142857142857142 1.4677499999999999
28.178571428571427 1.4677499999999999
28.214285714285715 1.4677499999999999
28.25 1.4677499999999999
28.285714285714285 1.4677499999999999
28.321428571428573 1.4677499999999999
28.357142857142858 1.4677499999999999
28.392857142857142 1.4677499999999999
28.428571428571427 1.4713124999999998
28.464285714285715 1.4677499999999999
28.5 1.4677499999999999
28.535714285714285 1.482
28.571428571428573 1.4677499999999999
28.607142857142858 1.4606249999999998
28.678571428571427 1.4784374999999998
28.714285714285715 1.474875
28.75 1.4713124999999998
28.785714285714285 1.4677499999999999
28.821428571428573 1.4677499999999999
28.857142857142858 1.4641875
28.892857142857142 1.4641875
28.928571428571427 1.4641875
28.964285714285715 1.4641875
29.0 1.4641875
29.035714285714285 1.4641875
29.071428571428573 1.4641875
29.107142857142858 1.4641875
29.142857142857142 1.4641875
29.178571428571427 1.4641875
29.214285714285715 1.4641875
29.25 1.4713124999999998
29.285714285714285 1.4713124999999998
29.321428571428573 1.4713124999999998
29.357142857142858 1.4606249999999998
29.392857142857142 1.4570625
29.428571428571427 1.4570625
29.5 1.4713124999999998
29.535714285714285 1.4641875
29.571428571428573 1.4677499999999999
29.607142857142858 1.4641875
29.642857142857142 1.4641875
29.678571428571427 1.4606249999999998
29.714285714285715 1.4606249999999998
29.75 1.4606249999999998
29.785714285714285 1.4570625
29.821428571428573 1.4570625
29.857142857142858 1.4570625
29.892857142857142 1.4570625
29.928571428571427 1.4570625
29.964285714285715 1.4570625
30.0 1.4570625
30.035714285714285 1.4570625
30.071428571428573 1.4570625
30.107142857142858 1.4570625
30.178571428571427 1.4570625
30.214285714285715 1.474875
30.25 1.4606249999999998
30.321428571428573 1.474875
30.357142857142858 1.4713124999999998
30.392857142857142 1.4677499999999999
30.428571428571427 1.4677499999999999
30.464285714285715 1.4641875
30.5 1.4641875
30.535714285714285 1.4606249999999998
30.571428571428573 1.4641875
30.607142857142858 1.4606249999999998
30.642857142857142 1.4606249999999998
30.678571428571427 1.4606249999999998
30.714285714285715 1.4606249999999998
30.75 1.4606249999999998
30.785714285714285 1.4606249999999998
30.821428571428573 1.4606249999999998
30.857142857142858 1.4606249999999998
30.892857142857142 1.4606249999999998
30.928571428571427 1.4677499999999999
30.964285714285715 1.4641875
31.0 1.4606249999999998
31.035714285714285 1.4784374999999998
31.071428571428573 1.4641875
31.107142857142858 1.4534999999999998
31.142857142857142 1.4713124999999998
31.178571428571427 1.474875
31.214285714285715 1.4677499999999999
31.25 1.4641875
31.285714285714285 1.4641875
31.321428571428573 1.4606249999999998
31.357142857142858 1.4570625
31.392857142857142 1.4606249999999998
31.428571428571427 1.4606249999999998
31.464285714285715 1.4570625
31.5 1.4570625
31.535714285714285 1.4570625
31.571428571428573 1.4570625
31.607142857142858 1.4570625
31.642857142857142 1.4570625
31.678571428571427 1.4570625
31.714285714285715 1.4570625
31.75 1.4570625
31.785714285714285 1.4570625
31.821428571428573 1.4570625
31.857142857142858 1.4606249999999998
31.892857142857142 1.4677499999999999
31.928571428571427 1.4677499999999999
31.964285714285715 1.4784374999999998
32.0 1.482
32.035714285714285 1.4784374999999998
32.07142857142857 1.4784374999999998
32.107142857142854 1.474875
32.142857142857146 1.474875
32.17857142857143 1.4713124999999998
32.214285714285715 1.4713124999999998
32.25 1.4713124999999998
32.285714285714285 1.4713124999999998
32.32142857142857 1.4713124999999998
32.357142857142854 1.4713124999999998
32.392857142857146 1.4713124999999998
32.42857142857143 1.4713124999999998
32.464285714285715 1.4713124999999998
32.5 1.4713124999999998
32.535714285714285 1.4713124999999998
32.57142857142857 1.4713124999999998
32.607142857142854 1.4713124999999998
32.642857142857146 1.4713124999999998
32.67857142857143 1.4713124999999998
32.714285714285715 1.4855625
32.785714285714285 1.4784374999999998
32.82142857142857 1.4962499999999999
32.857142857142854 1.4926875
32.892857142857146 1.4891249999999998
32.92857142857143 1.4891249999999998
32.964285714285715 1.4855625
33.0 1.4855625
33.035714285714285 1.4855625
33.07142857142857 1.482
33.107142857142854 1.482
33.142857142857146 1.482
33.17857142857143 1.482
33.214285714285715 1.482
33.25 1.482
33.285714285714285 1.482
33.32142857142857 1.482
33.357142857142854 1.482
33.392857142857146 1.482
33.42857142857143 1.4855625
33.464285714285715 1.4855625
33.5 1.4784374999999998
33.535714285714285 1.4998125
33.57142857142857 1.4855625
33.607142857142854 1.4784374999999998
33.642857142857146 1.4891249999999998
33.67857142857143 1.4962499999999999
33.714285714285715 1.4855625
33.75 1.4855625
33.785714285714285 1.4855625
33.82142857142857 1.4855625
33.857142857142854 1.482
33.892857142857146 1.482
33.92857142857143 1.482
33.964285714285715 1.482
34.0 1.482
34.035714285714285 1.482
34.07142857142857 1.482
34.107142857142854 1.482
34.142857142857146 1.482
34.17857142857143 1.482
34.214285714285715 1.482
34.25 1.482
34.285714285714285 1.482
34.32142857142857 1.4784374999999998
34.357142857142854 1.503375
34.392857142857146 1.4962499999999999
34.42857142857143 1.4962499999999999
34.464285714285715 1.5140624999999999
34.5 1.5140624999999999
34.535714285714285 1.5105
34.57142857142857 1.5105
34.607142857142854 1.5069374999999998
34.642857142857146 1.5069374999999998
34.67857142857143 1.5069374999999998
34.714285714285715 1.5069374999999998
34.75 1.5069374999999998
34.785714285714285 1.5069374999999998
34.82142857142857 1.503375
34.857142857142854 1.503375
34.892857142857146 1.503375
34.92857142857143 1.503375
34.964285714285715 1.503375
35.0 1.503375
35.035714285714285 1.503375
35.07142857142857 1.503375
35.107142857142854 1.503375
35.142857142857146 1.503375
35.17857142857143 1.5069374999999998
35.214285714285715 1.5105
35.25 1.4926875
35.285714285714285 1.4891249999999998
35.32142857142857 1.4998125
35.357142857142854 1.503375
35.392857142857146 1.503375
35.42857142857143 1.4998125
35.464285714285715 1.4998125
35.5 1.4962499999999999
35.535714285714285 1.4962499999999999
35.57142857142857 1.4962499999999999
35.607142857142854 1.4962499999999999
35.642857142857146 1.4962499999999999
35.67857142857143 1.4962499999999999
35.714285714285715 1.4962499999999999
35.75 1.4962499999999999
35.785714285714285 1.4962499999999999
35.82142857142857 1.4962499999999999
35.857142857142854 1.4926875
35.892857142857146 1.4926875
35.92857142857143 1.4962499999999999
35.964285714285715 1.4962499999999999
36.0 1.4998125
36.035714285714285 1.5140624999999999
36.07142857142857 1.503375
36.107142857142854 1.4962499999999999
36.142857142857146 1.5140624999999999
36.17857142857143 1.517625
36.214285714285715 1.5140624999999999
36.25 1.5105
36.285714285714285 1.5069374999999998
36.32142857142857 1.5069374999999998
36.357142857142854 1.503375
36.392857142857146 1.503375
36.42857142857143 1.5069374999999998
36.464285714285715 1.503375
36.5 1.503375
36.535714285714285 1.503375
36.57142857142857 1.503375
36.607142857142854 1.503375
36.642857142857146 1.503375
36.67857142857143 1.503375
36.714285714285715 1.503375
36.75 1.5069374999999998
36.785714285714285 1.503375
36.82142857142857 1.4962499999999999
36.857142857142854 1.503375
36.892857142857146 1.4855625
36.92857142857143 1.4855625
36.964285714285715 1.4926875
37.0 1.4926875
37.035714285714285 1.4855625
37.07142857142857 1.4855625
37.107142857142854 1.482
37.142857142857146 1.482
37.17857142857143 1.482
37.214285714285715 1.482
37.25 1.482
37.285714285714285 1.482
37.32142857142857 1.482
37.357142857142854 1.482
37.392857142857146 1.482
37.42857142857143 1.482
37.464285714285715 1.4784374999999998
37.5 1.482
37.535714285714285 1.482
37.57142857142857 1.4784374999999998
37.607142857142854 1.482
37.642857142857146 1.482
37.67857142857143 1.474875
37.714285714285715 1.4891249999999998
37.75 1.474875
37.785714285714285 1.482
37.82142857142857 1.4855625
37.857142857142854 1.4784374999999998
37.892857142857146 1.4784374999999998
37.92857142857143 1.474875
37.964285714285715 1.474875
38.0 1.474875
38.035714285714285 1.474875
38.07142857142857 1.474875
38.107142857142854 1.474875
38.142857142857146 1.4713124999999998
38.17857142857143 1.4713124999999998
38.214285714285715 1.4713124999999998
38.25 1.4713124999999998
38.285714285714285 1.4713124999999998
38.32142857142857 1.4713124999999998
38.357142857142854 1.4713124999999998
38.392857142857146 1.4713124999999998
38.42857142857143 1.4713124999999998
38.464285714285715 1.4713124999999998
38.5 1.4713124999999998
38.535714285714285 1.4926875
38.57142857142857 1.482
38.642857142857146 1.4926875
38.67857142857143 1.4926875
38.714285714285715 1.4891249999999998
38.75 1.4855625
38.785714285714285 1.482
38.82142857142857 1.482
38.857142857142854 1.482
38.892857142857146 1.482
38.92857142857143 1.4784374999999998
38.964285714285715 1.4784374999999998
39.0 1.4784374999999998
39.035714285714285 1.4784374999999998
39.07142857142857 1.4784374999999998
39.107142857142854 1.4784374999999998
39.142857142857146 1.4784374999999998
39.17857142857143 1.4784374999999998
39.214285714285715 1.4784374999999998
39.25 1.4784374999999998
39.285714285714285 1.4784374999999998
39.32142857142857 1.4677499999999999
39.357142857142854 1.4784374999999998
39.392857142857146 1.4606249999999998
39.42857142857143 1.4570625
39.464285714285715 1.4570625
39.5 1.4570625
39.535714285714285 1.4641875
39.57142857142857 1.4606249999999998
39.607142857142854 1.4570625
39.642857142857146 1.4534999999999998
39.67857142857143 1.4534999999999998
39.714285714285715 1.4534999999999998
39.75 1.4534999999999998
39.785714285714285 1.4499374999999999
39.82142857142857 1.4534999999999998
39.857142857142854 1.4499374999999999
39.892857142857146 1.4499374999999999
39.92857142857143 1.4534999999999998
