0.03571428571428571 1.3573125
0.07142857142857142 1.35375
0.10714285714285714 1.35375
0.39285714285714285 1.3359375
0.42857142857142855 1.3395
0.4642857142857143 1.3430624999999998
0.5 1.346625
0.5357142857142857 1.346625
0.5714285714285714 1.346625
0.6071428571428571 1.346625
0.6428571428571429 1.346625
0.6785714285714286 1.346625
0.7142857142857143 1.346625
0.75 1.346625
0.7857142857142857 1.346625
0.8214285714285714 1.346625
0.8571428571428571 1.346625
0.8928571428571429 1.346625
0.9285714285714286 1.346625
0.9642857142857143 1.346625
1.0 1.346625
1.0357142857142858 1.346625
1.0714285714285714 1.346625
1.1071428571428572 1.346625
1.3928571428571428 1.3679999999999999
1.4285714285714286 1.3145624999999999
1.4642857142857142 1.3145624999999999
1.5 1.318125
1.5357142857142858 1.318125
1.5714285714285714 1.318125
1.6071428571428572 1.3216875
1.6428571428571428 1.318125
1.6785714285714286 1.318125
1.7142857142857142 1.318125
1.75 1.318125
1.7857142857142858 1.318125
1.8214285714285714 1.318125
1.8571428571428572 1.318125
1.8928571428571428 1.318125
1.9285714285714286 1.318125
1.9642857142857142 1.318125
2.0 1.318125
2.0357142857142856 1.318125
2.0714285714285716 1.318125
2.107142857142857 1.318125
2.142857142857143 1.3216875
2.392857142857143 1.3430624999999998
2.4285714285714284 1.3003125
2.4642857142857144 1.3003125
2.5 1.3003125
2.5357142857142856 1.3003125
2.5714285714285716 1.3003125
2.607142857142857 1.3003125
2.642857142857143 1.3003125
2.6785714285714284 1.3003125
2.7142857142857144 1.2967499999999998
2.75 1.2967499999999998
2.7857142857142856 1.2967499999999998
2.8214285714285716 1.2967499999999998
2.857142857142857 1.2967499999999998
2.892857142857143 1.3003125
2.9285714285714284 1.3003125
2.9642857142857144 1.3003125
3.0 1.3003125
3.0357142857142856 1.3003125
3.0714285714285716 1.3003125
3.107142857142857 1.3003125
3.142857142857143 1.3003125
3.392857142857143 1.311
3.4285714285714284 1.2611249999999998
3.4642857142857144 1.2611249999999998
3.5 1.2646875
3.5357142857142856 1.2646875
3.5714285714285716 1.2646875
3.607142857142857 1.2646875
3.642857142857143 1.2682499999999999
3.6785714285714284 1.2646875
3.7142857142857144 1.2682499999999999
3.75 1.2682499999999999
3.7857142857142856 1.2682499999999999
3.8214285714285716 1.2682499999999999
3.857142857142857 1.2682499999999999
3.892857142857143 1.2682499999999999
3.9285714285714284 1.2718125
3.9642857142857144 1.2718125
4.0 1.2718125
4.035714285714286 1.2718125
4.071428571428571 1.2718125
4.107142857142857 1.2718125
4.142857142857143 1.2718125
4.392857142857143 1.2718125
4.428571428571429 1.2504374999999999
4.464285714285714 1.2504374999999999
4.5 1.2504374999999999
4.535714285714286 1.2504374999999999
4.571428571428571 1.2504374999999999
4.607142857142857 1.2504374999999999
4.642857142857143 1.2504374999999999
4.678571428571429 1.2504374999999999
4.714285714285714 1.2504374999999999
4.75 1.2504374999999999
4.785714285714286 1.2504374999999999
4.821428571428571 1.254
4.857142857142857 1.254
4.892857142857143 1.254
4.928571428571429 1.254
4.964285714285714 1.254
5.0 1.254
5.035714285714286 1.254
5.071428571428571 1.254
5.107142857142857 1.2575625
5.142857142857143 1.2575625
5.392857142857143 1.2504374999999999
5.428571428571429 1.2290625
5.464285714285714 1.2290625
5.5 1.2254999999999998
5.535714285714286 1.2254999999999998
5.571428571428571 1.2290625
5.607142857142857 1.2290625
5.642857142857143 1.2290625
5.678571428571429 1.2290625
5.714285714285714 1.2290625
5.75 1.2290625
5.785714285714286 1.2290625
5.821428571428571 1.2290625
5.857142857142857 1.2290625
5.892857142857143 1.2326249999999999
5.928571428571429 1.2326249999999999
5.964285714285714 1.2326249999999999
6.0 1.2326249999999999
6.035714285714286 1.2326249999999999
6.071428571428571 1.2326249999999999
6.107142857142857 1.2326249999999999
6.142857142857143 1.2326249999999999
6.428571428571429 1.2148124999999999
6.464285714285714 1.21125
6.5 1.21125
6.535714285714286 1.21125
6.571428571428571 1.2148124999999999
6.607142857142857 1.21125
6.642857142857143 1.2148124999999999
6.678571428571429 1.2148124999999999
6.714285714285714 1.2148124999999999
6.75 1.21125
6.785714285714286 1.2148124999999999
6.821428571428571 1.2148124999999999
6.857142857142857 1.2148124999999999
6.892857142857143 1.2148124999999999
6.928571428571429 1.2148124999999999
6.964285714285714 1.2148124999999999
7.0 1.2148124999999999
7.035714285714286 1.2148124999999999
7.071428571428571 1.218375
7.107142857142857 1.218375
7.142857142857143 1.218375
7.428571428571429 1.2005625
7.464285714285714 1.2005625
7.5 1.2005625
7.535714285714286 1.204125
7.571428571428571 1.204125
7.607142857142857 1.204125
7.642857142857143 1.204125
7.678571428571429 1.204125
7.714285714285714 1.204125
7.75 1.2076875
7.785714285714286 1.2076875
7.821428571428571 1.2076875
7.857142857142857 1.2076875
7.892857142857143 1.2076875
7.928571428571429 1.2076875
7.964285714285714 1.21125
8.0 1.2076875
8.035714285714286 1.21125
8.071428571428571 1.21125
8.107142857142858 1.21125
8.142857142857142 1.21125
8.392857142857142 1.275375
8.428571428571429 1.2005625
8.464285714285714 1.2005625
8.5 1.204125
8.535714285714286 1.204125
8.571428571428571 1.204125
8.607142857142858 1.204125
8.642857142857142 1.204125
8.678571428571429 1.204125
8.714285714285714 1.204125
8.75 1.2076875
8.785714285714286 1.2076875
8.821428571428571 1.2076875
8.857142857142858 1.2076875
8.892857142857142 1.2076875
8.928571428571429 1.2076875
8.964285714285714 1.2076875
9.0 1.2076875
9.035714285714286 1.2076875
9.071428571428571 1.2076875
9.107142857142858 1.21125
9.142857142857142 1.21125
9.392857142857142 1.2504374999999999
9.428571428571429 1.1934375
9.464285714285714 1.1934375
9.5 1.1934375
9.535714285714286 1.1934375
9.571428571428571 1.1934375
9.607142857142858 1.1969999999999998
9.642857142857142 1.1934375
9.678571428571429 1.1934375
9.714285714285714 1.1934375
9.75 1.1969999999999998
9.785714285714286 1.1969999999999998
9.821428571428571 1.1969999999999998
9.857142857142858 1.1969999999999998
9.892857142857142 1.1969999999999998
9.928571428571429 1.1969999999999998
9.964285714285714 1.1969999999999998
10.0 1.1969999999999998
10.035714285714286 1.2005625
10.071428571428571 1.2005625
10.107142857142858 1.2005625
10.142857142857142 1.2005625
10.428571428571429 1.175625
10.464285714285714 1.175625
10.5 1.1720625
10.535714285714286 1.175625
10.571428571428571 1.1720625
10.607142857142858 1.1720625
10.642857142857142 1.175625
10.678571428571429 1.175625
10.714285714285714 1.175625
10.75 1.175625
10.785714285714286 1.175625
10.821428571428571 1.175625
10.857142857142858 1.175625
10.892857142857142 1.175625
10.928571428571429 1.175625
10.964285714285714 1.175625
11.0 1.175625
11.035714285714286 1.1791874999999998
11.071428571428571 1.1791874999999998
11.107142857142858 1.175625
11.142857142857142 1.1791874999999998
11.178571428571429 1.1791874999999998
11.428571428571429 1.2005625
11.464285714285714 1.1578125
11.5 1.1578125
11.535714285714286 1.1578125
11.571428571428571 1.1578125
11.607142857142858 1.1578125
11.642857142857142 1.1578125
11.678571428571429 1.1578125
11.714285714285714 1.1578125
11.75 1.1578125
11.785714285714286 1.1578125
11.821428571428571 1.1578125
11.857142857142858 1.1578125
11.892857142857142 1.1578125
11.928571428571429 1.1578125
11.964285714285714 1.1578125
12.0 1.1578125
12.035714285714286 1.1613749999999998
12.071428571428571 1.1613749999999998
12.107142857142858 1.1613749999999998
12.142857142857142 1.1613749999999998
12.178571428571429 1.1613749999999998
12.428571428571429 1.1684999999999999
12.464285714285714 1.1435624999999998
12.5 1.1435624999999998
12.535714285714286 1.1435624999999998
12.571428571428571 1.1435624999999998
12.607142857142858 1.1435624999999998
12.642857142857142 1.1435624999999998
12.678571428571429 1.1435624999999998
12.714285714285714 1.1435624999999998
12.75 1.1435624999999998
12.785714285714286 1.1435624999999998
12.821428571428571 1.1435624999999998
12.857142857142858 1.147125
12.892857142857142 1.147125
12.928571428571429 1.147125
12.964285714285714 1.147125
13.0 1.147125
13.035714285714286 1.147125
13.071428571428571 1.147125
13.107142857142858 1.147125
13.142857142857142 1.147125
13.178571428571429 1.1506874999999999
13.428571428571429 1.1435624999999998
13.464285714285714 1.1328749999999999
13.5 1.1364375
13.535714285714286 1.1364375
13.571428571428571 1.1364375
13.607142857142858 1.1364375
13.642857142857142 1.1364375
13.678571428571429 1.1364375
13.714285714285714 1.1364375
13.75 1.1364375
13.785714285714286 1.1364375
13.821428571428571 1.1364375
13.857142857142858 1.1364375
13.892857142857142 1.14
13.928571428571429 1.14
13.964285714285714 1.14
14.0 1.14
14.035714285714286 1.14
14.071428571428571 1.14
14.107142857142858 1.14
14.142857142857142 1.14
14.428571428571429 1.1221875
14.464285714285714 1.1221875
14.5 1.12575
14.535714285714286 1.12575
14.571428571428571 1.1221875
14.607142857142858 1.12575
14.642857142857142 1.1221875
14.678571428571429 1.1221875
14.714285714285714 1.1221875
14.75 1.1221875
14.785714285714286 1.1221875
14.821428571428571 1.1221875
14.857142857142858 1.1221875
14.892857142857142 1.1221875
14.928571428571429 1.12575
14.964285714285714 1.1221875
15.0 1.12575
15.035714285714286 1.12575
15.071428571428571 1.12575
15.107142857142858 1.12575
15.142857142857142 1.12575
15.428571428571429 1.218375
15.464285714285714 1.12575
15.5 1.12575
15.535714285714286 1.12575
15.571428571428571 1.1293125
15.607142857142858 1.12575
15.642857142857142 1.12575
15.678571428571429 1.12575
15.714285714285714 1.12575
15.75 1.1293125
15.785714285714286 1.1293125
15.821428571428571 1.1293125
15.857142857142858 1.1293125
15.892857142857142 1.1293125
15.928571428571429 1.1293125
15.964285714285714 1.1293125
16.0 1.1293125
16.035714285714285 1.1293125
16.071428571428573 1.1293125
16.107142857142858 1.1293125
16.142857142857142 1.1293125
16.178571428571427 1.1293125
16.428571428571427 1.189875
16.464285714285715 1.12575
16.5 1.12575
16.535714285714285 1.12575
16.571428571428573 1.12575
16.607142857142858 1.12575
16.642857142857142 1.12575
16.678571428571427 1.1221875
16.714285714285715 1.12575
16.75 1.12575
16.785714285714285 1.12575
16.821428571428573 1.12575
16.857142857142858 1.12575
16.892857142857142 1.12575
16.928571428571427 1.12575
16.964285714285715 1.12575
17.0 1.12575
17.035714285714285 1.12575
17.071428571428573 1.12575
17.107142857142858 1.12575
17.142857142857142 1.12575
17.178571428571427 1.12575
17.428571428571427 1.1578125
17.464285714285715 1.1150624999999998
17.5 1.118625
17.535714285714285 1.118625
17.571428571428573 1.118625
17.607142857142858 1.118625
17.642857142857142 1.118625
17.678571428571427 1.118625
17.714285714285715 1.1221875
17.75 1.1221875
17.785714285714285 1.1221875
17.821428571428573 1.1221875
17.857142857142858 1.1221875
17.892857142857142 1.1221875
17.928571428571427 1.1221875
17.964285714285715 1.1221875
18.0 1.1221875
18.035714285714285 1.1221875
18.071428571428573 1.12575
18.107142857142858 1.12575
18.142857142857142 1.12575
18.178571428571427 1.12575
18.428571428571427 1.1221875
18.464285714285715 1.1221875
18.5 1.1221875
18.535714285714285 1.1221875
18.571428571428573 1.1221875
18.607142857142858 1.1221875
18.642857142857142 1.1221875
18.678571428571427 1.1221875
18.714285714285715 1.1221875
18.75 1.1221875
18.785714285714285 1.1221875
18.821428571428573 1.1221875
18.857142857142858 1.1221875
18.892857142857142 1.1221875
18.928571428571427 1.1221875
18.964285714285715 1.1221875
19.0 1.1221875
19.035714285714285 1.1221875
19.071428571428573 1.12575
19.107142857142858 1.12575
19.142857142857142 1.12575
19.428571428571427 1.1115
19.464285714285715 1.1150624999999998
19.5 1.1150624999999998
19.535714285714285 1.1150624999999998
19.571428571428573 1.1150624999999998
19.607142857142858 1.1150624999999998
19.642857142857142 1.1150624999999998
19.678571428571427 1.1150624999999998
19.714285714285715 1.1150624999999998
19.75 1.1150624999999998
19.785714285714285 1.1150624999999998
19.821428571428573 1.118625
19.857142857142858 1.118625
19.892857142857142 1.118625
19.928571428571427 1.118625
19.964285714285715 1.118625
20.0 1.118625
20.035714285714285 1.118625
20.071428571428573 1.118625
20.107142857142858 1.118625
20.142857142857142 1.118625
20.178571428571427 1.118625
20.428571428571427 1.1934375
20.464285714285715 1.118625
20.5 1.1221875
20.535714285714285 1.1221875
20.571428571428573 1.1221875
20.607142857142858 1.1221875
20.642857142857142 1.1221875
20.678571428571427 1.1221875
20.714285714285715 1.1221875
20.75 1.1221875
20.785714285714285 1.1221875
20.821428571428573 1.1221875
20.857142857142858 1.1221875
20.892857142857142 1.1221875
20.928571428571427 1.1221875
20.964285714285715 1.1221875
21.0 1.1221875
21.035714285714285 1.1221875
21.071428571428573 1.12575
21.107142857142858 1.12575
21.142857142857142 1.12575
21.178571428571427 1.12575
21.428571428571427 1.1684999999999999
21.464285714285715 1.118625
21.5 1.1221875
21.535714285714285 1.1221875
21.571428571428573 1.12575
21.607142857142858 1.12575
21.642857142857142 1.12575
21.678571428571427 1.12575
21.714285714285715 1.12575
21.75 1.12575
21.785714285714285 1.12575
21.821428571428573 1.12575
21.857142857142858 1.12575
21.892857142857142 1.12575
21.928571428571427 1.12575
21.964285714285715 1.1293125
22.0 1.1293125
22.035714285714285 1.12575
22.071428571428573 1.1293125
22.107142857142858 1.1293125
22.142857142857142 1.12575
22.178571428571427 1.1293125
22.428571428571427 1.1328749999999999
22.464285714285715 1.1328749999999999
22.5 1.1364375
22.535714285714285 1.1364375
22.571428571428573 1.14
22.607142857142858 1.14
22.642857142857142 1.14
22.678571428571427 1.14
22.714285714285715 1.14
22.75 1.14
22.785714285714285 1.14
22.821428571428573 1.14
22.857142857142858 1.1435624999999998
22.892857142857142 1.14
22.928571428571427 1.14
22.964285714285715 1.1435624999999998
23.0 1.1435624999999998
23.035714285714285 1.1435624999999998
23.071428571428573 1.1435624999999998
23.107142857142858 1.1435624999999998
23.142857142857142 1.1435624999999998
23.428571428571427 1.1293125
23.464285714285715 1.1293125
23.5 1.1328749999999999
23.535714285714285 1.1328749999999999
23.571428571428573 1.1328749999999999
23.607142857142858 1.1328749999999999
23.642857142857142 1.1328749999999999
23.678571428571427 1.1328749999999999
23.714285714285715 1.1328749999999999
23.75 1.1328749999999999
23.785714285714285 1.1364375
23.821428571428573 1.1364375
23.857142857142858 1.1364375
23.892857142857142 1.1364375
23.928571428571427 1.1364375
23.964285714285715 1.1364375
24.0 1.1364375
24.035714285714285 1.1364375
24.071428571428573 1.1364375
24.107142857142858 1.1364375
24.142857142857142 1.14
24.178571428571427 1.14
24.428571428571427 1.1969999999999998
24.464285714285715 1.1328749999999999
24.5 1.1328749999999999
24.535714285714285 1.1364375
24.571428571428573 1.1364375
24.607142857142858 1.1364375
24.642857142857142 1.1364375
24.678571428571427 1.1364375
24.714285714285715 1.1364375
24.75 1.1328749999999999
24.785714285714285 1.1364375
24.821428571428573 1.1364375
24.857142857142858 1.1364375
24.892857142857142 1.1364375
24.928571428571427 1.1364375
24.964285714285715 1.1364375
25.0 1.1364375
25.035714285714285 1.1364375
25.071428571428573 1.1364375
25.107142857142858 1.1364375
25.142857142857142 1.1364375
25.178571428571427 1.14
25.428571428571427 1.1720625
25.464285714285715 1.1293125
25.5 1.1328749999999999
25.535714285714285 1.1364375
25.571428571428573 1.1364375
25.607142857142858 1.1364375
25.642857142857142 1.1364375
25.678571428571427 1.14
25.714285714285715 1.14
25.75 1.14
25.785714285714285 1.14
25.821428571428573 1.14
25.857142857142858 1.1435624999999998
25.892857142857142 1.1435624999999998
25.928571428571427 1.1435624999999998
25.964285714285715 1.1435624999999998
26.0 1.1435624999999998
26.035714285714285 1.1435624999999998
26.071428571428573 1.1435624999999998
26.107142857142858 1.147125
26.142857142857142 1.147125
26.178571428571427 1.147125
26.428571428571427 1.1435624999999998
26.464285714285715 1.14
26.5 1.147125
26.535714285714285 1.1506874999999999
26.571428571428573 1.1506874999999999
26.607142857142858 1.15425
26.642857142857142 1.15425
26.678571428571427 1.15425
26.714285714285715 1.15425
26.75 1.15425
26.785714285714285 1.15425
26.821428571428573 1.15425
26.857142857142858 1.15425
26.892857142857142 1.1578125
26.928571428571427 1.15425
26.964285714285715 1.1578125
27.0 1.1578125
27.035714285714285 1.1578125
27.071428571428573 1.1578125
27.107142857142858 1.1578125
27.142857142857142 1.1578125
27.428571428571427 1.1506874999999999
27.464285714285715 1.15425
27.5 1.1578125
27.535714285714285 1.1613749999999998
27.571428571428573 1.1613749999999998
27.607142857142858 1.1613749999999998
27.642857142857142 1.1613749999999998
27.678571428571427 1.1613749999999998
27.714285714285715 1.1613749999999998
27.75 1.1613749999999998
27.785714285714285 1.1613749999999998
27.821428571428573 1.1613749999999998
27.857142857142858 1.1613749999999998
27.892857142857142 1.1613749999999998
27.928571428571427 1.1613749999999998
27.964285714285715 1.1613749999999998
28.0 1.1613749999999998
28.035714285714285 1.1613749999999998
28.071428571428573 1.1613749999999998
28.107142857142858 1.1649375
28.142857142857142 1.1649375
28.428571428571427 1.2076875
28.464285714285715 1.15425
28.5 1.1578125
28.535714285714285 1.1578125
28.571428571428573 1.1578125
28.607142857142858 1.1578125
28.642857142857142 1.1578125
28.678571428571427 1.1578125
28.714285714285715 1.1578125
28.75 1.1578125
28.785714285714285 1.1613749999999998
28.821428571428573 1.1613749999999998
28.857142857142858 1.1613749999999998
28.892857142857142 1.1613749999999998
28.928571428571427 1.1613749999999998
28.964285714285715 1.1613749999999998
29.0 1.1613749999999998
29.035714285714285 1.1649375
29.071428571428573 1.1613749999999998
29.107142857142858 1.1649375
29.142857142857142 1.1649375
29.178571428571427 1.1649375
29.428571428571427 1.1720625
29.464285714285715 1.1613749999999998
29.5 1.1613749999999998
29.535714285714285 1.1649375
29.571428571428573 1.1649375
29.607142857142858 1.1613749999999998
29.642857142857142 1.1613749999999998
29.678571428571427 1.1613749999999998
29.714285714285715 1.1613749999999998
29.75 1.1613749999999998
29.785714285714285 1.1613749999999998
29.821428571428573 1.1649375
29.857142857142858 1.1649375
29.892857142857142 1.1649375
29.928571428571427 1.1649375
29.964285714285715 1.1649375
30.0 1.1649375
30.035714285714285 1.1649375
30.071428571428573 1.1649375
30.107142857142858 1.1649375
30.142857142857142 1.1649375
30.178571428571427 1.1649375
30.428571428571427 1.1649375
30.464285714285715 1.1613749999999998
30.5 1.1649375
30.535714285714285 1.1649375
30.571428571428573 1.1649375
30.607142857142858 1.1649375
30.642857142857142 1.1649375
30.678571428571427 1.1649375
30.714285714285715 1.1649375
30.75 1.1649375
30.785714285714285 1.1649375
30.821428571428573 1.1649375
30.857142857142858 1.1649375
30.892857142857142 1.1649375
30.928571428571427 1.1684999999999999
30.964285714285715 1.1649375
31.0 1.1649375
31.035714285714285 1.1684999999999999
31.071428571428573 1.1684999999999999
31.107142857142858 1.1684999999999999
31.142857142857142 1.1684999999999999
31.392857142857142 1.2433124999999998
31.428571428571427 1.1720625
31.464285714285715 1.175625
31.5 1.1791874999999998
31.535714285714285 1.1791874999999998
31.571428571428573 1.1791874999999998
31.607142857142858 1.18275
31.642857142857142 1.18275
31.678571428571427 1.18275
31.714285714285715 1.18275
31.75 1.18275
31.785714285714285 1.18275
31.821428571428573 1.18275
31.857142857142858 1.18275
31.892857142857142 1.18275
31.928571428571427 1.1863124999999999
31.964285714285715 1.1863124999999999
32.0 1.1863124999999999
32.035714285714285 1.1863124999999999
32.07142857142857 1.1863124999999999
32.107142857142854 1.1863124999999999
32.142857142857146 1.1863124999999999
32.42857142857143 1.1863124999999999
32.464285714285715 1.189875
32.5 1.189875
32.535714285714285 1.1934375
32.57142857142857 1.1934375
32.607142857142854 1.1934375
32.642857142857146 1.1934375
32.67857142857143 1.1934375
32.714285714285715 1.1934375
32.75 1.1969999999999998
32.785714285714285 1.1969999999999998
32.82142857142857 1.1969999999999998
32.857142857142854 1.1969999999999998
32.892857142857146 1.1969999999999998
32.92857142857143 1.1969999999999998
32.964285714285715 1.1969999999999998
33.0 1.1969999999999998
33.035714285714285 1.1969999999999998
33.07142857142857 1.1969999999999998
33.107142857142854 1.2005625
33.142857142857146 1.2005625
33.17857142857143 1.2005625
33.42857142857143 1.189875
33.464285714285715 1.1863124999999999
33.5 1.1863124999999999
33.535714285714285 1.1863124999999999
33.57142857142857 1.1863124999999999
33.607142857142854 1.189875
33.642857142857146 1.189875
33.67857142857143 1.189875
33.714285714285715 1.189875
33.75 1.189875
33.785714285714285 1.189875
33.82142857142857 1.189875
33.857142857142854 1.189875
33.892857142857146 1.189875
33.92857142857143 1.189875
33.964285714285715 1.189875
34.0 1.189875
34.035714285714285 1.1934375
34.07142857142857 1.189875
34.107142857142854 1.189875
34.142857142857146 1.1934375
34.392857142857146 1.2860624999999999
34.42857142857143 1.18275
34.464285714285715 1.1863124999999999
34.5 1.189875
34.535714285714285 1.189875
34.57142857142857 1.1863124999999999
34.607142857142854 1.189875
34.642857142857146 1.189875
34.67857142857143 1.189875
34.714285714285715 1.1863124999999999
34.75 1.1863124999999999
34.785714285714285 1.1863124999999999
34.82142857142857 1.189875
34.857142857142854 1.189875
34.892857142857146 1.189875
34.92857142857143 1.189875
34.964285714285715 1.189875
35.0 1.189875
35.035714285714285 1.189875
35.07142857142857 1.1934375
35.107142857142854 1.1934375
35.142857142857146 1.1934375
35.392857142857146 1.254
35.42857142857143 1.18275
35.464285714285715 1.1863124999999999
35.5 1.1863124999999999
35.535714285714285 1.1863124999999999
35.57142857142857 1.1863124999999999
35.607142857142854 1.1863124999999999
35.642857142857146 1.189875
35.67857142857143 1.189875
35.714285714285715 1.189875
35.75 1.189875
35.785714285714285 1.189875
35.82142857142857 1.189875
35.857142857142854 1.1934375
35.892857142857146 1.1934375
35.92857142857143 1.1934375
35.964285714285715 1.1934375
36.0 1.1934375
36.035714285714285 1.1934375
36.07142857142857 1.1934375
36.107142857142854 1.1969999999999998
36.142857142857146 1.1969999999999998
36.42857142857143 1.18275
36.464285714285715 1.1863124999999999
36.5 1.1863124999999999
36.535714285714285 1.1863124999999999
36.57142857142857 1.1863124999999999
36.607142857142854 1.1863124999999999
36.642857142857146 1.1863124999999999
36.67857142857143 1.1863124999999999
36.714285714285715 1.1863124999999999
36.75 1.1863124999999999
36.785714285714285 1.1863124999999999
36.82142857142857 1.189875
36.857142857142854 1.189875
36.892857142857146 1.189875
36.92857142857143 1.189875
36.964285714285715 1.189875
37.0 1.189875
37.035714285714285 1.189875
37.07142857142857 1.189875
37.107142857142854 1.189875
37.142857142857146 1.189875
37.17857142857143 1.189875
37.42857142857143 1.189875
37.464285714285715 1.18275
37.5 1.18275
37.535714285714285 1.18275
37.57142857142857 1.18275
37.607142857142854 1.18275
37.642857142857146 1.18275
37.67857142857143 1.18275
37.714285714285715 1.18275
37.75 1.18275
37.785714285714285 1.18275
37.82142857142857 1.18275
37.857142857142854 1.1863124999999999
37.892857142857146 1.1863124999999999
37.92857142857143 1.1863124999999999
37.964285714285715 1.1863124999999999
38.0 1.1863124999999999
38.035714285714285 1.1863124999999999
38.07142857142857 1.1863124999999999
38.107142857142854 1.1863124999999999
38.142857142857146 1.1863124999999999
38.17857142857143 1.1863124999999999
38.42857142857143 1.1934375
38.464285714285715 1.2005625
38.5 1.2005625
38.535714285714285 1.2005625
38.57142857142857 1.2005625
38.607142857142854 1.204125
38.642857142857146 1.204125
38.67857142857143 1.204125
38.714285714285715 1.204125
38.75 1.204125
38.785714285714285 1.204125
38.82142857142857 1.204125
38.857142857142854 1.204125
38.892857142857146 1.204125
38.92857142857143 1.2076875
38.964285714285715 1.2076875
39.0 1.2076875
39.035714285714285 1.2076875
39.07142857142857 1.2076875
39.107142857142854 1.21125
39.142857142857146 1.21125
39.392857142857146 1.2682499999999999
39.42857142857143 1.21125
39.464285714285715 1.2148124999999999
39.5 1.2148124999999999
39.535714285714285 1.2148124999999999
39.57142857142857 1.2148124999999999
39.607142857142854 1.218375
39.642857142857146 1.218375
39.67857142857143 1.218375
39.714285714285715 1.218375
39.75 1.218375
39.785714285714285 1.218375
39.82142857142857 1.218375
39.857142857142854 1.218375
39.892857142857146 1.2219375
39.92857142857143 1.218375
39.964285714285715 1.2219375
40.0 1.2219375
