0.03571428571428571 2.4189687500000003
0.07142857142857142 2.4189687500000003
0.10714285714285714 2.4189687500000003
0.14285714285714285 2.4189687500000003
0.42857142857142855 2.4402500000000003
0.4642857142857143 2.436703125
0.5 2.436703125
0.5357142857142857 2.436703125
0.5714285714285714 2.436703125
0.6071428571428571 2.436703125
0.6428571428571429 2.436703125
0.6785714285714286 2.436703125
0.7142857142857143 2.436703125
0.75 2.436703125
0.7857142857142857 2.43315625
0.8214285714285714 2.43315625
0.8571428571428571 2.43315625
0.8928571428571429 2.43315625
0.9285714285714286 2.43315625
0.9642857142857143 2.43315625
1.0 2.43315625
1.0357142857142858 2.43315625
1.0714285714285714 2.43315625
1.1071428571428572 2.43315625
1.1428571428571428 2.43315625
1.1785714285714286 2.43315625
1.2142857142857142 2.43315625
1.25 2.43315625
1.5357142857142858 2.4473437500000004
1.5714285714285714 2.4473437500000004
1.6071428571428572 2.4473437500000004
1.6428571428571428 2.4473437500000004
1.6785714285714286 2.4473437500000004
1.7142857142857142 2.4473437500000004
1.75 2.4473437500000004
1.7857142857142858 2.4473437500000004
1.8214285714285714 2.4473437500000004
1.8571428571428572 2.4473437500000004
1.8928571428571428 2.4473437500000004
1.9285714285714286 2.4473437500000004
1.9642857142857142 2.4473437500000004
2.0 2.4473437500000004
2.0357142857142856 2.4473437500000004
2.0714285714285716 2.4473437500000004
2.107142857142857 2.4473437500000004
2.142857142857143 2.4473437500000004
2.1785714285714284 2.4473437500000004
2.2142857142857144 2.4437968750000003
2.25 2.4473437500000004
2.2857142857142856 2.4473437500000004
2.3214285714285716 2.4473437500000004
2.357142857142857 2.4473437500000004
2.642857142857143 2.401234375
2.6785714285714284 2.46153125
2.7142857142857144 2.46153125
2.75 2.46153125
2.7857142857142856 2.46153125
2.8214285714285716 2.46153125
2.857142857142857 2.46153125
2.892857142857143 2.46153125
2.9285714285714284 2.46153125
2.9642857142857144 2.4650781250000002
3.0 2.46153125
3.0357142857142856 2.4650781250000002
3.0714285714285716 2.46153125
3.107142857142857 2.46153125
3.142857142857143 2.46153125
3.1785714285714284 2.46153125
3.2142857142857144 2.46153125
3.25 2.46153125
3.2857142857142856 2.46153125
3.3214285714285716 2.46153125
3.357142857142857 2.46153125
3.392857142857143 2.46153125
3.4285714285714284 2.46153125
3.4642857142857144 2.46153125
3.75 2.4154218750000003
3.7857142857142856 2.4828125
3.8214285714285716 2.479265625
3.857142857142857 2.479265625
3.892857142857143 2.479265625
3.9285714285714284 2.479265625
3.9642857142857144 2.479265625
4.0 2.479265625
4.035714285714286 2.479265625
4.071428571428571 2.479265625
4.107142857142857 2.479265625
4.142857142857143 2.479265625
4.178571428571429 2.479265625
4.214285714285714 2.479265625
4.25 2.479265625
4.285714285714286 2.479265625
4.321428571428571 2.479265625
4.357142857142857 2.479265625
4.392857142857143 2.479265625
4.428571428571429 2.479265625
4.464285714285714 2.479265625
4.5 2.479265625
4.535714285714286 2.479265625
4.571428571428571 2.4757187500000004
4.892857142857143 2.48990625
4.928571428571429 2.486359375
4.964285714285714 2.486359375
5.0 2.486359375
5.035714285714286 2.486359375
5.071428571428571 2.486359375
5.107142857142857 2.486359375
5.142857142857143 2.486359375
5.178571428571429 2.486359375
5.214285714285714 2.486359375
5.25 2.486359375
5.285714285714286 2.486359375
5.321428571428571 2.486359375
5.357142857142857 2.486359375
5.392857142857143 2.486359375
5.428571428571429 2.4828125
5.464285714285714 2.4828125
5.5 2.4828125
5.535714285714286 2.4828125
5.571428571428571 2.4828125
5.607142857142857 2.4828125
5.642857142857143 2.4828125
5.678571428571429 2.4828125
5.714285714285714 2.4828125
6.0 2.536015625
6.035714285714286 2.536015625
6.071428571428571 2.53246875
6.107142857142857 2.53246875
6.142857142857143 2.53246875
6.178571428571429 2.53246875
6.214285714285714 2.53246875
6.25 2.53246875
6.285714285714286 2.53246875
6.321428571428571 2.53246875
6.357142857142857 2.53246875
6.392857142857143 2.53246875
6.428571428571429 2.53246875
6.464285714285714 2.53246875
6.5 2.53246875
6.535714285714286 2.53246875
6.571428571428571 2.53246875
6.607142857142857 2.53246875
6.642857142857143 2.53246875
6.678571428571429 2.53246875
6.714285714285714 2.53246875
6.75 2.53246875
6.785714285714286 2.53246875
6.821428571428571 2.53246875
7.107142857142857 2.5431093750000002
7.142857142857143 2.5395625
7.178571428571429 2.5395625
7.214285714285714 2.5395625
7.25 2.5395625
7.285714285714286 2.5395625
7.321428571428571 2.5395625
7.357142857142857 2.5395625
7.392857142857143 2.5395625
7.428571428571429 2.5395625
7.464285714285714 2.5395625
7.5 2.5395625
7.535714285714286 2.5395625
7.571428571428571 2.5395625
7.607142857142857 2.5395625
7.642857142857143 2.5395625
7.678571428571429 2.5395625
7.714285714285714 2.5395625
7.75 2.5395625
7.785714285714286 2.5395625
7.821428571428571 2.5395625
7.857142857142857 2.5395625
7.892857142857143 2.5395625
7.928571428571429 2.5395625
7.964285714285714 2.5395625
8.107142857142858 2.56084375
8.214285714285714 2.4757187500000004
8.25 2.5395625
8.285714285714286 2.5395625
8.321428571428571 2.5395625
8.357142857142858 2.5395625
8.392857142857142 2.5395625
8.428571428571429 2.5395625
8.464285714285714 2.5395625
8.5 2.5395625
8.535714285714286 2.5395625
8.571428571428571 2.5395625
8.607142857142858 2.5395625
8.642857142857142 2.5395625
8.678571428571429 2.5395625
8.714285714285714 2.5395625
8.75 2.5395625
8.785714285714286 2.5395625
8.821428571428571 2.5395625
8.857142857142858 2.5395625
8.892857142857142 2.5395625
8.928571428571429 2.5395625
8.964285714285714 2.5395625
9.0 2.5395625
9.035714285714286 2.5395625
9.071428571428571 2.5395625
9.178571428571429 2.5466562500000003
9.321428571428571 2.4828125
9.357142857142858 2.5395625
9.392857142857142 2.536015625
9.428571428571429 2.536015625
9.464285714285714 2.536015625
9.5 2.536015625
9.535714285714286 2.536015625
9.571428571428571 2.5395625
9.607142857142858 2.536015625
9.642857142857142 2.536015625
9.678571428571429 2.536015625
9.714285714285714 2.5395625
9.75 2.5395625
9.785714285714286 2.5395625
9.821428571428571 2.5395625
9.857142857142858 2.5395625
9.892857142857142 2.5395625
9.928571428571429 2.5395625
9.964285714285714 2.5395625
10.0 2.536015625
10.035714285714286 2.536015625
10.071428571428571 2.536015625
10.107142857142858 2.5395625
10.142857142857142 2.5395625
10.178571428571429 2.536015625
10.285714285714286 2.5431093750000002
10.392857142857142 2.5431093750000002
10.428571428571429 2.536015625
10.464285714285714 2.53246875
10.5 2.5289218750000004
10.535714285714286 2.5289218750000004
10.571428571428571 2.5289218750000004
10.607142857142858 2.5253750000000004
10.642857142857142 2.5253750000000004
10.678571428571429 2.5289218750000004
10.714285714285714 2.5253750000000004
10.75 2.5253750000000004
10.785714285714286 2.5253750000000004
10.821428571428571 2.5289218750000004
10.857142857142858 2.5289218750000004
10.892857142857142 2.5289218750000004
10.928571428571429 2.5289218750000004
10.964285714285714 2.5289218750000004
11.0 2.5289218750000004
11.035714285714286 2.5253750000000004
11.071428571428571 2.5253750000000004
11.107142857142858 2.5253750000000004
11.142857142857142 2.5253750000000004
11.178571428571429 2.5253750000000004
11.214285714285714 2.5253750000000004
11.25 2.5253750000000004
11.285714285714286 2.5253750000000004
11.535714285714286 2.5395625
11.571428571428571 2.536015625
11.607142857142858 2.536015625
11.642857142857142 2.536015625
11.678571428571429 2.536015625
11.714285714285714 2.53246875
11.75 2.536015625
11.785714285714286 2.536015625
11.821428571428571 2.536015625
11.857142857142858 2.536015625
11.892857142857142 2.536015625
11.928571428571429 2.536015625
11.964285714285714 2.53246875
12.0 2.53246875
12.035714285714286 2.53246875
12.071428571428571 2.53246875
12.107142857142858 2.536015625
12.142857142857142 2.536015625
12.178571428571429 2.536015625
12.214285714285714 2.536015625
12.25 2.536015625
12.285714285714286 2.536015625
12.321428571428571 2.536015625
12.357142857142858 2.536015625
12.392857142857142 2.536015625
12.642857142857142 2.4686250000000003
12.678571428571429 2.5502031250000003
12.714285714285714 2.5537500000000004
12.75 2.5502031250000003
12.785714285714286 2.5502031250000003
12.821428571428571 2.5502031250000003
12.857142857142858 2.5502031250000003
12.892857142857142 2.5502031250000003
12.928571428571429 2.5502031250000003
12.964285714285714 2.5502031250000003
13.0 2.5466562500000003
13.035714285714286 2.5466562500000003
13.071428571428571 2.5466562500000003
13.107142857142858 2.5466562500000003
13.142857142857142 2.5466562500000003
13.178571428571429 2.5466562500000003
13.214285714285714 2.5466562500000003
13.25 2.5466562500000003
13.285714285714286 2.5466562500000003
13.321428571428571 2.5466562500000003
13.357142857142858 2.5466562500000003
13.392857142857142 2.5466562500000003
13.428571428571429 2.5466562500000003
13.464285714285714 2.5466562500000003
13.5 2.5466562500000003
13.75 2.5466562500000003
13.785714285714286 2.5431093750000002
13.821428571428571 2.5466562500000003
13.857142857142858 2.5431093750000002
13.892857142857142 2.5431093750000002
13.928571428571429 2.5431093750000002
13.964285714285714 2.5431093750000002
14.0 2.5466562500000003
14.035714285714286 2.5466562500000003
14.071428571428571 2.5466562500000003
14.107142857142858 2.5466562500000003
14.142857142857142 2.5466562500000003
14.178571428571429 2.5466562500000003
14.214285714285714 2.5466562500000003
14.25 2.5466562500000003
14.285714285714286 2.5466562500000003
14.321428571428571 2.5466562500000003
14.357142857142858 2.5431093750000002
14.392857142857142 2.5466562500000003
14.428571428571429 2.5466562500000003
14.464285714285714 2.5466562500000003
14.5 2.5466562500000003
14.535714285714286 2.5466562500000003
14.571428571428571 2.5466562500000003
14.607142857142858 2.5466562500000003
14.857142857142858 2.4686250000000003
14.892857142857142 2.5537500000000004
14.928571428571429 2.557296875
14.964285714285714 2.557296875
15.0 2.557296875
15.035714285714286 2.557296875
15.071428571428571 2.557296875
15.107142857142858 2.557296875
15.142857142857142 2.557296875
15.178571428571429 2.557296875
15.214285714285714 2.557296875
15.25 2.557296875
15.285714285714286 2.557296875
15.321428571428571 2.557296875
15.357142857142858 2.557296875
15.392857142857142 2.557296875
15.428571428571429 2.557296875
15.464285714285714 2.557296875
15.5 2.557296875
15.535714285714286 2.557296875
15.571428571428571 2.557296875
15.607142857142858 2.557296875
15.642857142857142 2.557296875
15.678571428571429 2.557296875
15.714285714285714 2.557296875
16.0 2.5785781250000004
16.035714285714285 2.585671875
16.071428571428573 2.5821250000000004
16.107142857142858 2.5821250000000004
16.142857142857142 2.5821250000000004
16.178571428571427 2.5821250000000004
16.214285714285715 2.5821250000000004
16.25 2.5821250000000004
16.285714285714285 2.5821250000000004
16.321428571428573 2.5821250000000004
16.357142857142858 2.5821250000000004
16.392857142857142 2.5821250000000004
16.428571428571427 2.5821250000000004
16.464285714285715 2.5821250000000004
16.5 2.5821250000000004
16.535714285714285 2.5821250000000004
16.571428571428573 2.5821250000000004
16.607142857142858 2.5821250000000004
16.642857142857142 2.5821250000000004
16.678571428571427 2.5821250000000004
16.714285714285715 2.5821250000000004
16.75 2.5821250000000004
16.785714285714285 2.5821250000000004
16.821428571428573 2.5821250000000004
17.107142857142858 2.5963125000000002
17.142857142857142 2.5998593750000003
17.178571428571427 2.5963125000000002
17.214285714285715 2.5963125000000002
17.25 2.5963125000000002
17.285714285714285 2.5963125000000002
17.321428571428573 2.5963125000000002
17.357142857142858 2.5963125000000002
17.392857142857142 2.5963125000000002
17.428571428571427 2.5998593750000003
17.464285714285715 2.5998593750000003
17.5 2.5998593750000003
17.535714285714285 2.5998593750000003
17.571428571428573 2.5998593750000003
17.607142857142858 2.5998593750000003
17.642857142857142 2.5998593750000003
17.678571428571427 2.5998593750000003
17.714285714285715 2.5998593750000003
17.75 2.5998593750000003
17.785714285714285 2.5998593750000003
17.821428571428573 2.5998593750000003
17.857142857142858 2.5998593750000003
17.892857142857142 2.5998593750000003
17.928571428571427 2.5998593750000003
17.964285714285715 2.5998593750000003
18.178571428571427 2.61759375
18.25 2.6105
18.285714285714285 2.6069531250000004
18.321428571428573 2.6069531250000004
18.357142857142858 2.6069531250000004
18.392857142857142 2.6069531250000004
18.428571428571427 2.6069531250000004
18.464285714285715 2.6069531250000004
18.5 2.6105
18.535714285714285 2.6105
18.571428571428573 2.6105
18.607142857142858 2.6105
18.642857142857142 2.6105
18.678571428571427 2.6105
18.714285714285715 2.6105
18.75 2.6105
18.785714285714285 2.6105
18.821428571428573 2.6105
18.857142857142858 2.6105
18.892857142857142 2.6069531250000004
18.928571428571427 2.6069531250000004
18.964285714285715 2.6069531250000004
19.0 2.6069531250000004
19.035714285714285 2.6069531250000004
19.071428571428573 2.6069531250000004
19.357142857142858 2.6282343750000003
19.392857142857142 2.6282343750000003
19.428571428571427 2.6282343750000003
19.464285714285715 2.6282343750000003
19.5 2.6282343750000003
19.535714285714285 2.6282343750000003
19.571428571428573 2.6282343750000003
19.607142857142858 2.6282343750000003
19.642857142857142 2.6282343750000003
19.678571428571427 2.6282343750000003
19.714285714285715 2.6282343750000003
19.75 2.6282343750000003
19.785714285714285 2.6282343750000003
19.821428571428573 2.6282343750000003
19.857142857142858 2.6317812500000004
19.892857142857142 2.6317812500000004
19.928571428571427 2.6317812500000004
19.964285714285715 2.6282343750000003
20.0 2.6282343750000003
20.035714285714285 2.6282343750000003
20.071428571428573 2.6282343750000003
20.107142857142858 2.6282343750000003
20.142857142857142 2.6282343750000003
20.178571428571427 2.6282343750000003
20.5 2.6566093750000004
20.535714285714285 2.6566093750000004
20.571428571428573 2.6566093750000004
20.607142857142858 2.6566093750000004
20.642857142857142 2.6566093750000004
20.678571428571427 2.6566093750000004
20.714285714285715 2.6566093750000004
20.75 2.6566093750000004
20.785714285714285 2.6566093750000004
20.821428571428573 2.6566093750000004
20.857142857142858 2.6530625000000003
20.892857142857142 2.6530625000000003
20.928571428571427 2.6530625000000003
20.964285714285715 2.6530625000000003
21.0 2.6566093750000004
21.035714285714285 2.6566093750000004
21.071428571428573 2.6566093750000004
21.107142857142858 2.6566093750000004
21.142857142857142 2.6566093750000004
21.178571428571427 2.6530625000000003
21.214285714285715 2.6530625000000003
21.25 2.6530625000000003
21.285714285714285 2.6530625000000003
21.321428571428573 2.6566093750000004
21.357142857142858 2.6530625000000003
21.607142857142858 2.6601562500000004
21.642857142857142 2.6601562500000004
21.678571428571427 2.6601562500000004
21.714285714285715 2.6601562500000004
21.75 2.6566093750000004
21.785714285714285 2.6566093750000004
21.821428571428573 2.6566093750000004
21.857142857142858 2.6566093750000004
21.892857142857142 2.6566093750000004
21.928571428571427 2.6566093750000004
21.964285714285715 2.6530625000000003
22.0 2.6530625000000003
22.035714285714285 2.6530625000000003
22.071428571428573 2.6530625000000003
22.107142857142858 2.6530625000000003
22.142857142857142 2.6530625000000003
22.178571428571427 2.6530625000000003
22.214285714285715 2.6530625000000003
22.25 2.6530625000000003
22.285714285714285 2.6530625000000003
22.321428571428573 2.6530625000000003
22.357142857142858 2.6530625000000003
22.392857142857142 2.6530625000000003
22.678571428571427 2.5395625
22.714285714285715 2.64596875
22.75 2.64596875
22.785714285714285 2.64596875
22.821428571428573 2.64596875
22.857142857142858 2.64596875
22.892857142857142 2.64596875
22.928571428571427 2.642421875
22.964285714285715 2.642421875
23.0 2.642421875
23.035714285714285 2.642421875
23.071428571428573 2.642421875
23.107142857142858 2.642421875
23.142857142857142 2.642421875
23.178571428571427 2.642421875
23.214285714285715 2.642421875
23.25 2.638875
23.285714285714285 2.638875
23.321428571428573 2.638875
23.357142857142858 2.638875
23.392857142857142 2.638875
23.428571428571427 2.638875
23.464285714285715 2.638875
23.5 2.638875
23.535714285714285 2.638875
23.785714285714285 2.5395625
23.821428571428573 2.638875
23.857142857142858 2.635328125
23.892857142857142 2.635328125
23.928571428571427 2.635328125
23.964285714285715 2.635328125
24.0 2.635328125
24.035714285714285 2.6317812500000004
24.071428571428573 2.6317812500000004
24.107142857142858 2.6317812500000004
24.142857142857142 2.6317812500000004
24.178571428571427 2.6317812500000004
24.214285714285715 2.6317812500000004
24.25 2.6317812500000004
24.285714285714285 2.6317812500000004
24.321428571428573 2.6317812500000004
24.357142857142858 2.6317812500000004
24.392857142857142 2.6317812500000004
24.428571428571427 2.6317812500000004
24.464285714285715 2.6317812500000004
24.5 2.6317812500000004
24.535714285714285 2.6317812500000004
24.571428571428573 2.6317812500000004
24.607142857142858 2.6317812500000004
24.642857142857142 2.6317812500000004
24.928571428571427 2.6814375000000004
24.964285714285715 2.6814375000000004
25.0 2.6814375000000004
25.035714285714285 2.6814375000000004
25.071428571428573 2.6814375000000004
25.107142857142858 2.6814375000000004
25.142857142857142 2.6814375000000004
25.178571428571427 2.6814375000000004
25.214285714285715 2.6814375000000004
25.25 2.6814375000000004
25.285714285714285 2.6814375000000004
25.321428571428573 2.6814375000000004
25.357142857142858 2.6778906250000003
25.392857142857142 2.6778906250000003
25.428571428571427 2.6814375000000004
25.464285714285715 2.6814375000000004
25.5 2.6778906250000003
25.535714285714285 2.6814375000000004
25.571428571428573 2.6778906250000003
25.607142857142858 2.6778906250000003
25.642857142857142 2.6778906250000003
25.678571428571427 2.6778906250000003
25.714285714285715 2.6778906250000003
25.75 2.6778906250000003
26.035714285714285 2.6814375000000004
26.071428571428573 2.6778906250000003
26.107142857142858 2.6778906250000003
26.142857142857142 2.6743437500000002
26.178571428571427 2.6743437500000002
26.214285714285715 2.6743437500000002
26.25 2.6743437500000002
26.285714285714285 2.6743437500000002
26.321428571428573 2.6743437500000002
26.357142857142858 2.6743437500000002
26.392857142857142 2.6743437500000002
26.428571428571427 2.6778906250000003
26.464285714285715 2.6778906250000003
26.5 2.6778906250000003
26.535714285714285 2.6743437500000002
26.571428571428573 2.6743437500000002
26.607142857142858 2.6778906250000003
26.642857142857142 2.6743437500000002
26.678571428571427 2.6743437500000002
26.714285714285715 2.6743437500000002
26.75 2.6743437500000002
26.785714285714285 2.6743437500000002
26.821428571428573 2.6743437500000002
26.857142857142858 2.6743437500000002
27.0 2.6814375000000004
27.142857142857142 2.6743437500000002
27.178571428571427 2.6743437500000002
27.214285714285715 2.6743437500000002
27.25 2.6743437500000002
27.285714285714285 2.6743437500000002
27.321428571428573 2.6743437500000002
27.357142857142858 2.6743437500000002
27.392857142857142 2.6743437500000002
27.428571428571427 2.6743437500000002
27.464285714285715 2.6743437500000002
27.5 2.6743437500000002
27.535714285714285 2.6743437500000002
27.571428571428573 2.6743437500000002
27.607142857142858 2.6743437500000002
27.642857142857142 2.6743437500000002
27.678571428571427 2.6743437500000002
27.714285714285715 2.6743437500000002
27.75 2.6743437500000002
27.785714285714285 2.6743437500000002
27.821428571428573 2.6743437500000002
27.857142857142858 2.6743437500000002
27.892857142857142 2.6743437500000002
27.928571428571427 2.6743437500000002
27.964285714285715 2.6743437500000002
28.25 2.6778906250000003
28.285714285714285 2.6814375000000004
28.321428571428573 2.6814375000000004
28.357142857142858 2.6778906250000003
28.392857142857142 2.6814375000000004
28.428571428571427 2.6814375000000004
28.464285714285715 2.6814375000000004
28.5 2.6778906250000003
28.535714285714285 2.6778906250000003
28.571428571428573 2.6778906250000003
28.607142857142858 2.6778906250000003
28.642857142857142 2.6778906250000003
28.678571428571427 2.6778906250000003
28.714285714285715 2.6778906250000003
28.75 2.6778906250000003
28.785714285714285 2.6778906250000003
28.821428571428573 2.6778906250000003
28.857142857142858 2.6778906250000003
28.892857142857142 2.6778906250000003
28.928571428571427 2.6778906250000003
28.964285714285715 2.6778906250000003
29.0 2.6778906250000003
29.035714285714285 2.6778906250000003
29.071428571428573 2.6778906250000003
29.25 2.695625
29.357142857142858 2.6814375000000004
29.392857142857142 2.6814375000000004
29.428571428571427 2.6814375000000004
29.464285714285715 2.6814375000000004
29.5 2.6814375000000004
29.535714285714285 2.6814375000000004
29.571428571428573 2.6814375000000004
29.607142857142858 2.6778906250000003
29.642857142857142 2.6778906250000003
29.678571428571427 2.6778906250000003
29.714285714285715 2.6778906250000003
29.75 2.6778906250000003
29.785714285714285 2.6778906250000003
29.821428571428573 2.6778906250000003
29.857142857142858 2.6743437500000002
29.892857142857142 2.6743437500000002
29.928571428571427 2.6743437500000002
29.964285714285715 2.6743437500000002
30.0 2.6743437500000002
30.035714285714285 2.6743437500000002
30.071428571428573 2.6743437500000002
30.107142857142858 2.6743437500000002
30.142857142857142 2.6743437500000002
30.178571428571427 2.6743437500000002
30.214285714285715 2.6743437500000002
30.321428571428573 2.7027187500000003
30.357142857142858 2.7098125000000004
30.5 2.7346406250000004
30.535714285714285 2.7346406250000004
30.571428571428573 2.7310937500000003
30.607142857142858 2.7310937500000003
30.642857142857142 2.7310937500000003
30.678571428571427 2.7310937500000003
30.714285714285715 2.7310937500000003
30.75 2.7310937500000003
30.785714285714285 2.7310937500000003
30.821428571428573 2.7310937500000003
30.857142857142858 2.7310937500000003
30.892857142857142 2.7310937500000003
30.928571428571427 2.7310937500000003
30.964285714285715 2.7310937500000003
31.0 2.7310937500000003
31.035714285714285 2.7310937500000003
31.071428571428573 2.7310937500000003
31.107142857142858 2.7310937500000003
31.142857142857142 2.7275468750000003
31.178571428571427 2.7275468750000003
31.214285714285715 2.7275468750000003
31.25 2.7275468750000003
31.285714285714285 2.7275468750000003
31.321428571428573 2.7275468750000003
31.571428571428573 2.642421875
31.607142857142858 2.720453125
31.642857142857142 2.71690625
31.678571428571427 2.71690625
31.714285714285715 2.71690625
31.75 2.71690625
31.785714285714285 2.71690625
31.821428571428573 2.71690625
31.857142857142858 2.71690625
31.892857142857142 2.71690625
31.928571428571427 2.71690625
31.964285714285715 2.71690625
32.0 2.71690625
32.035714285714285 2.71690625
32.07142857142857 2.71690625
32.107142857142854 2.71690625
32.142857142857146 2.71690625
32.17857142857143 2.71690625
32.214285714285715 2.71690625
32.25 2.71690625
32.285714285714285 2.71690625
32.32142857142857 2.71690625
32.357142857142854 2.71690625
32.392857142857146 2.71690625
32.42857142857143 2.71690625
32.714285714285715 2.724
32.75 2.724
32.785714285714285 2.724
32.82142857142857 2.724
32.857142857142854 2.724
32.892857142857146 2.724
32.92857142857143 2.724
32.964285714285715 2.724
33.0 2.720453125
33.035714285714285 2.720453125
33.07142857142857 2.720453125
33.107142857142854 2.720453125
33.142857142857146 2.720453125
33.17857142857143 2.720453125
33.214285714285715 2.720453125
33.25 2.720453125
33.285714285714285 2.720453125
33.32142857142857 2.71690625
33.357142857142854 2.71690625
33.392857142857146 2.71690625
33.42857142857143 2.71690625
33.464285714285715 2.71690625
33.5 2.71690625
33.535714285714285 2.71690625
33.57142857142857 2.720453125
33.82142857142857 2.770109375
33.857142857142854 2.77365625
33.892857142857146 2.77365625
33.92857142857143 2.77365625
33.964285714285715 2.77365625
34.0 2.77365625
34.035714285714285 2.770109375
34.07142857142857 2.770109375
34.107142857142854 2.770109375
34.142857142857146 2.770109375
34.17857142857143 2.770109375
34.214285714285715 2.770109375
34.25 2.7665625
34.285714285714285 2.7665625
34.32142857142857 2.7665625
34.357142857142854 2.7665625
34.392857142857146 2.7665625
34.42857142857143 2.7665625
34.464285714285715 2.7665625
34.5 2.7665625
34.535714285714285 2.7665625
34.57142857142857 2.7665625
34.607142857142854 2.7665625
34.642857142857146 2.7665625
34.67857142857143 2.7665625
34.892857142857146 2.7842968750000003
34.92857142857143 2.77365625
34.964285714285715 2.770109375
35.0 2.770109375
35.035714285714285 2.770109375
35.07142857142857 2.770109375
35.107142857142854 2.770109375
35.142857142857146 2.770109375
35.17857142857143 2.7665625
35.214285714285715 2.7665625
35.25 2.7665625
35.285714285714285 2.7665625
35.32142857142857 2.7665625
35.357142857142854 2.7665625
35.392857142857146 2.7665625
35.42857142857143 2.7665625
35.464285714285715 2.7665625
35.5 2.7665625
35.535714285714285 2.7665625
35.57142857142857 2.7665625
35.607142857142854 2.7665625
35.642857142857146 2.7665625
35.67857142857143 2.7665625
35.714285714285715 2.7665625
35.75 2.7665625
35.785714285714285 2.7665625
35.892857142857146 2.77365625
35.964285714285715 2.7807500000000003
36.035714285714285 2.7098125000000004
36.07142857142857 2.777203125
36.107142857142854 2.77365625
36.142857142857146 2.77365625
36.17857142857143 2.77365625
36.214285714285715 2.77365625
36.25 2.77365625
36.285714285714285 2.77365625
36.32142857142857 2.77365625
36.357142857142854 2.77365625
36.392857142857146 2.77365625
36.42857142857143 2.77365625
36.464285714285715 2.77365625
36.5 2.77365625
36.535714285714285 2.77365625
36.57142857142857 2.77365625
36.607142857142854 2.77365625
36.642857142857146 2.77365625
36.67857142857143 2.77365625
36.714285714285715 2.77365625
36.75 2.77365625
36.785714285714285 2.77365625
36.82142857142857 2.77365625
36.857142857142854 2.77365625
36.892857142857146 2.770109375
37.0 2.77365625
37.07142857142857 2.7807500000000003
37.142857142857146 2.7665625
37.17857142857143 2.7630156250000004
37.214285714285715 2.7630156250000004
37.25 2.7594687500000004
37.285714285714285 2.7594687500000004
37.32142857142857 2.7594687500000004
37.357142857142854 2.7594687500000004
37.392857142857146 2.7594687500000004
37.42857142857143 2.7594687500000004
37.464285714285715 2.7594687500000004
37.5 2.7594687500000004
37.535714285714285 2.7594687500000004
37.57142857142857 2.7594687500000004
37.607142857142854 2.7594687500000004
37.642857142857146 2.7594687500000004
37.67857142857143 2.7559218750000003
37.714285714285715 2.7559218750000003
37.75 2.7559218750000003
37.785714285714285 2.7559218750000003
37.82142857142857 2.7559218750000003
37.857142857142854 2.7559218750000003
37.892857142857146 2.7559218750000003
37.92857142857143 2.7559218750000003
37.964285714285715 2.7559218750000003
38.0 2.7559218750000003
38.17857142857143 2.770109375
38.25 2.7559218750000003
38.285714285714285 2.7594687500000004
38.32142857142857 2.7594687500000004
38.357142857142854 2.7559218750000003
38.392857142857146 2.7594687500000004
38.42857142857143 2.7594687500000004
38.464285714285715 2.7594687500000004
38.5 2.7594687500000004
38.535714285714285 2.7559218750000003
38.57142857142857 2.7559218750000003
38.607142857142854 2.7559218750000003
38.642857142857146 2.7559218750000003
38.67857142857143 2.7559218750000003
38.714285714285715 2.7559218750000003
38.75 2.7559218750000003
38.785714285714285 2.7523750000000002
38.82142857142857 2.7523750000000002
38.857142857142854 2.7523750000000002
38.892857142857146 2.7523750000000002
38.92857142857143 2.7523750000000002
38.964285714285715 2.7523750000000002
39.0 2.7523750000000002
39.035714285714285 2.7523750000000002
39.07142857142857 2.7523750000000002
39.107142857142854 2.7523750000000002
39.357142857142854 2.7523750000000002
39.392857142857146 2.7559218750000003
39.42857142857143 2.7523750000000002
39.464285714285715 2.7523750000000002
39.5 2.7523750000000002
39.535714285714285 2.7523750000000002
39.57142857142857 2.7523750000000002
39.607142857142854 2.7523750000000002
39.642857142857146 2.7523750000000002
39.67857142857143 2.7523750000000002
39.714285714285715 2.7523750000000002
39.75 2.7523750000000002
39.785714285714285 2.7523750000000002
39.82142857142857 2.7523750000000002
39.857142857142854 2.748828125
39.892857142857146 2.748828125
39.92857142857143 2.748828125
