0.03571428571428571 2.0235
0.07142857142857142 2.0128125
0.14285714285714285 1.9771874999999999
0.17857142857142858 1.973625
0.21428571428571427 1.973625
0.25 1.9700624999999998
0.2857142857142857 1.9629374999999998
0.32142857142857145 1.9700624999999998
0.35714285714285715 1.973625
0.39285714285714285 1.973625
0.42857142857142855 1.973625
0.4642857142857143 1.9771874999999999
0.5 1.9771874999999999
0.5357142857142857 1.9771874999999999
0.5714285714285714 1.9771874999999999
0.6071428571428571 1.9807499999999998
0.6428571428571429 1.9807499999999998
0.6785714285714286 1.9807499999999998
0.7142857142857143 1.9807499999999998
0.75 1.9807499999999998
0.7857142857142857 1.9807499999999998
0.8214285714285714 1.9807499999999998
0.8571428571428571 1.9843125
0.8928571428571429 1.9771874999999999
0.9642857142857143 1.9593749999999999
1.0 1.9629374999999998
1.0357142857142858 1.9629374999999998
1.0714285714285714 1.9593749999999999
1.1071428571428572 1.9451249999999998
1.1428571428571428 1.9415624999999999
1.1785714285714286 1.9415624999999999
1.2142857142857142 1.9451249999999998
1.25 1.9451249999999998
1.2857142857142858 1.9451249999999998
1.3214285714285714 1.9486875
1.3571428571428572 1.9486875
1.3928571428571428 1.9451249999999998
1.4285714285714286 1.9486875
1.4642857142857142 1.9486875
1.5 1.9486875
1.5357142857142858 1.9486875
1.5714285714285714 1.9486875
1.6071428571428572 1.9486875
1.6428571428571428 1.9486875
1.6785714285714286 1.9486875
1.7142857142857142 1.9558125
1.75 1.930875
1.8214285714285714 1.9095
1.8571428571428572 1.9059374999999998
1.8928571428571428 1.902375
1.9285714285714286 1.8916875
1.9642857142857142 1.8809999999999998
2.0 1.8845625
2.0357142857142856 1.8881249999999998
2.0714285714285716 1.8881249999999998
2.107142857142857 1.8881249999999998
2.142857142857143 1.8881249999999998
2.1785714285714284 1.8916875
2.2142857142857144 1.8916875
2.25 1.8916875
2.2857142857142856 1.8916875
2.3214285714285716 1.8916875
2.357142857142857 1.8916875
2.392857142857143 1.8916875
2.4285714285714284 1.8916875
2.4642857142857144 1.8916875
2.5 1.8916875
2.5714285714285716 1.902375
2.642857142857143 1.83825
2.6785714285714284 1.83825
2.7142857142857144 1.8275625
2.75 1.8418124999999999
2.7857142857142856 1.8418124999999999
2.8214285714285716 1.8275625
2.857142857142857 1.8275625
2.892857142857143 1.831125
2.9285714285714284 1.8346874999999998
2.9642857142857144 1.8346874999999998
3.0 1.8346874999999998
3.0357142857142856 1.8346874999999998
3.0714285714285716 1.8346874999999998
3.107142857142857 1.8346874999999998
3.142857142857143 1.8346874999999998
3.1785714285714284 1.83825
3.2142857142857144 1.83825
3.25 1.83825
3.2857142857142856 1.83825
3.3214285714285716 1.83825
3.357142857142857 1.83825
3.392857142857143 1.8489375
3.4285714285714284 1.8418124999999999
3.5 1.7848125
3.5357142857142856 1.7776874999999999
3.5714285714285716 1.7776874999999999
3.607142857142857 1.7883749999999998
3.642857142857143 1.7705624999999998
3.6785714285714284 1.7848125
3.7142857142857144 1.7812499999999998
3.75 1.7812499999999998
3.7857142857142856 1.7848125
3.8214285714285716 1.7848125
3.857142857142857 1.7848125
3.892857142857143 1.7883749999999998
3.9285714285714284 1.7883749999999998
3.9642857142857144 1.7883749999999998
4.0 1.7883749999999998
4.035714285714286 1.7883749999999998
4.071428571428571 1.7883749999999998
4.107142857142857 1.7883749999999998
4.142857142857143 1.7883749999999998
4.178571428571429 1.7883749999999998
4.214285714285714 1.7883749999999998
4.25 1.7954999999999999
4.285714285714286 1.7527499999999998
4.321428571428571 1.7420624999999998
4.357142857142857 1.7349374999999998
4.392857142857143 1.7313749999999999
4.428571428571429 1.7385
4.464285714285714 1.7598749999999999
4.5 1.7313749999999999
4.535714285714286 1.7278125
4.571428571428571 1.7313749999999999
4.607142857142857 1.7313749999999999
4.642857142857143 1.7313749999999999
4.678571428571429 1.7349374999999998
4.714285714285714 1.7349374999999998
4.75 1.7349374999999998
4.785714285714286 1.7385
4.821428571428571 1.7385
4.857142857142857 1.7385
4.892857142857143 1.7385
4.928571428571429 1.7385
4.964285714285714 1.7385
5.0 1.7385
5.035714285714286 1.7385
5.071428571428571 1.7420624999999998
5.107142857142857 1.7349374999999998
5.178571428571429 1.7242499999999998
5.214285714285714 1.7206875
5.25 1.7171249999999998
5.285714285714286 1.71
5.321428571428571 1.6993124999999998
5.357142857142857 1.6957499999999999
5.392857142857143 1.6957499999999999
5.428571428571429 1.6993124999999998
5.464285714285714 1.6993124999999998
5.5 1.6993124999999998
5.535714285714286 1.6993124999999998
5.571428571428571 1.702875
5.607142857142857 1.702875
5.642857142857143 1.702875
5.678571428571429 1.702875
5.714285714285714 1.702875
5.75 1.702875
5.785714285714286 1.702875
5.821428571428571 1.702875
5.857142857142857 1.702875
5.928571428571429 1.7135624999999999
6.035714285714286 1.6529999999999998
6.071428571428571 1.645875
6.107142857142857 1.6601249999999999
6.142857142857143 1.6708124999999998
6.178571428571429 1.6351874999999998
6.214285714285714 1.6351874999999998
6.25 1.6351874999999998
6.285714285714286 1.6351874999999998
6.321428571428571 1.63875
6.357142857142857 1.6351874999999998
6.392857142857143 1.63875
6.428571428571429 1.63875
6.464285714285714 1.63875
6.5 1.63875
6.535714285714286 1.63875
6.571428571428571 1.63875
6.607142857142857 1.63875
6.642857142857143 1.63875
6.678571428571429 1.63875
6.714285714285714 1.63875
6.75 1.63875
6.785714285714286 1.6423124999999998
6.857142857142857 1.5995624999999998
6.892857142857143 1.5995624999999998
6.928571428571429 1.5924375
6.964285714285714 1.6138124999999999
7.0 1.58175
7.035714285714286 1.5853125
7.071428571428571 1.5853125
7.107142857142857 1.5888749999999998
7.142857142857143 1.5888749999999998
7.178571428571429 1.5888749999999998
7.214285714285714 1.5924375
7.25 1.5924375
7.285714285714286 1.5924375
7.321428571428571 1.5888749999999998
7.357142857142857 1.5924375
7.392857142857143 1.5888749999999998
7.428571428571429 1.5888749999999998
7.464285714285714 1.5924375
7.5 1.5924375
7.535714285714286 1.5924375
7.571428571428571 1.5888749999999998
7.607142857142857 1.603125
7.642857142857143 1.5781874999999999
7.678571428571429 1.5781874999999999
7.714285714285714 1.574625
7.75 1.5710624999999998
7.785714285714286 1.5603749999999998
7.821428571428571 1.5639375
7.857142857142857 1.5496874999999999
7.892857142857143 1.5496874999999999
7.928571428571429 1.5532499999999998
7.964285714285714 1.5532499999999998
8.0 1.5568125
8.035714285714286 1.5568125
8.071428571428571 1.5568125
8.107142857142858 1.5568125
8.142857142857142 1.5532499999999998
8.178571428571429 1.5532499999999998
8.214285714285714 1.5532499999999998
8.25 1.5532499999999998
8.285714285714286 1.5532499999999998
8.321428571428571 1.5532499999999998
8.357142857142858 1.5532499999999998
8.392857142857142 1.5532499999999998
8.428571428571429 1.5603749999999998
8.464285714285714 1.5710624999999998
8.535714285714286 1.517625
8.571428571428571 1.517625
8.607142857142858 1.5140624999999999
8.642857142857142 1.5247499999999998
8.678571428571429 1.4998125
8.714285714285714 1.5105
8.75 1.5069374999999998
8.785714285714286 1.5105
8.821428571428571 1.5140624999999999
8.857142857142858 1.5140624999999999
8.892857142857142 1.5140624999999999
8.928571428571429 1.5140624999999999
8.964285714285714 1.517625
9.0 1.517625
9.035714285714286 1.5140624999999999
9.071428571428571 1.517625
9.107142857142858 1.5140624999999999
9.142857142857142 1.5140624999999999
9.178571428571429 1.5140624999999999
9.214285714285714 1.5140624999999999
9.25 1.5140624999999999
9.285714285714286 1.5211875
9.321428571428571 1.4962499999999999
9.392857142857142 1.4677499999999999
9.428571428571429 1.4641875
9.464285714285714 1.4677499999999999
9.5 1.4962499999999999
9.535714285714286 1.4570625
9.571428571428571 1.4534999999999998
9.607142857142858 1.4534999999999998
9.642857142857142 1.4570625
9.678571428571429 1.4570625
9.714285714285714 1.4641875
9.75 1.4641875
9.785714285714286 1.4641875
9.821428571428571 1.4641875
9.857142857142858 1.4641875
9.892857142857142 1.4677499999999999
9.928571428571429 1.4677499999999999
9.964285714285714 1.4677499999999999
10.0 1.4677499999999999
10.035714285714286 1.4677499999999999
10.071428571428571 1.4677499999999999
10.107142857142858 1.4677499999999999
10.142857142857142 1.4713124999999998
10.178571428571429 1.4428124999999998
10.25 1.4249999999999998
10.285714285714286 1.4249999999999998
10.321428571428571 1.4249999999999998
10.357142857142858 1.41075
10.392857142857142 1.4214375
10.428571428571429 1.4143124999999999
10.464285714285714 1.4143124999999999
10.5 1.417875
10.535714285714286 1.417875
10.571428571428571 1.4214375
10.607142857142858 1.4214375
10.642857142857142 1.4214375
10.678571428571429 1.4214375
10.714285714285714 1.4214375
10.75 1.4214375
10.785714285714286 1.4214375
10.821428571428571 1.4214375
10.857142857142858 1.4214375
10.892857142857142 1.4214375
10.928571428571429 1.4214375
10.964285714285714 1.4249999999999998
11.0 1.3964999999999999
11.035714285714286 1.3964999999999999
11.071428571428571 1.3929375
11.107142857142858 1.3929375
11.142857142857142 1.3929375
11.178571428571429 1.3964999999999999
11.214285714285714 1.3679999999999999
11.25 1.3679999999999999
11.285714285714286 1.375125
11.321428571428571 1.375125
11.357142857142858 1.3786874999999998
11.392857142857142 1.375125
11.428571428571429 1.3786874999999998
11.464285714285714 1.3786874999999998
11.5 1.3786874999999998
11.535714285714286 1.3786874999999998
11.571428571428571 1.3786874999999998
11.607142857142858 1.3786874999999998
11.642857142857142 1.3786874999999998
11.678571428571429 1.38225
11.714285714285714 1.38225
11.75 1.38225
11.785714285714286 1.38225
11.892857142857142 1.3786874999999998
11.928571428571429 1.3786874999999998
11.964285714285714 1.375125
12.0 1.3679999999999999
12.035714285714286 1.35375
12.071428571428571 1.3608749999999998
12.107142857142858 1.3644375
12.142857142857142 1.3644375
12.178571428571429 1.3679999999999999
12.214285714285714 1.3679999999999999
12.25 1.3679999999999999
12.285714285714286 1.3679999999999999
12.321428571428571 1.3679999999999999
12.357142857142858 1.3679999999999999
12.392857142857142 1.3679999999999999
12.428571428571429 1.3679999999999999
12.464285714285714 1.3715624999999998
12.5 1.3715624999999998
12.535714285714286 1.3715624999999998
12.571428571428571 1.3679999999999999
12.607142857142858 1.3715624999999998
12.75 1.375125
12.785714285714286 1.3715624999999998
12.821428571428571 1.3644375
12.857142857142858 1.3608749999999998
12.892857142857142 1.3608749999999998
12.928571428571429 1.3608749999999998
12.964285714285714 1.3644375
13.0 1.3679999999999999
13.035714285714286 1.3679999999999999
13.071428571428571 1.3679999999999999
13.107142857142858 1.3679999999999999
13.142857142857142 1.3679999999999999
13.178571428571429 1.3679999999999999
13.214285714285714 1.3679999999999999
13.25 1.3679999999999999
13.285714285714286 1.3715624999999998
13.321428571428571 1.3679999999999999
13.357142857142858 1.3679999999999999
13.392857142857142 1.3715624999999998
13.428571428571429 1.3715624999999998
13.464285714285714 1.3715624999999998
13.571428571428571 1.3430624999999998
13.607142857142858 1.3395
13.642857142857142 1.3359375
13.678571428571429 1.346625
13.714285714285714 1.3323749999999999
13.75 1.3359375
13.785714285714286 1.3395
13.821428571428571 1.3395
13.857142857142858 1.3395
13.892857142857142 1.3395
13.928571428571429 1.3430624999999998
13.964285714285714 1.346625
14.0 1.3430624999999998
14.035714285714286 1.3430624999999998
14.071428571428571 1.3430624999999998
14.107142857142858 1.3430624999999998
14.142857142857142 1.3430624999999998
14.178571428571429 1.3430624999999998
14.214285714285714 1.3430624999999998
14.25 1.3430624999999998
14.428571428571429 1.311
14.464285714285714 1.3003125
14.5 1.2967499999999998
14.535714285714286 1.318125
14.571428571428571 1.2931875
14.607142857142858 1.3003125
14.642857142857142 1.3003125
14.678571428571429 1.3003125
14.714285714285714 1.303875
14.75 1.303875
14.785714285714286 1.3074374999999998
14.821428571428571 1.3074374999999998
14.857142857142858 1.3074374999999998
14.892857142857142 1.3074374999999998
14.928571428571429 1.3074374999999998
14.964285714285714 1.3074374999999998
15.0 1.3074374999999998
15.035714285714286 1.3074374999999998
15.071428571428571 1.303875
15.107142857142858 1.3074374999999998
15.25 1.275375
15.285714285714286 1.2718125
15.321428571428571 1.2575625
15.357142857142858 1.2825
15.392857142857142 1.2504374999999999
15.428571428571429 1.2575625
15.464285714285714 1.2575625
15.5 1.2611249999999998
15.535714285714286 1.2611249999999998
15.571428571428571 1.2646875
15.607142857142858 1.2646875
15.642857142857142 1.2646875
15.678571428571429 1.2646875
15.714285714285714 1.2646875
15.75 1.2646875
15.785714285714286 1.2646875
15.821428571428571 1.2646875
15.857142857142858 1.2646875
15.892857142857142 1.2646875
15.928571428571429 1.2646875
15.964285714285714 1.2646875
16.0 1.2860624999999999
16.107142857142858 1.2361875
16.142857142857142 1.2219375
16.178571428571427 1.2219375
16.214285714285715 1.254
16.25 1.246875
16.285714285714285 1.2361875
16.321428571428573 1.2326249999999999
16.357142857142858 1.2326249999999999
16.392857142857142 1.2326249999999999
16.428571428571427 1.2361875
16.464285714285715 1.2361875
16.5 1.2361875
16.535714285714285 1.2361875
16.571428571428573 1.2326249999999999
16.607142857142858 1.2326249999999999
16.642857142857142 1.2326249999999999
16.678571428571427 1.2326249999999999
16.714285714285715 1.2326249999999999
16.75 1.2326249999999999
16.785714285714285 1.2326249999999999
16.928571428571427 1.204125
16.964285714285715 1.204125
17.0 1.189875
17.035714285714285 1.2005625
17.071428571428573 1.1791874999999998
17.107142857142858 1.189875
17.142857142857142 1.189875
17.178571428571427 1.189875
17.214285714285715 1.1934375
17.25 1.1934375
17.285714285714285 1.1934375
17.321428571428573 1.1934375
17.357142857142858 1.1934375
17.392857142857142 1.1969999999999998
17.428571428571427 1.1934375
17.464285714285715 1.1934375
17.5 1.1934375
17.535714285714285 1.1934375
17.571428571428573 1.1934375
17.607142857142858 1.1934375
17.642857142857142 1.1934375
17.821428571428573 1.1649375
17.857142857142858 1.15425
17.892857142857142 1.1578125
17.928571428571427 1.1506874999999999
17.964285714285715 1.1578125
18.0 1.1613749999999998
18.035714285714285 1.1649375
18.071428571428573 1.1649375
18.107142857142858 1.1684999999999999
18.142857142857142 1.1684999999999999
18.178571428571427 1.1684999999999999
18.214285714285715 1.1684999999999999
18.25 1.1684999999999999
18.285714285714285 1.1684999999999999
18.321428571428573 1.1684999999999999
18.357142857142858 1.1684999999999999
18.392857142857142 1.1684999999999999
18.428571428571427 1.1649375
18.464285714285715 1.1684999999999999
18.642857142857142 1.12575
18.678571428571427 1.12575
18.714285714285715 1.1293125
18.75 1.1221875
18.785714285714285 1.12575
18.821428571428573 1.12575
18.857142857142858 1.12575
18.892857142857142 1.12575
18.928571428571427 1.1293125
18.964285714285715 1.1293125
19.0 1.1328749999999999
19.035714285714285 1.1328749999999999
19.071428571428573 1.1328749999999999
19.107142857142858 1.1293125
19.142857142857142 1.1293125
19.178571428571427 1.1328749999999999
19.214285714285715 1.1328749999999999
19.25 1.1293125
19.285714285714285 1.1293125
19.321428571428573 1.1293125
19.357142857142858 1.1578125
19.464285714285715 1.1115
19.5 1.1043749999999999
19.535714285714285 1.0936875
19.571428571428573 1.1008125
19.607142857142858 1.0936875
19.642857142857142 1.0936875
19.678571428571427 1.0972499999999998
19.714285714285715 1.1008125
19.75 1.1043749999999999
19.785714285714285 1.1043749999999999
19.821428571428573 1.1079375
19.857142857142858 1.1079375
19.892857142857142 1.1079375
19.928571428571427 1.1079375
19.964285714285715 1.1079375
20.0 1.1043749999999999
20.035714285714285 1.1079375
20.071428571428573 1.1079375
20.107142857142858 1.1043749999999999
20.142857142857142 1.1043749999999999
20.178571428571427 1.1079375
20.321428571428573 1.0723125
20.357142857142858 1.0651875
20.392857142857142 1.083
20.428571428571427 1.0723125
20.464285714285715 1.0687499999999999
20.5 1.0687499999999999
20.535714285714285 1.0687499999999999
20.571428571428573 1.0687499999999999
20.607142857142858 1.0723125
20.642857142857142 1.0723125
20.678571428571427 1.0723125
20.714285714285715 1.075875
20.75 1.075875
20.785714285714285 1.0723125
20.821428571428573 1.0723125
20.857142857142858 1.0723125
20.892857142857142 1.0723125
20.928571428571427 1.0723125
20.964285714285715 1.0723125
21.0 1.0723125
21.035714285714285 1.1008125
21.107142857142858 1.0545
21.142857142857142 1.0580625
21.178571428571427 1.0438125
21.214285714285715 1.0366875
21.25 1.0509374999999999
21.285714285714285 1.0331249999999998
21.321428571428573 1.0366875
21.357142857142858 1.04025
21.392857142857142 1.04025
21.428571428571427 1.0438125
21.464285714285715 1.047375
21.5 1.047375
21.535714285714285 1.047375
21.571428571428573 1.047375
21.607142857142858 1.0509374999999999
21.642857142857142 1.047375
21.678571428571427 1.047375
21.714285714285715 1.047375
21.75 1.047375
21.785714285714285 1.047375
21.821428571428573 1.0509374999999999
21.892857142857142 1.0723125
22.0 1.018875
22.035714285714285 1.0224374999999999
22.071428571428573 1.0331249999999998
22.107142857142858 1.0153124999999998
22.142857142857142 1.0224374999999999
22.178571428571427 1.018875
22.214285714285715 1.0224374999999999
22.25 1.0224374999999999
22.285714285714285 1.026
22.321428571428573 1.0295625
22.357142857142858 1.0295625
22.392857142857142 1.0295625
22.428571428571427 1.0295625
22.464285714285715 1.0295625
22.5 1.0295625
22.535714285714285 1.0295625
22.571428571428573 1.0295625
22.607142857142858 1.0295625
22.642857142857142 1.0295625
22.678571428571427 1.0295625
22.714285714285715 1.0580625
22.821428571428573 1.018875
22.857142857142858 1.0046249999999999
22.892857142857142 0.9974999999999999
22.928571428571427 0.9903749999999999
22.964285714285715 0.9939374999999999
23.0 0.9974999999999999
23.035714285714285 0.9974999999999999
23.071428571428573 1.0010625
23.107142857142858 1.0010625
23.142857142857142 1.0046249999999999
23.178571428571427 1.0081875
23.214285714285715 1.0081875
23.25 1.0081875
23.285714285714285 1.0081875
23.321428571428573 1.0081875
23.357142857142858 1.0081875
23.392857142857142 1.0046249999999999
23.428571428571427 1.0081875
23.464285714285715 1.0081875
23.5 1.0046249999999999
23.571428571428573 1.0331249999999998
23.678571428571427 0.98325
23.714285714285715 0.98325
23.75 0.9903749999999999
23.785714285714285 0.9725624999999999
23.821428571428573 0.9761249999999999
23.857142857142858 0.9796874999999999
23.892857142857142 0.98325
23.928571428571427 0.98325
23.964285714285715 0.9868125
24.0 0.9868125
24.035714285714285 0.9903749999999999
24.071428571428573 0.9903749999999999
24.107142857142858 0.9903749999999999
24.142857142857142 0.9868125
24.178571428571427 0.9903749999999999
24.214285714285715 0.9868125
24.25 0.9868125
24.285714285714285 0.9868125
24.321428571428573 0.9868125
24.5 0.9654375
24.535714285714285 0.9618749999999999
24.571428571428573 0.95475
24.607142857142858 0.9511875
24.642857142857142 0.9583124999999999
24.678571428571427 0.9583124999999999
24.714285714285715 0.9583124999999999
24.75 0.9583124999999999
24.785714285714285 0.9618749999999999
24.821428571428573 0.9583124999999999
24.857142857142858 0.9618749999999999
24.892857142857142 0.9618749999999999
24.928571428571427 0.9654375
24.964285714285715 0.9654375
25.0 0.9654375
25.035714285714285 0.9654375
25.071428571428573 0.9654375
25.107142857142858 0.9618749999999999
25.142857142857142 0.9618749999999999
25.178571428571427 0.9654375
25.321428571428573 0.9476249999999999
25.357142857142858 0.9440624999999999
25.392857142857142 0.933375
25.428571428571427 0.9476249999999999
25.464285714285715 0.9262499999999999
25.5 0.933375
25.535714285714285 0.933375
25.571428571428573 0.933375
25.607142857142858 0.9369375
25.642857142857142 0.9404999999999999
25.678571428571427 0.9404999999999999
25.714285714285715 0.9404999999999999
25.75 0.9440624999999999
25.785714285714285 0.9440624999999999
25.821428571428573 0.9404999999999999
25.857142857142858 0.9404999999999999
25.892857142857142 0.9404999999999999
25.928571428571427 0.9404999999999999
25.964285714285715 0.9404999999999999
26.0 0.9404999999999999
26.035714285714285 0.9440624999999999
26.178571428571427 0.919125
26.214285714285715 0.9119999999999999
26.285714285714285 0.9119999999999999
26.321428571428573 0.9084374999999999
26.357142857142858 0.9119999999999999
26.392857142857142 0.9119999999999999
26.428571428571427 0.9084374999999999
26.464285714285715 0.9119999999999999
26.5 0.9119999999999999
26.535714285714285 0.9155625
26.571428571428573 0.9155625
26.607142857142858 0.9155625
26.642857142857142 0.9155625
26.678571428571427 0.919125
26.714285714285715 0.919125
26.75 0.919125
26.785714285714285 0.919125
26.821428571428573 0.919125
26.857142857142858 0.919125
26.892857142857142 0.9476249999999999
27.0 0.9084374999999999
27.035714285714285 0.9013125
27.071428571428573 0.8906249999999999
27.107142857142858 0.904875
27.142857142857142 0.8870625
27.178571428571427 0.8835
27.214285714285715 0.8835
27.25 0.8835
27.285714285714285 0.8906249999999999
27.321428571428573 0.8941874999999999
27.357142857142858 0.8977499999999999
27.392857142857142 0.8977499999999999
27.428571428571427 0.9013125
27.464285714285715 0.9013125
27.5 0.9013125
27.535714285714285 0.9013125
27.571428571428573 0.9013125
27.607142857142858 0.9013125
27.642857142857142 0.9013125
27.678571428571427 0.9013125
27.714285714285715 0.9013125
27.857142857142858 0.8728125
27.892857142857142 0.8728125
27.928571428571427 0.8799374999999999
27.964285714285715 0.8656874999999999
28.0 0.8621249999999999
28.035714285714285 0.8621249999999999
28.071428571428573 0.8621249999999999
28.107142857142858 0.8656874999999999
28.142857142857142 0.86925
28.178571428571427 0.8728125
28.214285714285715 0.8763749999999999
28.25 0.8763749999999999
28.285714285714285 0.8763749999999999
28.321428571428573 0.8763749999999999
28.357142857142858 0.8763749999999999
28.392857142857142 0.8763749999999999
28.428571428571427 0.8763749999999999
28.464285714285715 0.8763749999999999
28.5 0.8763749999999999
28.535714285714285 0.8763749999999999
28.678571428571427 0.8656874999999999
28.714285714285715 0.8585624999999999
28.75 0.8478749999999999
28.785714285714285 0.8656874999999999
28.821428571428573 0.8478749999999999
28.857142857142858 0.8478749999999999
28.892857142857142 0.8478749999999999
28.928571428571427 0.8478749999999999
28.964285714285715 0.8478749999999999
29.0 0.8514375
29.035714285714285 0.8514375
29.071428571428573 0.855
29.107142857142858 0.8585624999999999
29.142857142857142 0.8585624999999999
29.178571428571427 0.8585624999999999
29.214285714285715 0.8585624999999999
29.25 0.8585624999999999
29.285714285714285 0.8585624999999999
29.321428571428573 0.8585624999999999
29.357142857142858 0.8585624999999999
29.428571428571427 0.8835
29.5 0.8443124999999999
29.535714285714285 0.833625
29.571428571428573 0.833625
29.607142857142858 0.8229375
29.642857142857142 0.819375
29.678571428571427 0.8229375
29.714285714285715 0.8229375
29.75 0.819375
29.785714285714285 0.8229375
29.821428571428573 0.8264999999999999
29.857142857142858 0.8300624999999999
29.892857142857142 0.8300624999999999
29.928571428571427 0.8300624999999999
29.964285714285715 0.833625
30.0 0.833625
30.035714285714285 0.8371875
30.071428571428573 0.8371875
30.107142857142858 0.833625
30.142857142857142 0.833625
30.178571428571427 0.833625
30.214285714285715 0.833625
30.25 0.8585624999999999
30.357142857142858 0.8122499999999999
30.392857142857142 0.8086874999999999
30.428571428571427 0.8015625
30.464285714285715 0.7944374999999999
30.5 0.8015625
30.535714285714285 0.7979999999999999
30.571428571428573 0.805125
30.607142857142858 0.8015625
30.642857142857142 0.8015625
30.678571428571427 0.8015625
30.714285714285715 0.805125
30.75 0.8086874999999999
30.785714285714285 0.8086874999999999
30.821428571428573 0.8086874999999999
30.857142857142858 0.8086874999999999
30.892857142857142 0.8086874999999999
30.928571428571427 0.8086874999999999
30.964285714285715 0.8086874999999999
31.0 0.8086874999999999
31.035714285714285 0.8086874999999999
31.178571428571427 0.7944374999999999
31.214285714285715 0.7873125
31.25 0.7730625
31.285714285714285 0.7801874999999999
31.321428571428573 0.7623749999999999
31.357142857142858 0.7695
31.392857142857142 0.7695
31.428571428571427 0.7730625
31.464285714285715 0.7730625
31.5 0.7766249999999999
31.535714285714285 0.7766249999999999
31.571428571428573 0.7801874999999999
31.607142857142858 0.7801874999999999
31.642857142857142 0.7801874999999999
31.678571428571427 0.78375
31.714285714285715 0.78375
31.75 0.78375
31.785714285714285 0.78375
31.821428571428573 0.78375
31.857142857142858 0.78375
31.892857142857142 0.78375
32.035714285714285 0.7659374999999999
32.07142857142857 0.7588125
32.107142857142854 0.7801874999999999
32.142857142857146 0.75525
32.17857142857143 0.75525
32.214285714285715 0.7588125
32.25 0.7623749999999999
32.285714285714285 0.7659374999999999
32.32142857142857 0.7695
32.357142857142854 0.7695
32.392857142857146 0.7730625
32.42857142857143 0.7730625
32.464285714285715 0.7766249999999999
32.5 0.7766249999999999
32.535714285714285 0.7766249999999999
32.57142857142857 0.7801874999999999
32.607142857142854 0.7801874999999999
32.642857142857146 0.7766249999999999
32.67857142857143 0.7766249999999999
32.714285714285715 0.7766249999999999
32.75 0.805125
32.857142857142854 0.7659374999999999
32.892857142857146 0.7588125
32.92857142857143 0.7481249999999999
32.964285714285715 0.7481249999999999
33.0 0.7481249999999999
33.035714285714285 0.7481249999999999
33.07142857142857 0.7516875
33.107142857142854 0.7516875
33.142857142857146 0.75525
33.17857142857143 0.7588125
33.214285714285715 0.7588125
33.25 0.7588125
33.285714285714285 0.7623749999999999
33.32142857142857 0.7623749999999999
33.357142857142854 0.7623749999999999
33.392857142857146 0.7588125
33.42857142857143 0.7623749999999999
33.464285714285715 0.7623749999999999
33.5 0.7588125
33.535714285714285 0.7588125
33.57142857142857 0.7623749999999999
33.607142857142854 0.78375
33.714285714285715 0.7481249999999999
33.75 0.7374375
33.785714285714285 0.7445624999999999
33.82142857142857 0.7160624999999999
33.857142857142854 0.7267499999999999
33.892857142857146 0.7303124999999999
33.92857142857143 0.7338749999999999
33.964285714285715 0.7338749999999999
34.0 0.741
34.035714285714285 0.741
34.07142857142857 0.741
34.107142857142854 0.7445624999999999
34.142857142857146 0.7445624999999999
34.17857142857143 0.7445624999999999
34.214285714285715 0.7445624999999999
34.25 0.7445624999999999
34.285714285714285 0.7445624999999999
34.32142857142857 0.7445624999999999
34.357142857142854 0.7445624999999999
34.392857142857146 0.7445624999999999
34.42857142857143 0.7659374999999999
34.535714285714285 0.7124999999999999
34.57142857142857 0.6982499999999999
34.607142857142854 0.7160624999999999
34.642857142857146 0.6875625
34.67857142857143 0.6982499999999999
34.714285714285715 0.6982499999999999
34.75 0.7018125
34.785714285714285 0.705375
34.82142857142857 0.7089375
34.857142857142854 0.7089375
34.892857142857146 0.7160624999999999
34.92857142857143 0.7160624999999999
34.964285714285715 0.7160624999999999
35.0 0.7160624999999999
35.035714285714285 0.719625
35.07142857142857 0.719625
35.107142857142854 0.719625
35.142857142857146 0.719625
35.17857142857143 0.719625
35.214285714285715 0.7160624999999999
35.285714285714285 0.7445624999999999
35.357142857142854 0.7018125
35.392857142857146 0.7018125
35.42857142857143 0.7018125
35.464285714285715 0.6982499999999999
35.5 0.6875625
35.535714285714285 0.6875625
35.57142857142857 0.6875625
35.607142857142854 0.691125
35.642857142857146 0.691125
35.67857142857143 0.6946874999999999
35.714285714285715 0.6946874999999999
35.75 0.7018125
35.785714285714285 0.7018125
35.82142857142857 0.7018125
35.857142857142854 0.7018125
35.892857142857146 0.7018125
35.92857142857143 0.7018125
35.964285714285715 0.7018125
36.0 0.7018125
36.035714285714285 0.7018125
36.07142857142857 0.7018125
36.107142857142854 0.7303124999999999
36.17857142857143 0.691125
36.214285714285715 0.6946874999999999
36.25 0.6875625
36.285714285714285 0.6804374999999999
36.32142857142857 0.6875625
36.357142857142854 0.676875
36.392857142857146 0.6733125
36.42857142857143 0.6733125
36.464285714285715 0.676875
36.5 0.676875
36.535714285714285 0.6804374999999999
36.57142857142857 0.6839999999999999
36.607142857142854 0.6875625
36.642857142857146 0.6875625
36.67857142857143 0.6875625
36.714285714285715 0.6875625
36.75 0.6875625
36.785714285714285 0.6875625
36.82142857142857 0.6875625
36.857142857142854 0.6875625
36.892857142857146 0.6875625
37.035714285714285 0.6733125
37.07142857142857 0.6661874999999999
37.107142857142854 0.6519375
37.142857142857146 0.6483749999999999
37.17857142857143 0.6448124999999999
37.214285714285715 0.6448124999999999
37.25 0.6448124999999999
37.285714285714285 0.6483749999999999
37.32142857142857 0.6519375
37.357142857142854 0.6519375
37.392857142857146 0.6555
37.42857142857143 0.6555
37.464285714285715 0.6590625
37.5 0.6626249999999999
37.535714285714285 0.6626249999999999
37.57142857142857 0.6626249999999999
37.607142857142854 0.6626249999999999
37.642857142857146 0.6626249999999999
37.67857142857143 0.6626249999999999
37.714285714285715 0.6626249999999999
37.75 0.6661874999999999
37.785714285714285 0.6839999999999999
37.892857142857146 0.6341249999999999
37.92857142857143 0.6341249999999999
37.964285714285715 0.6519375
38.0 0.6234375
38.035714285714285 0.6305624999999999
38.07142857142857 0.6341249999999999
38.107142857142854 0.6376875
38.142857142857146 0.64125
38.17857142857143 0.64125
38.214285714285715 0.6448124999999999
38.25 0.6483749999999999
38.285714285714285 0.6483749999999999
38.32142857142857 0.6483749999999999
38.357142857142854 0.6519375
38.392857142857146 0.6519375
38.42857142857143 0.6483749999999999
38.464285714285715 0.6519375
38.5 0.6483749999999999
38.535714285714285 0.6483749999999999
38.57142857142857 0.6483749999999999
38.75 0.627
38.785714285714285 0.6127499999999999
38.82142857142857 0.605625
38.857142857142854 0.6091875
38.892857142857146 0.6091875
38.92857142857143 0.6127499999999999
38.964285714285715 0.6163124999999999
39.0 0.619875
39.035714285714285 0.619875
39.07142857142857 0.6234375
39.107142857142854 0.6234375
39.142857142857146 0.6234375
39.17857142857143 0.6234375
39.214285714285715 0.627
39.25 0.6234375
39.285714285714285 0.619875
39.32142857142857 0.619875
39.357142857142854 0.6234375
39.392857142857146 0.6234375
39.42857142857143 0.627
39.464285714285715 0.6448124999999999
39.57142857142857 0.6091875
39.607142857142854 0.6020625
39.642857142857146 0.605625
39.67857142857143 0.5878125
39.714285714285715 0.591375
39.75 0.5949375
39.785714285714285 0.5984999999999999
39.82142857142857 0.6020625
39.857142857142854 0.605625
39.892857142857146 0.605625
39.92857142857143 0.6091875
