0.03571428571428571 3.512625
0.07142857142857142 3.5090624999999998
0.10714285714285714 3.5090624999999998
0.14285714285714285 3.5161874999999996
0.21428571428571427 3.512625
0.25 3.512625
0.2857142857142857 3.512625
0.32142857142857145 3.5090624999999998
0.35714285714285715 3.5090624999999998
0.39285714285714285 3.5054999999999996
0.42857142857142855 3.5054999999999996
0.5 3.5161874999999996
0.5357142857142857 3.5090624999999998
0.5714285714285714 3.5090624999999998
0.6071428571428571 3.5090624999999998
0.6428571428571429 3.5054999999999996
0.6785714285714286 3.5054999999999996
0.7142857142857143 3.5019375
0.75 3.5019375
0.7857142857142857 3.5090624999999998
0.8571428571428571 3.5090624999999998
0.8928571428571429 3.5090624999999998
0.9285714285714286 3.5054999999999996
0.9642857142857143 3.5054999999999996
1.0 3.5019375
1.0357142857142858 3.5019375
1.0714285714285714 3.5019375
1.1071428571428572 3.5090624999999998
1.1785714285714286 3.5090624999999998
1.2142857142857142 3.5054999999999996
1.25 3.5054999999999996
1.2857142857142858 3.5054999999999996
1.3214285714285714 3.5019375
1.3571428571428572 3.498375
1.3928571428571428 3.498375
1.5 3.5054999999999996
1.5357142857142858 3.5054999999999996
1.5714285714285714 3.5054999999999996
1.6071428571428572 3.5019375
1.6428571428571428 3.5019375
1.6785714285714286 3.498375
1.7142857142857142 3.498375
1.75 3.5054999999999996
1.8214285714285714 3.5054999999999996
1.8571428571428572 3.5019375
1.8928571428571428 3.5019375
1.9285714285714286 3.5019375
1.9642857142857142 3.5019375
2.0 3.498375
2.0357142857142856 3.498375
2.142857142857143 3.5054999999999996
2.1785714285714284 3.5019375
2.2142857142857144 3.5019375
2.25 3.5019375
2.2857142857142856 3.5019375
2.3214285714285716 3.498375
2.357142857142857 3.4948124999999997
2.392857142857143 3.4948124999999997
2.4642857142857144 3.5090624999999998
2.5 3.5019375
2.5357142857142856 3.5019375
2.5714285714285716 3.5019375
2.607142857142857 3.5019375
2.642857142857143 3.498375
2.6785714285714284 3.4948124999999997
2.7142857142857144 3.4948124999999997
2.7857142857142856 3.5054999999999996
2.8214285714285716 3.5054999999999996
2.857142857142857 3.5019375
2.892857142857143 3.5019375
2.9285714285714284 3.5019375
2.9642857142857144 3.5019375
3.0 3.498375
3.0357142857142856 3.4948124999999997
3.107142857142857 3.5054999999999996
3.142857142857143 3.5054999999999996
3.1785714285714284 3.5019375
3.2142857142857144 3.5019375
3.25 3.5019375
3.2857142857142856 3.498375
3.3214285714285716 3.498375
3.357142857142857 3.4948124999999997
3.4285714285714284 3.5054999999999996
3.4642857142857144 3.5019375
3.5 3.5019375
3.5357142857142856 3.5019375
3.5714285714285716 3.498375
3.607142857142857 3.498375
3.642857142857143 3.4948124999999997
3.6785714285714284 3.4948124999999997
3.75 3.5019375
3.7857142857142856 3.5019375
3.8214285714285716 3.5019375
3.857142857142857 3.5019375
3.892857142857143 3.498375
3.9285714285714284 3.498375
3.9642857142857144 3.4948124999999997
4.0 3.4948124999999997
4.071428571428571 3.5054999999999996
4.107142857142857 3.5019375
4.142857142857143 3.5019375
4.178571428571429 3.498375
4.214285714285714 3.498375
4.25 3.4948124999999997
4.285714285714286 3.49125
4.321428571428571 3.49125
4.392857142857143 3.5019375
4.428571428571429 3.498375
4.464285714285714 3.498375
4.5 3.498375
4.535714285714286 3.4948124999999997
4.571428571428571 3.4948124999999997
4.607142857142857 3.49125
4.642857142857143 3.4876875
4.714285714285714 3.5054999999999996
4.75 3.498375
4.785714285714286 3.498375
4.821428571428571 3.4948124999999997
4.857142857142857 3.4948124999999997
4.892857142857143 3.49125
4.928571428571429 3.49125
4.964285714285714 3.4876875
5.035714285714286 3.5019375
5.071428571428571 3.498375
5.107142857142857 3.4948124999999997
5.142857142857143 3.4948124999999997
5.178571428571429 3.4948124999999997
5.214285714285714 3.49125
5.25 3.4876875
5.285714285714286 3.4876875
5.321428571428571 3.4948124999999997
5.357142857142857 3.4948124999999997
5.392857142857143 3.4948124999999997
5.428571428571429 3.4948124999999997
5.464285714285714 3.4948124999999997
5.5 3.49125
5.535714285714286 3.49125
5.571428571428571 3.4876875
5.607142857142857 3.4876875
5.678571428571429 3.498375
5.714285714285714 3.4948124999999997
5.75 3.4948124999999997
5.785714285714286 3.4948124999999997
5.821428571428571 3.49125
5.857142857142857 3.4876875
5.892857142857143 3.4876875
5.928571428571429 3.4876875
5.964285714285714 3.49125
6.0 3.4948124999999997
6.035714285714286 3.4948124999999997
6.071428571428571 3.4948124999999997
6.107142857142857 3.49125
6.142857142857143 3.4876875
6.178571428571429 3.4876875
6.214285714285714 3.4876875
6.25 3.4841249999999997
6.321428571428571 3.498375
6.357142857142857 3.49125
6.392857142857143 3.49125
6.428571428571429 3.4876875
6.464285714285714 3.4876875
6.5 3.4876875
6.535714285714286 3.4841249999999997
6.571428571428571 3.4805624999999996
6.642857142857143 3.498375
6.678571428571429 3.4876875
6.714285714285714 3.4876875
6.75 3.4841249999999997
6.785714285714286 3.4841249999999997
6.821428571428571 3.4805624999999996
6.857142857142857 3.477
6.892857142857143 3.4734374999999997
6.928571428571429 3.4841249999999997
6.964285714285714 3.49125
7.0 3.4805624999999996
7.035714285714286 3.4805624999999996
7.071428571428571 3.477
7.107142857142857 3.4734374999999997
7.142857142857143 3.4698749999999996
7.178571428571429 3.4663125
7.214285714285714 3.4663125
7.285714285714286 3.4841249999999997
7.321428571428571 3.4734374999999997
7.357142857142857 3.4663125
7.392857142857143 3.4627499999999998
7.428571428571429 3.4627499999999998
7.464285714285714 3.4591874999999996
7.5 3.455625
7.535714285714286 3.4520625
7.571428571428571 3.4663125
7.607142857142857 3.455625
7.642857142857143 3.4484999999999997
7.678571428571429 3.441375
7.714285714285714 3.441375
7.75 3.4342499999999996
7.785714285714286 3.4342499999999996
7.821428571428571 3.4306875
7.892857142857143 3.4449374999999995
7.928571428571429 3.441375
7.964285714285714 3.4235624999999996
8.0 3.42
8.035714285714286 3.42
8.071428571428571 3.4164375
8.107142857142858 3.4164375
8.142857142857142 3.4128749999999997
8.178571428571429 3.4128749999999997
8.214285714285714 3.4271249999999998
8.25 3.4271249999999998
8.285714285714286 3.4164375
8.321428571428571 3.4128749999999997
8.357142857142858 3.4128749999999997
8.392857142857142 3.4128749999999997
8.428571428571429 3.4093125
8.464285714285714 3.4093125
8.535714285714286 3.42
8.571428571428571 3.42
8.607142857142858 3.4093125
8.642857142857142 3.40575
8.678571428571429 3.40575
8.714285714285714 3.40575
8.75 3.40575
8.785714285714286 3.40575
8.821428571428571 3.40575
8.857142857142858 3.42
8.892857142857142 3.42
8.928571428571429 3.40575
8.964285714285714 3.40575
9.0 3.40575
9.035714285714286 3.40575
9.071428571428571 3.40575
9.107142857142858 3.40575
9.178571428571429 3.4164375
9.214285714285714 3.42
9.25 3.4093125
9.285714285714286 3.40575
9.321428571428571 3.40575
9.357142857142858 3.40575
9.392857142857142 3.4093125
9.428571428571429 3.40575
9.464285714285714 3.4093125
9.5 3.4235624999999996
9.535714285714286 3.4271249999999998
9.571428571428571 3.4128749999999997
9.607142857142858 3.4093125
9.642857142857142 3.4093125
9.678571428571429 3.4093125
9.714285714285714 3.4093125
9.75 3.4093125
9.785714285714286 3.4093125
9.821428571428571 3.4235624999999996
9.857142857142858 3.4306875
9.892857142857142 3.4164375
9.928571428571429 3.4128749999999997
9.964285714285714 3.4128749999999997
10.0 3.4128749999999997
10.035714285714286 3.4128749999999997
10.071428571428571 3.4128749999999997
10.107142857142858 3.4128749999999997
10.142857142857142 3.4235624999999996
10.178571428571429 3.4271249999999998
10.214285714285714 3.42
10.25 3.4093125
10.285714285714286 3.4093125
10.321428571428571 3.4093125
10.357142857142858 3.4093125
10.392857142857142 3.4093125
10.428571428571429 3.4093125
10.464285714285714 3.42
10.5 3.4271249999999998
10.535714285714286 3.4093125
10.571428571428571 3.40575
10.607142857142858 3.40575
10.642857142857142 3.40575
10.678571428571429 3.40575
10.714285714285714 3.40575
10.75 3.40575
10.785714285714286 3.42
10.821428571428571 3.4235624999999996
10.857142857142858 3.4093125
10.892857142857142 3.40575
10.928571428571429 3.40575
10.964285714285714 3.40575
11.0 3.4093125
11.035714285714286 3.4093125
11.071428571428571 3.40575
11.142857142857142 3.4271249999999998
11.178571428571429 3.4164375
11.214285714285714 3.4093125
11.25 3.4093125
11.285714285714286 3.4093125
11.321428571428571 3.4093125
11.357142857142858 3.4093125
11.392857142857142 3.4093125
11.428571428571429 3.4235624999999996
11.5 3.4164375
11.535714285714286 3.4164375
11.571428571428571 3.4164375
11.607142857142858 3.4164375
11.642857142857142 3.4164375
11.678571428571429 3.4164375
11.714285714285714 3.4164375
11.785714285714286 3.4342499999999996
11.821428571428571 3.4271249999999998
11.857142857142858 3.4235624999999996
11.892857142857142 3.42
11.928571428571429 3.42
11.964285714285714 3.42
12.0 3.42
12.035714285714286 3.42
12.107142857142858 3.4378124999999997
12.142857142857142 3.4271249999999998
12.178571428571429 3.4235624999999996
12.214285714285714 3.4235624999999996
12.25 3.4235624999999996
12.285714285714286 3.4235624999999996
12.321428571428571 3.4235624999999996
12.357142857142858 3.4235624999999996
12.392857142857142 3.4342499999999996
12.428571428571429 3.441375
12.464285714285714 3.4342499999999996
12.5 3.4306875
12.535714285714286 3.4271249999999998
12.571428571428571 3.4235624999999996
12.607142857142858 3.4235624999999996
12.642857142857142 3.4235624999999996
12.678571428571429 3.4235624999999996
12.714285714285714 3.4235624999999996
12.75 3.441375
12.785714285714286 3.4378124999999997
12.821428571428571 3.4306875
12.857142857142858 3.4306875
12.892857142857142 3.4306875
12.928571428571429 3.4306875
12.964285714285714 3.4271249999999998
13.0 3.4271249999999998
13.107142857142858 3.4378124999999997
13.142857142857142 3.4378124999999997
13.178571428571429 3.4306875
13.214285714285714 3.4306875
13.25 3.4306875
13.285714285714286 3.4306875
13.321428571428571 3.4271249999999998
13.392857142857142 3.441375
13.428571428571429 3.4378124999999997
13.464285714285714 3.4378124999999997
13.5 3.4378124999999997
13.535714285714286 3.4342499999999996
13.571428571428571 3.4306875
13.607142857142858 3.4306875
13.642857142857142 3.4306875
13.75 3.441375
13.785714285714286 3.4378124999999997
13.821428571428571 3.4342499999999996
13.857142857142858 3.4306875
13.892857142857142 3.4306875
13.928571428571429 3.4306875
13.964285714285714 3.4306875
14.071428571428571 3.4378124999999997
14.107142857142858 3.4378124999999997
14.142857142857142 3.4378124999999997
14.178571428571429 3.4342499999999996
14.214285714285714 3.4306875
14.25 3.4306875
14.285714285714286 3.4271249999999998
14.321428571428571 3.4271249999999998
14.357142857142858 3.441375
14.392857142857142 3.4378124999999997
14.428571428571429 3.4378124999999997
14.464285714285714 3.4378124999999997
14.5 3.4342499999999996
14.535714285714286 3.4306875
14.571428571428571 3.4306875
14.607142857142858 3.4271249999999998
14.714285714285714 3.4378124999999997
14.75 3.4378124999999997
14.785714285714286 3.4342499999999996
14.821428571428571 3.4342499999999996
14.857142857142858 3.4306875
14.892857142857142 3.4306875
14.928571428571429 3.4271249999999998
14.964285714285714 3.4271249999999998
15.0 3.441375
15.035714285714286 3.4378124999999997
15.071428571428571 3.4378124999999997
15.107142857142858 3.4342499999999996
15.142857142857142 3.4306875
15.178571428571429 3.4306875
15.214285714285714 3.4271249999999998
15.25 3.4271249999999998
15.285714285714286 3.4235624999999996
15.357142857142858 3.4378124999999997
15.392857142857142 3.4342499999999996
15.428571428571429 3.4342499999999996
15.464285714285714 3.4306875
15.5 3.4306875
15.535714285714286 3.4271249999999998
15.571428571428571 3.4235624999999996
15.678571428571429 3.4378124999999997
15.714285714285714 3.4342499999999996
15.75 3.4306875
15.785714285714286 3.4306875
15.821428571428571 3.4306875
15.857142857142858 3.4271249999999998
15.892857142857142 3.4235624999999996
15.928571428571429 3.4235624999999996
16.0 3.4378124999999997
16.035714285714285 3.4342499999999996
16.071428571428573 3.4342499999999996
16.107142857142858 3.4306875
16.142857142857142 3.4306875
16.178571428571427 3.4271249999999998
16.214285714285715 3.4235624999999996
16.321428571428573 3.4378124999999997
16.357142857142858 3.4342499999999996
16.392857142857142 3.4342499999999996
16.428571428571427 3.4306875
16.464285714285715 3.4306875
16.5 3.4271249999999998
16.535714285714285 3.4235624999999996
16.571428571428573 3.4235624999999996
16.642857142857142 3.4378124999999997
16.678571428571427 3.4342499999999996
16.714285714285715 3.4342499999999996
16.75 3.4306875
16.785714285714285 3.4306875
16.821428571428573 3.4271249999999998
16.857142857142858 3.4235624999999996
16.892857142857142 3.4235624999999996
16.964285714285715 3.4378124999999997
17.0 3.4342499999999996
17.035714285714285 3.4342499999999996
17.071428571428573 3.4306875
17.107142857142858 3.4306875
17.142857142857142 3.4271249999999998
17.178571428571427 3.4271249999999998
17.214285714285715 3.4235624999999996
17.285714285714285 3.4378124999999997
17.321428571428573 3.4378124999999997
17.357142857142858 3.4342499999999996
17.392857142857142 3.4306875
17.428571428571427 3.4306875
17.464285714285715 3.4306875
17.5 3.4235624999999996
17.535714285714285 3.4235624999999996
17.607142857142858 3.4378124999999997
17.642857142857142 3.4378124999999997
17.678571428571427 3.4378124999999997
17.714285714285715 3.4342499999999996
17.75 3.4306875
17.785714285714285 3.4306875
17.821428571428573 3.4271249999999998
17.857142857142858 3.4271249999999998
17.928571428571427 3.4378124999999997
17.964285714285715 3.4378124999999997
18.0 3.4342499999999996
18.035714285714285 3.4306875
18.071428571428573 3.4306875
18.107142857142858 3.4271249999999998
18.142857142857142 3.4271249999999998
18.178571428571427 3.4271249999999998
18.25 3.4378124999999997
18.285714285714285 3.4378124999999997
18.321428571428573 3.4342499999999996
18.357142857142858 3.4342499999999996
18.392857142857142 3.4306875
18.428571428571427 3.4306875
18.464285714285715 3.4271249999999998
18.5 3.4271249999999998
18.607142857142858 3.4342499999999996
18.642857142857142 3.4342499999999996
18.678571428571427 3.4306875
18.714285714285715 3.4306875
18.75 3.4271249999999998
18.785714285714285 3.4271249999999998
18.821428571428573 3.4235624999999996
18.892857142857142 3.4378124999999997
18.928571428571427 3.4378124999999997
18.964285714285715 3.4342499999999996
19.0 3.4306875
19.035714285714285 3.4306875
19.071428571428573 3.4306875
19.107142857142858 3.4235624999999996
19.142857142857142 3.4235624999999996
19.178571428571427 3.4342499999999996
19.25 3.4378124999999997
19.285714285714285 3.4342499999999996
19.321428571428573 3.4306875
19.357142857142858 3.4306875
19.392857142857142 3.4271249999999998
19.428571428571427 3.4271249999999998
19.464285714285715 3.4235624999999996
19.535714285714285 3.4378124999999997
19.571428571428573 3.4378124999999997
19.607142857142858 3.4342499999999996
19.642857142857142 3.4306875
19.678571428571427 3.4306875
19.714285714285715 3.4306875
19.75 3.4271249999999998
19.785714285714285 3.4271249999999998
19.857142857142858 3.4378124999999997
19.892857142857142 3.4378124999999997
19.928571428571427 3.4342499999999996
19.964285714285715 3.4342499999999996
20.0 3.4306875
20.035714285714285 3.4306875
20.071428571428573 3.4271249999999998
20.107142857142858 3.4271249999999998
20.142857142857142 3.4342499999999996
20.214285714285715 3.4378124999999997
20.25 3.4342499999999996
20.285714285714285 3.4342499999999996
20.321428571428573 3.4306875
20.357142857142858 3.4306875
20.392857142857142 3.4271249999999998
20.428571428571427 3.4271249999999998
20.5 3.441375
20.535714285714285 3.4378124999999997
20.571428571428573 3.4378124999999997
20.607142857142858 3.4342499999999996
20.642857142857142 3.4306875
20.678571428571427 3.4306875
20.714285714285715 3.4271249999999998
20.75 3.4271249999999998
20.785714285714285 3.4342499999999996
20.857142857142858 3.4378124999999997
20.892857142857142 3.4342499999999996
20.928571428571427 3.4342499999999996
20.964285714285715 3.4306875
21.0 3.4306875
21.035714285714285 3.4271249999999998
21.071428571428573 3.4271249999999998
21.107142857142858 3.4342499999999996
21.178571428571427 3.4378124999999997
21.214285714285715 3.4378124999999997
21.25 3.4342499999999996
21.285714285714285 3.4306875
21.321428571428573 3.4306875
21.357142857142858 3.4271249999999998
21.392857142857142 3.4271249999999998
21.5 3.4378124999999997
21.535714285714285 3.4378124999999997
21.571428571428573 3.4342499999999996
21.607142857142858 3.4306875
21.642857142857142 3.4306875
21.678571428571427 3.4271249999999998
21.714285714285715 3.4271249999999998
21.75 3.4342499999999996
21.821428571428573 3.4378124999999997
21.857142857142858 3.4342499999999996
21.892857142857142 3.4342499999999996
21.928571428571427 3.4306875
21.964285714285715 3.4306875
22.0 3.4271249999999998
22.035714285714285 3.4271249999999998
22.107142857142858 3.441375
22.142857142857142 3.4378124999999997
22.178571428571427 3.4342499999999996
22.214285714285715 3.4342499999999996
22.25 3.4306875
22.285714285714285 3.4306875
22.321428571428573 3.4271249999999998
22.357142857142858 3.4235624999999996
22.464285714285715 3.4378124999999997
22.5 3.4342499999999996
22.535714285714285 3.4306875
22.571428571428573 3.4306875
22.607142857142858 3.4306875
22.642857142857142 3.4271249999999998
22.678571428571427 3.4235624999999996
22.785714285714285 3.4378124999999997
22.821428571428573 3.4342499999999996
22.857142857142858 3.4306875
22.892857142857142 3.4306875
22.928571428571427 3.4306875
22.964285714285715 3.4271249999999998
23.0 3.4235624999999996
23.107142857142858 3.4378124999999997
23.142857142857142 3.4342499999999996
23.178571428571427 3.4342499999999996
23.214285714285715 3.4306875
23.25 3.4306875
23.285714285714285 3.4271249999999998
23.321428571428573 3.4235624999999996
23.357142857142858 3.4306875
23.428571428571427 3.4378124999999997
23.464285714285715 3.4342499999999996
23.5 3.4306875
23.535714285714285 3.4306875
23.571428571428573 3.4306875
23.607142857142858 3.4271249999999998
23.642857142857142 3.4235624999999996
23.75 3.4378124999999997
23.785714285714285 3.4342499999999996
23.821428571428573 3.4306875
23.857142857142858 3.4306875
23.892857142857142 3.4306875
23.928571428571427 3.4271249999999998
23.964285714285715 3.4235624999999996
24.0 3.4342499999999996
24.071428571428573 3.4378124999999997
24.107142857142858 3.4342499999999996
24.142857142857142 3.4342499999999996
24.178571428571427 3.4306875
24.214285714285715 3.4306875
24.25 3.4271249999999998
24.285714285714285 3.4235624999999996
24.321428571428573 3.4235624999999996
24.392857142857142 3.4378124999999997
24.428571428571427 3.4342499999999996
24.464285714285715 3.4306875
24.5 3.4306875
24.535714285714285 3.4271249999999998
24.571428571428573 3.4271249999999998
24.607142857142858 3.4235624999999996
24.714285714285715 3.441375
24.75 3.4342499999999996
24.785714285714285 3.4306875
24.821428571428573 3.4306875
24.857142857142858 3.4271249999999998
24.892857142857142 3.4271249999999998
24.928571428571427 3.4235624999999996
24.964285714285715 3.4235624999999996
25.035714285714285 3.4378124999999997
25.071428571428573 3.4342499999999996
25.107142857142858 3.4342499999999996
25.142857142857142 3.4306875
25.178571428571427 3.4306875
25.214285714285715 3.4271249999999998
25.25 3.4235624999999996
25.285714285714285 3.4235624999999996
25.357142857142858 3.4378124999999997
25.392857142857142 3.4342499999999996
25.428571428571427 3.4342499999999996
25.464285714285715 3.4306875
25.5 3.4306875
25.535714285714285 3.4271249999999998
25.571428571428573 3.4235624999999996
25.678571428571427 3.441375
25.714285714285715 3.4378124999999997
25.75 3.4342499999999996
25.785714285714285 3.4306875
25.821428571428573 3.4306875
25.857142857142858 3.4271249999999998
25.892857142857142 3.4235624999999996
25.928571428571427 3.4235624999999996
25.964285714285715 3.4342499999999996
26.0 3.4378124999999997
26.035714285714285 3.4342499999999996
26.071428571428573 3.4342499999999996
26.107142857142858 3.4306875
26.142857142857142 3.4306875
26.178571428571427 3.4306875
26.214285714285715 3.4235624999999996
26.25 3.4235624999999996
26.321428571428573 3.441375
26.357142857142858 3.4342499999999996
26.392857142857142 3.4342499999999996
26.428571428571427 3.4306875
26.464285714285715 3.4306875
26.5 3.4271249999999998
26.535714285714285 3.4271249999999998
26.571428571428573 3.4235624999999996
26.642857142857142 3.4378124999999997
26.678571428571427 3.4342499999999996
26.714285714285715 3.4342499999999996
26.75 3.4306875
26.785714285714285 3.4306875
26.821428571428573 3.4306875
26.857142857142858 3.4271249999999998
26.892857142857142 3.4235624999999996
26.964285714285715 3.441375
27.0 3.4378124999999997
27.035714285714285 3.4342499999999996
27.071428571428573 3.4342499999999996
27.107142857142858 3.4306875
27.142857142857142 3.4306875
27.178571428571427 3.4271249999999998
27.214285714285715 3.4235624999999996
27.285714285714285 3.441375
27.321428571428573 3.4342499999999996
27.357142857142858 3.4342499999999996
27.392857142857142 3.4306875
27.428571428571427 3.4306875
27.464285714285715 3.4271249999999998
27.5 3.4235624999999996
27.535714285714285 3.4235624999999996
27.571428571428573 3.4306875
27.607142857142858 3.4378124999999997
27.642857142857142 3.4342499999999996
27.678571428571427 3.4342499999999996
27.714285714285715 3.4342499999999996
27.75 3.4306875
27.785714285714285 3.4306875
27.821428571428573 3.4271249999999998
27.857142857142858 3.4235624999999996
27.928571428571427 3.441375
27.964285714285715 3.4378124999999997
28.0 3.4342499999999996
28.035714285714285 3.4306875
28.071428571428573 3.4306875
28.107142857142858 3.4306875
28.142857142857142 3.4235624999999996
28.178571428571427 3.4235624999999996
28.214285714285715 3.4342499999999996
28.25 3.4378124999999997
28.285714285714285 3.4342499999999996
28.321428571428573 3.4342499999999996
28.357142857142858 3.4306875
28.392857142857142 3.4306875
28.428571428571427 3.4306875
28.464285714285715 3.4271249999999998
28.5 3.4235624999999996
28.535714285714285 3.4342499999999996
28.571428571428573 3.441375
28.607142857142858 3.4378124999999997
28.642857142857142 3.4342499999999996
28.678571428571427 3.4342499999999996
28.714285714285715 3.4306875
28.75 3.4306875
28.785714285714285 3.4271249999999998
28.821428571428573 3.4271249999999998
28.892857142857142 3.441375
28.928571428571427 3.4378124999999997
28.964285714285715 3.4342499999999996
29.0 3.4306875
29.035714285714285 3.4306875
29.071428571428573 3.4306875
29.107142857142858 3.4271249999999998
29.142857142857142 3.4235624999999996
29.178571428571427 3.4306875
29.214285714285715 3.441375
29.25 3.4378124999999997
29.285714285714285 3.4342499999999996
29.321428571428573 3.4342499999999996
29.357142857142858 3.4306875
29.392857142857142 3.4306875
29.428571428571427 3.4271249999999998
29.464285714285715 3.4271249999999998
29.535714285714285 3.441375
29.571428571428573 3.4342499999999996
29.607142857142858 3.4342499999999996
29.642857142857142 3.4306875
29.678571428571427 3.4306875
29.714285714285715 3.4306875
29.75 3.4271249999999998
29.785714285714285 3.4235624999999996
29.821428571428573 3.4306875
29.857142857142858 3.441375
29.892857142857142 3.4342499999999996
29.928571428571427 3.4342499999999996
29.964285714285715 3.4306875
30.0 3.4306875
30.035714285714285 3.4271249999999998
30.071428571428573 3.4271249999999998
30.107142857142858 3.4235624999999996
30.142857142857142 3.4306875
30.178571428571427 3.441375
30.214285714285715 3.4378124999999997
30.25 3.4342499999999996
30.285714285714285 3.4306875
30.321428571428573 3.4306875
30.357142857142858 3.4271249999999998
30.392857142857142 3.4271249999999998
30.428571428571427 3.4235624999999996
30.5 3.441375
30.535714285714285 3.4342499999999996
30.571428571428573 3.4342499999999996
30.607142857142858 3.4306875
30.642857142857142 3.4306875
30.678571428571427 3.4271249999999998
30.714285714285715 3.4271249999999998
30.75 3.4235624999999996
30.785714285714285 3.4306875
30.821428571428573 3.441375
30.857142857142858 3.4342499999999996
30.892857142857142 3.4342499999999996
30.928571428571427 3.4306875
30.964285714285715 3.4306875
31.0 3.4271249999999998
31.035714285714285 3.4271249999999998
31.071428571428573 3.4235624999999996
31.142857142857142 3.441375
31.178571428571427 3.4342499999999996
31.214285714285715 3.4342499999999996
31.25 3.4306875
31.285714285714285 3.4306875
31.321428571428573 3.4306875
31.357142857142858 3.4271249999999998
31.392857142857142 3.4235624999999996
31.464285714285715 3.441375
31.5 3.4342499999999996
31.535714285714285 3.4342499999999996
31.571428571428573 3.4306875
31.607142857142858 3.4306875
31.642857142857142 3.4306875
31.678571428571427 3.4271249999999998
31.714285714285715 3.4235624999999996
31.785714285714285 3.441375
31.821428571428573 3.4378124999999997
31.857142857142858 3.4342499999999996
31.892857142857142 3.4306875
31.928571428571427 3.4306875
31.964285714285715 3.4306875
32.0 3.4235624999999996
32.035714285714285 3.4235624999999996
32.107142857142854 3.441375
32.142857142857146 3.4342499999999996
32.17857142857143 3.4342499999999996
32.214285714285715 3.4306875
32.25 3.4306875
32.285714285714285 3.4271249999999998
32.32142857142857 3.4271249999999998
32.357142857142854 3.4235624999999996
32.42857142857143 3.441375
32.464285714285715 3.4378124999999997
32.5 3.4342499999999996
32.535714285714285 3.4306875
32.57142857142857 3.4306875
32.607142857142854 3.4271249999999998
32.642857142857146 3.4235624999999996
32.67857142857143 3.4235624999999996
32.75 3.441375
32.785714285714285 3.4378124999999997
32.82142857142857 3.4342499999999996
32.857142857142854 3.4306875
32.892857142857146 3.4306875
32.92857142857143 3.4271249999999998
32.964285714285715 3.4271249999999998
33.0 3.4235624999999996
33.035714285714285 3.4271249999999998
33.107142857142854 3.4342499999999996
33.142857142857146 3.4342499999999996
33.17857142857143 3.4306875
33.214285714285715 3.4306875
33.25 3.4271249999999998
33.285714285714285 3.4271249999999998
33.32142857142857 3.4235624999999996
33.392857142857146 3.4378124999999997
33.42857142857143 3.4378124999999997
33.464285714285715 3.4342499999999996
33.5 3.4306875
33.535714285714285 3.4306875
33.57142857142857 3.4306875
33.607142857142854 3.4271249999999998
33.642857142857146 3.4235624999999996
33.75 3.4342499999999996
33.785714285714285 3.4342499999999996
33.82142857142857 3.4306875
33.857142857142854 3.4306875
33.892857142857146 3.4306875
33.92857142857143 3.4271249999999998
33.964285714285715 3.4235624999999996
34.035714285714285 3.4378124999999997
34.07142857142857 3.4378124999999997
34.107142857142854 3.4342499999999996
34.142857142857146 3.4342499999999996
34.17857142857143 3.4306875
34.214285714285715 3.4306875
34.25 3.4271249999999998
34.285714285714285 3.4235624999999996
34.32142857142857 3.4271249999999998
34.357142857142854 3.4378124999999997
34.392857142857146 3.4378124999999997
34.42857142857143 3.4342499999999996
34.464285714285715 3.4342499999999996
34.5 3.4306875
34.535714285714285 3.4306875
34.57142857142857 3.4271249999999998
34.607142857142854 3.4235624999999996
34.714285714285715 3.4378124999999997
34.75 3.4342499999999996
34.785714285714285 3.4342499999999996
34.82142857142857 3.4306875
34.857142857142854 3.4306875
34.892857142857146 3.4306875
34.92857142857143 3.4271249999999998
34.964285714285715 3.4271249999999998
35.035714285714285 3.4378124999999997
35.07142857142857 3.4342499999999996
35.107142857142854 3.4342499999999996
35.142857142857146 3.4306875
35.17857142857143 3.4306875
35.214285714285715 3.4306875
35.25 3.4271249999999998
35.357142857142854 3.4378124999999997
35.392857142857146 3.4342499999999996
35.42857142857143 3.4342499999999996
35.464285714285715 3.4306875
35.5 3.4306875
35.535714285714285 3.4271249999999998
35.57142857142857 3.4271249999999998
35.67857142857143 3.4378124999999997
35.714285714285715 3.4342499999999996
35.75 3.4342499999999996
35.785714285714285 3.4306875
35.82142857142857 3.4306875
35.857142857142854 3.4306875
35.892857142857146 3.4271249999999998
35.92857142857143 3.4271249999999998
36.0 3.4378124999999997
36.035714285714285 3.4342499999999996
36.07142857142857 3.4342499999999996
36.107142857142854 3.4306875
36.142857142857146 3.4306875
36.17857142857143 3.4306875
36.214285714285715 3.4306875
36.25 3.4271249999999998
36.32142857142857 3.4378124999999997
36.357142857142854 3.4342499999999996
36.392857142857146 3.4342499999999996
36.42857142857143 3.4342499999999996
36.464285714285715 3.4306875
36.5 3.4306875
36.535714285714285 3.4271249999999998
36.57142857142857 3.4271249999999998
36.642857142857146 3.4378124999999997
36.67857142857143 3.4342499999999996
36.714285714285715 3.4342499999999996
36.75 3.4306875
36.785714285714285 3.4306875
36.82142857142857 3.4306875
36.857142857142854 3.4271249999999998
36.964285714285715 3.4378124999999997
37.0 3.4342499999999996
37.035714285714285 3.4342499999999996
37.07142857142857 3.4342499999999996
37.107142857142854 3.4306875
37.142857142857146 3.4306875
37.17857142857143 3.4306875
37.214285714285715 3.4271249999999998
37.285714285714285 3.4378124999999997
37.32142857142857 3.4378124999999997
37.357142857142854 3.4342499999999996
37.392857142857146 3.4342499999999996
37.42857142857143 3.4306875
37.464285714285715 3.4306875
37.5 3.4271249999999998
37.535714285714285 3.4271249999999998
37.607142857142854 3.441375
37.642857142857146 3.4378124999999997
37.67857142857143 3.4342499999999996
37.714285714285715 3.4342499999999996
37.75 3.4306875
37.785714285714285 3.4306875
37.82142857142857 3.4306875
37.892857142857146 3.4378124999999997
37.92857142857143 3.4378124999999997
37.964285714285715 3.4378124999999997
38.0 3.4342499999999996
38.035714285714285 3.4342499999999996
38.07142857142857 3.4306875
38.107142857142854 3.4306875
38.142857142857146 3.4271249999999998
38.17857142857143 3.4306875
38.25 3.4378124999999997
38.285714285714285 3.4342499999999996
38.32142857142857 3.4342499999999996
38.357142857142854 3.4342499999999996
38.392857142857146 3.4306875
38.42857142857143 3.4306875
38.464285714285715 3.4306875
38.5 3.4306875
38.535714285714285 3.4378124999999997
38.57142857142857 3.441375
38.607142857142854 3.4378124999999997
38.642857142857146 3.4378124999999997
38.67857142857143 3.4342499999999996
38.714285714285715 3.4342499999999996
38.75 3.4306875
38.785714285714285 3.4306875
38.82142857142857 3.4306875
38.857142857142854 3.4378124999999997
38.892857142857146 3.441375
38.92857142857143 3.4378124999999997
38.964285714285715 3.4342499999999996
39.0 3.4342499999999996
39.035714285714285 3.4306875
39.07142857142857 3.4306875
39.107142857142854 3.4271249999999998
39.142857142857146 3.4306875
39.17857142857143 3.4378124999999997
39.25 3.4378124999999997
39.285714285714285 3.4378124999999997
39.32142857142857 3.4342499999999996
39.357142857142854 3.4342499999999996
39.392857142857146 3.4306875
39.42857142857143 3.4306875
39.464285714285715 3.4306875
39.5 3.4378124999999997
39.535714285714285 3.441375
39.57142857142857 3.4378124999999997
39.607142857142854 3.4342499999999996
39.642857142857146 3.4342499999999996
39.67857142857143 3.4306875
39.714285714285715 3.4306875
39.75 3.4306875
39.785714285714285 3.4306875
39.82142857142857 3.4378124999999997
39.857142857142854 3.441375
39.892857142857146 3.4378124999999997
39.92857142857143 3.4342499999999996
