0.03571428571428571 1.7527499999999998
0.07142857142857142 1.7420624999999998
0.10714285714285714 1.7598749999999999
0.14285714285714285 1.7563125
0.17857142857142858 1.7420624999999998
0.21428571428571427 1.7420624999999998
0.25 1.7420624999999998
0.2857142857142857 1.7420624999999998
0.32142857142857145 1.7420624999999998
0.35714285714285715 1.7420624999999998
0.39285714285714285 1.7420624999999998
0.42857142857142855 1.7420624999999998
0.4642857142857143 1.7420624999999998
0.5 1.7420624999999998
0.5357142857142857 1.7420624999999998
0.5714285714285714 1.7420624999999998
0.7142857142857143 1.7385
0.75 1.7420624999999998
0.7857142857142857 1.7563125
0.8214285714285714 1.7420624999999998
0.8571428571428571 1.7385
0.8928571428571429 1.7385
0.9285714285714286 1.7385
0.9642857142857143 1.7385
1.0 1.7385
1.0357142857142858 1.7385
1.0714285714285714 1.7385
1.1071428571428572 1.7349374999999998
1.1428571428571428 1.7349374999999998
1.1785714285714286 1.7349374999999998
1.2142857142857142 1.7349374999999998
1.25 1.7349374999999998
1.2857142857142858 1.7420624999999998
1.3214285714285714 1.7385
1.3928571428571428 1.7349374999999998
1.4285714285714286 1.7385
1.4642857142857142 1.7598749999999999
1.5 1.7385
1.5357142857142858 1.7349374999999998
1.5714285714285714 1.7349374999999998
1.6071428571428572 1.7349374999999998
1.6428571428571428 1.7349374999999998
1.6785714285714286 1.7349374999999998
1.7142857142857142 1.7349374999999998
1.75 1.7349374999999998
1.7857142857142858 1.7349374999999998
1.8214285714285714 1.7349374999999998
1.8571428571428572 1.7349374999999998
1.8928571428571428 1.7349374999999998
1.9285714285714286 1.7349374999999998
1.9642857142857142 1.7420624999999998
2.0357142857142856 1.7349374999999998
2.0714285714285716 1.7313749999999999
2.107142857142857 1.7527499999999998
2.142857142857143 1.7420624999999998
2.1785714285714284 1.7349374999999998
2.2142857142857144 1.7313749999999999
2.25 1.7313749999999999
2.2857142857142856 1.7313749999999999
2.3214285714285716 1.7278125
2.357142857142857 1.7278125
2.392857142857143 1.7278125
2.4285714285714284 1.7278125
2.4642857142857144 1.7313749999999999
2.5 1.7313749999999999
2.5357142857142856 1.7313749999999999
2.5714285714285716 1.7349374999999998
2.607142857142857 1.7385
2.642857142857143 1.7349374999999998
2.6785714285714284 1.7242499999999998
2.7142857142857144 1.7242499999999998
2.75 1.7171249999999998
2.7857142857142856 1.7278125
2.8214285714285716 1.7242499999999998
2.857142857142857 1.7135624999999999
2.892857142857143 1.7135624999999999
2.9285714285714284 1.71
2.9642857142857144 1.71
3.0 1.71
3.0357142857142856 1.71
3.0714285714285716 1.71
3.107142857142857 1.71
3.142857142857143 1.71
3.1785714285714284 1.71
3.2142857142857144 1.71
3.25 1.71
3.2857142857142856 1.71
3.3214285714285716 1.7064374999999998
3.357142857142857 1.702875
3.392857142857143 1.702875
3.4285714285714284 1.6993124999999998
3.4642857142857144 1.7171249999999998
3.5 1.702875
3.5357142857142856 1.6993124999999998
3.5714285714285716 1.6957499999999999
3.607142857142857 1.6957499999999999
3.642857142857143 1.6957499999999999
3.6785714285714284 1.6957499999999999
3.7142857142857144 1.6957499999999999
3.75 1.6957499999999999
3.7857142857142856 1.6957499999999999
3.8214285714285716 1.6957499999999999
3.857142857142857 1.6957499999999999
3.892857142857143 1.6957499999999999
3.9285714285714284 1.6921875
3.9642857142857144 1.6957499999999999
4.035714285714286 1.6850625
4.071428571428571 1.6850625
4.107142857142857 1.6993124999999998
4.142857142857143 1.6993124999999998
4.178571428571429 1.6886249999999998
4.214285714285714 1.6850625
4.25 1.6814999999999998
4.285714285714286 1.6779374999999999
4.321428571428571 1.6814999999999998
4.357142857142857 1.6779374999999999
4.392857142857143 1.6814999999999998
4.428571428571429 1.6814999999999998
4.464285714285714 1.6779374999999999
4.5 1.6779374999999999
4.535714285714286 1.6779374999999999
4.571428571428571 1.6814999999999998
4.607142857142857 1.6814999999999998
4.642857142857143 1.6850625
4.714285714285714 1.6850625
4.75 1.6814999999999998
4.785714285714286 1.6993124999999998
4.821428571428571 1.6957499999999999
4.857142857142857 1.6779374999999999
4.892857142857143 1.6779374999999999
4.928571428571429 1.674375
4.964285714285714 1.674375
5.0 1.674375
5.035714285714286 1.674375
5.071428571428571 1.674375
5.107142857142857 1.674375
5.142857142857143 1.674375
5.178571428571429 1.674375
5.214285714285714 1.674375
5.25 1.674375
5.285714285714286 1.6779374999999999
5.321428571428571 1.674375
5.357142857142857 1.6601249999999999
5.392857142857143 1.6601249999999999
5.428571428571429 1.6565625
5.464285714285714 1.6636875
5.5 1.6565625
5.535714285714286 1.6565625
5.571428571428571 1.6565625
5.607142857142857 1.6529999999999998
5.642857142857143 1.6529999999999998
5.678571428571429 1.6529999999999998
5.714285714285714 1.6529999999999998
5.75 1.6529999999999998
5.785714285714286 1.6529999999999998
5.821428571428571 1.6529999999999998
5.857142857142857 1.6529999999999998
5.892857142857143 1.6529999999999998
5.928571428571429 1.6529999999999998
5.964285714285714 1.6529999999999998
6.0 1.6494375
6.035714285714286 1.645875
6.071428571428571 1.63875
6.107142857142857 1.6351874999999998
6.142857142857143 1.6423124999999998
6.178571428571429 1.6351874999999998
6.214285714285714 1.6280625
6.25 1.6244999999999998
6.285714285714286 1.6244999999999998
6.321428571428571 1.6244999999999998
6.357142857142857 1.6244999999999998
6.392857142857143 1.6209375
6.428571428571429 1.6209375
6.464285714285714 1.6209375
6.5 1.6209375
6.535714285714286 1.6209375
6.571428571428571 1.6209375
6.607142857142857 1.6209375
6.642857142857143 1.6209375
6.714285714285714 1.61025
6.75 1.5959999999999999
6.785714285714286 1.5924375
6.821428571428571 1.5995624999999998
6.857142857142857 1.5888749999999998
6.892857142857143 1.5853125
6.928571428571429 1.58175
6.964285714285714 1.58175
7.0 1.58175
7.035714285714286 1.58175
7.071428571428571 1.58175
7.107142857142857 1.58175
7.142857142857143 1.58175
7.178571428571429 1.58175
7.214285714285714 1.58175
7.25 1.5781874999999999
7.285714285714286 1.5781874999999999
7.321428571428571 1.58175
7.357142857142857 1.5568125
7.392857142857143 1.5639375
7.428571428571429 1.5568125
7.464285714285714 1.5568125
7.5 1.5532499999999998
7.535714285714286 1.5496874999999999
7.571428571428571 1.5425624999999998
7.607142857142857 1.5425624999999998
7.642857142857143 1.539
7.678571428571429 1.539
7.714285714285714 1.539
7.75 1.539
7.785714285714286 1.539
7.821428571428571 1.5354374999999998
7.857142857142857 1.539
7.892857142857143 1.5354374999999998
7.928571428571429 1.5354374999999998
7.964285714285714 1.5354374999999998
8.0 1.5283125
8.071428571428571 1.5247499999999998
8.107142857142858 1.5105
8.142857142857142 1.5247499999999998
8.178571428571429 1.517625
8.214285714285714 1.5069374999999998
8.25 1.503375
8.285714285714286 1.503375
8.321428571428571 1.5069374999999998
8.357142857142858 1.5069374999999998
8.392857142857142 1.5069374999999998
8.428571428571429 1.5069374999999998
8.464285714285714 1.503375
8.5 1.503375
8.535714285714286 1.503375
8.571428571428571 1.503375
8.607142857142858 1.503375
8.642857142857142 1.503375
8.678571428571429 1.4998125
8.75 1.4784374999999998
8.785714285714286 1.4677499999999999
8.821428571428571 1.482
8.857142857142858 1.4784374999999998
8.892857142857142 1.4641875
8.928571428571429 1.4641875
8.964285714285714 1.4641875
9.0 1.4641875
9.035714285714286 1.4606249999999998
9.071428571428571 1.4606249999999998
9.107142857142858 1.4606249999999998
9.142857142857142 1.4606249999999998
9.178571428571429 1.4606249999999998
9.214285714285714 1.4606249999999998
9.25 1.4606249999999998
9.321428571428571 1.4641875
9.357142857142858 1.4534999999999998
9.392857142857142 1.4428124999999998
9.428571428571429 1.4321249999999999
9.464285714285714 1.4249999999999998
9.5 1.43925
9.535714285714286 1.4249999999999998
9.571428571428571 1.417875
9.607142857142858 1.41075
9.642857142857142 1.4143124999999999
9.678571428571429 1.41075
9.714285714285714 1.41075
9.75 1.41075
9.785714285714286 1.41075
9.821428571428571 1.41075
9.857142857142858 1.41075
9.892857142857142 1.41075
9.928571428571429 1.41075
9.964285714285714 1.41075
10.0 1.4143124999999999
10.035714285714286 1.41075
10.071428571428571 1.4000625
10.107142857142858 1.3858125
10.142857142857142 1.3786874999999998
10.178571428571429 1.3893749999999998
10.214285714285714 1.3893749999999998
10.25 1.375125
10.285714285714286 1.375125
10.321428571428571 1.3715624999999998
10.357142857142858 1.3715624999999998
10.392857142857142 1.3679999999999999
10.428571428571429 1.3679999999999999
10.464285714285714 1.3679999999999999
10.5 1.3679999999999999
10.535714285714286 1.3679999999999999
10.571428571428571 1.3679999999999999
10.607142857142858 1.3679999999999999
10.642857142857142 1.3679999999999999
10.678571428571429 1.3715624999999998
10.75 1.35375
10.785714285714286 1.3395
10.821428571428571 1.346625
10.857142857142858 1.3430624999999998
10.892857142857142 1.3359375
10.928571428571429 1.3288125
10.964285714285714 1.3323749999999999
11.0 1.3288125
11.035714285714286 1.3288125
11.071428571428571 1.3288125
11.107142857142858 1.3288125
11.142857142857142 1.3288125
11.178571428571429 1.3288125
11.214285714285714 1.3288125
11.25 1.3288125
11.285714285714286 1.3288125
11.321428571428571 1.3288125
11.357142857142858 1.3288125
11.392857142857142 1.318125
11.428571428571429 1.3216875
11.464285714285714 1.3003125
11.5 1.3074374999999998
11.535714285714286 1.303875
11.571428571428571 1.2896249999999998
11.607142857142858 1.2860624999999999
11.642857142857142 1.2825
11.678571428571429 1.2825
11.714285714285714 1.2825
11.75 1.2825
11.785714285714286 1.2825
11.821428571428571 1.2825
11.857142857142858 1.2825
11.892857142857142 1.2825
11.928571428571429 1.2825
11.964285714285714 1.2825
12.0 1.2825
12.035714285714286 1.2789374999999998
12.107142857142858 1.2611249999999998
12.142857142857142 1.246875
12.178571428571429 1.254
12.214285714285714 1.2575625
12.25 1.2433124999999998
12.285714285714286 1.23975
12.321428571428571 1.2361875
12.357142857142858 1.2361875
12.392857142857142 1.2361875
12.428571428571429 1.2361875
12.464285714285714 1.2361875
12.5 1.2361875
12.535714285714286 1.2361875
12.571428571428571 1.2361875
12.607142857142858 1.2361875
12.642857142857142 1.2361875
12.678571428571429 1.2361875
12.714285714285714 1.2361875
12.75 1.2219375
12.785714285714286 1.2148124999999999
12.821428571428571 1.21125
12.857142857142858 1.218375
12.892857142857142 1.2076875
12.928571428571429 1.204125
12.964285714285714 1.2005625
13.0 1.2005625
13.035714285714286 1.1969999999999998
13.071428571428571 1.1969999999999998
13.107142857142858 1.1969999999999998
13.142857142857142 1.1969999999999998
13.178571428571429 1.1969999999999998
13.214285714285714 1.1969999999999998
13.25 1.1969999999999998
13.285714285714286 1.1969999999999998
13.321428571428571 1.1969999999999998
13.357142857142858 1.1969999999999998
13.392857142857142 1.1934375
13.428571428571429 1.189875
13.464285714285714 1.18275
13.5 1.1720625
13.535714285714286 1.18275
13.571428571428571 1.18275
13.607142857142858 1.1720625
13.642857142857142 1.1684999999999999
13.678571428571429 1.1684999999999999
13.714285714285714 1.1684999999999999
13.75 1.1684999999999999
13.785714285714286 1.1684999999999999
13.821428571428571 1.1684999999999999
13.857142857142858 1.1684999999999999
13.892857142857142 1.1684999999999999
13.928571428571429 1.1684999999999999
13.964285714285714 1.1684999999999999
14.0 1.1684999999999999
14.035714285714286 1.1720625
14.071428571428571 1.1578125
14.107142857142858 1.15425
14.142857142857142 1.147125
14.178571428571429 1.1435624999999998
14.214285714285714 1.147125
14.25 1.14
14.285714285714286 1.1328749999999999
14.321428571428571 1.1328749999999999
14.357142857142858 1.1328749999999999
14.392857142857142 1.1328749999999999
14.428571428571429 1.1328749999999999
14.464285714285714 1.1328749999999999
14.5 1.1328749999999999
14.535714285714286 1.1293125
14.571428571428571 1.1293125
14.607142857142858 1.1293125
14.642857142857142 1.1293125
14.678571428571429 1.1293125
14.714285714285714 1.12575
14.75 1.1150624999999998
14.785714285714286 1.118625
14.821428571428571 1.1079375
14.857142857142858 1.1150624999999998
14.892857142857142 1.1115
14.928571428571429 1.1008125
14.964285714285714 1.0972499999999998
15.0 1.0936875
15.035714285714286 1.0936875
15.071428571428571 1.0936875
15.107142857142858 1.0936875
15.142857142857142 1.0936875
15.178571428571429 1.0936875
15.214285714285714 1.0936875
15.25 1.0936875
15.285714285714286 1.0936875
15.321428571428571 1.0936875
15.357142857142858 1.0936875
15.392857142857142 1.0936875
15.428571428571429 1.083
15.464285714285714 1.0794374999999998
15.5 1.0616249999999998
15.535714285714286 1.0723125
15.571428571428571 1.0723125
15.607142857142858 1.0580625
15.642857142857142 1.0580625
15.678571428571429 1.0545
15.714285714285714 1.0545
15.75 1.0545
15.785714285714286 1.0545
15.821428571428571 1.0545
15.857142857142858 1.0545
15.892857142857142 1.0509374999999999
15.928571428571429 1.0509374999999999
15.964285714285714 1.0545
16.0 1.0545
16.035714285714285 1.0509374999999999
16.071428571428573 1.047375
16.107142857142858 1.0366875
16.142857142857142 1.0331249999999998
16.178571428571427 1.0224374999999999
16.214285714285715 1.0366875
16.25 1.026
16.285714285714285 1.0224374999999999
16.321428571428573 1.018875
16.357142857142858 1.0153124999999998
16.392857142857142 1.018875
16.428571428571427 1.0153124999999998
16.464285714285715 1.0153124999999998
16.5 1.0153124999999998
16.535714285714285 1.0153124999999998
16.571428571428573 1.0153124999999998
16.607142857142858 1.0153124999999998
16.642857142857142 1.0153124999999998
16.678571428571427 1.0153124999999998
16.714285714285715 1.0153124999999998
16.75 1.0153124999999998
16.785714285714285 1.0046249999999999
16.821428571428573 0.9974999999999999
16.857142857142858 0.98325
16.892857142857142 0.9974999999999999
16.928571428571427 0.9939374999999999
16.964285714285715 0.9939374999999999
17.0 0.98325
17.035714285714285 0.98325
17.071428571428573 0.9796874999999999
17.107142857142858 0.9761249999999999
17.142857142857142 0.9761249999999999
17.178571428571427 0.9796874999999999
17.214285714285715 0.9796874999999999
17.25 0.9761249999999999
17.285714285714285 0.9761249999999999
17.321428571428573 0.9761249999999999
17.392857142857142 0.9796874999999999
17.428571428571427 0.9583124999999999
17.464285714285715 0.95475
17.5 0.9476249999999999
17.571428571428573 0.9476249999999999
17.607142857142858 0.9440624999999999
17.642857142857142 0.9404999999999999
17.678571428571427 0.9369375
17.714285714285715 0.9369375
17.75 0.933375
17.785714285714285 0.933375
17.821428571428573 0.933375
17.857142857142858 0.9298124999999999
17.892857142857142 0.933375
17.928571428571427 0.933375
17.964285714285715 0.933375
18.0 0.933375
18.035714285714285 0.933375
18.071428571428573 0.9298124999999999
18.107142857142858 0.9155625
18.142857142857142 0.919125
18.178571428571427 0.9013125
18.214285714285715 0.9013125
18.25 0.9084374999999999
18.285714285714285 0.9084374999999999
18.321428571428573 0.9013125
18.357142857142858 0.9013125
18.392857142857142 0.9013125
18.428571428571427 0.8977499999999999
18.464285714285715 0.9013125
18.5 0.8977499999999999
18.535714285714285 0.8977499999999999
18.571428571428573 0.8977499999999999
18.607142857142858 0.8977499999999999
18.642857142857142 0.8977499999999999
18.678571428571427 0.8977499999999999
18.75 0.8977499999999999
18.785714285714285 0.8835
18.821428571428573 0.8799374999999999
18.857142857142858 0.8621249999999999
18.892857142857142 0.8763749999999999
18.928571428571427 0.8799374999999999
18.964285714285715 0.8728125
19.0 0.8656874999999999
19.035714285714285 0.8621249999999999
19.071428571428573 0.8621249999999999
19.107142857142858 0.8621249999999999
19.142857142857142 0.8621249999999999
19.178571428571427 0.8621249999999999
19.214285714285715 0.8621249999999999
19.25 0.8621249999999999
19.285714285714285 0.8621249999999999
19.321428571428573 0.8621249999999999
19.357142857142858 0.8621249999999999
19.392857142857142 0.8656874999999999
19.428571428571427 0.8621249999999999
19.464285714285715 0.8514375
19.5 0.8443124999999999
19.535714285714285 0.8371875
19.571428571428573 0.8371875
19.607142857142858 0.8407499999999999
19.642857142857142 0.8371875
19.678571428571427 0.833625
19.714285714285715 0.833625
19.75 0.833625
19.785714285714285 0.833625
19.821428571428573 0.833625
19.857142857142858 0.833625
19.892857142857142 0.833625
19.928571428571427 0.833625
19.964285714285715 0.833625
20.0 0.833625
20.035714285714285 0.833625
20.071428571428573 0.833625
20.107142857142858 0.8300624999999999
20.142857142857142 0.8229375
20.178571428571427 0.8122499999999999
20.214285714285715 0.805125
20.25 0.8122499999999999
20.285714285714285 0.8086874999999999
20.321428571428573 0.805125
20.357142857142858 0.8015625
20.392857142857142 0.8015625
20.428571428571427 0.7979999999999999
20.464285714285715 0.7979999999999999
20.5 0.7979999999999999
20.535714285714285 0.7979999999999999
20.571428571428573 0.8015625
20.607142857142858 0.8015625
20.642857142857142 0.8015625
20.678571428571427 0.8015625
20.714285714285715 0.7979999999999999
20.75 0.805125
20.785714285714285 0.7873125
20.821428571428573 0.790875
20.857142857142858 0.7766249999999999
20.892857142857142 0.7801874999999999
20.928571428571427 0.7766249999999999
20.964285714285715 0.78375
21.0 0.7695
21.035714285714285 0.7695
21.071428571428573 0.7695
21.107142857142858 0.7659374999999999
21.142857142857142 0.7659374999999999
21.178571428571427 0.7659374999999999
21.214285714285715 0.7659374999999999
21.25 0.7659374999999999
21.285714285714285 0.7659374999999999
21.321428571428573 0.7659374999999999
21.357142857142858 0.7659374999999999
21.392857142857142 0.7659374999999999
21.428571428571427 0.7695
21.464285714285715 0.7659374999999999
21.5 0.7588125
21.535714285714285 0.7481249999999999
21.571428571428573 0.741
21.607142857142858 0.7516875
21.642857142857142 0.7445624999999999
21.678571428571427 0.741
21.714285714285715 0.7374375
21.75 0.7338749999999999
21.785714285714285 0.7338749999999999
21.821428571428573 0.7338749999999999
21.857142857142858 0.7374375
21.892857142857142 0.7374375
21.928571428571427 0.7374375
21.964285714285715 0.7374375
22.0 0.7374375
22.035714285714285 0.7374375
22.071428571428573 0.7374375
22.107142857142858 0.7374375
22.178571428571427 0.7267499999999999
22.214285714285715 0.7089375
22.25 0.7124999999999999
22.285714285714285 0.7089375
22.321428571428573 0.6982499999999999
22.357142857142858 0.6982499999999999
22.392857142857142 0.6982499999999999
22.428571428571427 0.6982499999999999
22.464285714285715 0.6982499999999999
22.5 0.6982499999999999
22.535714285714285 0.6982499999999999
22.571428571428573 0.6982499999999999
22.607142857142858 0.7018125
22.642857142857142 0.6982499999999999
22.678571428571427 0.6982499999999999
22.714285714285715 0.6982499999999999
22.75 0.705375
22.785714285714285 0.7018125
22.857142857142858 0.6804374999999999
22.892857142857142 0.66975
22.928571428571427 0.676875
22.964285714285715 0.6875625
23.0 0.6733125
23.035714285714285 0.66975
23.071428571428573 0.66975
23.107142857142858 0.6661874999999999
23.142857142857142 0.66975
23.178571428571427 0.66975
23.214285714285715 0.66975
23.25 0.66975
23.285714285714285 0.66975
23.321428571428573 0.66975
23.357142857142858 0.66975
23.392857142857142 0.66975
23.428571428571427 0.676875
23.464285714285715 0.6733125
23.5 0.6590625
23.535714285714285 0.6590625
23.571428571428573 0.6519375
23.607142857142858 0.6555
23.642857142857142 0.6519375
23.678571428571427 0.6448124999999999
23.714285714285715 0.6448124999999999
23.75 0.6448124999999999
23.785714285714285 0.6448124999999999
23.821428571428573 0.6448124999999999
23.857142857142858 0.6483749999999999
23.892857142857142 0.6483749999999999
23.928571428571427 0.6483749999999999
23.964285714285715 0.6483749999999999
24.0 0.6483749999999999
24.035714285714285 0.6483749999999999
24.071428571428573 0.6483749999999999
24.107142857142858 0.6519375
24.142857142857142 0.6483749999999999
24.178571428571427 0.6448124999999999
24.214285714285715 0.6341249999999999
24.25 0.6341249999999999
24.285714285714285 0.6305624999999999
24.321428571428573 0.6234375
24.357142857142858 0.6234375
24.392857142857142 0.619875
24.428571428571427 0.619875
24.464285714285715 0.619875
24.5 0.619875
24.535714285714285 0.619875
24.571428571428573 0.619875
24.607142857142858 0.619875
24.642857142857142 0.619875
24.678571428571427 0.619875
24.714285714285715 0.619875
24.75 0.6234375
24.785714285714285 0.619875
24.821428571428573 0.6163124999999999
24.857142857142858 0.6091875
24.892857142857142 0.605625
24.928571428571427 0.605625
24.964285714285715 0.6091875
25.0 0.6020625
25.035714285714285 0.5949375
25.071428571428573 0.5949375
25.107142857142858 0.5949375
25.142857142857142 0.5949375
25.178571428571427 0.591375
25.214285714285715 0.591375
25.25 0.5949375
25.285714285714285 0.591375
25.321428571428573 0.5949375
25.357142857142858 0.5949375
25.392857142857142 0.5949375
25.428571428571427 0.5949375
25.464285714285715 0.5949375
25.5 0.5878125
25.535714285714285 0.591375
25.571428571428573 0.577125
25.607142857142858 0.5878125
25.642857142857142 0.591375
25.678571428571427 0.5842499999999999
25.714285714285715 0.5806874999999999
25.75 0.5806874999999999
25.785714285714285 0.577125
25.821428571428573 0.577125
25.857142857142858 0.577125
25.892857142857142 0.5735625
25.928571428571427 0.5735625
25.964285714285715 0.577125
26.0 0.577125
26.035714285714285 0.577125
26.071428571428573 0.5735625
26.107142857142858 0.5735625
26.142857142857142 0.57
26.178571428571427 0.5593125
26.214285714285715 0.562875
26.25 0.5521874999999999
26.285714285714285 0.5664374999999999
26.321428571428573 0.5593125
26.357142857142858 0.5521874999999999
26.392857142857142 0.5521874999999999
26.428571428571427 0.5521874999999999
26.464285714285715 0.5521874999999999
26.5 0.5521874999999999
26.535714285714285 0.5521874999999999
26.571428571428573 0.5521874999999999
26.607142857142858 0.5521874999999999
26.642857142857142 0.5486249999999999
26.678571428571427 0.5486249999999999
26.714285714285715 0.5521874999999999
26.75 0.5521874999999999
26.785714285714285 0.5521874999999999
26.821428571428573 0.5521874999999999
26.857142857142858 0.5486249999999999
26.892857142857142 0.5450625
26.928571428571427 0.5415
26.964285714285715 0.5521874999999999
27.0 0.5450625
27.035714285714285 0.5415
27.071428571428573 0.5450625
27.107142857142858 0.5450625
27.142857142857142 0.5415
27.178571428571427 0.5415
27.214285714285715 0.5415
27.25 0.5415
27.285714285714285 0.5415
27.321428571428573 0.5450625
27.357142857142858 0.5450625
27.392857142857142 0.5415
27.428571428571427 0.5379375
27.464285714285715 0.5450625
27.5 0.5379375
27.535714285714285 0.5415
27.571428571428573 0.5343749999999999
27.607142857142858 0.5343749999999999
27.642857142857142 0.5379375
27.678571428571427 0.5308124999999999
27.714285714285715 0.5308124999999999
27.75 0.52725
27.785714285714285 0.52725
27.821428571428573 0.52725
27.857142857142858 0.5236875
27.892857142857142 0.5236875
27.928571428571427 0.52725
27.964285714285715 0.52725
28.0 0.52725
28.035714285714285 0.5236875
28.071428571428573 0.5236875
28.107142857142858 0.52725
28.142857142857142 0.52725
28.178571428571427 0.520125
28.214285714285715 0.5236875
28.25 0.505875
28.285714285714285 0.520125
28.321428571428573 0.5236875
28.357142857142858 0.5165624999999999
28.392857142857142 0.505875
28.428571428571427 0.5023124999999999
28.464285714285715 0.49874999999999997
28.5 0.505875
28.535714285714285 0.505875
28.571428571428573 0.505875
28.607142857142858 0.5023124999999999
28.642857142857142 0.5023124999999999
28.678571428571427 0.505875
28.714285714285715 0.505875
28.75 0.505875
28.821428571428573 0.505875
28.857142857142858 0.49874999999999997
28.892857142857142 0.491625
28.928571428571427 0.4666875
28.964285714285715 0.45599999999999996
29.0 0.48093749999999996
29.035714285714285 0.47381249999999997
29.071428571428573 0.47381249999999997
29.107142857142858 0.477375
29.142857142857142 0.477375
29.178571428571427 0.47381249999999997
29.214285714285715 0.477375
29.25 0.48093749999999996
29.285714285714285 0.477375
29.321428571428573 0.477375
29.357142857142858 0.477375
29.392857142857142 0.477375
29.428571428571427 0.477375
29.464285714285715 0.477375
29.5 0.4666875
29.535714285714285 0.46312499999999995
29.571428571428573 0.46312499999999995
29.607142857142858 0.4524375
29.642857142857142 0.4666875
29.678571428571427 0.45599999999999996
29.714285714285715 0.45599999999999996
29.75 0.45599999999999996
29.785714285714285 0.45599999999999996
29.821428571428573 0.4524375
29.857142857142858 0.4524375
29.892857142857142 0.4524375
29.928571428571427 0.4524375
29.964285714285715 0.4524375
30.0 0.4524375
30.035714285714285 0.4524375
30.071428571428573 0.4524375
30.107142857142858 0.4524375
30.142857142857142 0.4524375
30.178571428571427 0.44887499999999997
30.214285714285715 0.44887499999999997
30.25 0.44531249999999994
30.285714285714285 0.44887499999999997
30.321428571428573 0.4524375
30.357142857142858 0.44531249999999994
30.392857142857142 0.44531249999999994
30.428571428571427 0.44531249999999994
30.464285714285715 0.44531249999999994
30.5 0.44531249999999994
30.535714285714285 0.44531249999999994
30.571428571428573 0.44531249999999994
30.607142857142858 0.44531249999999994
30.642857142857142 0.44531249999999994
30.678571428571427 0.44531249999999994
30.714285714285715 0.44531249999999994
30.75 0.44531249999999994
30.785714285714285 0.44887499999999997
30.821428571428573 0.44531249999999994
30.857142857142858 0.43818749999999995
30.892857142857142 0.44175
30.928571428571427 0.43818749999999995
30.964285714285715 0.43818749999999995
31.0 0.434625
31.035714285714285 0.43106249999999996
31.071428571428573 0.43106249999999996
31.107142857142858 0.43106249999999996
31.142857142857142 0.43106249999999996
31.178571428571427 0.434625
31.214285714285715 0.43106249999999996
31.25 0.43106249999999996
31.285714285714285 0.43106249999999996
31.321428571428573 0.434625
31.357142857142858 0.434625
31.392857142857142 0.43106249999999996
31.428571428571427 0.43106249999999996
31.464285714285715 0.434625
31.535714285714285 0.4275
31.571428571428573 0.42393749999999997
31.607142857142858 0.40612499999999996
31.642857142857142 0.4168125
31.678571428571427 0.4168125
31.714285714285715 0.41324999999999995
31.75 0.4096875
31.785714285714285 0.4096875
31.821428571428573 0.41324999999999995
31.857142857142858 0.4096875
31.892857142857142 0.4096875
31.928571428571427 0.4096875
31.964285714285715 0.4096875
32.0 0.4096875
32.035714285714285 0.4096875
32.07142857142857 0.4096875
32.107142857142854 0.4096875
32.142857142857146 0.4168125
32.17857142857143 0.40612499999999996
32.214285714285715 0.40612499999999996
32.25 0.4025625
32.285714285714285 0.40612499999999996
32.32142857142857 0.4025625
32.357142857142854 0.39899999999999997
32.392857142857146 0.391875
32.42857142857143 0.3954375
32.464285714285715 0.3954375
32.5 0.3954375
32.535714285714285 0.3954375
32.57142857142857 0.3954375
32.607142857142854 0.3954375
32.642857142857146 0.3954375
32.67857142857143 0.3954375
32.714285714285715 0.3954375
32.75 0.3954375
32.785714285714285 0.39899999999999997
32.82142857142857 0.39899999999999997
32.857142857142854 0.391875
32.892857142857146 0.391875
32.92857142857143 0.36693749999999997
32.964285714285715 0.38118749999999996
33.0 0.38475
33.035714285714285 0.37406249999999996
33.07142857142857 0.36693749999999997
33.107142857142854 0.36337499999999995
33.142857142857146 0.36693749999999997
33.17857142857143 0.36693749999999997
33.214285714285715 0.3598125
33.25 0.3598125
33.285714285714285 0.3598125
33.32142857142857 0.3598125
33.357142857142854 0.3598125
33.392857142857146 0.36337499999999995
33.42857142857143 0.36337499999999995
33.464285714285715 0.3705
33.5 0.3705
33.535714285714285 0.3598125
33.57142857142857 0.3598125
33.607142857142854 0.3526875
33.642857142857146 0.3526875
33.67857142857143 0.35624999999999996
33.714285714285715 0.3526875
33.75 0.34912499999999996
33.785714285714285 0.3526875
33.82142857142857 0.3526875
33.857142857142854 0.34912499999999996
33.892857142857146 0.3526875
33.92857142857143 0.34912499999999996
33.964285714285715 0.34912499999999996
34.0 0.34912499999999996
34.035714285714285 0.34912499999999996
34.07142857142857 0.34912499999999996
34.107142857142854 0.34912499999999996
34.142857142857146 0.3526875
34.17857142857143 0.34912499999999996
34.214285714285715 0.3455625
34.25 0.3384375
34.285714285714285 0.334875
34.32142857142857 0.3384375
34.357142857142854 0.334875
34.392857142857146 0.32418749999999996
34.42857142857143 0.32775
34.464285714285715 0.32775
34.5 0.32775
34.535714285714285 0.32775
34.57142857142857 0.33131249999999995
34.607142857142854 0.33131249999999995
34.642857142857146 0.32775
34.67857142857143 0.32775
34.714285714285715 0.32775
34.75 0.32775
34.785714285714285 0.32775
34.82142857142857 0.33131249999999995
34.857142857142854 0.32418749999999996
34.892857142857146 0.32418749999999996
34.92857142857143 0.320625
34.964285714285715 0.32418749999999996
35.0 0.31706249999999997
35.035714285714285 0.3135
35.07142857142857 0.3099375
35.107142857142854 0.30637499999999995
35.142857142857146 0.30637499999999995
35.17857142857143 0.3099375
35.214285714285715 0.30637499999999995
35.25 0.30637499999999995
35.285714285714285 0.30637499999999995
35.32142857142857 0.30637499999999995
35.357142857142854 0.3099375
35.392857142857146 0.30637499999999995
35.42857142857143 0.30637499999999995
35.464285714285715 0.3099375
35.5 0.3099375
35.535714285714285 0.29924999999999996
35.57142857142857 0.3028125
35.607142857142854 0.2885625
35.642857142857146 0.12825
35.67857142857143 0.29924999999999996
35.714285714285715 0.29212499999999997
35.75 0.285
35.785714285714285 0.2885625
35.82142857142857 0.2885625
35.857142857142854 0.2885625
35.892857142857146 0.2885625
35.92857142857143 0.2885625
35.964285714285715 0.2885625
36.0 0.29212499999999997
36.035714285714285 0.29212499999999997
36.07142857142857 0.29212499999999997
36.107142857142854 0.29212499999999997
36.142857142857146 0.29212499999999997
36.17857142857143 0.29212499999999997
36.214285714285715 0.2814375
36.25 0.2814375
36.285714285714285 0.27075
36.32142857142857 0.2565
36.357142857142854 0.277875
36.392857142857146 0.263625
36.42857142857143 0.2600625
36.464285714285715 0.263625
36.5 0.263625
36.535714285714285 0.263625
36.57142857142857 0.26718749999999997
36.607142857142854 0.263625
36.642857142857146 0.263625
36.67857142857143 0.263625
36.714285714285715 0.26718749999999997
36.75 0.263625
36.785714285714285 0.2565
36.82142857142857 0.26718749999999997
36.857142857142854 0.2600625
36.892857142857146 0.2600625
36.92857142857143 0.2529375
36.964285714285715 0.24225
37.0 0.24937499999999999
37.035714285714285 0.2565
37.07142857142857 0.24937499999999999
37.107142857142854 0.2458125
37.142857142857146 0.24225
37.17857142857143 0.24225
37.214285714285715 0.24225
37.25 0.24225
37.285714285714285 0.24225
37.32142857142857 0.2458125
37.357142857142854 0.24225
37.392857142857146 0.24225
37.42857142857143 0.2458125
37.464285714285715 0.24225
37.5 0.2458125
37.535714285714285 0.24225
37.57142857142857 0.2386875
37.607142857142854 0.20306249999999998
37.642857142857146 0.24937499999999999
37.67857142857143 0.19949999999999998
37.714285714285715 0.220875
37.75 0.21375
37.785714285714285 0.21018749999999997
37.82142857142857 0.20662499999999998
37.857142857142854 0.21375
37.892857142857146 0.20306249999999998
37.92857142857143 0.20306249999999998
37.964285714285715 0.20662499999999998
38.0 0.21018749999999997
38.035714285714285 0.21018749999999997
38.07142857142857 0.21018749999999997
38.107142857142854 0.21018749999999997
38.142857142857146 0.20306249999999998
38.17857142857143 0.20306249999999998
38.214285714285715 0.20306249999999998
38.25 0.20662499999999998
38.285714285714285 0.20306249999999998
38.32142857142857 0.15675
38.357142857142854 0.20306249999999998
38.392857142857146 0.20306249999999998
38.42857142857143 0.19949999999999998
38.464285714285715 0.19949999999999998
38.5 0.19949999999999998
38.535714285714285 0.19949999999999998
38.57142857142857 0.1959375
38.607142857142854 0.19949999999999998
38.642857142857146 0.19949999999999998
38.67857142857143 0.1959375
38.714285714285715 0.19949999999999998
38.75 0.19949999999999998
38.785714285714285 0.19949999999999998
38.82142857142857 0.20662499999999998
38.857142857142854 0.20662499999999998
38.892857142857146 0.20306249999999998
38.92857142857143 0.19949999999999998
38.964285714285715 0.1959375
39.0 0.18525
39.035714285714285 0.19949999999999998
39.07142857142857 0.1959375
39.107142857142854 0.1888125
39.142857142857146 0.192375
39.17857142857143 0.192375
39.214285714285715 0.192375
39.25 0.192375
39.285714285714285 0.192375
39.32142857142857 0.192375
39.357142857142854 0.192375
39.392857142857146 0.1888125
39.42857142857143 0.1888125
39.464285714285715 0.192375
39.5 0.1959375
39.57142857142857 0.1888125
39.607142857142854 0.18168749999999997
39.642857142857146 0.1603125
39.67857142857143 0.17456249999999998
39.714285714285715 0.1674375
39.75 0.163875
39.785714285714285 0.1674375
39.82142857142857 0.1674375
39.857142857142854 0.1674375
39.892857142857146 0.1674375
