0.14285714285714285 0.7659374999999999
0.17857142857142858 0.7588125
0.21428571428571427 0.7588125
0.25 0.7623749999999999
0.2857142857142857 0.7623749999999999
0.32142857142857145 0.7623749999999999
0.35714285714285715 0.7623749999999999
0.39285714285714285 0.7623749999999999
0.42857142857142855 0.7623749999999999
0.4642857142857143 0.7623749999999999
0.5 0.7623749999999999
0.5357142857142857 0.7623749999999999
0.5714285714285714 0.7623749999999999
0.6428571428571429 0.7623749999999999
0.7142857142857143 0.7623749999999999
0.75 0.7730625
0.7857142857142857 0.7730625
0.8214285714285714 0.7766249999999999
0.8571428571428571 0.7801874999999999
0.8928571428571429 0.78375
0.9285714285714286 0.78375
0.9642857142857143 0.78375
1.0 0.7873125
1.0357142857142858 0.7873125
1.0714285714285714 0.78375
1.1071428571428572 0.78375
1.1428571428571428 0.78375
1.1785714285714286 0.78375
1.25 0.7766249999999999
1.2857142857142858 0.7801874999999999
1.3214285714285714 0.7979999999999999
1.3571428571428572 0.7979999999999999
1.3928571428571428 0.8015625
1.4285714285714286 0.8015625
1.4642857142857142 0.8015625
1.5 0.8015625
1.5357142857142858 0.8015625
1.5714285714285714 0.805125
1.6071428571428572 0.8015625
1.6428571428571428 0.8015625
1.6785714285714286 0.8015625
1.7142857142857142 0.8015625
1.75 0.8015625
1.8214285714285714 0.8015625
1.8928571428571428 0.8015625
1.9285714285714286 0.8086874999999999
1.9642857142857142 0.8122499999999999
2.0 0.8158124999999999
2.0357142857142856 0.8122499999999999
2.0714285714285716 0.8158124999999999
2.107142857142857 0.8158124999999999
2.142857142857143 0.8158124999999999
2.1785714285714284 0.8158124999999999
2.2142857142857144 0.8158124999999999
2.25 0.8158124999999999
2.2857142857142856 0.8158124999999999
2.3214285714285716 0.8158124999999999
2.4642857142857144 0.8122499999999999
2.5 0.8229375
2.5357142857142856 0.8300624999999999
2.5714285714285716 0.8300624999999999
2.607142857142857 0.833625
2.642857142857143 0.8371875
2.6785714285714284 0.8371875
2.7142857142857144 0.8407499999999999
2.75 0.8407499999999999
2.7857142857142856 0.8407499999999999
2.8214285714285716 0.8407499999999999
2.857142857142857 0.8371875
2.892857142857143 0.8371875
2.9285714285714284 0.8371875
2.9642857142857144 0.8371875
3.0357142857142856 0.8371875
3.0714285714285716 0.8656874999999999
3.107142857142857 0.8514375
3.142857142857143 0.855
3.1785714285714284 0.8585624999999999
3.2142857142857144 0.8585624999999999
3.25 0.8585624999999999
3.2857142857142856 0.8585624999999999
3.3214285714285716 0.8585624999999999
3.357142857142857 0.8585624999999999
3.392857142857143 0.8585624999999999
3.4285714285714284 0.855
3.4642857142857144 0.8585624999999999
3.5 0.8585624999999999
3.5357142857142856 0.855
3.5714285714285716 0.855
3.607142857142857 0.855
3.642857142857143 0.855
3.6785714285714284 0.8799374999999999
3.7142857142857144 0.8728125
3.75 0.8728125
3.7857142857142856 0.8763749999999999
3.8214285714285716 0.8763749999999999
3.857142857142857 0.8763749999999999
3.892857142857143 0.8728125
3.9285714285714284 0.8763749999999999
3.9642857142857144 0.8763749999999999
4.0 0.8728125
4.035714285714286 0.8728125
4.071428571428571 0.8728125
4.107142857142857 0.8728125
4.25 0.9084374999999999
4.285714285714286 0.8906249999999999
4.321428571428571 0.8941874999999999
4.357142857142857 0.8977499999999999
4.392857142857143 0.8977499999999999
4.428571428571429 0.8977499999999999
4.464285714285714 0.8977499999999999
4.5 0.8977499999999999
4.535714285714286 0.8977499999999999
4.571428571428571 0.8977499999999999
4.607142857142857 0.8977499999999999
4.642857142857143 0.8977499999999999
4.678571428571429 0.8977499999999999
4.714285714285714 0.8977499999999999
4.75 0.8977499999999999
4.821428571428571 0.9262499999999999
4.857142857142857 0.9155625
4.892857142857143 0.919125
4.928571428571429 0.9226874999999999
4.964285714285714 0.9226874999999999
5.0 0.9262499999999999
5.035714285714286 0.9262499999999999
5.071428571428571 0.9262499999999999
5.107142857142857 0.9262499999999999
5.142857142857143 0.9262499999999999
5.178571428571429 0.9262499999999999
5.214285714285714 0.9262499999999999
5.25 0.9262499999999999
5.285714285714286 0.9262499999999999
5.392857142857143 0.9262499999999999
5.428571428571429 0.9476249999999999
5.464285714285714 0.9369375
5.5 0.9440624999999999
5.535714285714286 0.9440624999999999
5.571428571428571 0.9440624999999999
5.607142857142857 0.9476249999999999
5.642857142857143 0.9476249999999999
5.678571428571429 0.9511875
5.714285714285714 0.9476249999999999
5.75 0.9511875
5.785714285714286 0.9511875
5.821428571428571 0.9511875
5.857142857142857 0.9511875
6.0 0.9654375
6.035714285714286 0.95475
6.071428571428571 0.9618749999999999
6.107142857142857 0.9654375
6.142857142857143 0.9654375
6.178571428571429 0.9654375
6.214285714285714 0.9654375
6.25 0.9654375
6.285714285714286 0.9654375
6.321428571428571 0.9654375
6.357142857142857 0.9654375
6.392857142857143 0.9654375
6.428571428571429 0.9654375
6.464285714285714 0.9654375
6.5 0.9583124999999999
6.607142857142857 0.9725624999999999
6.642857142857143 0.9761249999999999
6.678571428571429 0.9796874999999999
6.714285714285714 0.9796874999999999
6.75 0.98325
6.785714285714286 0.98325
6.821428571428571 0.98325
6.857142857142857 0.98325
6.892857142857143 0.98325
6.928571428571429 0.98325
6.964285714285714 0.98325
7.0 0.98325
7.035714285714286 0.98325
7.142857142857143 0.9761249999999999
7.178571428571429 0.9974999999999999
7.214285714285714 0.9868125
7.25 0.9939374999999999
7.285714285714286 0.9974999999999999
7.321428571428571 1.0010625
7.357142857142857 1.0010625
7.392857142857143 1.0010625
7.428571428571429 1.0010625
7.464285714285714 1.0010625
7.5 0.9974999999999999
7.535714285714286 0.9974999999999999
7.571428571428571 1.0010625
7.607142857142857 0.9974999999999999
7.642857142857143 0.9974999999999999
7.75 0.9939374999999999
7.785714285714286 1.0081875
7.821428571428571 1.01175
7.857142857142857 1.018875
7.892857142857143 1.018875
7.928571428571429 1.0224374999999999
7.964285714285714 1.0224374999999999
8.0 1.0224374999999999
8.035714285714286 1.0224374999999999
8.071428571428571 1.018875
8.107142857142858 1.018875
8.142857142857142 1.018875
8.178571428571429 1.018875
8.214285714285714 1.018875
8.321428571428571 1.0153124999999998
8.357142857142858 1.026
8.392857142857142 1.0295625
8.428571428571429 1.0366875
8.464285714285714 1.0366875
8.5 1.0366875
8.535714285714286 1.0366875
8.571428571428571 1.04025
8.607142857142858 1.0366875
8.642857142857142 1.0366875
8.678571428571429 1.0366875
8.714285714285714 1.0366875
8.75 1.0366875
8.785714285714286 1.0366875
8.821428571428571 1.0366875
8.857142857142858 1.0295625
8.892857142857142 1.0295625
8.928571428571429 1.0331249999999998
8.964285714285714 1.047375
9.0 1.0545
9.035714285714286 1.0545
9.071428571428571 1.0545
9.107142857142858 1.0545
9.142857142857142 1.0545
9.178571428571429 1.0580625
9.214285714285714 1.0580625
9.25 1.0545
9.285714285714286 1.0545
9.321428571428571 1.0545
9.357142857142858 1.0545
9.392857142857142 1.0545
9.5 1.047375
9.535714285714286 1.0616249999999998
9.571428571428571 1.0651875
9.607142857142858 1.0723125
9.642857142857142 1.0723125
9.678571428571429 1.075875
9.714285714285714 1.075875
9.75 1.075875
9.785714285714286 1.075875
9.821428571428571 1.0723125
9.857142857142858 1.0723125
9.892857142857142 1.0723125
9.928571428571429 1.0723125
9.964285714285714 1.0723125
10.035714285714286 1.0687499999999999
10.107142857142858 1.0794374999999998
10.142857142857142 1.0865624999999999
10.178571428571429 1.0865624999999999
10.214285714285714 1.090125
10.25 1.090125
10.285714285714286 1.090125
10.321428571428571 1.090125
10.357142857142858 1.090125
10.392857142857142 1.0936875
10.428571428571429 1.0936875
10.464285714285714 1.0936875
10.5 1.0936875
10.535714285714286 1.090125
10.571428571428571 1.090125
10.607142857142858 1.090125
10.642857142857142 1.090125
10.678571428571429 1.0936875
10.714285714285714 1.1115
10.75 1.1043749999999999
10.785714285714286 1.1079375
10.821428571428571 1.1079375
10.857142857142858 1.1115
10.892857142857142 1.1115
10.928571428571429 1.1115
10.964285714285714 1.1115
11.0 1.1115
11.035714285714286 1.1115
11.071428571428571 1.1115
11.107142857142858 1.1115
11.142857142857142 1.1115
11.214285714285714 1.1043749999999999
11.285714285714286 1.14
11.321428571428571 1.118625
11.357142857142858 1.12575
11.392857142857142 1.1293125
11.428571428571429 1.1293125
11.464285714285714 1.1328749999999999
11.5 1.1293125
11.535714285714286 1.1293125
11.571428571428571 1.1293125
11.607142857142858 1.1293125
11.642857142857142 1.1293125
11.678571428571429 1.1293125
11.714285714285714 1.1293125
11.785714285714286 1.1293125
11.857142857142858 1.1578125
11.892857142857142 1.1435624999999998
11.928571428571429 1.147125
11.964285714285714 1.147125
12.0 1.1506874999999999
12.035714285714286 1.15425
12.071428571428571 1.15425
12.107142857142858 1.15425
12.142857142857142 1.15425
12.178571428571429 1.15425
12.214285714285714 1.15425
12.25 1.15425
12.285714285714286 1.15425
12.321428571428571 1.15425
12.357142857142858 1.15425
12.428571428571429 1.1506874999999999
12.464285714285714 1.1720625
12.5 1.1649375
12.535714285714286 1.1684999999999999
12.571428571428571 1.1684999999999999
12.607142857142858 1.1720625
12.642857142857142 1.1720625
12.678571428571429 1.1720625
12.714285714285714 1.1720625
12.75 1.1720625
12.785714285714286 1.1720625
12.821428571428571 1.1720625
12.857142857142858 1.1720625
12.892857142857142 1.1720625
13.035714285714286 1.204125
13.071428571428571 1.18275
13.107142857142858 1.189875
13.142857142857142 1.1934375
13.178571428571429 1.1934375
13.214285714285714 1.1934375
13.25 1.1934375
13.285714285714286 1.1934375
13.321428571428571 1.1934375
13.357142857142858 1.1969999999999998
13.392857142857142 1.1969999999999998
13.428571428571429 1.1969999999999998
13.464285714285714 1.1934375
13.607142857142858 1.218375
13.642857142857142 1.2076875
13.678571428571429 1.2148124999999999
13.714285714285714 1.218375
13.75 1.2219375
13.785714285714286 1.2219375
13.821428571428571 1.2219375
13.857142857142858 1.2219375
13.892857142857142 1.2219375
13.928571428571429 1.2219375
13.964285714285714 1.2254999999999998
14.0 1.2219375
14.035714285714286 1.2219375
14.071428571428571 1.2219375
14.142857142857142 1.2148124999999999
14.178571428571429 1.218375
14.214285714285714 1.2361875
14.25 1.2326249999999999
14.285714285714286 1.23975
14.321428571428571 1.23975
14.357142857142858 1.23975
14.392857142857142 1.2433124999999998
14.428571428571429 1.2433124999999998
14.464285714285714 1.2433124999999998
14.5 1.2433124999999998
14.535714285714286 1.2433124999999998
14.571428571428571 1.2433124999999998
14.607142857142858 1.2433124999999998
14.642857142857142 1.2433124999999998
14.678571428571429 1.2433124999999998
14.714285714285714 1.23975
14.785714285714286 1.2682499999999999
14.821428571428571 1.2504374999999999
14.857142857142858 1.254
14.892857142857142 1.2575625
14.928571428571429 1.2611249999999998
14.964285714285714 1.2611249999999998
15.0 1.2646875
15.035714285714286 1.2611249999999998
15.071428571428571 1.2646875
15.107142857142858 1.2646875
15.142857142857142 1.2646875
15.178571428571429 1.2646875
15.214285714285714 1.2646875
15.321428571428571 1.2611249999999998
15.357142857142858 1.2575625
15.392857142857142 1.2682499999999999
15.428571428571429 1.2718125
15.464285714285714 1.2789374999999998
15.5 1.2789374999999998
15.535714285714286 1.2789374999999998
15.571428571428571 1.2825
15.607142857142858 1.2825
15.642857142857142 1.2825
15.678571428571429 1.2825
15.714285714285714 1.2825
15.75 1.2825
15.785714285714286 1.2825
15.821428571428571 1.2825
15.892857142857142 1.2789374999999998
15.928571428571429 1.275375
15.964285714285714 1.3074374999999998
16.0 1.2860624999999999
16.035714285714285 1.2931875
16.071428571428573 1.2931875
16.107142857142858 1.3003125
16.142857142857142 1.3003125
16.178571428571427 1.3003125
16.214285714285715 1.3003125
16.25 1.3003125
16.285714285714285 1.3003125
16.321428571428573 1.3003125
16.357142857142858 1.3003125
16.392857142857142 1.3003125
16.428571428571427 1.3003125
16.464285714285715 1.3003125
16.535714285714285 1.2967499999999998
16.571428571428573 1.3395
16.607142857142858 1.3145624999999999
16.642857142857142 1.318125
16.678571428571427 1.318125
16.714285714285715 1.3252499999999998
16.75 1.3216875
16.785714285714285 1.3252499999999998
16.821428571428573 1.3252499999999998
16.857142857142858 1.3252499999999998
16.892857142857142 1.3252499999999998
16.928571428571427 1.3252499999999998
16.964285714285715 1.3252499999999998
17.0 1.3252499999999998
17.107142857142858 1.3145624999999999
17.142857142857142 1.3501874999999999
17.178571428571427 1.3359375
17.214285714285715 1.3359375
17.25 1.3395
17.285714285714285 1.3395
17.321428571428573 1.3430624999999998
17.357142857142858 1.3430624999999998
17.392857142857142 1.3430624999999998
17.428571428571427 1.3430624999999998
17.464285714285715 1.3430624999999998
17.5 1.3430624999999998
17.535714285714285 1.3430624999999998
17.571428571428573 1.3430624999999998
17.607142857142858 1.3430624999999998
17.642857142857142 1.3430624999999998
17.714285714285715 1.375125
17.75 1.346625
17.785714285714285 1.35375
17.821428571428573 1.3573125
17.857142857142858 1.3573125
17.892857142857142 1.3608749999999998
17.928571428571427 1.3608749999999998
17.964285714285715 1.3608749999999998
18.0 1.3608749999999998
18.035714285714285 1.3608749999999998
18.071428571428573 1.3608749999999998
18.107142857142858 1.3608749999999998
18.142857142857142 1.3608749999999998
18.178571428571427 1.3608749999999998
18.285714285714285 1.35375
18.321428571428573 1.3964999999999999
18.357142857142858 1.375125
18.392857142857142 1.3786874999999998
18.428571428571427 1.3786874999999998
18.464285714285715 1.3786874999999998
18.5 1.3786874999999998
18.535714285714285 1.3786874999999998
18.571428571428573 1.3786874999999998
18.607142857142858 1.3786874999999998
18.642857142857142 1.3786874999999998
18.678571428571427 1.3786874999999998
18.714285714285715 1.3786874999999998
18.75 1.3786874999999998
18.821428571428573 1.3786874999999998
18.857142857142858 1.38225
18.892857142857142 1.41075
18.928571428571427 1.3929375
18.964285714285715 1.4000625
19.0 1.4071874999999998
19.035714285714285 1.4071874999999998
19.071428571428573 1.4071874999999998
19.107142857142858 1.4071874999999998
19.142857142857142 1.4071874999999998
19.178571428571427 1.4071874999999998
19.214285714285715 1.4071874999999998
19.25 1.4071874999999998
19.285714285714285 1.4071874999999998
19.321428571428573 1.4071874999999998
19.357142857142858 1.4071874999999998
19.392857142857142 1.4071874999999998
19.428571428571427 1.403625
19.464285714285715 1.4071874999999998
19.5 1.4249999999999998
19.535714285714285 1.4321249999999999
19.571428571428573 1.4356875
19.607142857142858 1.4356875
19.642857142857142 1.43925
19.678571428571427 1.4428124999999998
19.714285714285715 1.43925
19.75 1.4428124999999998
19.785714285714285 1.4428124999999998
19.821428571428573 1.4428124999999998
19.857142857142858 1.43925
19.892857142857142 1.4428124999999998
19.928571428571427 1.4428124999999998
20.035714285714285 1.446375
20.071428571428573 1.4713124999999998
20.107142857142858 1.4606249999999998
20.142857142857142 1.4641875
20.178571428571427 1.4641875
20.214285714285715 1.4677499999999999
20.25 1.4677499999999999
20.285714285714285 1.4677499999999999
20.321428571428573 1.4677499999999999
20.357142857142858 1.4677499999999999
20.392857142857142 1.4677499999999999
20.428571428571427 1.4677499999999999
20.464285714285715 1.4677499999999999
20.5 1.4677499999999999
20.571428571428573 1.4641875
20.642857142857142 1.4926875
20.678571428571427 1.4713124999999998
20.714285714285715 1.474875
20.75 1.482
20.785714285714285 1.482
20.821428571428573 1.4855625
20.857142857142858 1.4855625
20.892857142857142 1.4855625
20.928571428571427 1.4855625
20.964285714285715 1.4855625
21.0 1.4855625
21.035714285714285 1.4855625
21.071428571428573 1.4855625
21.142857142857142 1.4855625
21.178571428571427 1.4784374999999998
21.214285714285715 1.482
21.25 1.4926875
21.285714285714285 1.4962499999999999
21.321428571428573 1.503375
21.357142857142858 1.5069374999999998
21.392857142857142 1.5069374999999998
21.428571428571427 1.5105
21.464285714285715 1.5105
21.5 1.5105
21.535714285714285 1.5105
21.571428571428573 1.5105
21.607142857142858 1.5105
21.642857142857142 1.5105
21.678571428571427 1.5105
21.75 1.503375
21.785714285714285 1.503375
21.821428571428573 1.5105
21.857142857142858 1.5211875
21.892857142857142 1.5247499999999998
21.928571428571427 1.5283125
21.964285714285715 1.5283125
22.0 1.5318749999999999
22.035714285714285 1.5318749999999999
22.071428571428573 1.5318749999999999
22.107142857142858 1.5318749999999999
22.142857142857142 1.5354374999999998
22.178571428571427 1.5354374999999998
22.214285714285715 1.5354374999999998
22.25 1.5354374999999998
22.392857142857142 1.5318749999999999
22.428571428571427 1.546125
22.464285714285715 1.5532499999999998
22.5 1.5568125
22.535714285714285 1.5603749999999998
22.571428571428573 1.5603749999999998
22.607142857142858 1.5603749999999998
22.642857142857142 1.5603749999999998
22.678571428571427 1.5603749999999998
22.714285714285715 1.5603749999999998
22.75 1.5603749999999998
22.785714285714285 1.5603749999999998
22.821428571428573 1.5603749999999998
22.892857142857142 1.5639375
22.964285714285715 1.5603749999999998
23.0 1.574625
23.035714285714285 1.5781874999999999
23.071428571428573 1.58175
23.107142857142858 1.5853125
23.142857142857142 1.5853125
23.178571428571427 1.5853125
23.214285714285715 1.5853125
23.25 1.5853125
23.285714285714285 1.5853125
23.321428571428573 1.5853125
23.357142857142858 1.5853125
23.392857142857142 1.5853125
23.428571428571427 1.5853125
23.5 1.5853125
23.535714285714285 1.5888749999999998
23.571428571428573 1.6209375
23.607142857142858 1.6066874999999998
23.642857142857142 1.61025
23.678571428571427 1.6138124999999999
23.714285714285715 1.6173749999999998
23.75 1.6173749999999998
23.785714285714285 1.6173749999999998
23.821428571428573 1.6209375
23.857142857142858 1.6209375
23.892857142857142 1.6209375
23.928571428571427 1.6209375
23.964285714285715 1.6209375
24.0 1.6209375
24.035714285714285 1.6209375
24.107142857142858 1.6173749999999998
24.142857142857142 1.6173749999999998
24.178571428571427 1.645875
24.214285714285715 1.6351874999999998
24.25 1.6423124999999998
24.285714285714285 1.63875
24.321428571428573 1.6423124999999998
24.357142857142858 1.6423124999999998
24.392857142857142 1.6423124999999998
24.428571428571427 1.6423124999999998
24.464285714285715 1.6423124999999998
24.5 1.6423124999999998
24.535714285714285 1.63875
24.571428571428573 1.6423124999999998
24.607142857142858 1.63875
24.642857142857142 1.63875
24.714285714285715 1.6351874999999998
24.75 1.6779374999999999
24.785714285714285 1.6601249999999999
24.821428571428573 1.6601249999999999
24.857142857142858 1.6636875
24.892857142857142 1.6636875
24.928571428571427 1.66725
24.964285714285715 1.66725
25.0 1.66725
25.035714285714285 1.66725
25.071428571428573 1.66725
25.107142857142858 1.66725
25.142857142857142 1.66725
25.178571428571427 1.66725
25.25 1.66725
25.321428571428573 1.702875
25.357142857142858 1.6850625
25.392857142857142 1.6886249999999998
25.428571428571427 1.6921875
25.464285714285715 1.6957499999999999
25.5 1.6957499999999999
25.535714285714285 1.6957499999999999
25.571428571428573 1.6957499999999999
25.607142857142858 1.6957499999999999
25.642857142857142 1.6957499999999999
25.678571428571427 1.6957499999999999
25.714285714285715 1.6957499999999999
25.75 1.6957499999999999
25.785714285714285 1.6957499999999999
25.821428571428573 1.6957499999999999
25.857142857142858 1.6850625
25.892857142857142 1.6850625
25.928571428571427 1.702875
25.964285714285715 1.702875
26.0 1.7064374999999998
26.035714285714285 1.71
26.071428571428573 1.7135624999999999
26.107142857142858 1.7135624999999999
26.142857142857142 1.7135624999999999
26.178571428571427 1.7135624999999999
26.214285714285715 1.7135624999999999
26.25 1.7135624999999999
26.285714285714285 1.71
26.321428571428573 1.71
26.357142857142858 1.71
26.464285714285715 1.71
26.5 1.7563125
26.535714285714285 1.7242499999999998
26.571428571428573 1.7313749999999999
26.607142857142858 1.7349374999999998
26.642857142857142 1.7349374999999998
26.678571428571427 1.7349374999999998
26.714285714285715 1.7349374999999998
26.75 1.7349374999999998
26.785714285714285 1.7349374999999998
26.821428571428573 1.7349374999999998
26.857142857142858 1.7349374999999998
26.892857142857142 1.7349374999999998
26.928571428571427 1.7349374999999998
27.0 1.7349374999999998
27.035714285714285 1.7242499999999998
27.071428571428573 1.7313749999999999
27.107142857142858 1.7420624999999998
27.142857142857142 1.7491875
27.178571428571427 1.7491875
27.214285714285715 1.7491875
27.25 1.7527499999999998
27.285714285714285 1.7527499999999998
27.321428571428573 1.7527499999999998
27.357142857142858 1.7527499999999998
27.392857142857142 1.7563125
27.428571428571427 1.7527499999999998
27.464285714285715 1.7527499999999998
27.5 1.7563125
27.535714285714285 1.7527499999999998
27.642857142857142 1.7527499999999998
27.678571428571427 1.7634374999999998
27.714285714285715 1.767
27.75 1.774125
27.785714285714285 1.774125
27.821428571428573 1.7776874999999999
27.857142857142858 1.7776874999999999
27.892857142857142 1.7776874999999999
27.928571428571427 1.7776874999999999
27.964285714285715 1.7776874999999999
28.0 1.7776874999999999
28.035714285714285 1.7776874999999999
28.071428571428573 1.7776874999999999
28.107142857142858 1.7776874999999999
28.178571428571427 1.774125
28.214285714285715 1.7634374999999998
28.25 1.8133124999999999
28.285714285714285 1.7812499999999998
28.321428571428573 1.7848125
28.357142857142858 1.7883749999999998
28.392857142857142 1.7919375
28.428571428571427 1.7919375
28.464285714285715 1.7919375
28.5 1.7954999999999999
28.535714285714285 1.7954999999999999
28.571428571428573 1.7954999999999999
28.607142857142858 1.7954999999999999
28.642857142857142 1.7954999999999999
28.678571428571427 1.7954999999999999
28.714285714285715 1.7954999999999999
28.75 1.7954999999999999
28.785714285714285 1.7848125
28.821428571428573 1.7883749999999998
28.857142857142858 1.802625
28.892857142857142 1.8061874999999998
28.928571428571427 1.8133124999999999
28.964285714285715 1.8133124999999999
29.0 1.8168749999999998
29.035714285714285 1.8168749999999998
29.071428571428573 1.8168749999999998
29.107142857142858 1.8168749999999998
29.142857142857142 1.8168749999999998
29.178571428571427 1.8168749999999998
29.214285714285715 1.8168749999999998
29.25 1.8168749999999998
29.285714285714285 1.8168749999999998
29.321428571428573 1.8168749999999998
29.392857142857142 1.8133124999999999
29.428571428571427 1.8239999999999998
29.464285714285715 1.831125
29.5 1.8346874999999998
29.535714285714285 1.8346874999999998
29.571428571428573 1.83825
29.607142857142858 1.8418124999999999
29.642857142857142 1.8418124999999999
29.678571428571427 1.83825
29.714285714285715 1.8418124999999999
29.75 1.83825
29.785714285714285 1.8418124999999999
29.821428571428573 1.83825
29.857142857142858 1.83825
29.892857142857142 1.83825
29.928571428571427 1.83825
30.0 1.831125
30.035714285714285 1.8453749999999998
30.071428571428573 1.8489375
30.107142857142858 1.8596249999999999
30.142857142857142 1.8596249999999999
30.178571428571427 1.8596249999999999
30.214285714285715 1.8596249999999999
30.25 1.8596249999999999
30.285714285714285 1.8596249999999999
30.321428571428573 1.8596249999999999
30.357142857142858 1.8596249999999999
30.392857142857142 1.8596249999999999
30.428571428571427 1.8596249999999999
30.464285714285715 1.8596249999999999
30.571428571428573 1.8489375
30.607142857142858 1.8631874999999998
30.642857142857142 1.8703124999999998
30.678571428571427 1.873875
30.714285714285715 1.8774374999999999
30.75 1.873875
30.785714285714285 1.8774374999999999
30.821428571428573 1.873875
30.857142857142858 1.873875
30.892857142857142 1.873875
30.928571428571427 1.873875
30.964285714285715 1.873875
31.0 1.873875
31.035714285714285 1.873875
31.142857142857142 1.873875
31.178571428571427 1.8881249999999998
31.214285714285715 1.8809999999999998
31.25 1.8881249999999998
31.285714285714285 1.8881249999999998
31.321428571428573 1.8881249999999998
31.357142857142858 1.8881249999999998
31.392857142857142 1.8881249999999998
31.428571428571427 1.8881249999999998
31.464285714285715 1.8881249999999998
31.5 1.8881249999999998
31.535714285714285 1.8881249999999998
31.571428571428573 1.8881249999999998
31.607142857142858 1.8881249999999998
31.642857142857142 1.8881249999999998
31.678571428571427 1.8881249999999998
31.75 1.8845625
31.785714285714285 1.9237499999999998
31.821428571428573 1.902375
31.857142857142858 1.902375
31.892857142857142 1.9059374999999998
31.928571428571427 1.9059374999999998
31.964285714285715 1.9130624999999999
32.0 1.9201875
32.035714285714285 1.9201875
32.07142857142857 1.9201875
32.107142857142854 1.9201875
32.142857142857146 1.9201875
32.17857142857143 1.9201875
32.214285714285715 1.9201875
32.25 1.9201875
32.357142857142854 1.9558125
32.392857142857146 1.9415624999999999
32.42857142857143 1.9451249999999998
32.464285714285715 1.9486875
32.5 1.9522499999999998
32.535714285714285 1.9522499999999998
32.57142857142857 1.9522499999999998
32.607142857142854 1.9522499999999998
32.642857142857146 1.9558125
32.67857142857143 1.9522499999999998
32.714285714285715 1.9522499999999998
32.75 1.9522499999999998
32.785714285714285 1.9522499999999998
32.892857142857146 1.9344374999999998
32.92857142857143 1.9415624999999999
32.964285714285715 1.9558125
33.0 1.9629374999999998
33.035714285714285 1.9665
33.07142857142857 1.9665
33.107142857142854 1.9700624999999998
33.142857142857146 1.9700624999999998
33.17857142857143 1.9700624999999998
33.214285714285715 1.9700624999999998
33.25 1.9700624999999998
33.285714285714285 1.9700624999999998
33.32142857142857 1.9700624999999998
33.357142857142854 1.9700624999999998
33.392857142857146 1.9700624999999998
33.5 1.9665
33.535714285714285 1.9878749999999998
33.57142857142857 1.9878749999999998
33.607142857142854 1.9949999999999999
33.642857142857146 1.9949999999999999
33.67857142857143 1.9949999999999999
33.714285714285715 1.9949999999999999
33.75 1.9985624999999998
33.785714285714285 1.9985624999999998
33.82142857142857 1.9985624999999998
33.857142857142854 1.9985624999999998
33.892857142857146 1.9985624999999998
33.92857142857143 1.9949999999999999
33.964285714285715 1.9985624999999998
34.107142857142854 2.0270625
34.142857142857146 2.0128125
34.17857142857143 2.0199374999999997
34.214285714285715 2.0199374999999997
34.25 2.0199374999999997
34.285714285714285 2.0199374999999997
34.32142857142857 2.0199374999999997
34.357142857142854 2.0199374999999997
34.392857142857146 2.0235
34.42857142857143 2.0199374999999997
34.464285714285715 2.0199374999999997
34.5 2.0199374999999997
34.535714285714285 2.0199374999999997
34.57142857142857 2.0235
34.642857142857146 2.0092499999999998
34.67857142857143 2.0199374999999997
34.714285714285715 2.0341875
34.75 2.0413124999999996
34.785714285714285 2.0448749999999998
34.82142857142857 2.0448749999999998
34.857142857142854 2.0448749999999998
34.892857142857146 2.052
34.92857142857143 2.052
34.964285714285715 2.052
35.0 2.052
35.035714285714285 2.052
35.07142857142857 2.052
35.107142857142854 2.052
35.142857142857146 2.052
35.17857142857143 2.0484375
35.214285714285715 2.0413124999999996
35.25 2.0448749999999998
35.285714285714285 2.052
35.32142857142857 2.059125
35.357142857142854 2.0626875
35.392857142857146 2.0662499999999997
35.42857142857143 2.0662499999999997
35.464285714285715 2.0662499999999997
35.5 2.0662499999999997
35.535714285714285 2.0662499999999997
35.57142857142857 2.0662499999999997
35.607142857142854 2.0662499999999997
35.642857142857146 2.0662499999999997
35.67857142857143 2.0662499999999997
35.714285714285715 2.0662499999999997
35.785714285714285 2.0662499999999997
35.82142857142857 2.0662499999999997
35.857142857142854 2.1054375
35.892857142857146 2.087625
35.92857142857143 2.0911874999999998
35.964285714285715 2.09475
36.0 2.0983125
36.035714285714285 2.1018749999999997
36.07142857142857 2.1018749999999997
36.107142857142854 2.1018749999999997
36.142857142857146 2.1018749999999997
36.17857142857143 2.1018749999999997
36.214285714285715 2.1018749999999997
36.25 2.1054375
36.285714285714285 2.1054375
36.32142857142857 2.1054375
36.357142857142854 2.1054375
36.464285714285715 2.1268124999999998
36.5 2.1232499999999996
36.535714285714285 2.1268124999999998
36.57142857142857 2.130375
36.607142857142854 2.130375
36.642857142857146 2.130375
36.67857142857143 2.130375
36.714285714285715 2.130375
36.75 2.130375
36.785714285714285 2.130375
36.82142857142857 2.130375
36.857142857142854 2.130375
36.892857142857146 2.130375
37.0 2.130375
37.035714285714285 2.1588749999999997
37.07142857142857 2.1553125
37.107142857142854 2.1588749999999997
37.142857142857146 2.1624375
37.17857142857143 2.166
37.214285714285715 2.166
37.25 2.166
37.285714285714285 2.166
37.32142857142857 2.166
37.357142857142854 2.166
37.392857142857146 2.166
37.42857142857143 2.166
37.464285714285715 2.166
37.5 2.166
37.607142857142854 2.201625
37.642857142857146 2.187375
37.67857142857143 2.1944999999999997
37.714285714285715 2.1944999999999997
37.75 2.1980625
37.785714285714285 2.201625
37.82142857142857 2.201625
37.857142857142854 2.201625
37.892857142857146 2.201625
37.92857142857143 2.201625
37.964285714285715 2.201625
38.0 2.201625
38.035714285714285 2.201625
38.07142857142857 2.2051874999999996
38.107142857142854 2.2051874999999996
38.17857142857143 2.201625
38.214285714285715 2.2408124999999997
38.25 2.2265625
38.285714285714285 2.2301249999999997
38.32142857142857 2.2336875
38.357142857142854 2.2336875
38.392857142857146 2.2336875
38.42857142857143 2.2336875
38.464285714285715 2.2336875
38.5 2.2336875
38.535714285714285 2.2336875
38.57142857142857 2.2336875
38.607142857142854 2.2336875
38.642857142857146 2.2336875
38.785714285714285 2.2693125
38.82142857142857 2.2515
38.857142857142854 2.2621875
38.892857142857146 2.2621875
38.92857142857143 2.2621875
38.964285714285715 2.2621875
39.0 2.2657499999999997
39.035714285714285 2.2657499999999997
39.07142857142857 2.2657499999999997
39.107142857142854 2.2657499999999997
39.142857142857146 2.2657499999999997
39.17857142857143 2.2657499999999997
39.214285714285715 2.2657499999999997
39.32142857142857 2.2621875
39.357142857142854 2.29425
39.392857142857146 2.28
39.42857142857143 2.2871249999999996
39.464285714285715 2.2906874999999998
39.5 2.29425
39.535714285714285 2.29425
39.57142857142857 2.2978125
39.607142857142854 2.29425
39.642857142857146 2.29425
39.67857142857143 2.2978125
39.714285714285715 2.2978125
39.75 2.2978125
39.785714285714285 2.2978125
39.82142857142857 2.2978125
39.892857142857146 2.2906874999999998
39.92857142857143 2.2978125
