0.03571428571428571 3.4663125
0.07142857142857142 3.4663125
0.10714285714285714 3.4663125
0.14285714285714285 3.4663125
0.17857142857142858 3.4663125
0.21428571428571427 3.4663125
0.25 3.4663125
0.2857142857142857 3.4663125
0.32142857142857145 3.4663125
0.35714285714285715 3.4663125
0.39285714285714285 3.4663125
0.42857142857142855 3.4663125
0.4642857142857143 3.4663125
0.5 3.4663125
0.5357142857142857 3.4663125
0.5714285714285714 3.4663125
0.6071428571428571 3.4663125
0.6428571428571429 3.4663125
0.6785714285714286 3.4663125
0.7142857142857143 3.4663125
0.75 3.4663125
0.7857142857142857 3.4663125
0.8214285714285714 3.4663125
0.8571428571428571 3.4663125
0.8928571428571429 3.4663125
0.9285714285714286 3.4698749999999996
0.9642857142857143 3.4663125
1.0 3.4663125
1.0357142857142858 3.4663125
1.0714285714285714 3.4663125
1.1071428571428572 3.4663125
1.1428571428571428 3.4698749999999996
1.1785714285714286 3.4663125
1.2142857142857142 3.4663125
1.25 3.4663125
1.2857142857142858 3.4663125
1.3214285714285714 3.4663125
1.3571428571428572 3.4698749999999996
1.3928571428571428 3.4663125
1.4285714285714286 3.4663125
1.4642857142857142 3.4663125
1.5 3.4663125
1.5357142857142858 3.4698749999999996
1.5714285714285714 3.4663125
1.6071428571428572 3.4663125
1.6428571428571428 3.4663125
1.6785714285714286 3.4698749999999996
1.7142857142857142 3.4663125
1.75 3.4698749999999996
1.7857142857142858 3.4663125
1.8214285714285714 3.4663125
1.8571428571428572 3.4663125
1.8928571428571428 3.4698749999999996
1.9285714285714286 3.4698749999999996
1.9642857142857142 3.4698749999999996
2.0 3.4698749999999996
2.0357142857142856 3.4698749999999996
2.0714285714285716 3.4698749999999996
2.107142857142857 3.4698749999999996
2.142857142857143 3.4698749999999996
2.1785714285714284 3.4698749999999996
2.2142857142857144 3.4698749999999996
2.25 3.4698749999999996
2.2857142857142856 3.4698749999999996
2.3214285714285716 3.4698749999999996
2.357142857142857 3.4698749999999996
2.392857142857143 3.4698749999999996
2.4285714285714284 3.4698749999999996
2.4642857142857144 3.4698749999999996
2.5 3.4698749999999996
2.5357142857142856 3.4698749999999996
2.5714285714285716 3.4698749999999996
2.607142857142857 3.4698749999999996
2.642857142857143 3.4698749999999996
2.6785714285714284 3.4698749999999996
2.7142857142857144 3.4698749999999996
2.75 3.4698749999999996
2.7857142857142856 3.4698749999999996
2.8214285714285716 3.4698749999999996
2.857142857142857 3.4698749999999996
2.892857142857143 3.4698749999999996
2.9285714285714284 3.4698749999999996
2.9642857142857144 3.4698749999999996
3.0 3.4698749999999996
3.0357142857142856 3.4698749999999996
3.0714285714285716 3.4698749999999996
3.107142857142857 3.4698749999999996
3.142857142857143 3.4698749999999996
3.1785714285714284 3.4698749999999996
3.2142857142857144 3.4698749999999996
3.25 3.4698749999999996
3.2857142857142856 3.4698749999999996
3.3214285714285716 3.4698749999999996
3.357142857142857 3.4698749999999996
3.392857142857143 3.4698749999999996
3.4285714285714284 3.4698749999999996
3.4642857142857144 3.4698749999999996
3.5 3.4698749999999996
3.5357142857142856 3.4698749999999996
3.5714285714285716 3.4698749999999996
3.607142857142857 3.4698749999999996
3.642857142857143 3.4698749999999996
3.6785714285714284 3.4698749999999996
3.7142857142857144 3.4698749999999996
3.75 3.4698749999999996
3.7857142857142856 3.4698749999999996
3.8214285714285716 3.4698749999999996
3.857142857142857 3.4698749999999996
3.892857142857143 3.4698749999999996
3.9285714285714284 3.4698749999999996
3.9642857142857144 3.4698749999999996
4.0 3.4698749999999996
4.035714285714286 3.4698749999999996
4.071428571428571 3.4698749999999996
4.107142857142857 3.4698749999999996
4.142857142857143 3.4698749999999996
4.178571428571429 3.4698749999999996
4.214285714285714 3.4698749999999996
4.25 3.4698749999999996
4.285714285714286 3.4698749999999996
4.321428571428571 3.4698749999999996
4.357142857142857 3.4698749999999996
4.392857142857143 3.4698749999999996
4.428571428571429 3.4698749999999996
4.464285714285714 3.4698749999999996
4.5 3.4698749999999996
4.535714285714286 3.4698749999999996
4.571428571428571 3.4698749999999996
4.607142857142857 3.4698749999999996
4.642857142857143 3.4698749999999996
4.678571428571429 3.4698749999999996
4.714285714285714 3.4698749999999996
4.75 3.4698749999999996
4.785714285714286 3.4698749999999996
4.821428571428571 3.4698749999999996
4.857142857142857 3.4698749999999996
4.892857142857143 3.4698749999999996
4.928571428571429 3.4698749999999996
4.964285714285714 3.4698749999999996
5.0 3.4734374999999997
5.035714285714286 3.4734374999999997
5.071428571428571 3.4734374999999997
5.107142857142857 3.4698749999999996
5.142857142857143 3.4698749999999996
5.178571428571429 3.4698749999999996
5.214285714285714 3.4805624999999996
5.25 3.49125
5.285714285714286 3.5054999999999996
5.321428571428571 3.512625
5.357142857142857 3.534
5.392857142857143 3.534
5.428571428571429 3.5375625
5.464285714285714 3.5589375
5.5 3.569625
5.535714285714286 3.5767499999999997
5.571428571428571 3.5767499999999997
5.607142857142857 3.5731875
5.642857142857143 3.5553749999999997
5.678571428571429 3.5411249999999996
5.714285714285714 3.5054999999999996
5.75 3.5161874999999996
5.785714285714286 3.5233125
5.821428571428571 3.5304374999999997
5.857142857142857 3.5518124999999996
5.892857142857143 3.5624999999999996
5.928571428571429 3.5589375
5.964285714285714 3.5553749999999997
6.0 3.5161874999999996
6.035714285714286 3.5411249999999996
6.071428571428571 3.5411249999999996
6.107142857142857 3.5375625
6.142857142857143 3.5375625
6.178571428571429 3.534
6.214285714285714 3.2596874999999996
6.25 3.5304374999999997
6.285714285714286 3.5304374999999997
6.321428571428571 3.534
6.357142857142857 3.5304374999999997
6.392857142857143 3.5268749999999995
6.428571428571429 3.5304374999999997
6.464285714285714 3.5304374999999997
6.5 3.5268749999999995
6.535714285714286 3.5268749999999995
6.571428571428571 3.5233125
6.607142857142857 3.5233125
6.642857142857143 3.5233125
6.678571428571429 3.5233125
6.714285714285714 3.5233125
6.75 3.5197499999999997
6.785714285714286 3.5161874999999996
6.821428571428571 3.5197499999999997
6.857142857142857 3.5161874999999996
6.892857142857143 3.5161874999999996
6.928571428571429 3.5161874999999996
6.964285714285714 3.5161874999999996
7.0 3.5161874999999996
7.035714285714286 3.5161874999999996
7.071428571428571 3.5161874999999996
7.107142857142857 3.5161874999999996
7.142857142857143 3.5161874999999996
7.178571428571429 3.5161874999999996
7.214285714285714 3.512625
7.25 3.512625
7.285714285714286 3.5161874999999996
7.321428571428571 3.5161874999999996
7.357142857142857 3.512625
7.392857142857143 3.512625
7.428571428571429 3.512625
7.464285714285714 3.512625
7.5 3.512625
7.535714285714286 3.512625
7.571428571428571 3.512625
7.607142857142857 3.512625
7.642857142857143 3.5090624999999998
7.678571428571429 3.512625
7.714285714285714 3.512625
7.75 3.512625
7.785714285714286 3.512625
7.821428571428571 3.512625
7.857142857142857 3.512625
7.892857142857143 3.512625
7.928571428571429 3.512625
7.964285714285714 3.5090624999999998
8.0 3.512625
8.035714285714286 3.512625
8.071428571428571 3.5090624999999998
8.107142857142858 3.512625
8.142857142857142 3.5090624999999998
8.178571428571429 3.5090624999999998
8.214285714285714 3.512625
8.25 3.5090624999999998
8.285714285714286 3.5090624999999998
8.321428571428571 3.5090624999999998
8.357142857142858 3.5090624999999998
8.392857142857142 3.5090624999999998
8.428571428571429 3.5090624999999998
8.464285714285714 3.5090624999999998
8.5 3.5090624999999998
8.535714285714286 3.5090624999999998
8.571428571428571 3.5090624999999998
8.607142857142858 3.5090624999999998
8.642857142857142 3.498375
8.678571428571429 3.498375
8.714285714285714 3.5090624999999998
8.75 3.5090624999999998
8.785714285714286 3.5090624999999998
8.821428571428571 3.4948124999999997
8.857142857142858 3.5090624999999998
8.892857142857142 3.5090624999999998
8.928571428571429 3.4948124999999997
8.964285714285714 3.5090624999999998
9.0 3.5090624999999998
9.035714285714286 3.4948124999999997
9.071428571428571 3.4948124999999997
9.107142857142858 3.4948124999999997
9.142857142857142 3.5090624999999998
9.178571428571429 3.4948124999999997
9.214285714285714 3.5090624999999998
9.25 3.5090624999999998
9.285714285714286 3.5090624999999998
9.321428571428571 3.5090624999999998
9.357142857142858 3.5090624999999998
9.392857142857142 3.5090624999999998
9.428571428571429 3.5090624999999998
9.464285714285714 3.5090624999999998
9.5 3.5090624999999998
9.535714285714286 3.5090624999999998
9.571428571428571 3.5090624999999998
9.607142857142858 3.5090624999999998
9.642857142857142 3.5090624999999998
9.678571428571429 3.5090624999999998
9.714285714285714 3.5090624999999998
9.75 3.5090624999999998
9.785714285714286 3.5090624999999998
9.821428571428571 3.5090624999999998
9.857142857142858 3.5090624999999998
9.892857142857142 3.5090624999999998
9.928571428571429 3.5090624999999998
9.964285714285714 3.5090624999999998
10.0 3.5090624999999998
10.035714285714286 3.5090624999999998
10.071428571428571 3.5090624999999998
10.107142857142858 3.5090624999999998
10.142857142857142 3.5090624999999998
10.178571428571429 3.5090624999999998
10.214285714285714 3.5090624999999998
10.25 3.5090624999999998
10.285714285714286 3.5090624999999998
10.321428571428571 3.5090624999999998
10.357142857142858 3.5090624999999998
10.392857142857142 3.5090624999999998
10.428571428571429 3.5090624999999998
10.464285714285714 3.5090624999999998
10.5 3.5090624999999998
10.535714285714286 3.5090624999999998
10.571428571428571 3.5090624999999998
10.607142857142858 3.5090624999999998
10.642857142857142 3.5090624999999998
10.678571428571429 3.5090624999999998
10.714285714285714 3.5054999999999996
10.75 3.5054999999999996
10.785714285714286 3.5054999999999996
10.821428571428571 3.5054999999999996
10.857142857142858 3.5054999999999996
10.892857142857142 3.5054999999999996
10.928571428571429 3.5054999999999996
10.964285714285714 3.5054999999999996
11.0 3.5054999999999996
11.035714285714286 3.5054999999999996
11.071428571428571 3.5090624999999998
11.107142857142858 3.5054999999999996
11.142857142857142 3.5054999999999996
11.178571428571429 3.5054999999999996
11.214285714285714 3.5054999999999996
11.25 3.5054999999999996
11.285714285714286 3.5054999999999996
11.321428571428571 3.5054999999999996
11.357142857142858 3.5054999999999996
11.392857142857142 3.5054999999999996
11.428571428571429 3.5054999999999996
11.464285714285714 3.5054999999999996
11.5 3.5054999999999996
11.535714285714286 3.5054999999999996
11.571428571428571 3.5054999999999996
11.607142857142858 3.5054999999999996
11.642857142857142 3.5054999999999996
11.678571428571429 3.5054999999999996
11.714285714285714 3.5054999999999996
11.75 3.5054999999999996
11.785714285714286 3.5054999999999996
11.821428571428571 3.5054999999999996
11.857142857142858 3.5054999999999996
11.892857142857142 3.5054999999999996
11.928571428571429 3.5054999999999996
11.964285714285714 3.5054999999999996
12.0 3.5054999999999996
12.035714285714286 3.5054999999999996
12.071428571428571 3.5054999999999996
12.107142857142858 3.5054999999999996
12.142857142857142 3.5054999999999996
12.178571428571429 3.5054999999999996
12.214285714285714 3.5054999999999996
12.25 3.5054999999999996
12.285714285714286 3.5054999999999996
12.321428571428571 3.5054999999999996
12.357142857142858 3.5054999999999996
12.392857142857142 3.5054999999999996
12.428571428571429 3.5054999999999996
12.464285714285714 3.5054999999999996
12.5 3.5054999999999996
12.535714285714286 3.5054999999999996
12.571428571428571 3.5054999999999996
12.607142857142858 3.5054999999999996
12.642857142857142 3.5054999999999996
12.678571428571429 3.5054999999999996
12.714285714285714 3.5054999999999996
12.75 3.5054999999999996
12.785714285714286 3.5054999999999996
12.821428571428571 3.5054999999999996
12.857142857142858 3.5054999999999996
12.892857142857142 3.5054999999999996
12.928571428571429 3.5054999999999996
12.964285714285714 3.5054999999999996
13.0 3.5019375
13.035714285714286 3.5019375
13.071428571428571 3.5054999999999996
13.107142857142858 3.5054999999999996
13.142857142857142 3.5054999999999996
13.178571428571429 3.5054999999999996
13.214285714285714 3.5054999999999996
13.25 3.5054999999999996
13.285714285714286 3.5054999999999996
13.321428571428571 3.5054999999999996
13.357142857142858 3.5054999999999996
13.392857142857142 3.5054999999999996
13.428571428571429 3.49125
13.464285714285714 3.5054999999999996
13.5 3.5054999999999996
13.535714285714286 3.5054999999999996
13.571428571428571 3.5054999999999996
13.607142857142858 3.5054999999999996
13.642857142857142 3.5054999999999996
13.678571428571429 3.5054999999999996
13.714285714285714 3.5019375
13.75 3.5019375
13.785714285714286 3.5054999999999996
13.821428571428571 3.5019375
13.857142857142858 3.5019375
13.892857142857142 3.5019375
13.928571428571429 3.5019375
13.964285714285714 3.5054999999999996
14.0 3.5054999999999996
14.035714285714286 3.5054999999999996
14.071428571428571 3.5019375
14.107142857142858 3.5054999999999996
14.142857142857142 3.5054999999999996
14.178571428571429 3.5054999999999996
14.214285714285714 3.5054999999999996
14.25 3.5054999999999996
14.285714285714286 3.5054999999999996
14.321428571428571 3.5054999999999996
14.357142857142858 3.5054999999999996
14.392857142857142 3.5054999999999996
14.428571428571429 3.5054999999999996
14.464285714285714 3.5054999999999996
14.5 3.5054999999999996
14.535714285714286 3.5054999999999996
14.571428571428571 3.5054999999999996
14.607142857142858 3.5054999999999996
14.642857142857142 3.5054999999999996
14.678571428571429 3.5054999999999996
14.714285714285714 3.5054999999999996
14.75 3.5054999999999996
14.785714285714286 3.5054999999999996
14.821428571428571 3.5054999999999996
14.857142857142858 3.5054999999999996
14.892857142857142 3.5054999999999996
14.928571428571429 3.5054999999999996
14.964285714285714 3.5054999999999996
15.0 3.5054999999999996
15.035714285714286 3.5054999999999996
15.071428571428571 3.5054999999999996
15.107142857142858 3.5054999999999996
15.142857142857142 3.5054999999999996
15.178571428571429 3.5054999999999996
15.214285714285714 3.5054999999999996
15.25 3.5054999999999996
15.285714285714286 3.5019375
15.321428571428571 3.5054999999999996
15.357142857142858 3.5054999999999996
15.392857142857142 3.5054999999999996
15.428571428571429 3.5054999999999996
15.464285714285714 3.5054999999999996
15.5 3.498375
15.535714285714286 3.4948124999999997
15.571428571428571 3.2489999999999997
15.607142857142858 3.5054999999999996
15.642857142857142 3.5019375
15.678571428571429 3.5019375
15.714285714285714 3.5304374999999997
15.75 3.5553749999999997
15.785714285714286 3.5446874999999998
15.821428571428571 3.5197499999999997
15.857142857142858 3.5161874999999996
15.892857142857142 3.512625
15.928571428571429 3.5090624999999998
15.964285714285714 3.498375
16.0 3.4948124999999997
16.035714285714285 3.4948124999999997
16.071428571428573 3.498375
16.107142857142858 3.4948124999999997
16.142857142857142 3.5019375
16.178571428571427 3.5019375
16.214285714285715 3.5019375
16.25 3.5019375
16.285714285714285 3.5019375
16.321428571428573 3.512625
16.357142857142858 3.5161874999999996
16.392857142857142 3.3629999999999995
16.428571428571427 3.4876875
16.464285714285715 3.4876875
16.5 3.477
16.535714285714285 3.4734374999999997
16.571428571428573 3.4734374999999997
16.607142857142858 3.4698749999999996
16.642857142857142 3.4698749999999996
16.678571428571427 3.4698749999999996
16.714285714285715 3.4698749999999996
16.75 3.4698749999999996
16.785714285714285 3.4663125
16.821428571428573 3.4663125
16.857142857142858 3.4627499999999998
16.892857142857142 3.4627499999999998
16.928571428571427 3.4627499999999998
16.964285714285715 3.4627499999999998
17.0 3.4627499999999998
17.035714285714285 3.4663125
17.071428571428573 3.4627499999999998
17.107142857142858 3.4627499999999998
17.142857142857142 3.4627499999999998
17.178571428571427 3.4627499999999998
17.214285714285715 3.4627499999999998
17.25 3.4627499999999998
17.285714285714285 3.4627499999999998
17.321428571428573 3.4627499999999998
17.357142857142858 3.4627499999999998
17.392857142857142 3.4627499999999998
17.428571428571427 3.4627499999999998
17.464285714285715 3.4627499999999998
17.5 3.4627499999999998
17.535714285714285 3.4627499999999998
17.571428571428573 3.4627499999999998
17.607142857142858 3.4627499999999998
17.642857142857142 3.4627499999999998
17.678571428571427 3.4627499999999998
17.714285714285715 3.4627499999999998
17.75 3.4627499999999998
17.785714285714285 3.4627499999999998
17.821428571428573 3.4627499999999998
17.857142857142858 3.4627499999999998
17.892857142857142 3.4627499999999998
17.928571428571427 3.4627499999999998
17.964285714285715 3.4627499999999998
18.0 3.4627499999999998
18.035714285714285 3.4627499999999998
18.071428571428573 3.4627499999999998
18.107142857142858 3.4627499999999998
18.142857142857142 3.4627499999999998
18.178571428571427 3.4627499999999998
18.214285714285715 3.4627499999999998
18.25 3.4627499999999998
18.285714285714285 3.4627499999999998
18.321428571428573 3.4627499999999998
18.357142857142858 3.4627499999999998
18.392857142857142 3.4627499999999998
18.428571428571427 3.4627499999999998
18.464285714285715 3.4627499999999998
18.5 3.4591874999999996
18.535714285714285 3.4591874999999996
18.571428571428573 3.4591874999999996
18.607142857142858 3.4591874999999996
18.642857142857142 3.4591874999999996
18.678571428571427 3.4591874999999996
18.714285714285715 3.4591874999999996
18.75 3.4591874999999996
18.785714285714285 3.4591874999999996
18.821428571428573 3.4591874999999996
18.857142857142858 3.455625
18.892857142857142 3.455625
18.928571428571427 3.455625
18.964285714285715 3.455625
19.0 3.455625
19.035714285714285 3.4591874999999996
19.071428571428573 3.455625
19.107142857142858 3.455625
19.142857142857142 3.455625
19.178571428571427 3.455625
19.214285714285715 3.455625
19.25 3.455625
19.285714285714285 3.455625
19.321428571428573 3.455625
19.357142857142858 3.455625
19.392857142857142 3.455625
19.428571428571427 3.455625
19.464285714285715 3.455625
19.5 3.455625
19.535714285714285 3.455625
19.571428571428573 3.455625
19.607142857142858 3.455625
19.642857142857142 3.455625
19.678571428571427 3.455625
19.714285714285715 3.455625
19.75 3.455625
19.785714285714285 3.455625
19.821428571428573 3.455625
19.857142857142858 3.455625
19.892857142857142 3.455625
19.928571428571427 3.455625
19.964285714285715 3.455625
20.0 3.455625
20.035714285714285 3.455625
20.071428571428573 3.455625
20.107142857142858 3.455625
20.142857142857142 3.455625
20.178571428571427 3.455625
20.214285714285715 3.455625
20.25 3.455625
20.285714285714285 3.455625
20.321428571428573 3.455625
20.357142857142858 3.455625
20.392857142857142 3.455625
20.428571428571427 3.455625
20.464285714285715 3.455625
20.5 3.455625
20.535714285714285 3.455625
20.571428571428573 3.455625
20.607142857142858 3.455625
20.642857142857142 3.455625
20.678571428571427 3.455625
20.714285714285715 3.455625
20.75 3.455625
20.785714285714285 3.455625
20.821428571428573 3.455625
20.857142857142858 3.455625
20.892857142857142 3.455625
20.928571428571427 3.455625
20.964285714285715 3.455625
21.0 3.455625
21.035714285714285 3.455625
21.071428571428573 3.455625
21.107142857142858 3.455625
21.142857142857142 3.455625
21.178571428571427 3.455625
21.214285714285715 3.455625
21.25 3.455625
21.285714285714285 3.455625
21.321428571428573 3.455625
21.357142857142858 3.455625
21.392857142857142 3.455625
21.428571428571427 3.455625
21.464285714285715 3.455625
21.5 3.455625
21.535714285714285 3.455625
21.571428571428573 3.455625
21.607142857142858 3.455625
21.642857142857142 3.455625
21.678571428571427 3.455625
21.714285714285715 3.455625
21.75 3.455625
21.785714285714285 3.455625
21.821428571428573 3.455625
21.857142857142858 3.455625
21.892857142857142 3.455625
21.928571428571427 3.455625
21.964285714285715 3.455625
22.0 3.455625
22.035714285714285 3.455625
22.071428571428573 3.455625
22.107142857142858 3.455625
22.142857142857142 3.455625
22.178571428571427 3.455625
22.214285714285715 3.455625
22.25 3.455625
22.285714285714285 3.455625
22.321428571428573 3.455625
22.357142857142858 3.455625
22.392857142857142 3.455625
22.428571428571427 3.455625
22.464285714285715 3.455625
22.5 3.455625
22.535714285714285 3.455625
22.571428571428573 3.455625
22.607142857142858 3.455625
22.642857142857142 3.455625
22.678571428571427 3.455625
22.714285714285715 3.455625
22.75 3.455625
22.785714285714285 3.455625
22.821428571428573 3.455625
22.857142857142858 3.4520625
22.892857142857142 3.4520625
22.928571428571427 3.455625
22.964285714285715 3.455625
23.0 3.4520625
23.035714285714285 3.4520625
23.071428571428573 3.455625
23.107142857142858 3.455625
23.142857142857142 3.455625
23.178571428571427 3.455625
23.214285714285715 3.455625
23.25 3.455625
23.285714285714285 3.455625
23.321428571428573 3.455625
23.357142857142858 3.4520625
23.392857142857142 3.455625
23.428571428571427 3.455625
23.464285714285715 3.455625
23.5 3.4520625
23.535714285714285 3.455625
23.571428571428573 3.455625
23.607142857142858 3.455625
23.642857142857142 3.455625
23.678571428571427 3.455625
23.714285714285715 3.455625
23.75 3.455625
23.785714285714285 3.455625
23.821428571428573 3.455625
23.857142857142858 3.4520625
23.892857142857142 3.455625
23.928571428571427 3.455625
23.964285714285715 3.4520625
24.0 3.455625
24.035714285714285 3.455625
24.071428571428573 3.4520625
24.107142857142858 3.4520625
24.142857142857142 3.4520625
24.178571428571427 3.4520625
24.214285714285715 3.4520625
24.25 3.4520625
24.285714285714285 3.4520625
24.321428571428573 3.455625
24.357142857142858 3.4520625
24.392857142857142 3.455625
24.428571428571427 3.4520625
24.464285714285715 3.455625
24.5 3.455625
24.535714285714285 3.4520625
24.571428571428573 3.4520625
24.607142857142858 3.455625
24.642857142857142 3.455625
24.678571428571427 3.4520625
24.714285714285715 3.455625
24.75 3.455625
24.785714285714285 3.4520625
24.821428571428573 3.455625
24.857142857142858 3.455625
24.892857142857142 3.455625
24.928571428571427 3.455625
24.964285714285715 3.455625
25.0 3.4520625
25.035714285714285 3.4520625
25.071428571428573 3.4520625
25.107142857142858 3.4520625
25.142857142857142 3.4520625
25.178571428571427 3.4520625
25.214285714285715 3.4520625
25.25 3.4520625
25.285714285714285 3.4520625
25.321428571428573 3.4484999999999997
25.357142857142858 3.4520625
25.392857142857142 3.4520625
25.428571428571427 3.1741875
25.464285714285715 3.4484999999999997
25.5 3.4520625
25.535714285714285 3.4520625
25.571428571428573 3.4520625
25.607142857142858 3.441375
25.642857142857142 3.4378124999999997
25.678571428571427 3.4306875
25.714285714285715 3.4306875
25.75 3.4378124999999997
25.785714285714285 3.4378124999999997
25.821428571428573 3.4378124999999997
25.857142857142858 3.42
25.892857142857142 3.4342499999999996
25.928571428571427 3.4342499999999996
25.964285714285715 3.441375
26.0 3.4520625
26.035714285714285 3.4520625
26.071428571428573 3.455625
26.107142857142858 3.455625
26.142857142857142 3.2739374999999997
26.178571428571427 3.4271249999999998
26.214285714285715 3.4484999999999997
26.25 3.455625
26.285714285714285 3.455625
26.321428571428573 3.4520625
26.357142857142858 3.4484999999999997
26.392857142857142 3.4484999999999997
26.428571428571427 3.4484999999999997
26.464285714285715 3.4484999999999997
26.5 3.4484999999999997
26.535714285714285 3.4484999999999997
26.571428571428573 3.4484999999999997
26.607142857142858 3.4484999999999997
26.642857142857142 3.4484999999999997
26.678571428571427 3.4484999999999997
26.714285714285715 3.4484999999999997
26.75 3.4484999999999997
26.785714285714285 3.4484999999999997
26.821428571428573 3.4484999999999997
26.857142857142858 3.4484999999999997
26.892857142857142 3.4484999999999997
26.928571428571427 3.4449374999999995
26.964285714285715 3.4449374999999995
27.0 3.4449374999999995
27.035714285714285 3.4449374999999995
27.071428571428573 3.4449374999999995
27.107142857142858 3.4449374999999995
27.142857142857142 3.4449374999999995
27.178571428571427 3.4449374999999995
27.214285714285715 3.4449374999999995
27.25 3.4449374999999995
27.285714285714285 3.4449374999999995
27.321428571428573 3.4449374999999995
27.357142857142858 3.441375
27.392857142857142 3.4449374999999995
27.428571428571427 3.4449374999999995
27.464285714285715 3.4449374999999995
27.5 3.4449374999999995
27.535714285714285 3.441375
27.571428571428573 3.441375
27.607142857142858 3.441375
27.642857142857142 3.441375
27.678571428571427 3.441375
27.714285714285715 3.441375
27.75 3.441375
27.785714285714285 3.441375
27.821428571428573 3.441375
27.857142857142858 3.441375
27.892857142857142 3.441375
27.928571428571427 3.441375
27.964285714285715 3.441375
28.0 3.441375
28.035714285714285 3.441375
28.071428571428573 3.441375
28.107142857142858 3.441375
28.142857142857142 3.441375
28.178571428571427 3.441375
28.214285714285715 3.441375
28.25 3.441375
28.285714285714285 3.441375
28.321428571428573 3.441375
28.357142857142858 3.441375
28.392857142857142 3.441375
28.428571428571427 3.441375
28.464285714285715 3.441375
28.5 3.441375
28.535714285714285 3.441375
28.571428571428573 3.441375
28.607142857142858 3.441375
28.642857142857142 3.441375
28.678571428571427 3.441375
28.714285714285715 3.441375
28.75 3.441375
28.785714285714285 3.441375
28.821428571428573 3.441375
28.857142857142858 3.441375
28.892857142857142 3.441375
28.928571428571427 3.441375
28.964285714285715 3.441375
29.0 3.441375
29.035714285714285 3.441375
29.071428571428573 3.441375
29.107142857142858 3.441375
29.142857142857142 3.441375
29.178571428571427 3.441375
29.214285714285715 3.4378124999999997
29.25 3.4378124999999997
29.285714285714285 3.4378124999999997
29.321428571428573 3.4378124999999997
29.357142857142858 3.4378124999999997
29.392857142857142 3.4378124999999997
29.428571428571427 3.4378124999999997
29.464285714285715 3.4378124999999997
29.5 3.4378124999999997
29.535714285714285 3.4378124999999997
29.571428571428573 3.4378124999999997
29.607142857142858 3.4378124999999997
29.642857142857142 3.4378124999999997
29.678571428571427 3.4378124999999997
29.714285714285715 3.4378124999999997
29.75 3.4378124999999997
29.785714285714285 3.4378124999999997
29.821428571428573 3.4378124999999997
29.857142857142858 3.4378124999999997
29.892857142857142 3.4378124999999997
29.928571428571427 3.4378124999999997
29.964285714285715 3.4378124999999997
30.0 3.4378124999999997
30.035714285714285 3.4378124999999997
30.071428571428573 3.4378124999999997
30.107142857142858 3.4378124999999997
30.142857142857142 3.4378124999999997
30.178571428571427 3.4378124999999997
30.214285714285715 3.4378124999999997
30.25 3.4378124999999997
30.285714285714285 3.4378124999999997
30.321428571428573 3.4378124999999997
30.357142857142858 3.4378124999999997
30.392857142857142 3.4378124999999997
30.428571428571427 3.4378124999999997
30.464285714285715 3.4378124999999997
30.5 3.4378124999999997
30.535714285714285 3.4378124999999997
30.571428571428573 3.4378124999999997
30.607142857142858 3.4378124999999997
30.642857142857142 3.4378124999999997
30.678571428571427 3.4378124999999997
30.714285714285715 3.4378124999999997
30.75 3.4378124999999997
30.785714285714285 3.4378124999999997
30.821428571428573 3.4378124999999997
30.857142857142858 3.4378124999999997
30.892857142857142 3.4378124999999997
30.928571428571427 3.4378124999999997
30.964285714285715 3.4378124999999997
31.0 3.4378124999999997
31.035714285714285 3.4378124999999997
31.071428571428573 3.4378124999999997
31.107142857142858 3.4378124999999997
31.142857142857142 3.4378124999999997
31.178571428571427 3.4378124999999997
31.214285714285715 3.4378124999999997
31.25 3.4378124999999997
31.285714285714285 3.4378124999999997
31.321428571428573 3.4378124999999997
31.357142857142858 3.4378124999999997
31.392857142857142 3.4378124999999997
31.428571428571427 3.4378124999999997
31.464285714285715 3.4378124999999997
31.5 3.4378124999999997
31.535714285714285 3.4378124999999997
31.571428571428573 3.4378124999999997
31.607142857142858 3.4378124999999997
31.642857142857142 3.4342499999999996
31.678571428571427 3.4342499999999996
31.714285714285715 3.4378124999999997
31.75 3.4378124999999997
31.785714285714285 3.4378124999999997
31.821428571428573 3.4378124999999997
31.857142857142858 3.4378124999999997
31.892857142857142 3.4378124999999997
31.928571428571427 3.4378124999999997
31.964285714285715 3.4378124999999997
32.0 3.4378124999999997
32.035714285714285 3.4378124999999997
32.07142857142857 3.4378124999999997
32.107142857142854 3.4378124999999997
32.142857142857146 3.4378124999999997
32.17857142857143 3.4378124999999997
32.214285714285715 3.4342499999999996
32.25 3.4378124999999997
32.285714285714285 3.4378124999999997
32.32142857142857 3.4378124999999997
32.357142857142854 3.4378124999999997
32.392857142857146 3.4378124999999997
32.42857142857143 3.4378124999999997
32.464285714285715 3.4342499999999996
32.5 3.4342499999999996
32.535714285714285 3.4342499999999996
32.57142857142857 3.4342499999999996
32.607142857142854 3.4378124999999997
32.642857142857146 3.4378124999999997
32.67857142857143 3.4342499999999996
32.714285714285715 3.4342499999999996
32.75 3.4342499999999996
32.785714285714285 3.4342499999999996
32.82142857142857 3.4342499999999996
32.857142857142854 3.4378124999999997
32.892857142857146 3.4342499999999996
32.92857142857143 3.4342499999999996
32.964285714285715 3.4342499999999996
33.0 3.4342499999999996
33.035714285714285 3.4342499999999996
33.07142857142857 3.4342499999999996
33.107142857142854 3.4342499999999996
33.142857142857146 3.4342499999999996
33.17857142857143 3.4378124999999997
33.214285714285715 3.4378124999999997
33.25 3.4378124999999997
33.285714285714285 3.4378124999999997
33.32142857142857 3.4378124999999997
33.357142857142854 3.4378124999999997
33.392857142857146 3.4342499999999996
33.42857142857143 3.4342499999999996
33.464285714285715 3.4342499999999996
33.5 3.4342499999999996
33.535714285714285 3.4378124999999997
33.57142857142857 3.4342499999999996
33.607142857142854 3.4378124999999997
33.642857142857146 3.4378124999999997
33.67857142857143 3.4378124999999997
33.714285714285715 3.4378124999999997
33.75 3.4378124999999997
33.785714285714285 3.4378124999999997
33.82142857142857 3.4378124999999997
33.857142857142854 3.4378124999999997
33.892857142857146 3.4378124999999997
33.92857142857143 3.4342499999999996
33.964285714285715 3.4378124999999997
34.0 3.4378124999999997
34.035714285714285 3.4378124999999997
34.07142857142857 3.4342499999999996
34.107142857142854 3.4378124999999997
34.142857142857146 3.4378124999999997
34.17857142857143 3.4378124999999997
34.214285714285715 3.4378124999999997
34.25 3.4378124999999997
34.285714285714285 3.4378124999999997
34.32142857142857 3.4378124999999997
34.357142857142854 3.4378124999999997
34.392857142857146 3.4378124999999997
34.42857142857143 3.4342499999999996
34.464285714285715 3.4342499999999996
34.5 3.4378124999999997
34.535714285714285 3.4342499999999996
34.57142857142857 3.4342499999999996
34.607142857142854 3.4342499999999996
34.642857142857146 3.4378124999999997
34.67857142857143 3.4378124999999997
34.714285714285715 3.4342499999999996
34.75 3.4378124999999997
34.785714285714285 3.4378124999999997
34.82142857142857 3.4378124999999997
34.857142857142854 3.4378124999999997
34.892857142857146 3.4342499999999996
34.92857142857143 3.4342499999999996
34.964285714285715 3.4378124999999997
35.0 3.4342499999999996
35.035714285714285 3.4342499999999996
35.07142857142857 3.4378124999999997
35.107142857142854 3.4342499999999996
35.142857142857146 3.4342499999999996
35.17857142857143 3.4378124999999997
35.214285714285715 3.4378124999999997
35.25 3.0708749999999996
35.285714285714285 3.1385625
35.32142857142857 3.1777499999999996
35.357142857142854 3.127875
35.392857142857146 3.1670624999999997
35.42857142857143 3.1670624999999997
35.464285714285715 3.2240624999999996
35.5 3.4306875
35.535714285714285 3.4164375
35.57142857142857 3.4021874999999997
35.607142857142854 3.3986249999999996
35.642857142857146 3.4021874999999997
35.67857142857143 3.4021874999999997
35.714285714285715 3.4021874999999997
35.75 3.3986249999999996
35.785714285714285 3.3950625
35.82142857142857 3.3950625
35.857142857142854 3.40575
35.892857142857146 3.4093125
35.92857142857143 3.4128749999999997
35.964285714285715 3.4128749999999997
36.0 3.4164375
36.035714285714285 3.2810624999999995
36.07142857142857 3.4128749999999997
36.107142857142854 3.2739374999999997
36.142857142857146 3.2596874999999996
36.17857142857143 3.1813124999999998
36.214285714285715 3.2098125
36.25 3.3808124999999998
36.285714285714285 3.3772499999999996
36.32142857142857 3.3736875
36.357142857142854 3.370125
36.392857142857146 3.3665624999999997
36.42857142857143 3.3665624999999997
36.464285714285715 3.3665624999999997
36.5 3.3665624999999997
36.535714285714285 3.3665624999999997
36.57142857142857 3.3665624999999997
36.607142857142854 3.3665624999999997
36.642857142857146 3.3665624999999997
36.67857142857143 3.3665624999999997
36.714285714285715 3.3665624999999997
36.75 3.3665624999999997
36.785714285714285 3.3665624999999997
36.82142857142857 3.3665624999999997
36.857142857142854 3.3665624999999997
36.892857142857146 3.3629999999999995
36.92857142857143 3.3629999999999995
36.964285714285715 3.3629999999999995
37.0 3.3629999999999995
37.035714285714285 3.3629999999999995
37.07142857142857 3.3629999999999995
37.107142857142854 3.3629999999999995
37.142857142857146 3.3629999999999995
37.17857142857143 3.3629999999999995
37.214285714285715 3.3594375
37.25 3.3594375
37.285714285714285 3.3594375
37.32142857142857 3.3594375
37.357142857142854 3.3594375
37.392857142857146 3.3594375
37.42857142857143 3.3594375
37.464285714285715 3.3594375
37.5 3.3594375
37.535714285714285 3.3594375
37.57142857142857 3.3594375
37.607142857142854 3.3594375
37.642857142857146 3.3594375
37.67857142857143 3.3594375
37.714285714285715 3.3594375
37.75 3.3594375
37.785714285714285 3.3594375
37.82142857142857 3.3594375
37.857142857142854 3.3594375
37.892857142857146 3.3594375
37.92857142857143 3.3594375
37.964285714285715 3.3594375
38.0 3.3594375
38.035714285714285 3.3594375
38.07142857142857 3.3594375
38.107142857142854 3.3594375
38.142857142857146 3.3594375
38.17857142857143 3.3594375
38.214285714285715 3.3594375
38.25 3.3594375
38.285714285714285 3.3594375
38.32142857142857 3.3594375
38.357142857142854 3.3594375
38.392857142857146 3.3594375
38.42857142857143 3.3594375
38.464285714285715 3.3594375
38.5 3.3594375
38.535714285714285 3.3594375
38.57142857142857 3.3594375
38.607142857142854 3.3594375
38.642857142857146 3.3594375
38.67857142857143 3.3594375
38.714285714285715 3.3594375
38.75 3.3594375
38.785714285714285 3.3594375
38.82142857142857 3.3558749999999997
38.857142857142854 3.3558749999999997
38.892857142857146 3.3594375
38.92857142857143 3.3558749999999997
38.964285714285715 3.3594375
39.0 3.3594375
39.035714285714285 3.3558749999999997
39.07142857142857 3.3558749999999997
39.107142857142854 3.3558749999999997
39.142857142857146 3.3558749999999997
39.17857142857143 3.3558749999999997
39.214285714285715 3.3558749999999997
39.25 3.3558749999999997
39.285714285714285 3.3558749999999997
39.32142857142857 3.3558749999999997
39.357142857142854 3.3558749999999997
39.392857142857146 3.3558749999999997
39.42857142857143 3.3558749999999997
39.464285714285715 3.3558749999999997
39.5 3.3558749999999997
39.535714285714285 3.3558749999999997
39.57142857142857 3.3558749999999997
39.607142857142854 3.3558749999999997
39.642857142857146 3.3558749999999997
39.67857142857143 3.3558749999999997
39.714285714285715 3.3523124999999996
39.75 3.3558749999999997
39.785714285714285 3.3523124999999996
39.82142857142857 3.3523124999999996
39.857142857142854 3.3523124999999996
39.892857142857146 3.3523124999999996
39.92857142857143 3.3523124999999996
