0.03571428571428571 1.973625
0.07142857142857142 1.973625
0.10714285714285714 1.973625
0.14285714285714285 1.973625
0.17857142857142858 1.973625
0.21428571428571427 1.973625
0.25 1.973625
0.2857142857142857 1.973625
0.32142857142857145 1.973625
0.35714285714285715 1.973625
0.6071428571428571 1.9665
0.6428571428571429 1.973625
0.6785714285714286 1.9807499999999998
0.7142857142857143 1.9807499999999998
0.75 1.9807499999999998
0.7857142857142857 1.9807499999999998
0.8214285714285714 1.9843125
0.8571428571428571 1.9843125
0.8928571428571429 1.9843125
0.9285714285714286 1.9843125
0.9642857142857143 1.9843125
1.0 1.9807499999999998
1.0357142857142858 1.9807499999999998
1.0714285714285714 1.9807499999999998
1.1071428571428572 1.9807499999999998
1.1428571428571428 1.9807499999999998
1.1785714285714286 1.9807499999999998
1.2142857142857142 1.9807499999999998
1.25 1.9807499999999998
1.2857142857142858 1.9807499999999998
1.3214285714285714 1.9807499999999998
1.3571428571428572 1.9807499999999998
1.3928571428571428 1.9807499999999998
1.4285714285714286 1.9807499999999998
1.4642857142857142 1.9807499999999998
1.7142857142857142 1.8453749999999998
1.75 1.973625
1.7857142857142858 1.9771874999999999
1.8214285714285714 1.9771874999999999
1.8571428571428572 1.9771874999999999
1.8928571428571428 1.9771874999999999
1.9285714285714286 1.9807499999999998
1.9642857142857142 1.9771874999999999
2.0 1.9807499999999998
2.0357142857142856 1.9807499999999998
2.0714285714285716 1.9807499999999998
2.107142857142857 1.9807499999999998
2.142857142857143 1.9807499999999998
2.1785714285714284 1.9807499999999998
2.2142857142857144 1.9807499999999998
2.25 1.9807499999999998
2.2857142857142856 1.9807499999999998
2.3214285714285716 1.9807499999999998
2.357142857142857 1.9771874999999999
2.392857142857143 1.9771874999999999
2.4285714285714284 1.9771874999999999
2.4642857142857144 1.9771874999999999
2.5 1.9771874999999999
2.5357142857142856 1.9771874999999999
2.5714285714285716 1.9771874999999999
2.857142857142857 1.973625
2.892857142857143 1.9807499999999998
2.9285714285714284 1.9807499999999998
2.9642857142857144 1.9843125
3.0 1.9807499999999998
3.0357142857142856 1.9807499999999998
3.0714285714285716 1.9807499999999998
3.107142857142857 1.9807499999999998
3.142857142857143 1.9771874999999999
3.1785714285714284 1.9771874999999999
3.2142857142857144 1.9771874999999999
3.25 1.9771874999999999
3.2857142857142856 1.973625
3.3214285714285716 1.973625
3.357142857142857 1.973625
3.392857142857143 1.973625
3.4285714285714284 1.973625
3.4642857142857144 1.973625
3.5 1.973625
3.5357142857142856 1.973625
3.5714285714285716 1.973625
3.607142857142857 1.973625
3.642857142857143 1.973625
3.6785714285714284 1.973625
3.7142857142857144 1.973625
3.9642857142857144 1.9700624999999998
4.0 1.9771874999999999
4.035714285714286 1.9807499999999998
4.071428571428571 1.9843125
4.107142857142857 1.9843125
4.142857142857143 1.9843125
4.178571428571429 1.9843125
4.214285714285714 1.9843125
4.25 1.9843125
4.285714285714286 1.9807499999999998
4.321428571428571 1.9807499999999998
4.357142857142857 1.9807499999999998
4.392857142857143 1.9807499999999998
4.428571428571429 1.9807499999999998
4.464285714285714 1.9807499999999998
4.5 1.9771874999999999
4.535714285714286 1.9771874999999999
4.571428571428571 1.9771874999999999
4.607142857142857 1.9771874999999999
4.642857142857143 1.9771874999999999
4.678571428571429 1.9771874999999999
4.714285714285714 1.9771874999999999
4.75 1.9771874999999999
4.785714285714286 1.9771874999999999
4.821428571428571 1.9771874999999999
5.071428571428571 1.9700624999999998
5.107142857142857 1.9771874999999999
5.142857142857143 1.9771874999999999
5.178571428571429 1.9807499999999998
5.214285714285714 1.9771874999999999
5.25 1.9771874999999999
5.285714285714286 1.9771874999999999
5.321428571428571 1.9771874999999999
5.357142857142857 1.9771874999999999
5.392857142857143 1.9771874999999999
5.428571428571429 1.973625
5.464285714285714 1.973625
5.5 1.973625
5.535714285714286 1.9700624999999998
5.571428571428571 1.9700624999999998
5.607142857142857 1.9700624999999998
5.642857142857143 1.9700624999999998
5.678571428571429 1.9700624999999998
5.714285714285714 1.9700624999999998
5.75 1.9700624999999998
5.785714285714286 1.9700624999999998
5.821428571428571 1.9700624999999998
5.857142857142857 1.9700624999999998
5.892857142857143 1.9700624999999998
5.928571428571429 1.9700624999999998
5.964285714285714 1.9700624999999998
6.178571428571429 1.9700624999999998
6.214285714285714 1.9807499999999998
6.25 1.9843125
6.285714285714286 1.9878749999999998
6.321428571428571 1.9878749999999998
6.357142857142857 1.9843125
6.392857142857143 1.9843125
6.428571428571429 1.9843125
6.464285714285714 1.9843125
6.5 1.9843125
6.535714285714286 1.9843125
6.571428571428571 1.9807499999999998
6.607142857142857 1.9807499999999998
6.642857142857143 1.9807499999999998
6.678571428571429 1.9807499999999998
6.714285714285714 1.9807499999999998
6.75 1.9807499999999998
6.785714285714286 1.9807499999999998
6.821428571428571 1.9771874999999999
6.857142857142857 1.9771874999999999
6.892857142857143 1.9771874999999999
6.928571428571429 1.9771874999999999
6.964285714285714 1.9771874999999999
7.0 1.9771874999999999
7.035714285714286 1.9771874999999999
7.107142857142857 1.9665
7.285714285714286 1.9700624999999998
7.321428571428571 1.9807499999999998
7.357142857142857 1.9843125
7.392857142857143 1.9843125
7.428571428571429 1.9843125
7.464285714285714 1.9843125
7.5 1.9843125
7.535714285714286 1.9807499999999998
7.571428571428571 1.9807499999999998
7.607142857142857 1.9807499999999998
7.642857142857143 1.9807499999999998
7.678571428571429 1.9807499999999998
7.714285714285714 1.9807499999999998
7.75 1.9807499999999998
7.785714285714286 1.9807499999999998
7.821428571428571 1.9807499999999998
7.857142857142857 1.9807499999999998
7.892857142857143 1.9771874999999999
7.928571428571429 1.9771874999999999
7.964285714285714 1.9771874999999999
8.0 1.9771874999999999
8.035714285714286 1.9771874999999999
8.071428571428571 1.9771874999999999
8.107142857142858 1.9771874999999999
8.142857142857142 1.9771874999999999
8.178571428571429 1.9771874999999999
8.357142857142858 1.83825
8.392857142857142 1.9629374999999998
8.428571428571429 1.9807499999999998
8.464285714285714 1.9807499999999998
8.5 1.9843125
8.535714285714286 1.9843125
8.571428571428571 1.9843125
8.607142857142858 1.9843125
8.642857142857142 1.9843125
8.678571428571429 1.9807499999999998
8.714285714285714 1.9807499999999998
8.75 1.9807499999999998
8.785714285714286 1.9807499999999998
8.821428571428571 1.9807499999999998
8.857142857142858 1.9807499999999998
8.892857142857142 1.9807499999999998
8.928571428571429 1.9771874999999999
8.964285714285714 1.9771874999999999
9.0 1.9771874999999999
9.035714285714286 1.9771874999999999
9.071428571428571 1.9771874999999999
9.107142857142858 1.9771874999999999
9.142857142857142 1.9771874999999999
9.178571428571429 1.9771874999999999
9.214285714285714 1.9771874999999999
9.25 1.9771874999999999
9.285714285714286 1.9771874999999999
9.5 1.9095
9.535714285714286 1.9878749999999998
9.571428571428571 1.9878749999999998
9.607142857142858 1.9914374999999997
9.642857142857142 1.9914374999999997
9.678571428571429 1.9914374999999997
9.714285714285714 1.9914374999999997
9.75 1.9878749999999998
9.785714285714286 1.9878749999999998
9.821428571428571 1.9878749999999998
9.857142857142858 1.9878749999999998
9.892857142857142 1.9878749999999998
9.928571428571429 1.9878749999999998
9.964285714285714 1.9878749999999998
10.0 1.9878749999999998
10.035714285714286 1.9843125
10.071428571428571 1.9843125
10.107142857142858 1.9843125
10.142857142857142 1.9843125
10.178571428571429 1.9843125
10.214285714285714 1.9843125
10.25 1.9843125
10.285714285714286 1.9843125
10.321428571428571 1.9843125
10.357142857142858 1.9843125
10.607142857142858 1.8881249999999998
10.642857142857142 1.9949999999999999
10.678571428571429 1.9949999999999999
10.714285714285714 1.9949999999999999
10.75 1.9949999999999999
10.785714285714286 1.9949999999999999
10.821428571428571 1.9949999999999999
10.857142857142858 1.9949999999999999
10.892857142857142 1.9949999999999999
10.928571428571429 1.9949999999999999
10.964285714285714 1.9949999999999999
11.0 1.9949999999999999
11.035714285714286 1.9914374999999997
11.071428571428571 1.9914374999999997
11.107142857142858 1.9914374999999997
11.142857142857142 1.9914374999999997
11.178571428571429 1.9914374999999997
11.214285714285714 1.9914374999999997
11.25 1.9914374999999997
11.285714285714286 1.9914374999999997
11.321428571428571 1.9914374999999997
11.357142857142858 1.9914374999999997
11.392857142857142 1.9878749999999998
11.428571428571429 1.9914374999999997
11.464285714285714 1.9914374999999997
11.5 1.9914374999999997
11.714285714285714 1.873875
11.75 1.9914374999999997
11.785714285714286 1.9985624999999998
11.821428571428571 1.9949999999999999
11.857142857142858 1.9949999999999999
11.892857142857142 1.9949999999999999
11.928571428571429 1.9914374999999997
11.964285714285714 1.9914374999999997
12.0 1.9914374999999997
12.035714285714286 1.9914374999999997
12.071428571428571 1.9914374999999997
12.107142857142858 1.9914374999999997
12.142857142857142 1.9914374999999997
12.178571428571429 1.9914374999999997
12.214285714285714 1.9878749999999998
12.25 1.9914374999999997
12.285714285714286 1.9914374999999997
12.321428571428571 1.9914374999999997
12.357142857142858 1.9914374999999997
12.392857142857142 1.9914374999999997
12.428571428571429 1.9914374999999997
12.464285714285714 1.9914374999999997
12.5 1.9914374999999997
12.535714285714286 1.9914374999999997
12.571428571428571 1.9914374999999997
12.678571428571429 1.9807499999999998
12.821428571428571 1.8596249999999999
12.857142857142858 1.9843125
12.892857142857142 1.9878749999999998
12.928571428571429 1.9878749999999998
12.964285714285714 1.9914374999999997
13.0 1.9914374999999997
13.035714285714286 1.9914374999999997
13.071428571428571 1.9914374999999997
13.107142857142858 1.9914374999999997
13.142857142857142 1.9914374999999997
13.178571428571429 1.9949999999999999
13.214285714285714 1.9949999999999999
13.25 1.9949999999999999
13.285714285714286 1.9949999999999999
13.321428571428571 1.9949999999999999
13.357142857142858 1.9949999999999999
13.392857142857142 1.9949999999999999
13.428571428571429 1.9949999999999999
13.464285714285714 1.9949999999999999
13.5 1.9949999999999999
13.535714285714286 1.9949999999999999
13.571428571428571 1.9914374999999997
13.607142857142858 1.9949999999999999
13.642857142857142 1.9949999999999999
13.678571428571429 1.9949999999999999
13.714285714285714 1.9949999999999999
13.964285714285714 1.938
14.0 2.002125
14.035714285714286 2.0056875
14.071428571428571 2.002125
14.107142857142858 2.0056875
14.142857142857142 2.0056875
14.178571428571429 2.0056875
14.214285714285714 2.0056875
14.25 2.0056875
14.285714285714286 2.0092499999999998
14.321428571428571 2.0092499999999998
14.357142857142858 2.0092499999999998
14.392857142857142 2.0092499999999998
14.428571428571429 2.0092499999999998
14.464285714285714 2.0092499999999998
14.5 2.0092499999999998
14.535714285714286 2.0092499999999998
14.571428571428571 2.0092499999999998
14.607142857142858 2.0092499999999998
14.642857142857142 2.0056875
14.678571428571429 2.0092499999999998
14.714285714285714 2.0056875
14.75 2.0092499999999998
14.785714285714286 2.0056875
14.821428571428571 2.0056875
15.071428571428571 2.0199374999999997
15.107142857142858 2.0270625
15.142857142857142 2.0270625
15.178571428571429 2.0306249999999997
15.214285714285714 2.0306249999999997
15.25 2.0306249999999997
15.285714285714286 2.0341875
15.321428571428571 2.0341875
15.357142857142858 2.0341875
15.392857142857142 2.0341875
15.428571428571429 2.0341875
15.464285714285714 2.0341875
15.5 2.0341875
15.535714285714286 2.0341875
15.571428571428571 2.03775
15.607142857142858 2.03775
15.642857142857142 2.0341875
15.678571428571429 2.03775
15.714285714285714 2.0341875
15.75 2.03775
15.785714285714286 2.0341875
15.821428571428571 2.0341875
15.857142857142858 2.03775
15.892857142857142 2.03775
15.928571428571429 2.03775
16.214285714285715 2.0484375
16.25 2.052
16.285714285714285 2.052
16.321428571428573 2.052
16.357142857142858 2.052
16.392857142857142 2.052
16.428571428571427 2.052
16.464285714285715 2.0555624999999997
16.5 2.0555624999999997
16.535714285714285 2.0555624999999997
16.571428571428573 2.0555624999999997
16.607142857142858 2.0555624999999997
16.642857142857142 2.0555624999999997
16.678571428571427 2.0555624999999997
16.714285714285715 2.0555624999999997
16.75 2.0555624999999997
16.785714285714285 2.0555624999999997
16.821428571428573 2.0555624999999997
16.857142857142858 2.0555624999999997
16.892857142857142 2.0555624999999997
16.928571428571427 2.0555624999999997
16.964285714285715 2.0555624999999997
17.0 2.0555624999999997
17.035714285714285 2.0555624999999997
17.285714285714285 1.973625
17.321428571428573 2.0769374999999997
17.357142857142858 2.0805
17.392857142857142 2.0840625
17.428571428571427 2.0840625
17.464285714285715 2.0805
17.5 2.0840625
17.535714285714285 2.0840625
17.571428571428573 2.0840625
17.607142857142858 2.0840625
17.642857142857142 2.0840625
17.678571428571427 2.0840625
17.714285714285715 2.0840625
17.75 2.0840625
17.785714285714285 2.0840625
17.821428571428573 2.0840625
17.857142857142858 2.0840625
17.892857142857142 2.0840625
17.928571428571427 2.0840625
17.964285714285715 2.0840625
18.0 2.0840625
18.035714285714285 2.0840625
18.071428571428573 2.0840625
18.107142857142858 2.0840625
18.142857142857142 2.0840625
18.178571428571427 2.0840625
18.428571428571427 2.1054375
18.464285714285715 2.1196875
18.5 2.1268124999999998
18.535714285714285 2.1268124999999998
18.571428571428573 2.1268124999999998
18.607142857142858 2.130375
18.642857142857142 2.130375
18.678571428571427 2.130375
18.714285714285715 2.130375
18.75 2.130375
18.785714285714285 2.1339375
18.821428571428573 2.1339375
18.857142857142858 2.1339375
18.892857142857142 2.1339375
18.928571428571427 2.1339375
18.964285714285715 2.1339375
19.0 2.1339375
19.035714285714285 2.1339375
19.071428571428573 2.1339375
19.107142857142858 2.1339375
19.142857142857142 2.1339375
19.178571428571427 2.1339375
19.214285714285715 2.1339375
19.25 2.1339375
19.285714285714285 2.1339375
19.535714285714285 2.0270625
19.571428571428573 2.166
19.607142857142858 2.1695625
19.642857142857142 2.1731249999999998
19.678571428571427 2.1766875
19.714285714285715 2.1766875
19.75 2.1766875
19.785714285714285 2.1766875
19.821428571428573 2.1766875
19.857142857142858 2.1766875
19.892857142857142 2.1766875
19.928571428571427 2.1766875
19.964285714285715 2.1766875
20.0 2.1766875
20.035714285714285 2.1766875
20.071428571428573 2.1766875
20.107142857142858 2.1766875
20.142857142857142 2.1766875
20.178571428571427 2.1766875
20.214285714285715 2.1766875
20.25 2.1766875
20.285714285714285 2.1766875
20.321428571428573 2.1766875
20.357142857142858 2.1766875
20.392857142857142 2.1766875
20.678571428571427 2.187375
20.714285714285715 2.187375
20.75 2.1909375
20.785714285714285 2.1909375
20.821428571428573 2.1909375
20.857142857142858 2.1909375
20.892857142857142 2.1909375
20.928571428571427 2.1909375
20.964285714285715 2.1909375
21.0 2.1909375
21.035714285714285 2.1909375
21.071428571428573 2.1909375
21.107142857142858 2.1909375
21.142857142857142 2.1909375
21.178571428571427 2.1909375
21.214285714285715 2.1909375
21.25 2.1909375
21.285714285714285 2.1909375
21.321428571428573 2.1909375
21.357142857142858 2.1909375
21.392857142857142 2.1909375
21.428571428571427 2.1909375
21.464285714285715 2.1909375
21.5 2.1909375
21.535714285714285 2.1909375
21.571428571428573 2.187375
21.75 2.0911874999999998
21.785714285714285 2.18025
21.821428571428573 2.23725
21.857142857142858 2.23725
21.892857142857142 2.2336875
21.928571428571427 2.2336875
21.964285714285715 2.2336875
22.0 2.2336875
22.035714285714285 2.2336875
22.071428571428573 2.2336875
22.107142857142858 2.2336875
22.142857142857142 2.2336875
22.178571428571427 2.2336875
22.214285714285715 2.2336875
22.25 2.2336875
22.285714285714285 2.2336875
22.321428571428573 2.2336875
22.357142857142858 2.2336875
22.392857142857142 2.2336875
22.428571428571427 2.2336875
22.464285714285715 2.2336875
22.5 2.2336875
22.535714285714285 2.2336875
22.571428571428573 2.2336875
22.607142857142858 2.2336875
22.642857142857142 2.2336875
22.892857142857142 2.1588749999999997
22.928571428571427 2.2835625
22.964285714285715 2.2835625
23.0 2.28
23.035714285714285 2.2764374999999997
23.071428571428573 2.2764374999999997
23.107142857142858 2.2764374999999997
23.142857142857142 2.2764374999999997
23.178571428571427 2.2764374999999997
23.214285714285715 2.28
23.25 2.28
23.285714285714285 2.28
23.321428571428573 2.2764374999999997
23.357142857142858 2.2764374999999997
23.392857142857142 2.2764374999999997
23.428571428571427 2.2764374999999997
23.464285714285715 2.2764374999999997
23.5 2.28
23.535714285714285 2.2764374999999997
23.571428571428573 2.2764374999999997
23.607142857142858 2.2764374999999997
23.642857142857142 2.2764374999999997
23.678571428571427 2.2764374999999997
23.714285714285715 2.2764374999999997
23.75 2.2764374999999997
23.785714285714285 2.2764374999999997
24.035714285714285 2.3120624999999997
24.071428571428573 2.3120624999999997
24.107142857142858 2.3085
24.142857142857142 2.3049375
24.178571428571427 2.3049375
24.214285714285715 2.3049375
24.25 2.3049375
24.285714285714285 2.3049375
24.321428571428573 2.3085
24.357142857142858 2.3085
24.392857142857142 2.3049375
24.428571428571427 2.3049375
24.464285714285715 2.3049375
24.5 2.3049375
24.535714285714285 2.3049375
24.571428571428573 2.3049375
24.607142857142858 2.3049375
24.642857142857142 2.3049375
24.678571428571427 2.3049375
24.714285714285715 2.3049375
24.75 2.3049375
24.785714285714285 2.3049375
24.821428571428573 2.3049375
24.857142857142858 2.3049375
24.892857142857142 2.3049375
25.142857142857142 2.3191875
25.178571428571427 2.3334375
25.214285714285715 2.3263125
25.25 2.3263125
25.285714285714285 2.3263125
25.321428571428573 2.3263125
25.357142857142858 2.3263125
25.392857142857142 2.3263125
25.428571428571427 2.3263125
25.464285714285715 2.3263125
25.5 2.3263125
25.535714285714285 2.3263125
25.571428571428573 2.3263125
25.607142857142858 2.3263125
25.642857142857142 2.3263125
25.678571428571427 2.3263125
25.714285714285715 2.3263125
25.75 2.3263125
25.785714285714285 2.3263125
25.821428571428573 2.3263125
25.857142857142858 2.329875
25.892857142857142 2.329875
25.928571428571427 2.329875
25.964285714285715 2.3263125
26.0 2.329875
26.25 2.2978125
26.285714285714285 2.3583749999999997
26.321428571428573 2.3583749999999997
26.357142857142858 2.35125
26.392857142857142 2.3548125
26.428571428571427 2.3548125
26.464285714285715 2.3548125
26.5 2.3548125
26.535714285714285 2.3548125
26.571428571428573 2.3548125
26.607142857142858 2.3548125
26.642857142857142 2.3548125
26.678571428571427 2.3548125
26.714285714285715 2.3548125
26.75 2.3548125
26.785714285714285 2.3548125
26.821428571428573 2.3548125
26.857142857142858 2.3548125
26.892857142857142 2.3548125
26.928571428571427 2.3548125
26.964285714285715 2.3548125
27.0 2.3548125
27.035714285714285 2.3548125
27.071428571428573 2.3548125
27.107142857142858 2.3548125
27.357142857142858 2.28
27.392857142857142 2.3975625
27.428571428571427 2.3975625
27.464285714285715 2.3939999999999997
27.5 2.3939999999999997
27.535714285714285 2.3939999999999997
27.571428571428573 2.3939999999999997
27.607142857142858 2.3939999999999997
27.642857142857142 2.3939999999999997
27.678571428571427 2.3939999999999997
27.714285714285715 2.3939999999999997
27.75 2.3939999999999997
27.785714285714285 2.3939999999999997
27.821428571428573 2.3939999999999997
27.857142857142858 2.3939999999999997
27.892857142857142 2.3939999999999997
27.928571428571427 2.3939999999999997
27.964285714285715 2.3939999999999997
28.0 2.3939999999999997
28.035714285714285 2.3939999999999997
28.071428571428573 2.3939999999999997
28.107142857142858 2.3939999999999997
28.142857142857142 2.3939999999999997
28.178571428571427 2.3939999999999997
28.214285714285715 2.3939999999999997
28.25 2.3939999999999997
28.5 2.4225
28.535714285714285 2.4260625
28.571428571428573 2.4225
28.607142857142858 2.4225
28.642857142857142 2.4225
28.678571428571427 2.4225
28.714285714285715 2.4225
28.75 2.4225
28.785714285714285 2.4225
28.821428571428573 2.4225
28.857142857142858 2.4225
28.892857142857142 2.4225
28.928571428571427 2.4189374999999997
28.964285714285715 2.4189374999999997
29.0 2.4189374999999997
29.035714285714285 2.4189374999999997
29.071428571428573 2.4189374999999997
29.107142857142858 2.4189374999999997
29.142857142857142 2.4189374999999997
29.178571428571427 2.4189374999999997
29.214285714285715 2.4189374999999997
29.25 2.4189374999999997
29.285714285714285 2.4189374999999997
29.321428571428573 2.4189374999999997
29.357142857142858 2.4189374999999997
29.607142857142858 2.4225
29.642857142857142 2.4474375
29.678571428571427 2.4474375
29.714285714285715 2.443875
29.75 2.443875
29.785714285714285 2.443875
29.821428571428573 2.443875
29.857142857142858 2.443875
29.892857142857142 2.443875
29.928571428571427 2.443875
29.964285714285715 2.443875
30.0 2.443875
30.035714285714285 2.443875
30.071428571428573 2.443875
30.107142857142858 2.443875
30.142857142857142 2.443875
30.178571428571427 2.443875
30.214285714285715 2.443875
30.25 2.443875
30.285714285714285 2.4474375
30.321428571428573 2.443875
30.357142857142858 2.443875
30.392857142857142 2.443875
30.428571428571427 2.443875
30.464285714285715 2.443875
30.75 2.4616875
30.785714285714285 2.4616875
30.821428571428573 2.4616875
30.857142857142858 2.4616875
30.892857142857142 2.4616875
30.928571428571427 2.4616875
30.964285714285715 2.4616875
31.0 2.4616875
31.035714285714285 2.4616875
31.071428571428573 2.4616875
31.107142857142858 2.4616875
31.142857142857142 2.4616875
31.178571428571427 2.4616875
31.214285714285715 2.4616875
31.25 2.4616875
31.285714285714285 2.4616875
31.321428571428573 2.4616875
31.357142857142858 2.4616875
31.392857142857142 2.4616875
31.428571428571427 2.4616875
31.464285714285715 2.4616875
31.5 2.4616875
31.535714285714285 2.4616875
31.571428571428573 2.4616875
31.857142857142858 2.4901874999999998
31.892857142857142 2.4901874999999998
31.928571428571427 2.4901874999999998
31.964285714285715 2.4901874999999998
32.0 2.4901874999999998
32.035714285714285 2.4901874999999998
32.07142857142857 2.4901874999999998
32.107142857142854 2.4901874999999998
32.142857142857146 2.4901874999999998
32.17857142857143 2.4901874999999998
32.214285714285715 2.4901874999999998
32.25 2.4901874999999998
32.285714285714285 2.4901874999999998
32.32142857142857 2.4901874999999998
32.357142857142854 2.4901874999999998
32.392857142857146 2.4901874999999998
32.42857142857143 2.4901874999999998
32.464285714285715 2.4901874999999998
32.5 2.4901874999999998
32.535714285714285 2.4901874999999998
32.57142857142857 2.4901874999999998
32.607142857142854 2.4901874999999998
32.642857142857146 2.4901874999999998
32.67857142857143 2.4901874999999998
32.714285714285715 2.4901874999999998
32.964285714285715 2.4616875
33.0 2.5222499999999997
33.035714285714285 2.5258125
33.07142857142857 2.5258125
33.107142857142854 2.5258125
33.142857142857146 2.5258125
33.17857142857143 2.5258125
33.214285714285715 2.5258125
33.25 2.5258125
33.285714285714285 2.5258125
33.32142857142857 2.5258125
33.357142857142854 2.5258125
33.392857142857146 2.5258125
33.42857142857143 2.5258125
33.464285714285715 2.5258125
33.5 2.5258125
33.535714285714285 2.5258125
33.57142857142857 2.5258125
33.607142857142854 2.5258125
33.642857142857146 2.5258125
33.67857142857143 2.5258125
33.714285714285715 2.5258125
33.75 2.5258125
33.785714285714285 2.5258125
33.82142857142857 2.5258125
34.07142857142857 2.4331875
34.107142857142854 2.5685624999999996
34.142857142857146 2.5685624999999996
34.17857142857143 2.5685624999999996
34.214285714285715 2.5685624999999996
34.25 2.5685624999999996
34.285714285714285 2.5685624999999996
34.32142857142857 2.5685624999999996
34.357142857142854 2.5685624999999996
34.392857142857146 2.5685624999999996
34.42857142857143 2.5685624999999996
34.464285714285715 2.5685624999999996
34.5 2.5685624999999996
34.535714285714285 2.5685624999999996
34.57142857142857 2.5685624999999996
34.607142857142854 2.5685624999999996
34.642857142857146 2.5685624999999996
34.67857142857143 2.5685624999999996
34.714285714285715 2.5685624999999996
34.75 2.5685624999999996
34.785714285714285 2.5685624999999996
34.82142857142857 2.5685624999999996
34.857142857142854 2.5685624999999996
34.892857142857146 2.5685624999999996
34.92857142857143 2.565
34.964285714285715 2.565
35.214285714285715 2.5934999999999997
35.25 2.600625
35.285714285714285 2.5934999999999997
35.32142857142857 2.5934999999999997
35.357142857142854 2.5934999999999997
35.392857142857146 2.5934999999999997
35.42857142857143 2.5970625
35.464285714285715 2.5970625
35.5 2.5970625
35.535714285714285 2.5970625
35.57142857142857 2.5970625
35.607142857142854 2.5970625
35.642857142857146 2.5970625
35.67857142857143 2.5970625
35.714285714285715 2.5970625
35.75 2.5970625
35.785714285714285 2.5970625
35.82142857142857 2.5970625
35.857142857142854 2.5970625
35.892857142857146 2.5970625
35.92857142857143 2.5970625
35.964285714285715 2.5970625
36.0 2.5970625
36.035714285714285 2.5970625
36.07142857142857 2.5970625
36.32142857142857 2.5899375
36.357142857142854 2.6184374999999998
36.392857142857146 2.6148749999999996
36.42857142857143 2.6148749999999996
36.464285714285715 2.6148749999999996
36.5 2.6148749999999996
36.535714285714285 2.6148749999999996
36.57142857142857 2.6148749999999996
36.607142857142854 2.6148749999999996
36.642857142857146 2.6148749999999996
36.67857142857143 2.6148749999999996
36.714285714285715 2.6148749999999996
36.75 2.6148749999999996
36.785714285714285 2.6148749999999996
36.82142857142857 2.6148749999999996
36.857142857142854 2.6148749999999996
36.892857142857146 2.6148749999999996
36.92857142857143 2.6148749999999996
36.964285714285715 2.6148749999999996
37.0 2.6148749999999996
37.035714285714285 2.6148749999999996
37.07142857142857 2.6148749999999996
37.107142857142854 2.6148749999999996
37.142857142857146 2.6148749999999996
37.17857142857143 2.6148749999999996
37.214285714285715 2.6113125
37.42857142857143 2.5685624999999996
37.464285714285715 2.6398124999999997
37.5 2.6398124999999997
37.535714285714285 2.6398124999999997
37.57142857142857 2.6398124999999997
37.607142857142854 2.6398124999999997
37.642857142857146 2.6398124999999997
37.67857142857143 2.6398124999999997
37.714285714285715 2.6398124999999997
37.75 2.643375
37.785714285714285 2.643375
37.82142857142857 2.643375
37.857142857142854 2.643375
37.892857142857146 2.643375
37.92857142857143 2.643375
37.964285714285715 2.643375
38.0 2.643375
38.035714285714285 2.643375
38.07142857142857 2.643375
38.107142857142854 2.643375
38.142857142857146 2.643375
38.17857142857143 2.643375
38.214285714285715 2.643375
38.25 2.643375
38.285714285714285 2.643375
38.32142857142857 2.6398124999999997
38.535714285714285 2.5471874999999997
38.57142857142857 2.643375
38.607142857142854 2.671875
38.642857142857146 2.6683125
38.67857142857143 2.6683125
38.714285714285715 2.6647499999999997
38.75 2.6683125
38.785714285714285 2.6683125
38.82142857142857 2.6683125
38.857142857142854 2.6683125
38.892857142857146 2.6683125
38.92857142857143 2.6683125
38.964285714285715 2.6683125
39.0 2.6683125
39.035714285714285 2.6683125
39.07142857142857 2.6683125
39.107142857142854 2.6683125
39.142857142857146 2.6683125
39.17857142857143 2.6683125
39.214285714285715 2.6683125
39.25 2.6683125
39.285714285714285 2.6683125
39.32142857142857 2.6683125
39.357142857142854 2.6683125
39.392857142857146 2.671875
39.42857142857143 2.6683125
39.67857142857143 2.622
39.714285714285715 2.7075
39.75 2.7039375
39.785714285714285 2.7003749999999997
39.82142857142857 2.7003749999999997
39.857142857142854 2.7003749999999997
39.892857142857146 2.7003749999999997
39.92857142857143 2.7003749999999997
