0.03571428571428571 1.9629374999999998
0.07142857142857142 1.9629374999999998
0.10714285714285714 1.9629374999999998
0.14285714285714285 1.9629374999999998
0.17857142857142858 1.9629374999999998
0.21428571428571427 1.9665
0.4642857142857143 1.8988124999999998
0.5 1.9451249999999998
0.5357142857142857 1.9451249999999998
0.5714285714285714 1.9451249999999998
0.6071428571428571 1.9451249999999998
0.6428571428571429 1.9451249999999998
0.6785714285714286 1.9451249999999998
0.7142857142857143 1.9451249999999998
0.75 1.9451249999999998
0.7857142857142857 1.9415624999999999
0.8214285714285714 1.9415624999999999
0.8571428571428571 1.9415624999999999
0.8928571428571429 1.9415624999999999
0.9285714285714286 1.9415624999999999
0.9642857142857143 1.938
1.0 1.938
1.0357142857142858 1.938
1.0714285714285714 1.938
1.1071428571428572 1.938
1.1428571428571428 1.938
1.1785714285714286 1.938
1.2142857142857142 1.938
1.25 1.938
1.2857142857142858 1.938
1.3214285714285714 1.938
1.5714285714285714 1.86675
1.6071428571428572 1.9558125
1.6428571428571428 1.9522499999999998
1.6785714285714286 1.9558125
1.7142857142857142 1.9558125
1.75 1.9522499999999998
1.7857142857142858 1.9558125
1.8214285714285714 1.9522499999999998
1.8571428571428572 1.9522499999999998
1.8928571428571428 1.9522499999999998
1.9285714285714286 1.9522499999999998
1.9642857142857142 1.9522499999999998
2.0 1.9522499999999998
2.0357142857142856 1.9522499999999998
2.0714285714285716 1.9522499999999998
2.107142857142857 1.9522499999999998
2.142857142857143 1.9522499999999998
2.1785714285714284 1.9486875
2.2142857142857144 1.9486875
2.25 1.9486875
2.2857142857142856 1.9486875
2.3214285714285716 1.9486875
2.357142857142857 1.9486875
2.392857142857143 1.9486875
2.4285714285714284 1.9486875
2.4642857142857144 1.9486875
2.6785714285714284 1.8596249999999999
2.7142857142857144 1.938
2.75 1.938
2.7857142857142856 1.9415624999999999
2.8214285714285716 1.9415624999999999
2.857142857142857 1.9415624999999999
2.892857142857143 1.9415624999999999
2.9285714285714284 1.9415624999999999
2.9642857142857144 1.938
3.0 1.938
3.0357142857142856 1.938
3.0714285714285716 1.9344374999999998
3.107142857142857 1.9344374999999998
3.142857142857143 1.9344374999999998
3.1785714285714284 1.9344374999999998
3.2142857142857144 1.9344374999999998
3.25 1.9344374999999998
3.2857142857142856 1.9344374999999998
3.3214285714285716 1.9344374999999998
3.357142857142857 1.9344374999999998
3.392857142857143 1.9344374999999998
3.4285714285714284 1.930875
3.4642857142857144 1.930875
3.5 1.930875
3.5357142857142856 1.930875
3.7857142857142856 1.930875
3.8214285714285716 1.9451249999999998
3.857142857142857 1.9451249999999998
3.892857142857143 1.9451249999999998
3.9285714285714284 1.9451249999999998
3.9642857142857144 1.9451249999999998
4.0 1.9451249999999998
4.035714285714286 1.9451249999999998
4.071428571428571 1.9451249999999998
4.107142857142857 1.9451249999999998
4.142857142857143 1.9451249999999998
4.178571428571429 1.9451249999999998
4.214285714285714 1.9451249999999998
4.25 1.9415624999999999
4.285714285714286 1.9415624999999999
4.321428571428571 1.9415624999999999
4.357142857142857 1.9415624999999999
4.392857142857143 1.9415624999999999
4.428571428571429 1.9415624999999999
4.464285714285714 1.9415624999999999
4.5 1.938
4.535714285714286 1.938
4.571428571428571 1.938
4.607142857142857 1.938
4.642857142857143 1.938
4.892857142857143 1.9237499999999998
4.928571428571429 1.9451249999999998
4.964285714285714 1.9486875
5.0 1.9486875
5.035714285714286 1.9486875
5.071428571428571 1.9486875
5.107142857142857 1.9522499999999998
5.142857142857143 1.9522499999999998
5.178571428571429 1.9486875
5.214285714285714 1.9486875
5.25 1.9486875
5.285714285714286 1.9486875
5.321428571428571 1.9486875
5.357142857142857 1.9486875
5.392857142857143 1.9451249999999998
5.428571428571429 1.9451249999999998
5.464285714285714 1.9451249999999998
5.5 1.9451249999999998
5.535714285714286 1.9451249999999998
5.571428571428571 1.9451249999999998
5.607142857142857 1.9451249999999998
5.642857142857143 1.9451249999999998
5.678571428571429 1.9451249999999998
5.714285714285714 1.9451249999999998
5.75 1.9451249999999998
6.0 1.8845625
6.035714285714286 1.9522499999999998
6.071428571428571 1.9665
6.107142857142857 1.9665
6.142857142857143 1.9665
6.178571428571429 1.9665
6.214285714285714 1.9665
6.25 1.9665
6.285714285714286 1.9665
6.321428571428571 1.9665
6.357142857142857 1.9665
6.392857142857143 1.9665
6.428571428571429 1.9629374999999998
6.464285714285714 1.9629374999999998
6.5 1.9629374999999998
6.535714285714286 1.9629374999999998
6.571428571428571 1.9629374999999998
6.607142857142857 1.9629374999999998
6.642857142857143 1.9629374999999998
6.678571428571429 1.9629374999999998
6.714285714285714 1.9593749999999999
6.75 1.9629374999999998
6.785714285714286 1.9593749999999999
6.821428571428571 1.9593749999999999
6.857142857142857 1.9593749999999999
7.107142857142857 1.8809999999999998
7.142857142857143 1.9665
7.178571428571429 1.9843125
7.214285714285714 1.9843125
7.25 1.9843125
7.285714285714286 1.9843125
7.321428571428571 1.9843125
7.357142857142857 1.9843125
7.392857142857143 1.9843125
7.428571428571429 1.9843125
7.464285714285714 1.9843125
7.5 1.9843125
7.535714285714286 1.9843125
7.571428571428571 1.9843125
7.607142857142857 1.9843125
7.642857142857143 1.9843125
7.678571428571429 1.9843125
7.714285714285714 1.9843125
7.75 1.9843125
7.785714285714286 1.9807499999999998
7.821428571428571 1.9807499999999998
7.857142857142857 1.9807499999999998
7.892857142857143 1.9807499999999998
7.928571428571429 1.9807499999999998
7.964285714285714 1.9807499999999998
8.0 1.9807499999999998
8.25 1.9522499999999998
8.285714285714286 2.0128125
8.321428571428571 2.0128125
8.357142857142858 2.0128125
8.392857142857142 2.0128125
8.428571428571429 2.0128125
8.464285714285714 2.0128125
8.5 2.0128125
8.535714285714286 2.0128125
8.571428571428571 2.0128125
8.607142857142858 2.0128125
8.642857142857142 2.0128125
8.678571428571429 2.0128125
8.714285714285714 2.0128125
8.75 2.0128125
8.785714285714286 2.0128125
8.821428571428571 2.0128125
8.857142857142858 2.0128125
8.892857142857142 2.0128125
8.928571428571429 2.0128125
8.964285714285714 2.0092499999999998
9.0 2.0092499999999998
9.035714285714286 2.0092499999999998
9.071428571428571 2.0092499999999998
9.107142857142858 2.0092499999999998
9.357142857142858 1.9415624999999999
9.392857142857142 2.016375
9.428571428571429 2.0128125
9.464285714285714 2.016375
9.5 2.016375
9.535714285714286 2.016375
9.571428571428571 2.016375
9.607142857142858 2.016375
9.642857142857142 2.016375
9.678571428571429 2.016375
9.714285714285714 2.016375
9.75 2.0199374999999997
9.785714285714286 2.0199374999999997
9.821428571428571 2.0199374999999997
9.857142857142858 2.0199374999999997
9.892857142857142 2.016375
9.928571428571429 2.016375
9.964285714285714 2.016375
10.0 2.016375
10.035714285714286 2.016375
10.071428571428571 2.016375
10.107142857142858 2.016375
10.142857142857142 2.016375
10.178571428571429 2.0128125
10.214285714285714 2.0128125
10.464285714285714 1.9201875
10.5 2.0306249999999997
10.535714285714286 2.0306249999999997
10.571428571428571 2.0306249999999997
10.607142857142858 2.0306249999999997
10.642857142857142 2.0306249999999997
10.678571428571429 2.0306249999999997
10.714285714285714 2.0306249999999997
10.75 2.0306249999999997
10.785714285714286 2.0306249999999997
10.821428571428571 2.0306249999999997
10.857142857142858 2.0306249999999997
10.892857142857142 2.0306249999999997
10.928571428571429 2.0306249999999997
10.964285714285714 2.0306249999999997
11.0 2.0306249999999997
11.035714285714286 2.0306249999999997
11.071428571428571 2.0306249999999997
11.107142857142858 2.0306249999999997
11.142857142857142 2.0306249999999997
11.178571428571429 2.0306249999999997
11.214285714285714 2.0306249999999997
11.25 2.0306249999999997
11.285714285714286 2.0306249999999997
11.321428571428571 2.0306249999999997
11.607142857142858 2.059125
11.642857142857142 2.059125
11.678571428571429 2.059125
11.714285714285714 2.059125
11.75 2.059125
11.785714285714286 2.059125
11.821428571428571 2.059125
11.857142857142858 2.0626875
11.892857142857142 2.0626875
11.928571428571429 2.059125
11.964285714285714 2.0626875
12.0 2.059125
12.035714285714286 2.059125
12.071428571428571 2.059125
12.107142857142858 2.059125
12.142857142857142 2.059125
12.178571428571429 2.059125
12.214285714285714 2.059125
12.25 2.059125
12.285714285714286 2.059125
12.321428571428571 2.059125
12.357142857142858 2.059125
12.392857142857142 2.059125
12.428571428571429 2.059125
12.464285714285714 2.059125
12.714285714285714 2.0698125
12.75 2.0805
12.785714285714286 2.0805
12.821428571428571 2.0805
12.857142857142858 2.0805
12.892857142857142 2.0805
12.928571428571429 2.0805
12.964285714285714 2.0805
13.0 2.0805
13.035714285714286 2.0805
13.071428571428571 2.0805
13.107142857142858 2.0805
13.142857142857142 2.0805
13.178571428571429 2.0805
13.214285714285714 2.0805
13.25 2.0769374999999997
13.285714285714286 2.0769374999999997
13.321428571428571 2.0769374999999997
13.357142857142858 2.0769374999999997
13.392857142857142 2.0769374999999997
13.428571428571429 2.0769374999999997
13.464285714285714 2.0769374999999997
13.5 2.0769374999999997
13.535714285714286 2.0769374999999997
13.571428571428571 2.0769374999999997
13.821428571428571 2.0555624999999997
13.857142857142858 2.1125624999999997
13.892857142857142 2.116125
13.928571428571429 2.1125624999999997
13.964285714285714 2.1125624999999997
14.0 2.1125624999999997
14.035714285714286 2.1125624999999997
14.071428571428571 2.1125624999999997
14.107142857142858 2.1125624999999997
14.142857142857142 2.1125624999999997
14.178571428571429 2.1125624999999997
14.214285714285714 2.1125624999999997
14.25 2.109
14.285714285714286 2.109
14.321428571428571 2.109
14.357142857142858 2.109
14.392857142857142 2.109
14.428571428571429 2.109
14.464285714285714 2.109
14.5 2.109
14.535714285714286 2.109
14.571428571428571 2.109
14.607142857142858 2.109
14.642857142857142 2.109
14.678571428571429 2.109
14.928571428571429 2.0413124999999996
14.964285714285714 2.1268124999999998
15.0 2.1410625
15.035714285714286 2.1374999999999997
15.071428571428571 2.1374999999999997
15.107142857142858 2.1410625
15.142857142857142 2.1410625
15.178571428571429 2.1410625
15.214285714285714 2.1410625
15.25 2.1410625
15.285714285714286 2.1410625
15.321428571428571 2.1410625
15.357142857142858 2.1410625
15.392857142857142 2.1410625
15.428571428571429 2.1374999999999997
15.464285714285714 2.1374999999999997
15.5 2.1374999999999997
15.535714285714286 2.1374999999999997
15.571428571428571 2.1374999999999997
15.607142857142858 2.1374999999999997
15.642857142857142 2.1374999999999997
15.678571428571429 2.1374999999999997
15.714285714285714 2.1374999999999997
15.75 2.1374999999999997
15.785714285714286 2.1374999999999997
15.821428571428571 2.1374999999999997
16.035714285714285 2.0235
16.071428571428573 2.109
16.107142857142858 2.1624375
16.142857142857142 2.1624375
16.178571428571427 2.1624375
16.214285714285715 2.166
16.25 2.1624375
16.285714285714285 2.166
16.321428571428573 2.1624375
16.357142857142858 2.1624375
16.392857142857142 2.1624375
16.428571428571427 2.1624375
16.464285714285715 2.1624375
16.5 2.1624375
16.535714285714285 2.1624375
16.571428571428573 2.1624375
16.607142857142858 2.1588749999999997
16.642857142857142 2.1588749999999997
16.678571428571427 2.1624375
16.714285714285715 2.1588749999999997
16.75 2.1588749999999997
16.785714285714285 2.1588749999999997
16.821428571428573 2.1588749999999997
16.857142857142858 2.1588749999999997
16.892857142857142 2.1588749999999997
16.928571428571427 2.1588749999999997
17.178571428571427 2.0983125
17.214285714285715 2.1944999999999997
17.25 2.1909375
17.285714285714285 2.1909375
17.321428571428573 2.1909375
17.357142857142858 2.1909375
17.392857142857142 2.1909375
17.428571428571427 2.1909375
17.464285714285715 2.1909375
17.5 2.1909375
17.535714285714285 2.1909375
17.571428571428573 2.1909375
17.607142857142858 2.187375
17.642857142857142 2.1909375
17.678571428571427 2.187375
17.714285714285715 2.187375
17.75 2.187375
17.785714285714285 2.187375
17.821428571428573 2.187375
17.857142857142858 2.187375
17.892857142857142 2.187375
17.928571428571427 2.187375
17.964285714285715 2.187375
18.0 2.187375
18.035714285714285 2.187375
18.285714285714285 2.166
18.321428571428573 2.223
18.357142857142858 2.2265625
18.392857142857142 2.2265625
18.428571428571427 2.2265625
18.464285714285715 2.2265625
18.5 2.2265625
18.535714285714285 2.2265625
18.571428571428573 2.2265625
18.607142857142858 2.2265625
18.642857142857142 2.2265625
18.678571428571427 2.2265625
18.714285714285715 2.2265625
18.75 2.2265625
18.785714285714285 2.2265625
18.821428571428573 2.2265625
18.857142857142858 2.2265625
18.892857142857142 2.2265625
18.928571428571427 2.2265625
18.964285714285715 2.2265625
19.0 2.2265625
19.035714285714285 2.2265625
19.071428571428573 2.2265625
19.107142857142858 2.2265625
19.142857142857142 2.2265625
19.392857142857142 2.144625
19.428571428571427 2.2408124999999997
19.464285714285715 2.258625
19.5 2.258625
19.535714285714285 2.2550624999999997
19.571428571428573 2.258625
19.607142857142858 2.2550624999999997
19.642857142857142 2.2550624999999997
19.678571428571427 2.2550624999999997
19.714285714285715 2.2550624999999997
19.75 2.2550624999999997
19.785714285714285 2.2550624999999997
19.821428571428573 2.2550624999999997
19.857142857142858 2.2550624999999997
19.892857142857142 2.2550624999999997
19.928571428571427 2.2515
19.964285714285715 2.2515
20.0 2.2515
20.035714285714285 2.2515
20.071428571428573 2.2515
20.107142857142858 2.2515
20.142857142857142 2.2515
20.178571428571427 2.2515
20.214285714285715 2.2515
20.25 2.2515
20.285714285714285 2.2515
20.535714285714285 2.2194374999999997
20.571428571428573 2.2906874999999998
20.607142857142858 2.29425
20.642857142857142 2.2906874999999998
20.678571428571427 2.2906874999999998
20.714285714285715 2.2906874999999998
20.75 2.2906874999999998
20.785714285714285 2.2871249999999996
20.821428571428573 2.2871249999999996
20.857142857142858 2.2871249999999996
20.892857142857142 2.2871249999999996
20.928571428571427 2.2871249999999996
20.964285714285715 2.2871249999999996
21.0 2.2871249999999996
21.035714285714285 2.2871249999999996
21.071428571428573 2.2871249999999996
21.107142857142858 2.2871249999999996
21.142857142857142 2.2871249999999996
21.178571428571427 2.2871249999999996
21.214285714285715 2.2871249999999996
21.25 2.2871249999999996
21.285714285714285 2.2871249999999996
21.321428571428573 2.2871249999999996
21.357142857142858 2.2871249999999996
21.392857142857142 2.2871249999999996
21.642857142857142 2.1980625
21.678571428571427 2.3191875
21.714285714285715 2.315625
21.75 2.315625
21.785714285714285 2.315625
21.821428571428573 2.315625
21.857142857142858 2.315625
21.892857142857142 2.315625
21.928571428571427 2.315625
21.964285714285715 2.315625
22.0 2.3120624999999997
22.035714285714285 2.3120624999999997
22.071428571428573 2.3120624999999997
22.107142857142858 2.3120624999999997
22.142857142857142 2.3120624999999997
22.178571428571427 2.3120624999999997
22.214285714285715 2.3120624999999997
22.25 2.3120624999999997
22.285714285714285 2.3120624999999997
22.321428571428573 2.3120624999999997
22.357142857142858 2.3120624999999997
22.392857142857142 2.3120624999999997
22.428571428571427 2.3085
22.464285714285715 2.3120624999999997
22.5 2.3085
22.607142857142858 2.3049375
22.75 2.2871249999999996
22.785714285714285 2.3476874999999997
22.821428571428573 2.35125
22.857142857142858 2.35125
22.892857142857142 2.3476874999999997
22.928571428571427 2.3476874999999997
22.964285714285715 2.3476874999999997
23.0 2.35125
23.035714285714285 2.35125
23.071428571428573 2.35125
23.107142857142858 2.3476874999999997
23.142857142857142 2.3476874999999997
23.178571428571427 2.3476874999999997
23.214285714285715 2.3476874999999997
23.25 2.3476874999999997
23.285714285714285 2.3476874999999997
23.321428571428573 2.3476874999999997
23.357142857142858 2.3476874999999997
23.392857142857142 2.3476874999999997
23.428571428571427 2.344125
23.464285714285715 2.3476874999999997
23.5 2.3476874999999997
23.535714285714285 2.3476874999999997
23.571428571428573 2.344125
23.607142857142858 2.344125
23.857142857142858 2.272875
23.892857142857142 2.3548125
23.928571428571427 2.3690624999999996
23.964285714285715 2.3690624999999996
24.0 2.3690624999999996
24.035714285714285 2.3690624999999996
24.071428571428573 2.3690624999999996
24.107142857142858 2.3690624999999996
24.142857142857142 2.3690624999999996
24.178571428571427 2.3655
24.214285714285715 2.3655
24.25 2.3655
24.285714285714285 2.3655
24.321428571428573 2.3655
24.357142857142858 2.3655
24.392857142857142 2.3655
24.428571428571427 2.3655
24.464285714285715 2.3655
24.5 2.3655
24.535714285714285 2.3655
24.571428571428573 2.3655
24.607142857142858 2.3655
24.642857142857142 2.3655
24.678571428571427 2.3655
24.714285714285715 2.3655
25.0 2.3334375
25.035714285714285 2.40825
25.071428571428573 2.40825
25.107142857142858 2.40825
25.142857142857142 2.40825
25.178571428571427 2.40825
25.214285714285715 2.40825
25.25 2.40825
25.285714285714285 2.40825
25.321428571428573 2.4046874999999996
25.357142857142858 2.4046874999999996
25.392857142857142 2.4046874999999996
25.428571428571427 2.4046874999999996
25.464285714285715 2.4046874999999996
25.5 2.4046874999999996
25.535714285714285 2.4046874999999996
25.571428571428573 2.4046874999999996
25.607142857142858 2.4046874999999996
25.642857142857142 2.4046874999999996
25.678571428571427 2.4046874999999996
25.714285714285715 2.4046874999999996
25.75 2.4046874999999996
25.785714285714285 2.4046874999999996
25.821428571428573 2.4046874999999996
25.857142857142858 2.4046874999999996
26.107142857142858 2.3085
26.142857142857142 2.43675
26.178571428571427 2.4331875
26.214285714285715 2.4331875
26.25 2.4331875
26.285714285714285 2.4331875
26.321428571428573 2.4331875
26.357142857142858 2.4331875
26.392857142857142 2.4331875
26.428571428571427 2.4331875
26.464285714285715 2.4331875
26.5 2.4331875
26.535714285714285 2.4331875
26.571428571428573 2.4331875
26.607142857142858 2.4296249999999997
26.642857142857142 2.4296249999999997
26.678571428571427 2.4296249999999997
26.714285714285715 2.4296249999999997
26.75 2.4296249999999997
26.785714285714285 2.4296249999999997
26.821428571428573 2.4296249999999997
26.857142857142858 2.4296249999999997
26.892857142857142 2.4296249999999997
26.928571428571427 2.4296249999999997
26.964285714285715 2.4296249999999997
27.0 2.4260625
27.25 2.4616875
27.285714285714285 2.4652499999999997
27.321428571428573 2.4652499999999997
27.357142857142858 2.4688125
27.392857142857142 2.4652499999999997
27.428571428571427 2.4652499999999997
27.464285714285715 2.4652499999999997
27.5 2.4652499999999997
27.535714285714285 2.4652499999999997
27.571428571428573 2.4652499999999997
27.607142857142858 2.4652499999999997
27.642857142857142 2.4652499999999997
27.678571428571427 2.4652499999999997
27.714285714285715 2.4652499999999997
27.75 2.4652499999999997
27.785714285714285 2.4616875
27.821428571428573 2.4616875
27.857142857142858 2.4616875
27.892857142857142 2.4616875
27.928571428571427 2.4616875
27.964285714285715 2.4616875
28.0 2.4616875
28.035714285714285 2.4616875
28.071428571428573 2.4616875
28.357142857142858 2.4688125
28.392857142857142 2.4866249999999996
28.428571428571427 2.4866249999999996
28.464285714285715 2.4830625
28.5 2.4866249999999996
28.535714285714285 2.4866249999999996
28.571428571428573 2.4866249999999996
28.607142857142858 2.4866249999999996
28.642857142857142 2.4866249999999996
28.678571428571427 2.4866249999999996
28.714285714285715 2.4866249999999996
28.75 2.4866249999999996
28.785714285714285 2.4830625
28.821428571428573 2.4866249999999996
28.857142857142858 2.4866249999999996
28.892857142857142 2.4830625
28.928571428571427 2.4830625
28.964285714285715 2.4830625
29.0 2.4830625
29.035714285714285 2.4830625
29.071428571428573 2.4830625
29.107142857142858 2.4830625
29.142857142857142 2.4830625
29.178571428571427 2.4830625
29.214285714285715 2.4830625
29.321428571428573 2.4759374999999997
29.464285714285715 2.3619375
29.5 2.5115624999999997
29.535714285714285 2.5115624999999997
29.571428571428573 2.508
29.607142857142858 2.5115624999999997
29.642857142857142 2.5115624999999997
29.678571428571427 2.5115624999999997
29.714285714285715 2.5115624999999997
29.75 2.5115624999999997
29.785714285714285 2.5115624999999997
29.821428571428573 2.508
29.857142857142858 2.508
29.892857142857142 2.5115624999999997
29.928571428571427 2.508
29.964285714285715 2.508
30.0 2.508
30.035714285714285 2.508
30.071428571428573 2.508
30.107142857142858 2.508
30.142857142857142 2.508
30.178571428571427 2.508
30.214285714285715 2.508
30.25 2.508
30.285714285714285 2.5044375
30.321428571428573 2.508
30.607142857142858 2.5258125
30.642857142857142 2.529375
30.678571428571427 2.5258125
30.714285714285715 2.5258125
30.75 2.5258125
30.785714285714285 2.5258125
30.821428571428573 2.5258125
30.857142857142858 2.5258125
30.892857142857142 2.5258125
30.928571428571427 2.5258125
30.964285714285715 2.5258125
31.0 2.5258125
31.035714285714285 2.5222499999999997
31.071428571428573 2.5258125
31.107142857142858 2.5222499999999997
31.142857142857142 2.5222499999999997
31.178571428571427 2.5222499999999997
31.214285714285715 2.5222499999999997
31.25 2.5222499999999997
31.285714285714285 2.5222499999999997
31.321428571428573 2.5222499999999997
31.357142857142858 2.5222499999999997
31.392857142857142 2.5222499999999997
31.428571428571427 2.5222499999999997
31.714285714285715 2.4973124999999996
31.75 2.5578749999999997
31.785714285714285 2.5543125
31.821428571428573 2.5543125
31.857142857142858 2.5543125
31.892857142857142 2.5543125
31.928571428571427 2.5578749999999997
31.964285714285715 2.5578749999999997
32.0 2.5578749999999997
32.035714285714285 2.5578749999999997
32.07142857142857 2.5578749999999997
32.107142857142854 2.5578749999999997
32.142857142857146 2.5578749999999997
32.17857142857143 2.5614375
32.214285714285715 2.5578749999999997
32.25 2.5578749999999997
32.285714285714285 2.5578749999999997
32.32142857142857 2.5578749999999997
32.357142857142854 2.5614375
32.392857142857146 2.5614375
32.42857142857143 2.5614375
32.464285714285715 2.5578749999999997
32.5 2.5614375
32.535714285714285 2.5578749999999997
32.57142857142857 2.5578749999999997
32.642857142857146 2.543625
32.67857142857143 2.5614375
32.82142857142857 2.4866249999999996
32.857142857142854 2.586375
32.892857142857146 2.5828124999999997
32.92857142857143 2.5828124999999997
32.964285714285715 2.5828124999999997
33.0 2.5828124999999997
33.035714285714285 2.5828124999999997
33.07142857142857 2.5828124999999997
33.107142857142854 2.5828124999999997
33.142857142857146 2.5792499999999996
33.17857142857143 2.5792499999999996
33.214285714285715 2.5828124999999997
33.25 2.5828124999999997
33.285714285714285 2.5828124999999997
33.32142857142857 2.5828124999999997
33.357142857142854 2.5828124999999997
33.392857142857146 2.5828124999999997
33.42857142857143 2.5828124999999997
33.464285714285715 2.5828124999999997
33.5 2.5828124999999997
33.535714285714285 2.5828124999999997
33.57142857142857 2.5828124999999997
33.607142857142854 2.5828124999999997
33.642857142857146 2.5828124999999997
33.67857142857143 2.5828124999999997
33.714285714285715 2.5792499999999996
33.785714285714285 2.5756875
33.92857142857143 2.4688125
33.964285714285715 2.5970625
34.0 2.5934999999999997
34.035714285714285 2.5934999999999997
34.07142857142857 2.5934999999999997
34.107142857142854 2.5934999999999997
34.142857142857146 2.5934999999999997
34.17857142857143 2.5934999999999997
34.214285714285715 2.5934999999999997
34.25 2.5934999999999997
34.285714285714285 2.5934999999999997
34.32142857142857 2.5934999999999997
34.357142857142854 2.5934999999999997
34.392857142857146 2.5934999999999997
34.42857142857143 2.5899375
34.464285714285715 2.5899375
34.5 2.5899375
34.535714285714285 2.5899375
34.57142857142857 2.5899375
34.607142857142854 2.5899375
34.642857142857146 2.5899375
34.67857142857143 2.5899375
34.714285714285715 2.5899375
34.75 2.5899375
34.785714285714285 2.5899375
34.82142857142857 2.586375
34.892857142857146 2.586375
35.07142857142857 2.622
35.107142857142854 2.6291249999999997
35.142857142857146 2.6255625
35.17857142857143 2.6255625
35.214285714285715 2.6255625
35.25 2.6255625
35.285714285714285 2.6255625
35.32142857142857 2.6255625
35.357142857142854 2.6255625
35.392857142857146 2.6255625
35.42857142857143 2.6255625
35.464285714285715 2.6255625
35.5 2.6255625
35.535714285714285 2.6255625
35.57142857142857 2.622
35.607142857142854 2.6255625
35.642857142857146 2.6255625
35.67857142857143 2.6255625
35.714285714285715 2.622
35.75 2.622
35.785714285714285 2.622
35.82142857142857 2.622
35.857142857142854 2.622
35.892857142857146 2.622
36.17857142857143 2.60775
36.214285714285715 2.6398124999999997
36.25 2.643375
36.285714285714285 2.643375
36.32142857142857 2.643375
36.357142857142854 2.643375
36.392857142857146 2.643375
36.42857142857143 2.6398124999999997
36.464285714285715 2.6398124999999997
36.5 2.6398124999999997
36.535714285714285 2.6398124999999997
36.57142857142857 2.6398124999999997
36.607142857142854 2.643375
36.642857142857146 2.6398124999999997
36.67857142857143 2.6398124999999997
36.714285714285715 2.6398124999999997
36.75 2.643375
36.785714285714285 2.6398124999999997
36.82142857142857 2.6398124999999997
36.857142857142854 2.6398124999999997
36.892857142857146 2.6398124999999997
36.92857142857143 2.6398124999999997
36.964285714285715 2.6398124999999997
37.0 2.6398124999999997
37.035714285714285 2.6398124999999997
37.285714285714285 2.5899375
37.32142857142857 2.6647499999999997
37.357142857142854 2.6611874999999996
37.392857142857146 2.6611874999999996
37.42857142857143 2.6611874999999996
37.464285714285715 2.6611874999999996
37.5 2.6611874999999996
37.535714285714285 2.6611874999999996
37.57142857142857 2.6611874999999996
37.607142857142854 2.6611874999999996
37.642857142857146 2.6611874999999996
37.67857142857143 2.6611874999999996
37.714285714285715 2.6611874999999996
37.75 2.6611874999999996
37.785714285714285 2.6611874999999996
37.82142857142857 2.6611874999999996
37.857142857142854 2.6611874999999996
37.892857142857146 2.6611874999999996
37.92857142857143 2.657625
37.964285714285715 2.6611874999999996
38.0 2.6611874999999996
38.035714285714285 2.657625
38.07142857142857 2.657625
38.107142857142854 2.6611874999999996
38.142857142857146 2.657625
38.17857142857143 2.657625
38.392857142857146 2.586375
38.42857142857143 2.671875
38.464285714285715 2.671875
38.5 2.671875
38.535714285714285 2.671875
38.57142857142857 2.671875
38.607142857142854 2.671875
38.642857142857146 2.671875
38.67857142857143 2.671875
38.714285714285715 2.6683125
38.75 2.6683125
38.785714285714285 2.6683125
38.82142857142857 2.6683125
38.857142857142854 2.6683125
38.892857142857146 2.6683125
38.92857142857143 2.6683125
38.964285714285715 2.6683125
39.0 2.6683125
39.035714285714285 2.6683125
39.07142857142857 2.6647499999999997
39.107142857142854 2.6647499999999997
39.142857142857146 2.6647499999999997
39.17857142857143 2.6647499999999997
39.214285714285715 2.6647499999999997
39.25 2.6647499999999997
39.5 2.5756875
39.535714285714285 2.69325
39.57142857142857 2.7003749999999997
39.607142857142854 2.7003749999999997
39.642857142857146 2.7003749999999997
39.67857142857143 2.7003749999999997
39.714285714285715 2.7003749999999997
39.75 2.7003749999999997
39.785714285714285 2.7003749999999997
39.82142857142857 2.7003749999999997
39.857142857142854 2.7003749999999997
39.892857142857146 2.7003749999999997
