0.03571428571428571 2.2621875
0.07142857142857142 2.2621875
0.10714285714285714 2.2621875
0.14285714285714285 2.2621875
0.17857142857142858 2.2621875
0.21428571428571427 2.2621875
0.25 2.2621875
0.2857142857142857 2.2621875
0.32142857142857145 2.2621875
0.35714285714285715 2.2621875
0.6785714285714286 2.2906874999999998
0.7142857142857143 2.2087499999999998
0.75 2.166
0.7857142857142857 2.166
0.8214285714285714 2.1695625
0.8571428571428571 2.1695625
0.8928571428571429 2.1731249999999998
0.9285714285714286 2.1731249999999998
0.9642857142857143 2.1731249999999998
1.0 2.1731249999999998
1.0357142857142858 2.1731249999999998
1.0714285714285714 2.1731249999999998
1.1071428571428572 2.1731249999999998
1.1428571428571428 2.1731249999999998
1.1785714285714286 2.1731249999999998
1.2142857142857142 2.1731249999999998
1.25 2.1731249999999998
1.2857142857142858 2.1731249999999998
1.3214285714285714 2.1731249999999998
1.3571428571428572 2.1731249999999998
1.3928571428571428 2.1731249999999998
1.4285714285714286 2.1731249999999998
1.4642857142857142 2.1731249999999998
1.5 2.1731249999999998
1.5357142857142858 2.1731249999999998
1.5714285714285714 2.1731249999999998
1.6071428571428572 2.1731249999999998
1.6428571428571428 2.1731249999999998
2.0 2.052
2.0357142857142856 2.052
2.0714285714285716 2.0555624999999997
2.107142857142857 2.0555624999999997
2.142857142857143 2.0555624999999997
2.1785714285714284 2.0555624999999997
2.2142857142857144 2.0555624999999997
2.25 2.0555624999999997
2.2857142857142856 2.0555624999999997
2.3214285714285716 2.0555624999999997
2.357142857142857 2.0555624999999997
2.392857142857143 2.0555624999999997
2.4285714285714284 2.0555624999999997
2.4642857142857144 2.0555624999999997
2.5 2.0555624999999997
2.5357142857142856 2.0555624999999997
2.5714285714285716 2.0555624999999997
2.607142857142857 2.0555624999999997
2.642857142857143 2.0555624999999997
2.6785714285714284 2.0555624999999997
2.7142857142857144 2.0555624999999997
2.75 2.0555624999999997
2.7857142857142856 2.0555624999999997
2.8214285714285716 2.0555624999999997
2.857142857142857 2.0555624999999997
2.892857142857143 2.0555624999999997
2.9285714285714284 2.0555624999999997
3.25 1.9807499999999998
3.2857142857142856 1.973625
3.3214285714285716 1.9807499999999998
3.357142857142857 1.9807499999999998
3.392857142857143 1.9807499999999998
3.4285714285714284 1.9807499999999998
3.4642857142857144 1.9807499999999998
3.5 1.9807499999999998
3.5357142857142856 1.9807499999999998
3.5714285714285716 1.9807499999999998
3.607142857142857 1.9807499999999998
3.642857142857143 1.9807499999999998
3.6785714285714284 1.9807499999999998
3.7142857142857144 1.9807499999999998
3.75 1.9807499999999998
3.7857142857142856 1.9807499999999998
3.8214285714285716 1.9807499999999998
3.857142857142857 1.9807499999999998
3.892857142857143 1.9807499999999998
3.9285714285714284 1.9807499999999998
3.9642857142857144 1.9807499999999998
4.0 1.9807499999999998
4.035714285714286 1.9807499999999998
4.071428571428571 1.9807499999999998
4.107142857142857 1.9807499999999998
4.142857142857143 1.9807499999999998
4.178571428571429 1.9807499999999998
4.214285714285714 1.9807499999999998
4.5 1.9949999999999999
4.535714285714286 1.9201875
4.571428571428571 1.8845625
4.607142857142857 1.8845625
4.642857142857143 1.8881249999999998
4.678571428571429 1.8881249999999998
4.714285714285714 1.8845625
4.75 1.8845625
4.785714285714286 1.8845625
4.821428571428571 1.8845625
4.857142857142857 1.8845625
4.892857142857143 1.8845625
4.928571428571429 1.8845625
4.964285714285714 1.8845625
5.0 1.8845625
5.035714285714286 1.8845625
5.071428571428571 1.8845625
5.107142857142857 1.8845625
5.142857142857143 1.8845625
5.178571428571429 1.8845625
5.214285714285714 1.8845625
5.25 1.8845625
5.285714285714286 1.8845625
5.321428571428571 1.8845625
5.357142857142857 1.8845625
5.392857142857143 1.8845625
5.428571428571429 1.8845625
5.464285714285714 1.8845625
5.5 1.8845625
5.785714285714286 1.8489375
5.821428571428571 1.7954999999999999
5.857142857142857 1.7954999999999999
5.892857142857143 1.7954999999999999
5.928571428571429 1.7954999999999999
5.964285714285714 1.7954999999999999
6.0 1.7954999999999999
6.035714285714286 1.7954999999999999
6.071428571428571 1.7954999999999999
6.107142857142857 1.7954999999999999
6.142857142857143 1.7954999999999999
6.178571428571429 1.7954999999999999
6.214285714285714 1.7954999999999999
6.25 1.7954999999999999
6.285714285714286 1.7954999999999999
6.321428571428571 1.7954999999999999
6.357142857142857 1.7954999999999999
6.392857142857143 1.7954999999999999
6.428571428571429 1.7954999999999999
6.464285714285714 1.7954999999999999
6.5 1.7954999999999999
6.535714285714286 1.7954999999999999
6.571428571428571 1.7954999999999999
6.607142857142857 1.7954999999999999
6.642857142857143 1.7954999999999999
6.678571428571429 1.7954999999999999
6.714285714285714 1.7954999999999999
6.75 1.7954999999999999
7.035714285714286 1.8560625
7.071428571428571 1.767
7.107142857142857 1.7313749999999999
7.142857142857143 1.7313749999999999
7.178571428571429 1.7313749999999999
7.214285714285714 1.7349374999999998
7.25 1.7349374999999998
7.285714285714286 1.7349374999999998
7.321428571428571 1.7349374999999998
7.357142857142857 1.7349374999999998
7.392857142857143 1.7349374999999998
7.428571428571429 1.7349374999999998
7.464285714285714 1.7349374999999998
7.5 1.7349374999999998
7.535714285714286 1.7349374999999998
7.571428571428571 1.7349374999999998
7.607142857142857 1.7349374999999998
7.642857142857143 1.7349374999999998
7.678571428571429 1.7349374999999998
7.714285714285714 1.7349374999999998
7.75 1.7349374999999998
7.785714285714286 1.7349374999999998
7.821428571428571 1.7349374999999998
7.857142857142857 1.7349374999999998
7.892857142857143 1.7349374999999998
7.928571428571429 1.7349374999999998
7.964285714285714 1.7349374999999998
8.0 1.7349374999999998
8.035714285714286 1.7349374999999998
8.321428571428571 1.7812499999999998
8.357142857142858 1.6779374999999999
8.392857142857142 1.6779374999999999
8.428571428571429 1.6779374999999999
8.464285714285714 1.6779374999999999
8.5 1.6779374999999999
8.535714285714286 1.674375
8.571428571428571 1.674375
8.607142857142858 1.674375
8.642857142857142 1.674375
8.678571428571429 1.6779374999999999
8.714285714285714 1.6779374999999999
8.75 1.674375
8.785714285714286 1.674375
8.821428571428571 1.674375
8.857142857142858 1.674375
8.892857142857142 1.674375
8.928571428571429 1.6779374999999999
8.964285714285714 1.674375
9.0 1.674375
9.035714285714286 1.674375
9.071428571428571 1.674375
9.107142857142858 1.674375
9.142857142857142 1.674375
9.178571428571429 1.674375
9.214285714285714 1.674375
9.25 1.674375
9.285714285714286 1.674375
9.607142857142858 1.6209375
9.642857142857142 1.6209375
9.678571428571429 1.6173749999999998
9.714285714285714 1.6173749999999998
9.75 1.6173749999999998
9.785714285714286 1.6173749999999998
9.821428571428571 1.6173749999999998
9.857142857142858 1.6173749999999998
9.892857142857142 1.6173749999999998
9.928571428571429 1.6173749999999998
9.964285714285714 1.6173749999999998
10.0 1.6173749999999998
10.035714285714286 1.6173749999999998
10.071428571428571 1.6173749999999998
10.107142857142858 1.6173749999999998
10.142857142857142 1.6173749999999998
10.178571428571429 1.6173749999999998
10.214285714285714 1.6173749999999998
10.25 1.6173749999999998
10.285714285714286 1.6173749999999998
10.321428571428571 1.6173749999999998
10.357142857142858 1.6173749999999998
10.392857142857142 1.6173749999999998
10.428571428571429 1.6173749999999998
10.464285714285714 1.6173749999999998
10.5 1.6173749999999998
10.535714285714286 1.6173749999999998
10.857142857142858 1.5639375
10.892857142857142 1.5639375
10.928571428571429 1.5639375
10.964285714285714 1.5639375
11.0 1.5639375
11.035714285714286 1.5639375
11.071428571428571 1.5639375
11.107142857142858 1.5639375
11.142857142857142 1.5639375
11.178571428571429 1.5603749999999998
11.214285714285714 1.5603749999999998
11.25 1.5603749999999998
11.285714285714286 1.5603749999999998
11.321428571428571 1.5639375
11.357142857142858 1.5603749999999998
11.392857142857142 1.5603749999999998
11.428571428571429 1.5603749999999998
11.464285714285714 1.5603749999999998
11.5 1.5639375
11.535714285714286 1.5639375
11.571428571428571 1.5639375
11.607142857142858 1.5639375
11.642857142857142 1.5639375
11.678571428571429 1.5639375
11.714285714285714 1.5639375
11.75 1.5639375
11.785714285714286 1.5639375
11.821428571428571 1.5639375
12.107142857142858 1.5639375
12.142857142857142 1.5105
12.178571428571429 1.5105
12.214285714285714 1.5140624999999999
12.25 1.5105
12.285714285714286 1.5105
12.321428571428571 1.5140624999999999
12.357142857142858 1.5105
12.392857142857142 1.5105
12.428571428571429 1.5105
12.464285714285714 1.5105
12.5 1.5105
12.535714285714286 1.5105
12.571428571428571 1.5105
12.607142857142858 1.5105
12.642857142857142 1.5105
12.678571428571429 1.5105
12.714285714285714 1.5105
12.75 1.5105
12.785714285714286 1.5105
12.821428571428571 1.5105
12.857142857142858 1.5105
12.892857142857142 1.5105
12.928571428571429 1.5105
12.964285714285714 1.5105
13.0 1.5105
13.035714285714286 1.5105
13.071428571428571 1.5105
13.357142857142858 1.574625
13.392857142857142 1.4926875
13.428571428571429 1.4570625
13.464285714285714 1.4570625
13.5 1.4570625
13.535714285714286 1.4570625
13.571428571428571 1.4570625
13.607142857142858 1.4534999999999998
13.642857142857142 1.4534999999999998
13.678571428571429 1.4534999999999998
13.714285714285714 1.4570625
13.75 1.4534999999999998
13.785714285714286 1.4534999999999998
13.821428571428571 1.4534999999999998
13.857142857142858 1.4534999999999998
13.892857142857142 1.4570625
13.928571428571429 1.4534999999999998
13.964285714285714 1.4534999999999998
14.0 1.4534999999999998
14.035714285714286 1.4534999999999998
14.071428571428571 1.4534999999999998
14.107142857142858 1.4534999999999998
14.142857142857142 1.4534999999999998
14.178571428571429 1.4534999999999998
14.214285714285714 1.4534999999999998
14.25 1.4534999999999998
14.285714285714286 1.4534999999999998
14.321428571428571 1.4534999999999998
14.357142857142858 1.4534999999999998
14.642857142857142 1.4962499999999999
14.678571428571429 1.4143124999999999
14.714285714285714 1.4143124999999999
14.75 1.41075
14.785714285714286 1.41075
14.821428571428571 1.4071874999999998
14.857142857142858 1.4071874999999998
14.892857142857142 1.4071874999999998
14.928571428571429 1.4071874999999998
14.964285714285714 1.4071874999999998
15.0 1.4071874999999998
15.035714285714286 1.41075
15.071428571428571 1.41075
15.107142857142858 1.41075
15.142857142857142 1.41075
15.178571428571429 1.41075
15.214285714285714 1.41075
15.25 1.41075
15.285714285714286 1.41075
15.321428571428571 1.41075
15.357142857142858 1.41075
15.392857142857142 1.41075
15.428571428571429 1.41075
15.464285714285714 1.41075
15.5 1.41075
15.535714285714286 1.41075
15.571428571428571 1.41075
15.892857142857142 1.4356875
15.928571428571429 1.3644375
15.964285714285714 1.3715624999999998
16.0 1.375125
16.035714285714285 1.375125
16.071428571428573 1.3786874999999998
16.107142857142858 1.3786874999999998
16.142857142857142 1.3786874999999998
16.178571428571427 1.3786874999999998
16.214285714285715 1.3786874999999998
16.25 1.3786874999999998
16.285714285714285 1.3786874999999998
16.321428571428573 1.3786874999999998
16.357142857142858 1.3786874999999998
16.392857142857142 1.3786874999999998
16.428571428571427 1.3786874999999998
16.464285714285715 1.3786874999999998
16.5 1.3786874999999998
16.535714285714285 1.3786874999999998
16.571428571428573 1.3786874999999998
16.607142857142858 1.3786874999999998
16.642857142857142 1.38225
16.678571428571427 1.3786874999999998
16.714285714285715 1.3786874999999998
16.75 1.3786874999999998
16.785714285714285 1.3786874999999998
16.821428571428573 1.3786874999999998
16.857142857142858 1.38225
17.142857142857142 1.4356875
17.178571428571427 1.3573125
17.214285714285715 1.3216875
17.25 1.3252499999999998
17.285714285714285 1.3252499999999998
17.321428571428573 1.3288125
17.357142857142858 1.3288125
17.392857142857142 1.3288125
17.428571428571427 1.3288125
17.464285714285715 1.3288125
17.5 1.3288125
17.535714285714285 1.3288125
17.571428571428573 1.3252499999999998
17.607142857142858 1.3288125
17.642857142857142 1.3288125
17.678571428571427 1.3288125
17.714285714285715 1.3288125
17.75 1.3288125
17.785714285714285 1.3288125
17.821428571428573 1.3288125
17.857142857142858 1.3288125
17.892857142857142 1.3288125
17.928571428571427 1.3288125
17.964285714285715 1.3288125
18.0 1.3288125
18.035714285714285 1.3288125
18.071428571428573 1.3288125
18.107142857142858 1.3288125
18.142857142857142 1.3288125
18.428571428571427 1.3644375
18.464285714285715 1.2931875
18.5 1.3003125
18.535714285714285 1.303875
18.571428571428573 1.303875
18.607142857142858 1.303875
18.642857142857142 1.303875
18.678571428571427 1.303875
18.714285714285715 1.303875
18.75 1.303875
18.785714285714285 1.3003125
18.821428571428573 1.303875
18.857142857142858 1.303875
18.892857142857142 1.303875
18.928571428571427 1.303875
18.964285714285715 1.303875
19.0 1.303875
19.035714285714285 1.303875
19.071428571428573 1.303875
19.107142857142858 1.303875
19.142857142857142 1.303875
19.178571428571427 1.303875
19.214285714285715 1.303875
19.25 1.303875
19.285714285714285 1.303875
19.321428571428573 1.303875
19.357142857142858 1.303875
19.392857142857142 1.303875
19.678571428571427 1.3715624999999998
19.714285714285715 1.2575625
19.75 1.2611249999999998
19.785714285714285 1.2646875
19.821428571428573 1.2682499999999999
19.857142857142858 1.2682499999999999
19.892857142857142 1.2682499999999999
19.928571428571427 1.2682499999999999
19.964285714285715 1.2682499999999999
20.0 1.2682499999999999
20.035714285714285 1.2682499999999999
20.071428571428573 1.2682499999999999
20.107142857142858 1.2682499999999999
20.142857142857142 1.2682499999999999
20.178571428571427 1.2682499999999999
20.214285714285715 1.2682499999999999
20.25 1.2682499999999999
20.285714285714285 1.2682499999999999
20.321428571428573 1.2682499999999999
20.357142857142858 1.2682499999999999
20.392857142857142 1.2682499999999999
20.428571428571427 1.2682499999999999
20.464285714285715 1.2682499999999999
20.5 1.2682499999999999
20.535714285714285 1.2682499999999999
20.571428571428573 1.2682499999999999
20.607142857142858 1.2682499999999999
20.642857142857142 1.2682499999999999
20.964285714285715 1.2290625
21.0 1.2326249999999999
21.035714285714285 1.2290625
21.071428571428573 1.2326249999999999
21.107142857142858 1.2326249999999999
21.142857142857142 1.2326249999999999
21.178571428571427 1.2326249999999999
21.214285714285715 1.2326249999999999
21.25 1.2326249999999999
21.285714285714285 1.2326249999999999
21.321428571428573 1.2326249999999999
21.357142857142858 1.2326249999999999
21.392857142857142 1.2326249999999999
21.428571428571427 1.2326249999999999
21.464285714285715 1.2326249999999999
21.5 1.2326249999999999
21.535714285714285 1.2326249999999999
21.571428571428573 1.2326249999999999
21.607142857142858 1.2326249999999999
21.642857142857142 1.2326249999999999
21.678571428571427 1.2326249999999999
21.714285714285715 1.2326249999999999
21.75 1.2326249999999999
21.785714285714285 1.2326249999999999
21.821428571428573 1.2326249999999999
21.857142857142858 1.2326249999999999
21.892857142857142 1.2326249999999999
22.214285714285715 1.2254999999999998
22.25 1.2005625
22.285714285714285 1.1969999999999998
22.321428571428573 1.1934375
22.357142857142858 1.1969999999999998
22.392857142857142 1.1969999999999998
22.428571428571427 1.1969999999999998
22.464285714285715 1.1969999999999998
22.5 1.1969999999999998
22.535714285714285 1.1969999999999998
22.571428571428573 1.1969999999999998
22.607142857142858 1.1969999999999998
22.642857142857142 1.1969999999999998
22.678571428571427 1.1969999999999998
22.714285714285715 1.1969999999999998
22.75 1.1969999999999998
22.785714285714285 1.1969999999999998
22.821428571428573 1.1969999999999998
22.857142857142858 1.2005625
22.892857142857142 1.1969999999999998
22.928571428571427 1.1969999999999998
22.964285714285715 1.1969999999999998
23.0 1.1969999999999998
23.035714285714285 1.1969999999999998
23.071428571428573 1.1969999999999998
23.107142857142858 1.1969999999999998
23.142857142857142 1.1969999999999998
23.178571428571427 1.1969999999999998
23.464285714285715 1.2254999999999998
23.5 1.15425
23.535714285714285 1.15425
23.571428571428573 1.1506874999999999
23.607142857142858 1.147125
23.642857142857142 1.147125
23.678571428571427 1.147125
23.714285714285715 1.147125
23.75 1.147125
23.785714285714285 1.147125
23.821428571428573 1.147125
23.857142857142858 1.147125
23.892857142857142 1.147125
23.928571428571427 1.147125
23.964285714285715 1.147125
24.0 1.147125
24.035714285714285 1.147125
24.071428571428573 1.147125
24.107142857142858 1.1506874999999999
24.142857142857142 1.147125
24.178571428571427 1.147125
24.214285714285715 1.147125
24.25 1.147125
24.285714285714285 1.147125
24.321428571428573 1.1506874999999999
24.357142857142858 1.147125
24.392857142857142 1.147125
24.428571428571427 1.147125
24.75 1.0936875
24.785714285714285 1.090125
24.821428571428573 1.090125
24.857142857142858 1.0865624999999999
24.892857142857142 1.0865624999999999
24.928571428571427 1.090125
24.964285714285715 1.090125
25.0 1.090125
25.035714285714285 1.090125
25.071428571428573 1.0936875
25.107142857142858 1.0936875
25.142857142857142 1.0936875
25.178571428571427 1.0936875
25.214285714285715 1.0936875
25.25 1.0936875
25.285714285714285 1.0936875
25.321428571428573 1.0936875
25.357142857142858 1.090125
25.392857142857142 1.0936875
25.428571428571427 1.0936875
25.464285714285715 1.090125
25.5 1.0936875
25.535714285714285 1.0936875
25.571428571428573 1.0936875
25.607142857142858 1.0936875
25.642857142857142 1.0936875
25.678571428571427 1.0936875
26.0 1.090125
26.035714285714285 1.047375
26.071428571428573 1.047375
26.107142857142858 1.0509374999999999
26.142857142857142 1.0509374999999999
26.178571428571427 1.0509374999999999
26.214285714285715 1.0509374999999999
26.25 1.0509374999999999
26.285714285714285 1.0509374999999999
26.321428571428573 1.047375
26.357142857142858 1.047375
26.392857142857142 1.0509374999999999
26.428571428571427 1.0509374999999999
26.464285714285715 1.047375
26.5 1.0509374999999999
26.535714285714285 1.0509374999999999
26.571428571428573 1.0509374999999999
26.607142857142858 1.047375
26.642857142857142 1.0509374999999999
26.678571428571427 1.047375
26.714285714285715 1.047375
26.75 1.0509374999999999
26.785714285714285 1.0509374999999999
26.821428571428573 1.0509374999999999
26.857142857142858 1.0509374999999999
26.892857142857142 1.0509374999999999
26.928571428571427 1.0509374999999999
26.964285714285715 1.0509374999999999
27.25 1.0153124999999998
27.285714285714285 1.01175
27.321428571428573 1.0081875
27.357142857142858 1.0081875
27.392857142857142 1.0081875
27.428571428571427 1.0081875
27.464285714285715 1.01175
27.5 1.0081875
27.535714285714285 1.0081875
27.571428571428573 1.0081875
27.607142857142858 1.0081875
27.642857142857142 1.0081875
27.678571428571427 1.0081875
27.714285714285715 1.0081875
27.75 1.0081875
27.785714285714285 1.0081875
27.821428571428573 1.0081875
27.857142857142858 1.0046249999999999
27.892857142857142 1.0081875
27.928571428571427 1.0081875
27.964285714285715 1.0081875
28.0 1.0081875
28.035714285714285 1.0081875
28.071428571428573 1.0081875
28.107142857142858 1.0081875
28.142857142857142 1.0081875
28.178571428571427 1.0081875
28.214285714285715 1.0081875
28.5 1.0224374999999999
28.535714285714285 0.9654375
28.571428571428573 0.969
28.607142857142858 0.969
28.642857142857142 0.969
28.678571428571427 0.969
28.714285714285715 0.969
28.75 0.969
28.785714285714285 0.969
28.821428571428573 0.969
28.857142857142858 0.969
28.892857142857142 0.969
28.928571428571427 0.969
28.964285714285715 0.969
29.0 0.969
29.035714285714285 0.969
29.071428571428573 0.969
29.107142857142858 0.9654375
29.142857142857142 0.969
29.178571428571427 0.969
29.214285714285715 0.969
29.25 0.969
29.285714285714285 0.969
29.321428571428573 0.969
29.357142857142858 0.969
29.392857142857142 0.969
29.428571428571427 0.969
29.464285714285715 0.969
29.75 1.0224374999999999
29.785714285714285 0.9440624999999999
29.821428571428573 0.9226874999999999
29.857142857142858 0.9226874999999999
29.892857142857142 0.9226874999999999
29.928571428571427 0.9226874999999999
29.964285714285715 0.9226874999999999
30.0 0.9226874999999999
30.035714285714285 0.9226874999999999
30.071428571428573 0.9226874999999999
30.107142857142858 0.9226874999999999
30.142857142857142 0.9226874999999999
30.178571428571427 0.9226874999999999
30.214285714285715 0.9226874999999999
30.25 0.9226874999999999
30.285714285714285 0.9226874999999999
30.321428571428573 0.9262499999999999
30.357142857142858 0.9262499999999999
30.392857142857142 0.9262499999999999
30.428571428571427 0.9262499999999999
30.464285714285715 0.9262499999999999
30.5 0.9226874999999999
30.535714285714285 0.9262499999999999
30.571428571428573 0.9262499999999999
30.607142857142858 0.9226874999999999
30.642857142857142 0.9226874999999999
30.678571428571427 0.9262499999999999
30.714285714285715 0.9262499999999999
30.75 0.9262499999999999
31.035714285714285 0.9476249999999999
31.071428571428573 0.8870625
31.107142857142858 0.8835
31.142857142857142 0.8799374999999999
31.178571428571427 0.8799374999999999
31.214285714285715 0.8799374999999999
31.25 0.8799374999999999
31.285714285714285 0.8799374999999999
31.321428571428573 0.8799374999999999
31.357142857142858 0.8799374999999999
31.392857142857142 0.8799374999999999
31.428571428571427 0.8799374999999999
31.464285714285715 0.8799374999999999
31.5 0.8835
31.535714285714285 0.8799374999999999
31.571428571428573 0.8799374999999999
31.607142857142858 0.8835
31.642857142857142 0.8799374999999999
31.678571428571427 0.8835
31.714285714285715 0.8799374999999999
31.75 0.8835
31.785714285714285 0.8835
31.821428571428573 0.8835
31.857142857142858 0.8835
31.892857142857142 0.8835
31.928571428571427 0.8799374999999999
31.964285714285715 0.8799374999999999
32.0 0.8835
32.285714285714285 0.9511875
32.32142857142857 0.8514375
32.357142857142854 0.8585624999999999
32.392857142857146 0.8656874999999999
32.42857142857143 0.8656874999999999
32.464285714285715 0.86925
32.5 0.86925
32.535714285714285 0.86925
32.57142857142857 0.86925
32.607142857142854 0.86925
32.642857142857146 0.86925
32.67857142857143 0.86925
32.714285714285715 0.86925
32.75 0.86925
32.785714285714285 0.86925
32.82142857142857 0.86925
32.857142857142854 0.86925
32.892857142857146 0.86925
32.92857142857143 0.86925
32.964285714285715 0.86925
33.0 0.86925
33.035714285714285 0.86925
33.07142857142857 0.86925
33.107142857142854 0.86925
33.142857142857146 0.86925
33.17857142857143 0.8656874999999999
33.214285714285715 0.86925
33.25 0.86925
33.535714285714285 0.86925
33.57142857142857 0.8443124999999999
33.607142857142854 0.8478749999999999
33.642857142857146 0.8478749999999999
33.67857142857143 0.8478749999999999
33.714285714285715 0.8478749999999999
33.75 0.8478749999999999
33.785714285714285 0.8478749999999999
33.82142857142857 0.8478749999999999
33.857142857142854 0.8478749999999999
33.892857142857146 0.8478749999999999
33.92857142857143 0.8478749999999999
33.964285714285715 0.8478749999999999
34.0 0.8478749999999999
34.035714285714285 0.8478749999999999
34.07142857142857 0.8478749999999999
34.107142857142854 0.8478749999999999
34.142857142857146 0.8478749999999999
34.17857142857143 0.8478749999999999
34.214285714285715 0.8443124999999999
34.25 0.8478749999999999
34.285714285714285 0.8478749999999999
34.32142857142857 0.8478749999999999
34.357142857142854 0.8478749999999999
34.392857142857146 0.8478749999999999
34.42857142857143 0.8478749999999999
34.464285714285715 0.8478749999999999
34.5 0.8478749999999999
34.785714285714285 0.8835
34.82142857142857 0.819375
34.857142857142854 0.8229375
34.892857142857146 0.8229375
34.92857142857143 0.8229375
34.964285714285715 0.819375
35.0 0.819375
35.035714285714285 0.819375
35.07142857142857 0.819375
35.107142857142854 0.819375
35.142857142857146 0.819375
35.17857142857143 0.819375
35.214285714285715 0.819375
35.25 0.819375
35.285714285714285 0.819375
35.32142857142857 0.819375
35.357142857142854 0.819375
35.392857142857146 0.819375
35.42857142857143 0.819375
35.464285714285715 0.819375
35.5 0.819375
35.535714285714285 0.819375
35.57142857142857 0.8229375
35.607142857142854 0.819375
35.642857142857146 0.8229375
35.67857142857143 0.8229375
35.714285714285715 0.819375
35.75 0.819375
36.035714285714285 0.8835
36.07142857142857 0.805125
36.107142857142854 0.7944374999999999
36.142857142857146 0.7944374999999999
36.17857142857143 0.7979999999999999
36.214285714285715 0.7979999999999999
36.25 0.7979999999999999
36.285714285714285 0.7979999999999999
36.32142857142857 0.7979999999999999
36.357142857142854 0.7979999999999999
36.392857142857146 0.7944374999999999
36.42857142857143 0.7979999999999999
36.464285714285715 0.7979999999999999
36.5 0.7944374999999999
36.535714285714285 0.7979999999999999
36.57142857142857 0.7979999999999999
36.607142857142854 0.7979999999999999
36.642857142857146 0.7979999999999999
36.67857142857143 0.7979999999999999
36.714285714285715 0.7979999999999999
36.75 0.7979999999999999
36.785714285714285 0.7979999999999999
36.82142857142857 0.7979999999999999
36.857142857142854 0.7979999999999999
36.892857142857146 0.7979999999999999
36.92857142857143 0.7979999999999999
36.964285714285715 0.7979999999999999
37.0 0.7979999999999999
37.035714285714285 0.7979999999999999
37.285714285714285 0.8977499999999999
37.32142857142857 0.7979999999999999
37.357142857142854 0.7766249999999999
37.392857142857146 0.7766249999999999
37.42857142857143 0.7766249999999999
37.464285714285715 0.7766249999999999
37.5 0.7766249999999999
37.535714285714285 0.7766249999999999
37.57142857142857 0.7766249999999999
37.607142857142854 0.7766249999999999
37.642857142857146 0.7766249999999999
37.67857142857143 0.7766249999999999
37.714285714285715 0.7766249999999999
37.75 0.7766249999999999
37.785714285714285 0.7766249999999999
37.82142857142857 0.7766249999999999
37.857142857142854 0.7801874999999999
37.892857142857146 0.7766249999999999
37.92857142857143 0.7801874999999999
37.964285714285715 0.7766249999999999
38.0 0.7766249999999999
38.035714285714285 0.7766249999999999
38.07142857142857 0.7766249999999999
38.107142857142854 0.7766249999999999
38.142857142857146 0.7766249999999999
38.17857142857143 0.7801874999999999
38.214285714285715 0.7766249999999999
38.25 0.7766249999999999
38.285714285714285 0.7766249999999999
38.57142857142857 0.8122499999999999
38.607142857142854 0.75525
38.642857142857146 0.75525
38.67857142857143 0.75525
38.714285714285715 0.75525
38.75 0.75525
38.785714285714285 0.75525
38.82142857142857 0.7516875
38.857142857142854 0.75525
38.892857142857146 0.75525
38.92857142857143 0.75525
38.964285714285715 0.75525
39.0 0.75525
39.035714285714285 0.75525
39.07142857142857 0.75525
39.107142857142854 0.75525
39.142857142857146 0.75525
39.17857142857143 0.75525
39.214285714285715 0.75525
39.25 0.75525
39.285714285714285 0.7516875
39.32142857142857 0.75525
39.357142857142854 0.75525
39.392857142857146 0.75525
39.42857142857143 0.75525
39.464285714285715 0.75525
39.5 0.75525
39.535714285714285 0.75525
39.82142857142857 0.819375
39.857142857142854 0.7267499999999999
39.892857142857146 0.7267499999999999
39.92857142857143 0.7267499999999999
