0.03571428571428571 1.4499374999999999
0.07142857142857142 1.4499374999999999
0.10714285714285714 1.4499374999999999
0.14285714285714285 1.4499374999999999
0.17857142857142858 1.446375
0.21428571428571427 1.446375
0.39285714285714285 1.482
0.42857142857142855 1.14
0.4642857142857143 1.204125
0.5 1.3395
0.5357142857142857 1.403625
0.5714285714285714 1.4855625
0.6071428571428571 1.4926875
0.6428571428571429 1.4926875
0.6785714285714286 1.4926875
0.7142857142857143 1.4891249999999998
0.75 1.4891249999999998
0.7857142857142857 1.4891249999999998
0.8214285714285714 1.4855625
0.8571428571428571 1.4855625
0.8928571428571429 1.4855625
0.9285714285714286 1.4855625
0.9642857142857143 1.4855625
1.0 1.4855625
1.0357142857142858 1.4855625
1.0714285714285714 1.482
1.1071428571428572 1.482
1.1428571428571428 1.482
1.1785714285714286 1.482
1.2142857142857142 1.482
1.25 1.482
1.2857142857142858 1.4784374999999998
1.3214285714285714 1.4784374999999998
1.3571428571428572 1.4784374999999998
1.3928571428571428 1.4784374999999998
1.4285714285714286 1.4784374999999998
1.4642857142857142 1.4784374999999998
1.5 1.4784374999999998
1.5357142857142858 1.4784374999999998
1.5714285714285714 1.4784374999999998
1.6071428571428572 1.474875
1.6428571428571428 1.474875
1.6785714285714286 1.474875
1.7142857142857142 1.474875
1.75 1.474875
1.7857142857142858 1.474875
1.8214285714285714 1.4713124999999998
1.8571428571428572 1.4677499999999999
1.8928571428571428 1.4641875
2.107142857142857 1.204125
2.142857142857143 1.2718125
2.1785714285714284 1.3359375
2.2142857142857144 1.5283125
2.25 1.5211875
2.2857142857142856 1.5247499999999998
2.3214285714285716 1.5247499999999998
2.357142857142857 1.5247499999999998
2.392857142857143 1.5247499999999998
2.4285714285714284 1.5247499999999998
2.4642857142857144 1.5247499999999998
2.5 1.5211875
2.5357142857142856 1.5211875
2.5714285714285716 1.5211875
2.607142857142857 1.5211875
2.642857142857143 1.517625
2.6785714285714284 1.517625
2.7142857142857144 1.517625
2.75 1.5140624999999999
2.7857142857142856 1.5140624999999999
2.8214285714285716 1.5140624999999999
2.857142857142857 1.5105
2.892857142857143 1.5105
2.9285714285714284 1.5105
2.9642857142857144 1.5105
3.0 1.5105
3.0357142857142856 1.5069374999999998
3.0714285714285716 1.5069374999999998
3.107142857142857 1.5069374999999998
3.142857142857143 1.5069374999999998
3.1785714285714284 1.5069374999999998
3.2142857142857144 1.5069374999999998
3.25 1.5069374999999998
3.2857142857142856 1.503375
3.3214285714285716 1.503375
3.357142857142857 1.503375
3.392857142857143 1.503375
3.4285714285714284 1.503375
3.4642857142857144 1.503375
3.5 1.503375
3.5357142857142856 1.4998125
3.5714285714285716 1.4998125
3.7857142857142856 1.21125
3.8214285714285716 1.2646875
3.857142857142857 1.4000625
3.892857142857143 1.4713124999999998
3.9285714285714284 1.5639375
3.9642857142857144 1.5675
4.0 1.5675
4.035714285714286 1.5639375
4.071428571428571 1.5639375
4.107142857142857 1.5639375
4.142857142857143 1.5639375
4.178571428571429 1.5603749999999998
4.214285714285714 1.5603749999999998
4.25 1.5603749999999998
4.285714285714286 1.5568125
4.321428571428571 1.5568125
4.357142857142857 1.5603749999999998
4.392857142857143 1.5603749999999998
4.428571428571429 1.5603749999999998
4.464285714285714 1.5603749999999998
4.5 1.5603749999999998
4.535714285714286 1.5568125
4.571428571428571 1.5568125
4.607142857142857 1.5568125
4.642857142857143 1.5568125
4.678571428571429 1.5568125
4.714285714285714 1.5568125
4.75 1.5568125
4.785714285714286 1.5568125
4.821428571428571 1.5568125
4.857142857142857 1.5568125
4.892857142857143 1.5568125
4.928571428571429 1.5568125
4.964285714285714 1.5603749999999998
5.0 1.5568125
5.035714285714286 1.5568125
5.071428571428571 1.5568125
5.107142857142857 1.5568125
5.142857142857143 1.5568125
5.178571428571429 1.5568125
5.214285714285714 1.5568125
5.25 1.5532499999999998
5.464285714285714 1.204125
5.5 1.3323749999999999
5.535714285714286 1.3964999999999999
5.571428571428571 1.5283125
5.607142857142857 1.6209375
5.642857142857143 1.6244999999999998
5.678571428571429 1.6244999999999998
5.714285714285714 1.6244999999999998
5.75 1.6244999999999998
5.785714285714286 1.6209375
5.821428571428571 1.6209375
5.857142857142857 1.6209375
5.892857142857143 1.6173749999999998
5.928571428571429 1.6173749999999998
5.964285714285714 1.6173749999999998
6.0 1.6173749999999998
6.035714285714286 1.6138124999999999
6.071428571428571 1.6138124999999999
6.107142857142857 1.6138124999999999
6.142857142857143 1.6138124999999999
6.178571428571429 1.61025
6.214285714285714 1.61025
6.25 1.61025
6.285714285714286 1.61025
6.321428571428571 1.61025
6.357142857142857 1.6066874999999998
6.392857142857143 1.6066874999999998
6.428571428571429 1.6066874999999998
6.464285714285714 1.6066874999999998
6.5 1.6066874999999998
6.535714285714286 1.6066874999999998
6.571428571428571 1.6066874999999998
6.607142857142857 1.6066874999999998
6.642857142857143 1.603125
6.678571428571429 1.603125
6.714285714285714 1.603125
6.75 1.603125
6.785714285714286 1.603125
6.821428571428571 1.603125
6.857142857142857 1.603125
6.892857142857143 1.5995624999999998
6.928571428571429 1.5959999999999999
7.107142857142857 1.204125
7.178571428571429 1.318125
7.214285714285714 1.4641875
7.25 1.6494375
7.285714285714286 1.6423124999999998
7.321428571428571 1.6529999999999998
7.357142857142857 1.6565625
7.392857142857143 1.6565625
7.428571428571429 1.6529999999999998
7.464285714285714 1.6529999999999998
7.5 1.6529999999999998
7.535714285714286 1.6494375
7.571428571428571 1.6494375
7.607142857142857 1.6494375
7.642857142857143 1.645875
7.678571428571429 1.645875
7.714285714285714 1.645875
7.75 1.6423124999999998
7.785714285714286 1.6423124999999998
7.821428571428571 1.6423124999999998
7.857142857142857 1.6423124999999998
7.892857142857143 1.6423124999999998
7.928571428571429 1.63875
7.964285714285714 1.63875
8.0 1.63875
8.035714285714286 1.63875
8.071428571428571 1.63875
8.107142857142858 1.6351874999999998
8.142857142857142 1.6351874999999998
8.178571428571429 1.6351874999999998
8.214285714285714 1.6351874999999998
8.25 1.6351874999999998
8.285714285714286 1.6351874999999998
8.321428571428571 1.6351874999999998
8.357142857142858 1.6351874999999998
8.392857142857142 1.6351874999999998
8.428571428571429 1.6351874999999998
8.464285714285714 1.6351874999999998
8.5 1.6316249999999999
8.535714285714286 1.6316249999999999
8.571428571428571 1.6316249999999999
8.607142857142858 1.6280625
8.642857142857142 1.6138124999999999
8.857142857142858 1.3858125
8.892857142857142 1.5211875
8.928571428571429 1.5888749999999998
8.964285714285714 1.6708124999999998
9.0 1.6886249999999998
9.035714285714286 1.6921875
9.071428571428571 1.6921875
9.107142857142858 1.6886249999999998
9.142857142857142 1.6886249999999998
9.178571428571429 1.6850625
9.214285714285714 1.6850625
9.25 1.6850625
9.285714285714286 1.6814999999999998
9.321428571428571 1.6814999999999998
9.357142857142858 1.6779374999999999
9.392857142857142 1.6779374999999999
9.428571428571429 1.6779374999999999
9.464285714285714 1.6779374999999999
9.5 1.674375
9.535714285714286 1.6779374999999999
9.571428571428571 1.674375
9.607142857142858 1.674375
9.642857142857142 1.674375
9.678571428571429 1.674375
9.714285714285714 1.674375
9.75 1.6708124999999998
9.785714285714286 1.6708124999999998
9.821428571428571 1.6708124999999998
9.857142857142858 1.6708124999999998
9.892857142857142 1.6708124999999998
9.928571428571429 1.6708124999999998
9.964285714285714 1.6708124999999998
10.0 1.6708124999999998
10.035714285714286 1.6708124999999998
10.071428571428571 1.66725
10.107142857142858 1.66725
10.142857142857142 1.66725
10.178571428571429 1.66725
10.214285714285714 1.6636875
10.25 1.6636875
10.285714285714286 1.6601249999999999
10.535714285714286 1.446375
10.571428571428571 1.5105
10.607142857142858 1.6814999999999998
10.642857142857142 1.6886249999999998
10.678571428571429 1.6921875
10.714285714285714 1.6921875
10.75 1.6921875
10.785714285714286 1.6921875
10.821428571428571 1.6921875
10.857142857142858 1.6921875
10.892857142857142 1.6921875
10.928571428571429 1.6921875
10.964285714285714 1.6921875
11.0 1.6921875
11.035714285714286 1.6921875
11.071428571428571 1.6921875
11.107142857142858 1.6921875
11.142857142857142 1.6921875
11.178571428571429 1.6921875
11.214285714285714 1.6921875
11.25 1.6921875
11.285714285714286 1.6921875
11.321428571428571 1.6921875
11.357142857142858 1.6921875
11.392857142857142 1.6921875
11.428571428571429 1.6921875
11.464285714285714 1.6921875
11.5 1.6921875
11.535714285714286 1.6921875
11.571428571428571 1.6921875
11.607142857142858 1.6921875
11.642857142857142 1.6921875
11.678571428571429 1.6921875
11.714285714285714 1.6921875
11.75 1.6921875
11.785714285714286 1.6921875
11.821428571428571 1.6921875
11.857142857142858 1.6921875
11.892857142857142 1.6921875
11.928571428571429 1.6886249999999998
11.964285714285714 1.6886249999999998
12.214285714285714 1.446375
12.25 1.5781874999999999
12.285714285714286 1.645875
12.321428571428571 1.7171249999999998
12.357142857142858 1.7206875
12.392857142857142 1.7206875
12.428571428571429 1.7206875
12.464285714285714 1.7171249999999998
12.5 1.7171249999999998
12.535714285714286 1.7171249999999998
12.571428571428571 1.7171249999999998
12.607142857142858 1.7171249999999998
12.642857142857142 1.7135624999999999
12.678571428571429 1.7135624999999999
12.714285714285714 1.7135624999999999
12.75 1.7135624999999999
12.785714285714286 1.71
12.821428571428571 1.71
12.857142857142858 1.7064374999999998
12.892857142857142 1.7064374999999998
12.928571428571429 1.7064374999999998
12.964285714285714 1.7064374999999998
13.0 1.7064374999999998
13.035714285714286 1.702875
13.071428571428571 1.702875
13.107142857142858 1.702875
13.142857142857142 1.702875
13.178571428571429 1.702875
13.214285714285714 1.702875
13.25 1.702875
13.285714285714286 1.702875
13.321428571428571 1.702875
13.357142857142858 1.702875
13.392857142857142 1.702875
13.428571428571429 1.702875
13.464285714285714 1.702875
13.5 1.702875
13.535714285714286 1.702875
13.571428571428571 1.702875
13.607142857142858 1.6993124999999998
13.642857142857142 1.6886249999999998
13.892857142857142 1.517625
13.928571428571429 1.574625
13.964285714285714 1.645875
14.0 1.7349374999999998
14.035714285714286 1.7349374999999998
14.071428571428571 1.7349374999999998
14.107142857142858 1.7313749999999999
14.142857142857142 1.7313749999999999
14.178571428571429 1.7313749999999999
14.214285714285714 1.7313749999999999
14.25 1.7313749999999999
14.285714285714286 1.7313749999999999
14.321428571428571 1.7313749999999999
14.357142857142858 1.7313749999999999
14.392857142857142 1.7313749999999999
14.428571428571429 1.7313749999999999
14.464285714285714 1.7313749999999999
14.5 1.7313749999999999
14.535714285714286 1.7313749999999999
14.571428571428571 1.7313749999999999
14.607142857142858 1.7313749999999999
14.642857142857142 1.7313749999999999
14.678571428571429 1.7313749999999999
14.714285714285714 1.7313749999999999
14.75 1.7313749999999999
14.785714285714286 1.7313749999999999
14.821428571428571 1.7313749999999999
14.857142857142858 1.7313749999999999
14.892857142857142 1.7313749999999999
14.928571428571429 1.7313749999999999
14.964285714285714 1.7313749999999999
15.0 1.7313749999999999
15.035714285714286 1.7313749999999999
15.071428571428571 1.7313749999999999
15.107142857142858 1.7313749999999999
15.142857142857142 1.7313749999999999
15.178571428571429 1.7313749999999999
15.214285714285714 1.7313749999999999
15.25 1.7313749999999999
15.285714285714286 1.7278125
15.321428571428571 1.7242499999999998
15.535714285714286 1.4321249999999999
15.571428571428571 1.5105
15.607142857142858 1.63875
15.642857142857142 1.745625
15.678571428571429 1.7527499999999998
15.714285714285714 1.7527499999999998
15.75 1.7527499999999998
15.785714285714286 1.7491875
15.821428571428571 1.7491875
15.857142857142858 1.745625
15.892857142857142 1.745625
15.928571428571429 1.745625
15.964285714285714 1.7420624999999998
16.0 1.7420624999999998
16.035714285714285 1.7420624999999998
16.071428571428573 1.7420624999999998
16.107142857142858 1.7420624999999998
16.142857142857142 1.7420624999999998
16.178571428571427 1.7420624999999998
16.214285714285715 1.7420624999999998
16.25 1.7420624999999998
16.285714285714285 1.7420624999999998
16.321428571428573 1.7385
16.357142857142858 1.7385
16.392857142857142 1.7385
16.428571428571427 1.7385
16.464285714285715 1.7385
16.5 1.7385
16.535714285714285 1.7385
16.571428571428573 1.7385
16.607142857142858 1.7385
16.642857142857142 1.7385
16.678571428571427 1.7385
16.714285714285715 1.7385
16.75 1.7385
16.785714285714285 1.7385
16.821428571428573 1.7385
16.857142857142858 1.7385
16.892857142857142 1.7385
16.928571428571427 1.7385
16.964285714285715 1.7349374999999998
17.0 1.71
17.214285714285715 1.4249999999999998
17.25 1.574625
17.285714285714285 1.6423124999999998
17.321428571428573 1.7776874999999999
17.357142857142858 1.7883749999999998
17.392857142857142 1.7883749999999998
17.428571428571427 1.7919375
17.464285714285715 1.7919375
17.5 1.7919375
17.535714285714285 1.7919375
17.571428571428573 1.7919375
17.607142857142858 1.7919375
17.642857142857142 1.7883749999999998
17.678571428571427 1.7883749999999998
17.714285714285715 1.7883749999999998
17.75 1.7883749999999998
17.785714285714285 1.7883749999999998
17.821428571428573 1.7883749999999998
17.857142857142858 1.7883749999999998
17.892857142857142 1.7883749999999998
17.928571428571427 1.7883749999999998
17.964285714285715 1.7883749999999998
18.0 1.7848125
18.035714285714285 1.7883749999999998
18.071428571428573 1.7883749999999998
18.107142857142858 1.7883749999999998
18.142857142857142 1.7848125
18.178571428571427 1.7848125
18.214285714285715 1.7848125
18.25 1.7883749999999998
18.285714285714285 1.7848125
18.321428571428573 1.7848125
18.357142857142858 1.7848125
18.392857142857142 1.7848125
18.428571428571427 1.7848125
18.464285714285715 1.7848125
18.5 1.7848125
18.535714285714285 1.7848125
18.571428571428573 1.7848125
18.607142857142858 1.7848125
18.642857142857142 1.7848125
18.678571428571427 1.7812499999999998
18.892857142857142 1.4962499999999999
18.928571428571427 1.574625
18.964285714285715 1.6993124999999998
19.0 1.8168749999999998
19.035714285714285 1.8168749999999998
19.071428571428573 1.8168749999999998
19.107142857142858 1.8168749999999998
19.142857142857142 1.8168749999999998
19.178571428571427 1.8168749999999998
19.214285714285715 1.8168749999999998
19.25 1.8133124999999999
19.285714285714285 1.8133124999999999
19.321428571428573 1.8133124999999999
19.357142857142858 1.8133124999999999
19.392857142857142 1.8133124999999999
19.428571428571427 1.8133124999999999
19.464285714285715 1.8133124999999999
19.5 1.8133124999999999
19.535714285714285 1.8133124999999999
19.571428571428573 1.8133124999999999
19.607142857142858 1.8133124999999999
19.642857142857142 1.8133124999999999
19.678571428571427 1.8133124999999999
19.714285714285715 1.8133124999999999
19.75 1.8133124999999999
19.785714285714285 1.8133124999999999
19.821428571428573 1.8133124999999999
19.857142857142858 1.8133124999999999
19.892857142857142 1.8133124999999999
19.928571428571427 1.8133124999999999
19.964285714285715 1.8133124999999999
20.0 1.8133124999999999
20.035714285714285 1.8133124999999999
20.071428571428573 1.8133124999999999
20.107142857142858 1.8133124999999999
20.142857142857142 1.8133124999999999
20.178571428571427 1.8133124999999999
20.214285714285715 1.8133124999999999
20.25 1.8133124999999999
20.285714285714285 1.8133124999999999
20.321428571428573 1.80975
20.357142857142858 1.7919375
20.571428571428573 1.4962499999999999
20.607142857142858 1.6351874999999998
20.642857142857142 1.6993124999999998
20.678571428571427 1.83825
20.714285714285715 1.8489375
20.75 1.8524999999999998
20.785714285714285 1.8524999999999998
20.821428571428573 1.8524999999999998
20.857142857142858 1.8524999999999998
20.892857142857142 1.8524999999999998
20.928571428571427 1.8524999999999998
20.964285714285715 1.8524999999999998
21.0 1.8524999999999998
21.035714285714285 1.8524999999999998
21.071428571428573 1.8524999999999998
21.107142857142858 1.8524999999999998
21.142857142857142 1.8524999999999998
21.178571428571427 1.8524999999999998
21.214285714285715 1.8524999999999998
21.25 1.8524999999999998
21.285714285714285 1.8524999999999998
21.321428571428573 1.8524999999999998
21.357142857142858 1.8524999999999998
21.392857142857142 1.8524999999999998
21.428571428571427 1.8524999999999998
21.464285714285715 1.8524999999999998
21.5 1.8524999999999998
21.535714285714285 1.8524999999999998
21.571428571428573 1.8524999999999998
21.607142857142858 1.8524999999999998
21.642857142857142 1.8524999999999998
21.678571428571427 1.8524999999999998
21.714285714285715 1.8524999999999998
21.75 1.8524999999999998
21.785714285714285 1.8524999999999998
21.821428571428573 1.8524999999999998
21.857142857142858 1.8524999999999998
21.892857142857142 1.8524999999999998
21.928571428571427 1.8524999999999998
21.964285714285715 1.8524999999999998
22.0 1.8489375
22.25 1.5639375
22.285714285714285 1.6351874999999998
22.321428571428573 1.7634374999999998
22.357142857142858 1.8952499999999999
22.392857142857142 1.902375
22.428571428571427 1.9059374999999998
22.464285714285715 1.9059374999999998
22.5 1.9059374999999998
22.535714285714285 1.902375
22.571428571428573 1.902375
22.607142857142858 1.8988124999999998
22.642857142857142 1.8988124999999998
22.678571428571427 1.8988124999999998
22.714285714285715 1.8952499999999999
22.75 1.8952499999999999
22.785714285714285 1.8952499999999999
22.821428571428573 1.8952499999999999
22.857142857142858 1.8916875
22.892857142857142 1.8916875
22.928571428571427 1.8916875
22.964285714285715 1.8916875
23.0 1.8916875
23.035714285714285 1.8916875
23.071428571428573 1.8881249999999998
23.107142857142858 1.8881249999999998
23.142857142857142 1.8881249999999998
23.178571428571427 1.8881249999999998
23.214285714285715 1.8881249999999998
23.25 1.8881249999999998
23.285714285714285 1.8845625
23.321428571428573 1.8845625
23.357142857142858 1.8845625
23.392857142857142 1.8809999999999998
23.428571428571427 1.8809999999999998
23.464285714285715 1.8809999999999998
23.5 1.8809999999999998
23.535714285714285 1.8809999999999998
23.571428571428573 1.8774374999999999
23.607142857142858 1.8809999999999998
23.642857142857142 1.8774374999999999
23.678571428571427 1.873875
23.714285714285715 1.8596249999999999
23.964285714285715 1.702875
24.0 1.831125
24.035714285714285 1.8952499999999999
24.071428571428573 1.902375
24.107142857142858 1.902375
24.142857142857142 1.902375
24.178571428571427 1.902375
24.214285714285715 1.902375
24.25 1.902375
24.285714285714285 1.902375
24.321428571428573 1.902375
24.357142857142858 1.902375
24.392857142857142 1.902375
24.428571428571427 1.902375
24.464285714285715 1.902375
24.5 1.902375
24.535714285714285 1.902375
24.571428571428573 1.902375
24.607142857142858 1.902375
24.642857142857142 1.902375
24.678571428571427 1.902375
24.714285714285715 1.902375
24.75 1.902375
24.785714285714285 1.902375
24.821428571428573 1.902375
24.857142857142858 1.902375
24.892857142857142 1.902375
24.928571428571427 1.902375
24.964285714285715 1.902375
25.0 1.902375
25.035714285714285 1.902375
25.071428571428573 1.902375
25.107142857142858 1.902375
25.142857142857142 1.902375
25.178571428571427 1.902375
25.214285714285715 1.902375
25.25 1.902375
25.285714285714285 1.902375
25.321428571428573 1.902375
25.357142857142858 1.8988124999999998
25.642857142857142 1.7527499999999998
25.678571428571427 1.8239999999999998
25.714285714285715 1.9237499999999998
25.75 1.930875
25.785714285714285 1.9344374999999998
25.821428571428573 1.9344374999999998
25.857142857142858 1.9344374999999998
25.892857142857142 1.9344374999999998
25.928571428571427 1.9344374999999998
25.964285714285715 1.9344374999999998
26.0 1.9344374999999998
26.035714285714285 1.9344374999999998
26.071428571428573 1.9344374999999998
26.107142857142858 1.930875
26.142857142857142 1.930875
26.178571428571427 1.930875
26.214285714285715 1.930875
26.25 1.9273124999999998
26.285714285714285 1.930875
26.321428571428573 1.9273124999999998
26.357142857142858 1.9273124999999998
26.392857142857142 1.9273124999999998
26.428571428571427 1.9273124999999998
26.464285714285715 1.9273124999999998
26.5 1.9273124999999998
26.535714285714285 1.9273124999999998
26.571428571428573 1.9273124999999998
26.607142857142858 1.9273124999999998
26.642857142857142 1.9273124999999998
26.678571428571427 1.9273124999999998
26.714285714285715 1.9273124999999998
26.75 1.9273124999999998
26.785714285714285 1.9273124999999998
26.821428571428573 1.9273124999999998
26.857142857142858 1.9273124999999998
26.892857142857142 1.9273124999999998
26.928571428571427 1.9273124999999998
26.964285714285715 1.9273124999999998
27.0 1.9273124999999998
27.035714285714285 1.9237499999999998
27.285714285714285 1.6886249999999998
27.321428571428573 1.7598749999999999
27.357142857142858 1.9558125
27.392857142857142 1.9415624999999999
27.428571428571427 1.9522499999999998
27.464285714285715 1.9522499999999998
27.5 1.9522499999999998
27.535714285714285 1.9522499999999998
27.571428571428573 1.9486875
27.607142857142858 1.9486875
27.642857142857142 1.9486875
27.678571428571427 1.9486875
27.714285714285715 1.9451249999999998
27.75 1.9451249999999998
27.785714285714285 1.9451249999999998
27.821428571428573 1.9451249999999998
27.857142857142858 1.9451249999999998
27.892857142857142 1.9451249999999998
27.928571428571427 1.9451249999999998
27.964285714285715 1.9451249999999998
28.0 1.9451249999999998
28.035714285714285 1.9451249999999998
28.071428571428573 1.9415624999999999
28.107142857142858 1.9415624999999999
28.142857142857142 1.9415624999999999
28.178571428571427 1.9415624999999999
28.214285714285715 1.9415624999999999
28.25 1.938
28.285714285714285 1.938
28.321428571428573 1.938
28.357142857142858 1.938
28.392857142857142 1.938
28.428571428571427 1.938
28.464285714285715 1.938
28.5 1.938
28.535714285714285 1.938
28.571428571428573 1.938
28.607142857142858 1.938
28.642857142857142 1.938
28.678571428571427 1.9344374999999998
28.714285714285715 1.9344374999999998
28.964285714285715 1.6814999999999998
29.0 1.8204375
29.035714285714285 1.8916875
29.071428571428573 1.9771874999999999
29.107142857142858 1.9914374999999997
29.142857142857142 1.9914374999999997
29.178571428571427 1.9949999999999999
29.214285714285715 1.9914374999999997
29.25 1.9914374999999997
29.285714285714285 1.9914374999999997
29.321428571428573 1.9914374999999997
29.357142857142858 1.9914374999999997
29.392857142857142 1.9914374999999997
29.428571428571427 1.9914374999999997
29.464285714285715 1.9914374999999997
29.5 1.9914374999999997
29.535714285714285 1.9914374999999997
29.571428571428573 1.9914374999999997
29.607142857142858 1.9914374999999997
29.642857142857142 1.9914374999999997
29.678571428571427 1.9914374999999997
29.714285714285715 1.9914374999999997
29.75 1.9914374999999997
29.785714285714285 1.9914374999999997
29.821428571428573 1.9914374999999997
29.857142857142858 1.9914374999999997
29.892857142857142 1.9914374999999997
29.928571428571427 1.9914374999999997
29.964285714285715 1.9914374999999997
30.0 1.9914374999999997
30.035714285714285 1.9914374999999997
30.071428571428573 1.9914374999999997
30.107142857142858 1.9914374999999997
30.142857142857142 1.9914374999999997
30.178571428571427 1.9914374999999997
30.214285714285715 1.9914374999999997
30.25 1.9914374999999997
30.285714285714285 1.9914374999999997
30.321428571428573 1.9914374999999997
30.357142857142858 1.9914374999999997
30.392857142857142 1.9878749999999998
30.428571428571427 1.9700624999999998
30.642857142857142 1.71
30.678571428571427 1.8204375
30.714285714285715 1.8881249999999998
30.75 2.0270625
30.785714285714285 2.03775
30.821428571428573 2.03775
30.857142857142858 2.0413124999999996
30.892857142857142 2.03775
30.928571428571427 2.03775
30.964285714285715 2.0413124999999996
31.0 2.0413124999999996
31.035714285714285 2.0413124999999996
31.071428571428573 2.0413124999999996
31.107142857142858 2.0413124999999996
31.142857142857142 2.0413124999999996
31.178571428571427 2.0413124999999996
31.214285714285715 2.0413124999999996
31.25 2.0413124999999996
31.285714285714285 2.0413124999999996
31.321428571428573 2.0413124999999996
31.357142857142858 2.0413124999999996
31.392857142857142 2.0413124999999996
31.428571428571427 2.0413124999999996
31.464285714285715 2.0413124999999996
31.5 2.03775
31.535714285714285 2.03775
31.571428571428573 2.03775
31.607142857142858 2.03775
31.642857142857142 2.03775
31.678571428571427 2.0413124999999996
31.714285714285715 2.03775
31.75 2.0413124999999996
31.785714285714285 2.03775
31.821428571428573 2.0413124999999996
31.857142857142858 2.03775
31.892857142857142 2.03775
31.928571428571427 2.03775
31.964285714285715 2.03775
32.0 2.0413124999999996
32.035714285714285 2.03775
32.07142857142857 2.03775
32.32142857142857 1.7491875
32.357142857142854 1.8809999999999998
32.392857142857146 1.9415624999999999
32.42857142857143 2.0840625
32.464285714285715 2.0911874999999998
32.5 2.09475
32.535714285714285 2.09475
32.57142857142857 2.0983125
32.607142857142854 2.09475
32.642857142857146 2.0983125
32.67857142857143 2.09475
32.714285714285715 2.0983125
32.75 2.0983125
32.785714285714285 2.0983125
32.82142857142857 2.0983125
32.857142857142854 2.0983125
32.892857142857146 2.0983125
32.92857142857143 2.0983125
32.964285714285715 2.0983125
33.0 2.0983125
33.035714285714285 2.0983125
33.07142857142857 2.0983125
33.107142857142854 2.0983125
33.142857142857146 2.0983125
33.17857142857143 2.0983125
33.214285714285715 2.0983125
33.25 2.0983125
33.285714285714285 2.0983125
33.32142857142857 2.0983125
33.357142857142854 2.0983125
33.392857142857146 2.0983125
33.42857142857143 2.0983125
33.464285714285715 2.0983125
33.5 2.0983125
33.535714285714285 2.0983125
33.57142857142857 2.0983125
33.607142857142854 2.0983125
33.642857142857146 2.0983125
33.67857142857143 2.0983125
33.714285714285715 2.0983125
33.75 2.09475
33.785714285714285 2.0911874999999998
34.035714285714285 1.8988124999999998
34.07142857142857 2.0056875
34.107142857142854 2.1268124999999998
34.142857142857146 2.1410625
34.17857142857143 2.1410625
34.214285714285715 2.1410625
34.25 2.1410625
34.285714285714285 2.1410625
34.32142857142857 2.1410625
34.357142857142854 2.1410625
34.392857142857146 2.1410625
34.42857142857143 2.1410625
34.464285714285715 2.1410625
34.5 2.1410625
34.535714285714285 2.1410625
34.57142857142857 2.1410625
34.607142857142854 2.1410625
34.642857142857146 2.144625
34.67857142857143 2.1410625
34.714285714285715 2.1410625
34.75 2.1410625
34.785714285714285 2.1410625
34.82142857142857 2.1410625
34.857142857142854 2.1410625
34.892857142857146 2.1410625
34.92857142857143 2.1410625
34.964285714285715 2.1410625
35.0 2.1410625
35.035714285714285 2.1410625
35.07142857142857 2.1410625
35.107142857142854 2.1410625
35.142857142857146 2.1410625
35.17857142857143 2.1410625
35.214285714285715 2.1410625
35.25 2.1410625
35.285714285714285 2.1410625
35.32142857142857 2.1410625
35.357142857142854 2.1410625
35.392857142857146 2.1410625
35.42857142857143 2.1410625
35.464285714285715 2.1339375
35.714285714285715 1.9629374999999998
35.75 2.073375
35.785714285714285 2.1374999999999997
35.82142857142857 2.1909375
35.857142857142854 2.201625
35.892857142857146 2.1980625
35.92857142857143 2.1980625
35.964285714285715 2.1980625
36.0 2.1944999999999997
36.035714285714285 2.1944999999999997
36.07142857142857 2.1944999999999997
36.107142857142854 2.1909375
36.142857142857146 2.1909375
36.17857142857143 2.1909375
36.214285714285715 2.1909375
36.25 2.187375
36.285714285714285 2.187375
36.32142857142857 2.187375
36.357142857142854 2.187375
36.392857142857146 2.187375
36.42857142857143 2.1909375
36.464285714285715 2.1909375
36.5 2.1909375
36.535714285714285 2.187375
36.57142857142857 2.187375
36.607142857142854 2.187375
36.642857142857146 2.187375
36.67857142857143 2.187375
36.714285714285715 2.187375
36.75 2.187375
36.785714285714285 2.187375
36.82142857142857 2.187375
36.857142857142854 2.187375
36.892857142857146 2.1909375
36.92857142857143 2.1909375
36.964285714285715 2.1909375
37.0 2.1909375
37.035714285714285 2.187375
37.07142857142857 2.187375
37.107142857142854 2.187375
37.142857142857146 2.1731249999999998
37.42857142857143 2.0448749999999998
37.464285714285715 2.1339375
37.5 2.2408124999999997
37.535714285714285 2.2515
37.57142857142857 2.2479375
37.607142857142854 2.2479375
37.642857142857146 2.2479375
37.67857142857143 2.2479375
37.714285714285715 2.2479375
37.75 2.244375
37.785714285714285 2.2479375
37.82142857142857 2.2479375
37.857142857142854 2.244375
37.892857142857146 2.244375
37.92857142857143 2.244375
37.964285714285715 2.244375
38.0 2.244375
38.035714285714285 2.244375
38.07142857142857 2.244375
38.107142857142854 2.244375
38.142857142857146 2.244375
38.17857142857143 2.244375
38.214285714285715 2.244375
38.25 2.244375
38.285714285714285 2.244375
38.32142857142857 2.244375
38.357142857142854 2.244375
38.392857142857146 2.244375
38.42857142857143 2.244375
38.464285714285715 2.244375
38.5 2.2479375
38.535714285714285 2.244375
38.57142857142857 2.244375
38.607142857142854 2.244375
38.642857142857146 2.244375
38.67857142857143 2.244375
38.714285714285715 2.244375
38.75 2.244375
38.785714285714285 2.244375
38.82142857142857 2.2408124999999997
39.07142857142857 1.9771874999999999
39.107142857142854 2.1410625
39.142857142857146 2.1944999999999997
39.17857142857143 2.2871249999999996
39.214285714285715 2.29425
39.25 2.29425
39.285714285714285 2.29425
39.32142857142857 2.2906874999999998
39.357142857142854 2.2906874999999998
39.392857142857146 2.2906874999999998
39.42857142857143 2.2906874999999998
39.464285714285715 2.2906874999999998
39.5 2.2906874999999998
39.535714285714285 2.2906874999999998
39.57142857142857 2.2906874999999998
39.607142857142854 2.2906874999999998
39.642857142857146 2.2906874999999998
39.67857142857143 2.2906874999999998
39.714285714285715 2.2906874999999998
39.75 2.2906874999999998
39.785714285714285 2.2906874999999998
39.82142857142857 2.2906874999999998
39.857142857142854 2.2906874999999998
39.892857142857146 2.2906874999999998
39.92857142857143 2.2906874999999998
