0.2857142857142857 2.6611874999999996
0.32142857142857145 2.6647499999999997
0.35714285714285715 2.6683125
0.39285714285714285 2.6683125
0.42857142857142855 2.6754374999999997
0.4642857142857143 2.6754374999999997
0.5 2.6754374999999997
0.5357142857142857 2.671875
0.5714285714285714 2.671875
0.6071428571428571 2.671875
0.6428571428571429 2.671875
0.6785714285714286 2.671875
0.7142857142857143 2.671875
0.75 2.6683125
0.7857142857142857 2.6683125
0.8214285714285714 2.6683125
0.8571428571428571 2.6683125
0.8928571428571429 2.6683125
0.9285714285714286 2.6683125
0.9642857142857143 2.6647499999999997
1.0 2.6647499999999997
1.2857142857142858 2.586375
1.3214285714285714 2.5934999999999997
1.3571428571428572 2.5970625
1.3928571428571428 2.600625
1.4285714285714286 2.600625
1.4642857142857142 2.600625
1.5 2.6041874999999997
1.5357142857142858 2.6041874999999997
1.5714285714285714 2.600625
1.6071428571428572 2.600625
1.6428571428571428 2.600625
1.6785714285714286 2.600625
1.7142857142857142 2.600625
1.75 2.600625
1.7857142857142858 2.600625
1.8214285714285714 2.600625
1.8571428571428572 2.600625
1.8928571428571428 2.600625
1.9285714285714286 2.600625
1.9642857142857142 2.600625
2.0 2.5970625
2.3214285714285716 2.5186875
2.357142857142857 2.5186875
2.392857142857143 2.515125
2.4285714285714284 2.515125
2.4642857142857144 2.515125
2.5 2.515125
2.5357142857142856 2.5115624999999997
2.5714285714285716 2.5115624999999997
2.607142857142857 2.5115624999999997
2.642857142857143 2.5115624999999997
2.6785714285714284 2.5115624999999997
2.7142857142857144 2.5115624999999997
2.75 2.5115624999999997
2.7857142857142856 2.508
2.8214285714285716 2.508
2.857142857142857 2.508
2.892857142857143 2.508
2.9285714285714284 2.508
2.9642857142857144 2.508
3.0 2.508
3.3214285714285716 2.3939999999999997
3.357142857142857 2.4046874999999996
3.392857142857143 2.40825
3.4285714285714284 2.40825
3.4642857142857144 2.4118125
3.5 2.415375
3.5357142857142856 2.415375
3.5714285714285716 2.415375
3.607142857142857 2.415375
3.642857142857143 2.415375
3.6785714285714284 2.415375
3.7142857142857144 2.415375
3.75 2.415375
3.7857142857142856 2.4118125
3.8214285714285716 2.4118125
3.857142857142857 2.4118125
3.892857142857143 2.4118125
3.9285714285714284 2.4118125
3.9642857142857144 2.4118125
4.0 2.4118125
4.035714285714286 2.40825
4.071428571428571 2.40825
4.357142857142857 2.3013749999999997
4.392857142857143 2.3013749999999997
4.428571428571429 2.3085
4.464285714285714 2.3085
4.5 2.3085
4.535714285714286 2.3085
4.571428571428571 2.3120624999999997
4.607142857142857 2.3085
4.642857142857143 2.3085
4.678571428571429 2.3085
4.714285714285714 2.3085
4.75 2.3085
4.785714285714286 2.3085
4.821428571428571 2.3085
4.857142857142857 2.3085
4.892857142857143 2.3085
4.928571428571429 2.3085
4.964285714285714 2.3085
5.0 2.3085
5.035714285714286 2.3085
5.071428571428571 2.3085
5.428571428571429 2.2051874999999996
5.464285714285714 2.2087499999999998
5.5 2.2087499999999998
5.535714285714286 2.2123125
5.571428571428571 2.2123125
5.607142857142857 2.215875
5.642857142857143 2.215875
5.678571428571429 2.215875
5.714285714285714 2.215875
5.75 2.215875
5.785714285714286 2.2123125
5.821428571428571 2.2123125
5.857142857142857 2.2123125
5.892857142857143 2.2123125
5.928571428571429 2.2123125
5.964285714285714 2.2123125
6.0 2.2123125
6.035714285714286 2.2123125
6.071428571428571 2.2123125
6.428571428571429 2.09475
6.464285714285714 2.1018749999999997
6.5 2.1018749999999997
6.535714285714286 2.1054375
6.571428571428571 2.1054375
6.607142857142857 2.1054375
6.642857142857143 2.109
6.678571428571429 2.109
6.714285714285714 2.1054375
6.75 2.109
6.785714285714286 2.1054375
6.821428571428571 2.1054375
6.857142857142857 2.1054375
6.892857142857143 2.1054375
6.928571428571429 2.1054375
6.964285714285714 2.1054375
7.0 2.1054375
7.035714285714286 2.1054375
7.071428571428571 2.1054375
7.107142857142857 2.1018749999999997
7.392857142857143 2.0413124999999996
7.428571428571429 1.9807499999999998
7.464285714285714 1.9878749999999998
7.5 1.9949999999999999
7.535714285714286 1.9985624999999998
7.571428571428571 2.002125
7.607142857142857 2.002125
7.642857142857143 2.0056875
7.678571428571429 2.0056875
7.714285714285714 2.0056875
7.75 2.0056875
7.785714285714286 2.0056875
7.821428571428571 2.0056875
7.857142857142857 2.0056875
7.892857142857143 2.0056875
7.928571428571429 2.002125
7.964285714285714 2.002125
8.0 2.002125
8.035714285714286 2.002125
8.071428571428571 2.002125
8.107142857142858 2.002125
8.142857142857142 2.002125
8.428571428571429 1.9130624999999999
8.464285714285714 1.9166249999999998
8.5 1.9201875
8.535714285714286 1.9237499999999998
8.571428571428571 1.9237499999999998
8.607142857142858 1.9237499999999998
8.642857142857142 1.9237499999999998
8.678571428571429 1.9237499999999998
8.714285714285714 1.9237499999999998
8.75 1.9237499999999998
8.785714285714286 1.9237499999999998
8.821428571428571 1.9237499999999998
8.857142857142858 1.9237499999999998
8.892857142857142 1.9237499999999998
8.928571428571429 1.9237499999999998
8.964285714285714 1.9237499999999998
9.0 1.9237499999999998
9.035714285714286 1.9237499999999998
9.071428571428571 1.9237499999999998
9.107142857142858 1.9237499999999998
9.142857142857142 1.9237499999999998
9.428571428571429 1.873875
9.5 1.8204375
9.535714285714286 1.8204375
9.571428571428571 1.8204375
9.607142857142858 1.8204375
9.642857142857142 1.8204375
9.678571428571429 1.8168749999999998
9.714285714285714 1.8168749999999998
9.75 1.8168749999999998
9.785714285714286 1.8168749999999998
9.821428571428571 1.8168749999999998
9.857142857142858 1.8168749999999998
9.892857142857142 1.8168749999999998
9.928571428571429 1.8168749999999998
9.964285714285714 1.8168749999999998
10.0 1.8168749999999998
10.035714285714286 1.8168749999999998
10.071428571428571 1.8168749999999998
10.107142857142858 1.8168749999999998
10.142857142857142 1.8168749999999998
10.178571428571429 1.8168749999999998
10.464285714285714 1.7776874999999999
10.5 1.71
10.535714285714286 1.7064374999999998
10.571428571428571 1.7064374999999998
10.607142857142858 1.71
10.642857142857142 1.7064374999999998
10.678571428571429 1.71
10.714285714285714 1.71
10.75 1.7064374999999998
10.785714285714286 1.71
10.821428571428571 1.71
10.857142857142858 1.7064374999999998
10.892857142857142 1.7064374999999998
10.928571428571429 1.7064374999999998
10.964285714285714 1.7064374999999998
11.0 1.7064374999999998
11.035714285714286 1.7064374999999998
11.071428571428571 1.7064374999999998
11.107142857142858 1.7064374999999998
11.142857142857142 1.7064374999999998
11.178571428571429 1.7064374999999998
11.214285714285714 1.7064374999999998
11.5 1.6138124999999999
11.535714285714286 1.6138124999999999
11.571428571428571 1.6138124999999999
11.607142857142858 1.61025
11.642857142857142 1.61025
11.678571428571429 1.61025
11.714285714285714 1.61025
11.75 1.61025
11.785714285714286 1.6066874999999998
11.821428571428571 1.61025
11.857142857142858 1.6066874999999998
11.892857142857142 1.6066874999999998
11.928571428571429 1.6066874999999998
11.964285714285714 1.6066874999999998
12.0 1.6066874999999998
12.035714285714286 1.6066874999999998
12.071428571428571 1.603125
12.107142857142858 1.603125
12.142857142857142 1.603125
12.178571428571429 1.6066874999999998
12.214285714285714 1.6066874999999998
12.5 1.5247499999999998
12.535714285714286 1.4926875
12.571428571428571 1.4926875
12.607142857142858 1.4926875
12.642857142857142 1.4926875
12.678571428571429 1.4926875
12.714285714285714 1.4926875
12.75 1.4926875
12.785714285714286 1.4891249999999998
12.821428571428571 1.4891249999999998
12.857142857142858 1.4891249999999998
12.892857142857142 1.4891249999999998
12.928571428571429 1.4891249999999998
12.964285714285714 1.4891249999999998
13.0 1.4891249999999998
13.035714285714286 1.4891249999999998
13.071428571428571 1.4891249999999998
13.107142857142858 1.4891249999999998
13.142857142857142 1.4891249999999998
13.178571428571429 1.4891249999999998
13.214285714285714 1.4891249999999998
13.25 1.4891249999999998
13.535714285714286 1.3644375
13.571428571428571 1.3644375
13.607142857142858 1.3608749999999998
13.642857142857142 1.3608749999999998
13.678571428571429 1.3608749999999998
13.714285714285714 1.3608749999999998
13.75 1.3608749999999998
13.785714285714286 1.3608749999999998
13.821428571428571 1.3573125
13.857142857142858 1.3573125
13.892857142857142 1.3573125
13.928571428571429 1.3573125
13.964285714285714 1.3573125
14.0 1.3573125
14.035714285714286 1.3573125
14.071428571428571 1.35375
14.107142857142858 1.35375
14.142857142857142 1.35375
14.178571428571429 1.3573125
14.214285714285714 1.35375
14.25 1.3573125
14.285714285714286 1.3573125
14.571428571428571 1.2611249999999998
14.607142857142858 1.2611249999999998
14.642857142857142 1.2611249999999998
14.678571428571429 1.2611249999999998
14.714285714285714 1.2611249999999998
14.75 1.2611249999999998
14.785714285714286 1.2575625
14.821428571428571 1.2611249999999998
14.857142857142858 1.2575625
14.892857142857142 1.2575625
14.928571428571429 1.2575625
14.964285714285714 1.2575625
15.0 1.2575625
15.035714285714286 1.2575625
15.071428571428571 1.2575625
15.107142857142858 1.2575625
15.142857142857142 1.2575625
15.178571428571429 1.2575625
15.214285714285714 1.2575625
15.25 1.2575625
15.285714285714286 1.2575625
15.321428571428571 1.2575625
15.607142857142858 1.1578125
15.642857142857142 1.15425
15.678571428571429 1.15425
15.714285714285714 1.15425
15.75 1.15425
15.785714285714286 1.15425
15.821428571428571 1.15425
15.857142857142858 1.15425
15.892857142857142 1.15425
15.928571428571429 1.15425
15.964285714285714 1.15425
16.0 1.15425
16.035714285714285 1.15425
16.071428571428573 1.15425
16.107142857142858 1.1506874999999999
16.142857142857142 1.1506874999999999
16.178571428571427 1.15425
16.214285714285715 1.15425
16.25 1.1506874999999999
16.285714285714285 1.15425
16.321428571428573 1.1506874999999999
16.607142857142858 1.0509374999999999
16.642857142857142 1.0509374999999999
16.678571428571427 1.047375
16.714285714285715 1.047375
16.75 1.047375
16.785714285714285 1.047375
16.821428571428573 1.047375
16.857142857142858 1.047375
16.892857142857142 1.047375
16.928571428571427 1.047375
16.964285714285715 1.0438125
17.0 1.0438125
17.035714285714285 1.0438125
17.071428571428573 1.0438125
17.107142857142858 1.0438125
17.142857142857142 1.0438125
17.178571428571427 1.0438125
17.214285714285715 1.0438125
17.25 1.0438125
17.285714285714285 1.0438125
17.321428571428573 1.0438125
17.607142857142858 0.9761249999999999
17.642857142857142 0.9404999999999999
17.678571428571427 0.9369375
17.714285714285715 0.9369375
17.75 0.9369375
17.785714285714285 0.9369375
17.821428571428573 0.9369375
17.857142857142858 0.9369375
17.892857142857142 0.9369375
17.928571428571427 0.9369375
17.964285714285715 0.9369375
18.0 0.9369375
18.035714285714285 0.933375
18.071428571428573 0.933375
18.107142857142858 0.933375
18.142857142857142 0.933375
18.178571428571427 0.933375
18.214285714285715 0.933375
18.25 0.933375
18.285714285714285 0.933375
18.321428571428573 0.933375
18.357142857142858 0.933375
18.642857142857142 0.8835
18.678571428571427 0.8371875
18.714285714285715 0.8371875
18.75 0.833625
18.785714285714285 0.833625
18.821428571428573 0.833625
18.857142857142858 0.833625
18.892857142857142 0.833625
18.928571428571427 0.833625
18.964285714285715 0.833625
19.0 0.833625
19.035714285714285 0.833625
19.071428571428573 0.833625
19.107142857142858 0.8300624999999999
19.142857142857142 0.8300624999999999
19.178571428571427 0.8300624999999999
19.214285714285715 0.8300624999999999
19.25 0.8300624999999999
19.285714285714285 0.8300624999999999
19.321428571428573 0.8300624999999999
19.357142857142858 0.8300624999999999
19.642857142857142 0.790875
19.678571428571427 0.7338749999999999
19.714285714285715 0.7338749999999999
19.75 0.7374375
19.785714285714285 0.7374375
19.821428571428573 0.7374375
19.857142857142858 0.7374375
19.892857142857142 0.7374375
19.928571428571427 0.7374375
19.964285714285715 0.7338749999999999
20.0 0.7374375
20.035714285714285 0.7374375
20.071428571428573 0.7374375
20.107142857142858 0.7338749999999999
20.142857142857142 0.7338749999999999
20.178571428571427 0.7338749999999999
20.214285714285715 0.7338749999999999
20.25 0.7338749999999999
20.285714285714285 0.7338749999999999
20.321428571428573 0.7338749999999999
20.357142857142858 0.7338749999999999
20.392857142857142 0.7338749999999999
20.428571428571427 0.7338749999999999
20.678571428571427 0.6875625
20.714285714285715 0.64125
20.75 0.6483749999999999
20.785714285714285 0.6519375
20.821428571428573 0.6519375
20.857142857142858 0.6483749999999999
20.892857142857142 0.6483749999999999
20.928571428571427 0.6483749999999999
20.964285714285715 0.6483749999999999
21.0 0.6483749999999999
21.035714285714285 0.6483749999999999
21.071428571428573 0.6483749999999999
21.107142857142858 0.6483749999999999
21.142857142857142 0.6483749999999999
21.178571428571427 0.6483749999999999
21.214285714285715 0.6483749999999999
21.25 0.6483749999999999
21.285714285714285 0.6483749999999999
21.321428571428573 0.6483749999999999
21.357142857142858 0.6483749999999999
21.392857142857142 0.6483749999999999
21.428571428571427 0.6483749999999999
21.714285714285715 0.55575
21.75 0.5593125
21.785714285714285 0.5593125
21.821428571428573 0.5593125
21.857142857142858 0.55575
21.892857142857142 0.55575
21.928571428571427 0.55575
21.964285714285715 0.5593125
22.0 0.5593125
22.035714285714285 0.55575
22.071428571428573 0.55575
22.107142857142858 0.55575
22.142857142857142 0.5593125
22.178571428571427 0.5593125
22.214285714285715 0.5593125
22.25 0.55575
22.285714285714285 0.5593125
22.321428571428573 0.5593125
22.357142857142858 0.5593125
22.392857142857142 0.5593125
22.428571428571427 0.5593125
22.464285714285715 0.5593125
22.714285714285715 0.49874999999999997
22.75 0.44531249999999994
22.785714285714285 0.44531249999999994
22.821428571428573 0.44175
22.857142857142858 0.44531249999999994
22.892857142857142 0.44531249999999994
22.928571428571427 0.44531249999999994
22.964285714285715 0.44531249999999994
23.0 0.44531249999999994
23.035714285714285 0.44531249999999994
23.071428571428573 0.44531249999999994
23.107142857142858 0.44531249999999994
23.142857142857142 0.44531249999999994
23.178571428571427 0.44175
23.214285714285715 0.44531249999999994
23.25 0.44175
23.285714285714285 0.44175
23.321428571428573 0.44531249999999994
23.357142857142858 0.44531249999999994
23.392857142857142 0.44531249999999994
23.428571428571427 0.44531249999999994
23.464285714285715 0.44531249999999994
23.75 0.38118749999999996
23.785714285714285 0.38475
23.821428571428573 0.38831249999999995
23.857142857142858 0.38831249999999995
23.892857142857142 0.38831249999999995
23.928571428571427 0.38831249999999995
23.964285714285715 0.38831249999999995
24.0 0.38831249999999995
24.035714285714285 0.38475
24.071428571428573 0.38475
24.107142857142858 0.38831249999999995
24.142857142857142 0.38831249999999995
24.178571428571427 0.38831249999999995
24.214285714285715 0.38831249999999995
24.25 0.38831249999999995
24.285714285714285 0.38831249999999995
24.321428571428573 0.38831249999999995
24.357142857142858 0.38831249999999995
24.392857142857142 0.38831249999999995
24.428571428571427 0.38831249999999995
24.464285714285715 0.38831249999999995
24.75 0.32775
24.785714285714285 0.32775
24.821428571428573 0.32775
24.857142857142858 0.33131249999999995
24.892857142857142 0.32775
24.928571428571427 0.32775
24.964285714285715 0.32775
25.0 0.32775
25.035714285714285 0.32775
25.071428571428573 0.32775
25.107142857142858 0.32775
25.142857142857142 0.32418749999999996
25.178571428571427 0.32775
25.214285714285715 0.32775
25.25 0.32775
25.285714285714285 0.32775
25.321428571428573 0.32775
25.357142857142858 0.32775
25.392857142857142 0.32775
25.428571428571427 0.32775
25.464285714285715 0.32775
25.75 0.263625
25.785714285714285 0.27075
25.821428571428573 0.27075
25.857142857142858 0.27075
25.892857142857142 0.27431249999999996
25.928571428571427 0.27431249999999996
25.964285714285715 0.27431249999999996
26.0 0.27431249999999996
26.035714285714285 0.277875
26.071428571428573 0.27431249999999996
26.107142857142858 0.27431249999999996
26.142857142857142 0.27431249999999996
26.178571428571427 0.27431249999999996
26.214285714285715 0.277875
26.25 0.277875
26.285714285714285 0.277875
26.321428571428573 0.27431249999999996
26.357142857142858 0.27431249999999996
26.392857142857142 0.27431249999999996
26.428571428571427 0.277875
26.464285714285715 0.277875
26.5 0.277875
26.75 0.19949999999999998
26.785714285714285 0.19949999999999998
26.821428571428573 0.20662499999999998
26.857142857142858 0.20662499999999998
26.892857142857142 0.21018749999999997
26.928571428571427 0.20662499999999998
26.964285714285715 0.20662499999999998
27.0 0.20662499999999998
27.035714285714285 0.20662499999999998
27.071428571428573 0.21018749999999997
27.107142857142858 0.21018749999999997
27.142857142857142 0.21018749999999997
27.178571428571427 0.21018749999999997
27.214285714285715 0.21018749999999997
27.25 0.21018749999999997
27.285714285714285 0.21018749999999997
27.321428571428573 0.21018749999999997
27.357142857142858 0.21018749999999997
27.392857142857142 0.21018749999999997
27.428571428571427 0.21018749999999997
27.464285714285715 0.21018749999999997
27.5 0.21018749999999997
27.75 0.12825
27.785714285714285 0.1603125
27.821428571428573 0.1603125
27.857142857142858 0.163875
27.892857142857142 0.1674375
27.928571428571427 0.1674375
27.964285714285715 0.1674375
28.0 0.163875
28.035714285714285 0.1674375
28.071428571428573 0.163875
28.107142857142858 0.163875
28.142857142857142 0.1674375
28.178571428571427 0.1674375
28.214285714285715 0.17099999999999999
28.25 0.17099999999999999
28.285714285714285 0.1674375
28.321428571428573 0.17099999999999999
28.357142857142858 0.17099999999999999
28.392857142857142 0.17099999999999999
28.428571428571427 0.17099999999999999
28.464285714285715 0.17456249999999998
28.5 0.17456249999999998
28.535714285714285 0.17099999999999999
28.75 0.11399999999999999
28.785714285714285 0.11399999999999999
28.821428571428573 0.12468749999999999
28.857142857142858 0.121125
28.892857142857142 0.11756249999999999
28.928571428571427 0.12825
28.964285714285715 0.12468749999999999
29.0 0.12468749999999999
29.035714285714285 0.12825
29.071428571428573 0.121125
29.107142857142858 0.121125
29.142857142857142 0.12468749999999999
29.178571428571427 0.12825
29.214285714285715 0.1318125
29.25 0.12468749999999999
29.285714285714285 0.12468749999999999
29.321428571428573 0.12825
29.357142857142858 0.1318125
29.392857142857142 0.12825
29.428571428571427 0.1318125
29.464285714285715 0.12825
29.5 0.1318125
29.535714285714285 0.12825
29.75 0.07125
29.785714285714285 0.092625
29.821428571428573 0.08549999999999999
29.857142857142858 0.08549999999999999
29.892857142857142 0.08549999999999999
29.928571428571427 0.08549999999999999
29.964285714285715 0.08549999999999999
30.0 0.08906249999999999
30.035714285714285 0.08906249999999999
30.071428571428573 0.08906249999999999
30.107142857142858 0.08549999999999999
30.142857142857142 0.08549999999999999
30.178571428571427 0.08549999999999999
30.214285714285715 0.08549999999999999
30.25 0.08906249999999999
30.285714285714285 0.08906249999999999
30.321428571428573 0.08906249999999999
30.357142857142858 0.08906249999999999
30.392857142857142 0.08906249999999999
30.428571428571427 0.08549999999999999
30.464285714285715 0.08549999999999999
30.5 0.092625
30.535714285714285 0.092625
30.75 0.049874999999999996
30.785714285714285 0.064125
30.821428571428573 0.056999999999999995
30.857142857142858 0.0605625
30.892857142857142 0.064125
30.928571428571427 0.064125
30.964285714285715 0.064125
31.0 0.0605625
31.035714285714285 0.064125
31.071428571428573 0.064125
31.107142857142858 0.064125
31.142857142857142 0.064125
31.178571428571427 0.0676875
31.214285714285715 0.064125
31.25 0.064125
31.285714285714285 0.064125
31.321428571428573 0.0605625
31.357142857142858 0.0605625
31.392857142857142 0.064125
31.428571428571427 0.0676875
31.464285714285715 0.0676875
31.5 0.0676875
31.535714285714285 0.0605625
31.785714285714285 0.028499999999999998
31.821428571428573 0.0391875
31.857142857142858 0.042749999999999996
31.892857142857142 0.042749999999999996
31.928571428571427 0.0391875
31.964285714285715 0.0391875
32.0 0.042749999999999996
32.035714285714285 0.0391875
32.07142857142857 0.0463125
32.107142857142854 0.042749999999999996
32.142857142857146 0.0463125
