0.03571428571428571 1.0651875
0.07142857142857142 1.0687499999999999
0.10714285714285714 1.0687499999999999
0.14285714285714285 1.0616249999999998
0.17857142857142858 1.0616249999999998
0.21428571428571427 1.0651875
0.25 1.0651875
0.2857142857142857 1.0651875
0.32142857142857145 1.0651875
0.35714285714285715 1.0651875
0.39285714285714285 1.0651875
0.42857142857142855 1.0651875
0.4642857142857143 1.0651875
0.5 1.0651875
0.5357142857142857 1.0651875
0.5714285714285714 1.0651875
0.6071428571428571 1.0651875
0.6428571428571429 1.0651875
0.6785714285714286 1.0651875
0.7142857142857143 1.0651875
0.75 1.0687499999999999
0.7857142857142857 1.0616249999999998
0.8214285714285714 1.0616249999999998
0.8571428571428571 1.0651875
0.8928571428571429 1.0651875
0.9285714285714286 1.0651875
0.9642857142857143 1.0651875
1.0 1.0687499999999999
1.0357142857142858 1.0687499999999999
1.0714285714285714 1.0687499999999999
1.1071428571428572 1.0616249999999998
1.1428571428571428 1.0651875
1.1785714285714286 1.0651875
1.2142857142857142 1.0651875
1.25 1.0651875
1.2857142857142858 1.0651875
1.3214285714285714 1.0651875
1.3571428571428572 1.0651875
1.3928571428571428 1.0687499999999999
1.4285714285714286 1.0616249999999998
1.4642857142857142 1.0580625
1.5 1.0651875
1.5357142857142858 1.0651875
1.5714285714285714 1.0651875
1.6071428571428572 1.0651875
1.6428571428571428 1.0651875
1.6785714285714286 1.0687499999999999
1.7142857142857142 1.0687499999999999
1.75 1.0616249999999998
1.7857142857142858 1.0580625
1.8214285714285714 1.0651875
1.8571428571428572 1.0651875
1.8928571428571428 1.0651875
1.9285714285714286 1.0651875
1.9642857142857142 1.0687499999999999
2.0 1.0651875
2.0357142857142856 1.0687499999999999
2.0714285714285716 1.0651875
2.107142857142857 1.0651875
2.142857142857143 1.0651875
2.1785714285714284 1.0651875
2.2142857142857144 1.0651875
2.25 1.0651875
2.2857142857142856 1.0651875
2.3214285714285716 1.0651875
2.357142857142857 1.0651875
2.392857142857143 1.0651875
2.4285714285714284 1.0616249999999998
2.4642857142857144 1.0651875
2.5 1.0651875
2.5357142857142856 1.0651875
2.5714285714285716 1.0651875
2.607142857142857 1.0687499999999999
2.642857142857143 1.0687499999999999
2.6785714285714284 1.0687499999999999
2.7142857142857144 1.0651875
2.75 1.0616249999999998
2.7857142857142856 1.0651875
2.8214285714285716 1.0651875
2.857142857142857 1.0651875
2.892857142857143 1.0651875
2.9285714285714284 1.0651875
2.9642857142857144 1.0651875
3.0 1.0651875
3.0357142857142856 1.0651875
3.0714285714285716 1.0580625
3.107142857142857 1.0651875
3.142857142857143 1.0651875
3.1785714285714284 1.0651875
3.2142857142857144 1.0687499999999999
3.25 1.0687499999999999
3.2857142857142856 1.0687499999999999
3.3214285714285716 1.0687499999999999
3.357142857142857 1.0651875
3.392857142857143 1.0616249999999998
3.4285714285714284 1.0651875
3.4642857142857144 1.0651875
3.5 1.0651875
3.5357142857142856 1.0687499999999999
3.5714285714285716 1.0687499999999999
3.607142857142857 1.0687499999999999
3.642857142857143 1.0687499999999999
3.6785714285714284 1.0651875
3.7142857142857144 1.0616249999999998
3.75 1.0651875
3.7857142857142856 1.0651875
3.8214285714285716 1.0651875
3.857142857142857 1.0651875
3.892857142857143 1.0687499999999999
3.9285714285714284 1.0687499999999999
3.9642857142857144 1.0687499999999999
4.0 1.0651875
4.035714285714286 1.0616249999999998
4.071428571428571 1.0651875
4.107142857142857 1.0651875
4.142857142857143 1.0687499999999999
4.178571428571429 1.0651875
4.214285714285714 1.0687499999999999
4.25 1.0687499999999999
4.285714285714286 1.0687499999999999
4.321428571428571 1.0687499999999999
4.357142857142857 1.0651875
4.392857142857143 1.0651875
4.428571428571429 1.0651875
4.464285714285714 1.0651875
4.5 1.0687499999999999
4.535714285714286 1.0687499999999999
4.571428571428571 1.0687499999999999
4.607142857142857 1.0687499999999999
4.642857142857143 1.0651875
4.678571428571429 1.0616249999999998
4.714285714285714 1.0651875
4.75 1.0651875
4.785714285714286 1.0687499999999999
4.821428571428571 1.0687499999999999
4.857142857142857 1.0687499999999999
4.892857142857143 1.0687499999999999
4.928571428571429 1.0687499999999999
4.964285714285714 1.0687499999999999
5.0 1.0616249999999998
5.035714285714286 1.0651875
5.071428571428571 1.0651875
5.107142857142857 1.0687499999999999
5.142857142857143 1.0687499999999999
5.178571428571429 1.0687499999999999
5.214285714285714 1.0687499999999999
5.25 1.0687499999999999
5.285714285714286 1.0687499999999999
5.321428571428571 1.0616249999999998
5.357142857142857 1.0651875
5.392857142857143 1.0651875
5.428571428571429 1.0687499999999999
5.464285714285714 1.0687499999999999
5.5 1.0687499999999999
5.535714285714286 1.0687499999999999
5.571428571428571 1.0687499999999999
5.607142857142857 1.0687499999999999
5.642857142857143 1.0651875
5.678571428571429 1.0687499999999999
5.714285714285714 1.0651875
5.75 1.0687499999999999
5.785714285714286 1.0687499999999999
5.821428571428571 1.0687499999999999
5.857142857142857 1.0687499999999999
5.892857142857143 1.0687499999999999
5.928571428571429 1.0687499999999999
5.964285714285714 1.0651875
6.0 1.0687499999999999
6.035714285714286 1.0651875
6.071428571428571 1.0687499999999999
6.107142857142857 1.0687499999999999
6.142857142857143 1.0687499999999999
6.178571428571429 1.0687499999999999
6.214285714285714 1.0687499999999999
6.25 1.0687499999999999
6.285714285714286 1.0651875
6.321428571428571 1.0687499999999999
6.357142857142857 1.0687499999999999
6.392857142857143 1.0687499999999999
6.428571428571429 1.0687499999999999
6.464285714285714 1.0687499999999999
6.5 1.0687499999999999
6.535714285714286 1.0687499999999999
6.571428571428571 1.0687499999999999
6.607142857142857 1.0651875
6.642857142857143 1.0687499999999999
6.678571428571429 1.0687499999999999
6.714285714285714 1.0687499999999999
6.75 1.0687499999999999
6.785714285714286 1.0687499999999999
6.821428571428571 1.0687499999999999
6.857142857142857 1.0687499999999999
6.892857142857143 1.0687499999999999
6.928571428571429 1.0651875
6.964285714285714 1.0651875
7.0 1.0687499999999999
7.035714285714286 1.0687499999999999
7.071428571428571 1.0687499999999999
7.107142857142857 1.0687499999999999
7.142857142857143 1.0687499999999999
7.178571428571429 1.0687499999999999
7.214285714285714 1.0687499999999999
7.25 1.0616249999999998
7.285714285714286 1.0687499999999999
7.321428571428571 1.0651875
7.357142857142857 1.0651875
7.392857142857143 1.0687499999999999
7.428571428571429 1.0687499999999999
7.464285714285714 1.0687499999999999
7.5 1.0687499999999999
7.535714285714286 1.0687499999999999
7.571428571428571 1.0687499999999999
7.607142857142857 1.0651875
7.642857142857143 1.0687499999999999
7.678571428571429 1.0651875
7.714285714285714 1.0687499999999999
7.75 1.0687499999999999
7.785714285714286 1.0687499999999999
7.821428571428571 1.0687499999999999
7.857142857142857 1.0687499999999999
7.892857142857143 1.0651875
7.928571428571429 1.0687499999999999
7.964285714285714 1.0687499999999999
8.0 1.0687499999999999
8.035714285714286 1.0687499999999999
8.071428571428571 1.0687499999999999
8.107142857142858 1.0687499999999999
8.142857142857142 1.0687499999999999
8.178571428571429 1.0687499999999999
8.214285714285714 1.0687499999999999
8.25 1.0687499999999999
8.285714285714286 1.0687499999999999
8.321428571428571 1.0687499999999999
8.357142857142858 1.0687499999999999
8.392857142857142 1.0687499999999999
8.428571428571429 1.0687499999999999
8.464285714285714 1.0687499999999999
8.5 1.0687499999999999
8.535714285714286 1.0651875
8.571428571428571 1.0651875
8.607142857142858 1.0687499999999999
8.642857142857142 1.0687499999999999
8.678571428571429 1.0687499999999999
8.714285714285714 1.0687499999999999
8.75 1.0687499999999999
8.785714285714286 1.0687499999999999
8.821428571428571 1.0687499999999999
8.857142857142858 1.0651875
8.892857142857142 1.0651875
8.928571428571429 1.0651875
8.964285714285714 1.0651875
9.0 1.0687499999999999
9.035714285714286 1.0651875
9.071428571428571 1.0687499999999999
9.107142857142858 1.0651875
9.142857142857142 1.0687499999999999
9.178571428571429 1.0651875
9.214285714285714 1.0651875
9.25 1.0651875
9.285714285714286 1.0651875
9.321428571428571 1.0687499999999999
9.357142857142858 1.0687499999999999
9.392857142857142 1.0687499999999999
9.428571428571429 1.0687499999999999
9.464285714285714 1.0687499999999999
9.5 1.0651875
9.535714285714286 1.0651875
9.571428571428571 1.0687499999999999
9.607142857142858 1.0651875
9.642857142857142 1.0687499999999999
9.678571428571429 1.0687499999999999
9.714285714285714 1.0687499999999999
9.75 1.0687499999999999
9.785714285714286 1.0723125
9.821428571428571 1.0687499999999999
9.857142857142858 1.0687499999999999
9.892857142857142 1.0687499999999999
9.928571428571429 1.0687499999999999
9.964285714285714 1.0687499999999999
10.0 1.0687499999999999
10.035714285714286 1.0723125
10.071428571428571 1.0687499999999999
10.107142857142858 1.0687499999999999
10.142857142857142 1.0687499999999999
10.178571428571429 1.0651875
10.214285714285714 1.0687499999999999
10.25 1.0687499999999999
10.285714285714286 1.0687499999999999
10.321428571428571 1.0687499999999999
10.357142857142858 1.0687499999999999
10.392857142857142 1.0687499999999999
10.428571428571429 1.0723125
10.464285714285714 1.0651875
10.5 1.0651875
10.535714285714286 1.0687499999999999
10.571428571428571 1.0651875
10.607142857142858 1.0687499999999999
10.642857142857142 1.0687499999999999
10.678571428571429 1.0687499999999999
10.714285714285714 1.0687499999999999
10.75 1.0687499999999999
10.785714285714286 1.0651875
10.821428571428571 1.0651875
10.857142857142858 1.0687499999999999
10.892857142857142 1.0687499999999999
10.928571428571429 1.0687499999999999
10.964285714285714 1.0687499999999999
11.0 1.0687499999999999
11.035714285714286 1.0687499999999999
11.071428571428571 1.0687499999999999
11.107142857142858 1.0651875
11.142857142857142 1.0616249999999998
11.178571428571429 1.0687499999999999
11.214285714285714 1.0687499999999999
11.25 1.0687499999999999
11.285714285714286 1.0687499999999999
11.321428571428571 1.0687499999999999
11.357142857142858 1.0687499999999999
11.392857142857142 1.0687499999999999
11.428571428571429 1.0687499999999999
11.464285714285714 1.0616249999999998
11.5 1.0651875
11.535714285714286 1.0687499999999999
11.571428571428571 1.0687499999999999
11.607142857142858 1.0687499999999999
11.642857142857142 1.0687499999999999
11.678571428571429 1.0687499999999999
11.714285714285714 1.0723125
11.75 1.0687499999999999
11.785714285714286 1.0651875
11.821428571428571 1.0723125
11.857142857142858 1.0687499999999999
11.892857142857142 1.0687499999999999
11.928571428571429 1.0687499999999999
11.964285714285714 1.0687499999999999
12.0 1.0687499999999999
12.035714285714286 1.0723125
12.071428571428571 1.0687499999999999
12.107142857142858 1.0616249999999998
12.142857142857142 1.0651875
12.178571428571429 1.0651875
12.214285714285714 1.0687499999999999
12.25 1.0687499999999999
12.285714285714286 1.0687499999999999
12.321428571428571 1.0687499999999999
12.357142857142858 1.0723125
12.392857142857142 1.0687499999999999
12.428571428571429 1.0616249999999998
12.464285714285714 1.0723125
12.5 1.0687499999999999
12.535714285714286 1.0687499999999999
12.571428571428571 1.0687499999999999
12.607142857142858 1.0687499999999999
12.642857142857142 1.0687499999999999
12.678571428571429 1.0723125
12.714285714285714 1.0687499999999999
12.75 1.0651875
12.785714285714286 1.0687499999999999
12.821428571428571 1.0687499999999999
12.857142857142858 1.0687499999999999
12.892857142857142 1.0687499999999999
12.928571428571429 1.0687499999999999
12.964285714285714 1.0687499999999999
13.0 1.0723125
13.035714285714286 1.0651875
13.071428571428571 1.0616249999999998
13.107142857142858 1.0687499999999999
13.142857142857142 1.0651875
13.178571428571429 1.0651875
13.214285714285714 1.0687499999999999
13.25 1.0687499999999999
13.285714285714286 1.0687499999999999
13.321428571428571 1.0687499999999999
13.357142857142858 1.0651875
13.392857142857142 1.0616249999999998
13.428571428571429 1.0723125
13.464285714285714 1.0687499999999999
13.5 1.0687499999999999
13.535714285714286 1.0651875
13.571428571428571 1.0687499999999999
13.607142857142858 1.0687499999999999
13.642857142857142 1.0687499999999999
13.678571428571429 1.0651875
13.714285714285714 1.0651875
13.75 1.0687499999999999
13.785714285714286 1.0687499999999999
13.821428571428571 1.0687499999999999
13.857142857142858 1.0687499999999999
13.892857142857142 1.0687499999999999
13.928571428571429 1.0687499999999999
13.964285714285714 1.0687499999999999
14.0 1.0651875
14.035714285714286 1.0616249999999998
14.071428571428571 1.0723125
14.107142857142858 1.0687499999999999
14.142857142857142 1.0651875
14.178571428571429 1.0687499999999999
14.214285714285714 1.0687499999999999
14.25 1.0687499999999999
14.285714285714286 1.0687499999999999
14.321428571428571 1.0687499999999999
14.357142857142858 1.0651875
14.392857142857142 1.0687499999999999
14.428571428571429 1.0687499999999999
14.464285714285714 1.0687499999999999
14.5 1.0687499999999999
14.535714285714286 1.0687499999999999
14.571428571428571 1.0687499999999999
14.607142857142858 1.0723125
14.642857142857142 1.0687499999999999
14.678571428571429 1.0651875
14.714285714285714 1.0723125
14.75 1.0651875
14.785714285714286 1.0687499999999999
14.821428571428571 1.0687499999999999
14.857142857142858 1.0723125
14.892857142857142 1.0723125
14.928571428571429 1.0723125
14.964285714285714 1.0723125
15.0 1.0651875
15.035714285714286 1.0723125
15.071428571428571 1.0687499999999999
15.107142857142858 1.0687499999999999
15.142857142857142 1.0687499999999999
15.178571428571429 1.0687499999999999
15.214285714285714 1.0687499999999999
15.25 1.0687499999999999
15.285714285714286 1.0687499999999999
15.321428571428571 1.0687499999999999
15.357142857142858 1.0687499999999999
15.392857142857142 1.0651875
15.428571428571429 1.0651875
15.464285714285714 1.0687499999999999
15.5 1.0687499999999999
15.535714285714286 1.0687499999999999
15.571428571428571 1.0687499999999999
15.607142857142858 1.0687499999999999
15.642857142857142 1.0651875
15.678571428571429 1.0723125
15.714285714285714 1.0687499999999999
15.75 1.0687499999999999
15.785714285714286 1.0687499999999999
15.821428571428571 1.0687499999999999
15.857142857142858 1.0687499999999999
15.892857142857142 1.0687499999999999
15.928571428571429 1.0687499999999999
15.964285714285714 1.0687499999999999
16.0 1.0723125
16.035714285714285 1.0651875
16.071428571428573 1.0687499999999999
16.107142857142858 1.0687499999999999
16.142857142857142 1.0687499999999999
16.178571428571427 1.0687499999999999
16.214285714285715 1.0687499999999999
16.25 1.0651875
16.285714285714285 1.0687499999999999
16.321428571428573 1.0723125
16.357142857142858 1.0687499999999999
16.392857142857142 1.0687499999999999
16.428571428571427 1.0687499999999999
16.464285714285715 1.0687499999999999
16.5 1.0687499999999999
16.535714285714285 1.0687499999999999
16.571428571428573 1.0723125
16.607142857142858 1.0651875
16.642857142857142 1.0687499999999999
16.678571428571427 1.0687499999999999
16.714285714285715 1.0687499999999999
16.75 1.0687499999999999
16.785714285714285 1.0687499999999999
16.821428571428573 1.0687499999999999
16.857142857142858 1.0723125
16.892857142857142 1.0687499999999999
16.928571428571427 1.0687499999999999
16.964285714285715 1.0723125
17.0 1.0687499999999999
17.035714285714285 1.0687499999999999
17.071428571428573 1.0687499999999999
17.107142857142858 1.0687499999999999
17.142857142857142 1.0687499999999999
17.178571428571427 1.0687499999999999
17.214285714285715 1.0723125
17.25 1.0651875
17.285714285714285 1.0723125
17.321428571428573 1.0687499999999999
17.357142857142858 1.0687499999999999
17.392857142857142 1.0687499999999999
17.428571428571427 1.0687499999999999
17.464285714285715 1.0687499999999999
17.5 1.0687499999999999
17.535714285714285 1.0723125
17.571428571428573 1.0687499999999999
17.607142857142858 1.0723125
17.642857142857142 1.0687499999999999
17.678571428571427 1.0687499999999999
17.714285714285715 1.0687499999999999
17.75 1.0687499999999999
17.785714285714285 1.0687499999999999
17.821428571428573 1.0687499999999999
17.857142857142858 1.0687499999999999
17.892857142857142 1.0687499999999999
17.928571428571427 1.0687499999999999
17.964285714285715 1.0651875
18.0 1.0687499999999999
18.035714285714285 1.0687499999999999
18.071428571428573 1.0687499999999999
18.107142857142858 1.0687499999999999
18.142857142857142 1.0687499999999999
18.178571428571427 1.0723125
18.214285714285715 1.0687499999999999
18.25 1.0687499999999999
18.285714285714285 1.0687499999999999
18.321428571428573 1.0687499999999999
18.357142857142858 1.0687499999999999
18.392857142857142 1.0687499999999999
18.428571428571427 1.0687499999999999
18.464285714285715 1.0687499999999999
18.5 1.0687499999999999
18.535714285714285 1.0687499999999999
18.571428571428573 1.0723125
18.607142857142858 1.0687499999999999
18.642857142857142 1.0687499999999999
18.678571428571427 1.0687499999999999
18.714285714285715 1.0687499999999999
18.75 1.0687499999999999
18.785714285714285 1.0687499999999999
18.821428571428573 1.0723125
18.857142857142858 1.0687499999999999
18.892857142857142 1.0687499999999999
18.928571428571427 1.0687499999999999
18.964285714285715 1.0687499999999999
19.0 1.0687499999999999
19.035714285714285 1.0687499999999999
19.071428571428573 1.0687499999999999
19.107142857142858 1.0687499999999999
19.142857142857142 1.0723125
19.178571428571427 1.0723125
19.214285714285715 1.0723125
19.25 1.0687499999999999
19.285714285714285 1.0687499999999999
19.321428571428573 1.0687499999999999
19.357142857142858 1.0687499999999999
19.392857142857142 1.0687499999999999
19.428571428571427 1.0687499999999999
19.464285714285715 1.0723125
19.5 1.0687499999999999
19.535714285714285 1.0687499999999999
19.571428571428573 1.0687499999999999
19.607142857142858 1.0651875
19.642857142857142 1.0687499999999999
19.678571428571427 1.0687499999999999
19.714285714285715 1.0687499999999999
19.75 1.0687499999999999
19.785714285714285 1.0723125
19.821428571428573 1.0687499999999999
19.857142857142858 1.0687499999999999
19.892857142857142 1.0687499999999999
19.928571428571427 1.0651875
19.964285714285715 1.0687499999999999
20.0 1.0687499999999999
20.035714285714285 1.0687499999999999
20.071428571428573 1.0687499999999999
20.107142857142858 1.0723125
20.142857142857142 1.0687499999999999
20.178571428571427 1.0687499999999999
20.214285714285715 1.0687499999999999
20.25 1.0687499999999999
20.285714285714285 1.0687499999999999
20.321428571428573 1.0687499999999999
20.357142857142858 1.0687499999999999
20.392857142857142 1.0687499999999999
20.428571428571427 1.0723125
20.464285714285715 1.0687499999999999
20.5 1.0687499999999999
20.535714285714285 1.0687499999999999
20.571428571428573 1.0687499999999999
20.607142857142858 1.0687499999999999
20.642857142857142 1.0687499999999999
20.678571428571427 1.0687499999999999
20.714285714285715 1.0687499999999999
20.75 1.0723125
20.785714285714285 1.0687499999999999
20.821428571428573 1.0651875
20.857142857142858 1.0687499999999999
20.892857142857142 1.0687499999999999
20.928571428571427 1.0687499999999999
20.964285714285715 1.0687499999999999
21.0 1.0687499999999999
21.035714285714285 1.0687499999999999
21.071428571428573 1.0723125
21.107142857142858 1.0687499999999999
21.142857142857142 1.0687499999999999
21.178571428571427 1.0687499999999999
21.214285714285715 1.0687499999999999
21.25 1.0687499999999999
21.285714285714285 1.0687499999999999
21.321428571428573 1.0687499999999999
21.357142857142858 1.0723125
21.392857142857142 1.0723125
21.428571428571427 1.0687499999999999
21.464285714285715 1.0651875
21.5 1.0687499999999999
21.535714285714285 1.0687499999999999
21.571428571428573 1.0687499999999999
21.607142857142858 1.0687499999999999
21.642857142857142 1.0687499999999999
21.678571428571427 1.0687499999999999
21.714285714285715 1.0723125
21.75 1.0687499999999999
21.785714285714285 1.0651875
21.821428571428573 1.0687499999999999
21.857142857142858 1.0687499999999999
21.892857142857142 1.0687499999999999
21.928571428571427 1.0651875
21.964285714285715 1.0687499999999999
22.0 1.0687499999999999
22.035714285714285 1.0723125
22.071428571428573 1.0687499999999999
22.107142857142858 1.0687499999999999
22.142857142857142 1.0687499999999999
22.178571428571427 1.0687499999999999
22.214285714285715 1.0687499999999999
22.25 1.0687499999999999
22.285714285714285 1.0687499999999999
22.321428571428573 1.0687499999999999
22.357142857142858 1.0723125
22.392857142857142 1.0687499999999999
22.428571428571427 1.0651875
22.464285714285715 1.0687499999999999
22.5 1.0651875
22.535714285714285 1.0687499999999999
22.571428571428573 1.0687499999999999
22.607142857142858 1.0687499999999999
22.642857142857142 1.0687499999999999
22.678571428571427 1.0723125
22.714285714285715 1.0687499999999999
22.75 1.0687499999999999
22.785714285714285 1.0687499999999999
22.821428571428573 1.0687499999999999
22.857142857142858 1.0687499999999999
22.892857142857142 1.0687499999999999
22.928571428571427 1.0687499999999999
22.964285714285715 1.0723125
23.0 1.0723125
23.035714285714285 1.0687499999999999
23.071428571428573 1.0651875
23.107142857142858 1.0687499999999999
23.142857142857142 1.0687499999999999
23.178571428571427 1.0687499999999999
23.214285714285715 1.0687499999999999
23.25 1.0687499999999999
23.285714285714285 1.0687499999999999
23.321428571428573 1.0723125
23.357142857142858 1.0687499999999999
23.392857142857142 1.0651875
23.428571428571427 1.0687499999999999
23.464285714285715 1.0687499999999999
23.5 1.0687499999999999
23.535714285714285 1.0687499999999999
23.571428571428573 1.0687499999999999
23.607142857142858 1.0687499999999999
23.642857142857142 1.0723125
23.678571428571427 1.0687499999999999
23.714285714285715 1.0651875
23.75 1.0687499999999999
23.785714285714285 1.0687499999999999
23.821428571428573 1.0687499999999999
23.857142857142858 1.0687499999999999
23.892857142857142 1.0687499999999999
23.928571428571427 1.0687499999999999
23.964285714285715 1.0687499999999999
24.0 1.0687499999999999
24.035714285714285 1.0651875
24.071428571428573 1.0687499999999999
24.107142857142858 1.0687499999999999
24.142857142857142 1.0687499999999999
24.178571428571427 1.0687499999999999
24.214285714285715 1.0687499999999999
24.25 1.0687499999999999
24.285714285714285 1.0723125
24.321428571428573 1.0687499999999999
24.357142857142858 1.0687499999999999
24.392857142857142 1.0687499999999999
24.428571428571427 1.0687499999999999
24.464285714285715 1.0687499999999999
24.5 1.0687499999999999
24.535714285714285 1.0687499999999999
24.571428571428573 1.0723125
24.607142857142858 1.0723125
24.642857142857142 1.0687499999999999
24.678571428571427 1.0651875
24.714285714285715 1.0687499999999999
24.75 1.0651875
24.785714285714285 1.0651875
24.821428571428573 1.0687499999999999
24.857142857142858 1.0687499999999999
24.892857142857142 1.0687499999999999
24.928571428571427 1.0687499999999999
24.964285714285715 1.0687499999999999
25.0 1.0651875
25.035714285714285 1.0687499999999999
25.071428571428573 1.0687499999999999
25.107142857142858 1.0651875
25.142857142857142 1.0687499999999999
25.178571428571427 1.0687499999999999
25.214285714285715 1.0687499999999999
25.25 1.0687499999999999
25.285714285714285 1.0687499999999999
25.321428571428573 1.0651875
25.357142857142858 1.0687499999999999
25.392857142857142 1.0687499999999999
25.428571428571427 1.0687499999999999
25.464285714285715 1.0687499999999999
25.5 1.0687499999999999
25.535714285714285 1.0687499999999999
25.571428571428573 1.0687499999999999
25.607142857142858 1.0687499999999999
25.642857142857142 1.0651875
25.678571428571427 1.0687499999999999
25.714285714285715 1.0687499999999999
25.75 1.0687499999999999
25.785714285714285 1.0687499999999999
25.821428571428573 1.0687499999999999
25.857142857142858 1.0687499999999999
25.892857142857142 1.0687499999999999
25.928571428571427 1.0687499999999999
25.964285714285715 1.0651875
26.0 1.0687499999999999
26.035714285714285 1.0687499999999999
26.071428571428573 1.0687499999999999
26.107142857142858 1.0687499999999999
26.142857142857142 1.0687499999999999
26.178571428571427 1.0687499999999999
26.214285714285715 1.0687499999999999
26.25 1.0687499999999999
26.285714285714285 1.0651875
26.321428571428573 1.0687499999999999
26.357142857142858 1.0687499999999999
26.392857142857142 1.0687499999999999
26.428571428571427 1.0687499999999999
26.464285714285715 1.0687499999999999
26.5 1.0687499999999999
26.535714285714285 1.0687499999999999
26.571428571428573 1.0687499999999999
26.607142857142858 1.0651875
26.642857142857142 1.0651875
26.678571428571427 1.0651875
26.714285714285715 1.0687499999999999
26.75 1.0687499999999999
26.785714285714285 1.0687499999999999
26.821428571428573 1.0687499999999999
26.857142857142858 1.0723125
26.892857142857142 1.0687499999999999
26.928571428571427 1.0651875
26.964285714285715 1.0651875
27.0 1.0687499999999999
27.035714285714285 1.0687499999999999
27.071428571428573 1.0687499999999999
27.107142857142858 1.0687499999999999
27.142857142857142 1.0687499999999999
27.178571428571427 1.0687499999999999
27.214285714285715 1.0687499999999999
27.25 1.0651875
27.285714285714285 1.0651875
27.321428571428573 1.0687499999999999
27.357142857142858 1.0687499999999999
27.392857142857142 1.0687499999999999
27.428571428571427 1.0687499999999999
27.464285714285715 1.0687499999999999
27.5 1.0687499999999999
27.535714285714285 1.0687499999999999
27.571428571428573 1.0651875
27.607142857142858 1.0651875
27.642857142857142 1.0687499999999999
27.678571428571427 1.0651875
27.714285714285715 1.0687499999999999
27.75 1.0687499999999999
27.785714285714285 1.0687499999999999
27.821428571428573 1.0687499999999999
27.857142857142858 1.0723125
27.892857142857142 1.0651875
27.928571428571427 1.0651875
27.964285714285715 1.0687499999999999
28.0 1.0651875
28.035714285714285 1.0687499999999999
28.071428571428573 1.0687499999999999
28.107142857142858 1.0687499999999999
28.142857142857142 1.0687499999999999
28.178571428571427 1.0687499999999999
28.214285714285715 1.0687499999999999
28.25 1.0687499999999999
28.285714285714285 1.0651875
28.321428571428573 1.0687499999999999
28.357142857142858 1.0687499999999999
28.392857142857142 1.0687499999999999
28.428571428571427 1.0687499999999999
28.464285714285715 1.0687499999999999
28.5 1.0687499999999999
28.535714285714285 1.0651875
28.571428571428573 1.0616249999999998
28.607142857142858 1.0651875
28.642857142857142 1.0651875
28.678571428571427 1.0687499999999999
28.714285714285715 1.0687499999999999
28.75 1.0687499999999999
28.785714285714285 1.0687499999999999
28.821428571428573 1.0723125
28.857142857142858 1.0651875
28.892857142857142 1.0616249999999998
28.928571428571427 1.0687499999999999
28.964285714285715 1.0651875
29.0 1.0687499999999999
29.035714285714285 1.0687499999999999
29.071428571428573 1.0687499999999999
29.107142857142858 1.0687499999999999
29.142857142857142 1.0687499999999999
29.178571428571427 1.0651875
29.214285714285715 1.0616249999999998
29.25 1.0687499999999999
29.285714285714285 1.0687499999999999
29.321428571428573 1.0687499999999999
29.357142857142858 1.0687499999999999
29.392857142857142 1.0687499999999999
29.428571428571427 1.0687499999999999
29.464285714285715 1.0687499999999999
29.5 1.0651875
29.535714285714285 1.0616249999999998
29.571428571428573 1.0687499999999999
29.607142857142858 1.0651875
29.642857142857142 1.0687499999999999
29.678571428571427 1.0687499999999999
29.714285714285715 1.0687499999999999
29.75 1.0687499999999999
29.785714285714285 1.0723125
29.821428571428573 1.0651875
29.857142857142858 1.0723125
29.892857142857142 1.0687499999999999
29.928571428571427 1.0687499999999999
29.964285714285715 1.0687499999999999
30.0 1.0687499999999999
30.035714285714285 1.0687499999999999
30.071428571428573 1.0687499999999999
30.107142857142858 1.0687499999999999
30.142857142857142 1.0651875
30.178571428571427 1.0616249999999998
30.214285714285715 1.0687499999999999
30.25 1.0651875
30.285714285714285 1.0687499999999999
30.321428571428573 1.0687499999999999
30.357142857142858 1.0687499999999999
30.392857142857142 1.0687499999999999
30.428571428571427 1.0723125
30.464285714285715 1.0687499999999999
30.5 1.0616249999999998
30.535714285714285 1.0651875
30.571428571428573 1.0651875
30.607142857142858 1.0687499999999999
30.642857142857142 1.0687499999999999
30.678571428571427 1.0687499999999999
30.714285714285715 1.0687499999999999
30.75 1.0723125
30.785714285714285 1.0651875
30.821428571428573 1.0616249999999998
30.857142857142858 1.0651875
30.892857142857142 1.0687499999999999
30.928571428571427 1.0687499999999999
30.964285714285715 1.0687499999999999
31.0 1.0687499999999999
31.035714285714285 1.0687499999999999
31.071428571428573 1.0687499999999999
31.107142857142858 1.0687499999999999
31.142857142857142 1.0616249999999998
31.178571428571427 1.0651875
31.214285714285715 1.0651875
31.25 1.0687499999999999
31.285714285714285 1.0687499999999999
31.321428571428573 1.0687499999999999
31.357142857142858 1.0687499999999999
31.392857142857142 1.0687499999999999
31.428571428571427 1.0651875
31.464285714285715 1.0616249999999998
31.5 1.0651875
31.535714285714285 1.0651875
31.571428571428573 1.0651875
31.607142857142858 1.0687499999999999
31.642857142857142 1.0687499999999999
31.678571428571427 1.0687499999999999
31.714285714285715 1.0687499999999999
31.75 1.0651875
31.785714285714285 1.0616249999999998
31.821428571428573 1.0687499999999999
31.857142857142858 1.0651875
31.892857142857142 1.0687499999999999
31.928571428571427 1.0687499999999999
31.964285714285715 1.0687499999999999
32.0 1.0687499999999999
32.035714285714285 1.0687499999999999
32.07142857142857 1.0687499999999999
32.107142857142854 1.0616249999999998
32.142857142857146 1.0651875
32.17857142857143 1.0651875
32.214285714285715 1.0651875
32.25 1.0687499999999999
32.285714285714285 1.0687499999999999
32.32142857142857 1.0687499999999999
32.357142857142854 1.0723125
32.392857142857146 1.0651875
32.42857142857143 1.0616249999999998
32.464285714285715 1.0687499999999999
32.5 1.0651875
32.535714285714285 1.0687499999999999
32.57142857142857 1.0687499999999999
32.607142857142854 1.0687499999999999
32.642857142857146 1.0687499999999999
32.67857142857143 1.0687499999999999
32.714285714285715 1.0651875
32.75 1.0616249999999998
32.785714285714285 1.0651875
32.82142857142857 1.0651875
32.857142857142854 1.0687499999999999
32.892857142857146 1.0687499999999999
32.92857142857143 1.0687499999999999
32.964285714285715 1.0687499999999999
33.0 1.0723125
33.035714285714285 1.0651875
33.07142857142857 1.0616249999999998
33.107142857142854 1.0687499999999999
33.142857142857146 1.0687499999999999
33.17857142857143 1.0687499999999999
33.214285714285715 1.0687499999999999
33.25 1.0687499999999999
33.285714285714285 1.0687499999999999
33.32142857142857 1.0687499999999999
33.357142857142854 1.0651875
33.392857142857146 1.0616249999999998
33.42857142857143 1.0651875
33.464285714285715 1.0651875
33.5 1.0651875
33.535714285714285 1.0687499999999999
33.57142857142857 1.0687499999999999
33.607142857142854 1.0687499999999999
33.642857142857146 1.0687499999999999
33.67857142857143 1.0687499999999999
33.714285714285715 1.0687499999999999
33.75 1.0687499999999999
33.785714285714285 1.0687499999999999
33.82142857142857 1.0687499999999999
33.857142857142854 1.0687499999999999
33.892857142857146 1.0687499999999999
33.92857142857143 1.0687499999999999
33.964285714285715 1.0687499999999999
34.0 1.0651875
34.035714285714285 1.0616249999999998
34.07142857142857 1.0687499999999999
34.107142857142854 1.0687499999999999
34.142857142857146 1.0651875
34.17857142857143 1.0687499999999999
34.214285714285715 1.0687499999999999
34.25 1.0687499999999999
34.285714285714285 1.0687499999999999
34.32142857142857 1.0687499999999999
34.357142857142854 1.0616249999999998
34.392857142857146 1.0687499999999999
34.42857142857143 1.0651875
34.464285714285715 1.0687499999999999
34.5 1.0687499999999999
34.535714285714285 1.0687499999999999
34.57142857142857 1.0687499999999999
34.607142857142854 1.0687499999999999
34.642857142857146 1.0651875
34.67857142857143 1.0616249999999998
34.714285714285715 1.0687499999999999
34.75 1.0651875
34.785714285714285 1.0651875
34.82142857142857 1.0651875
34.857142857142854 1.0687499999999999
34.892857142857146 1.0687499999999999
34.92857142857143 1.0687499999999999
34.964285714285715 1.0687499999999999
35.0 1.0616249999999998
35.035714285714285 1.0687499999999999
35.07142857142857 1.0651875
35.107142857142854 1.0687499999999999
35.142857142857146 1.0687499999999999
35.17857142857143 1.0687499999999999
35.214285714285715 1.0687499999999999
35.25 1.0687499999999999
35.285714285714285 1.0687499999999999
35.32142857142857 1.0687499999999999
35.357142857142854 1.0687499999999999
35.392857142857146 1.0651875
35.42857142857143 1.0651875
35.464285714285715 1.0687499999999999
35.5 1.0687499999999999
35.535714285714285 1.0687499999999999
35.57142857142857 1.0687499999999999
35.607142857142854 1.0687499999999999
35.642857142857146 1.0616249999999998
35.67857142857143 1.0687499999999999
35.714285714285715 1.0651875
35.75 1.0651875
35.785714285714285 1.0687499999999999
35.82142857142857 1.0687499999999999
35.857142857142854 1.0687499999999999
35.892857142857146 1.0687499999999999
35.92857142857143 1.0687499999999999
35.964285714285715 1.0687499999999999
36.0 1.0651875
36.035714285714285 1.0651875
36.07142857142857 1.0687499999999999
36.107142857142854 1.0687499999999999
36.142857142857146 1.0687499999999999
36.17857142857143 1.0687499999999999
36.214285714285715 1.0687499999999999
36.25 1.0687499999999999
36.285714285714285 1.0616249999999998
36.32142857142857 1.0687499999999999
36.357142857142854 1.0687499999999999
36.392857142857146 1.0687499999999999
36.42857142857143 1.0687499999999999
36.464285714285715 1.0687499999999999
36.5 1.0687499999999999
36.535714285714285 1.0687499999999999
36.57142857142857 1.0687499999999999
36.607142857142854 1.0616249999999998
36.642857142857146 1.0687499999999999
36.67857142857143 1.0687499999999999
36.714285714285715 1.0687499999999999
36.75 1.0687499999999999
36.785714285714285 1.0687499999999999
36.82142857142857 1.0687499999999999
36.857142857142854 1.0687499999999999
36.892857142857146 1.0687499999999999
36.92857142857143 1.0687499999999999
36.964285714285715 1.0687499999999999
37.0 1.0687499999999999
37.035714285714285 1.0687499999999999
37.07142857142857 1.0687499999999999
37.107142857142854 1.0687499999999999
37.142857142857146 1.0687499999999999
37.17857142857143 1.0687499999999999
37.214285714285715 1.0723125
37.25 1.0651875
37.285714285714285 1.0687499999999999
37.32142857142857 1.0687499999999999
37.357142857142854 1.0687499999999999
37.392857142857146 1.0687499999999999
37.42857142857143 1.0687499999999999
37.464285714285715 1.0687499999999999
37.5 1.0687499999999999
37.535714285714285 1.0687499999999999
37.57142857142857 1.0687499999999999
37.607142857142854 1.0687499999999999
37.642857142857146 1.0687499999999999
37.67857142857143 1.0651875
37.714285714285715 1.0687499999999999
37.75 1.0687499999999999
37.785714285714285 1.0687499999999999
37.82142857142857 1.0687499999999999
37.857142857142854 1.0687499999999999
37.892857142857146 1.0687499999999999
37.92857142857143 1.0687499999999999
37.964285714285715 1.0687499999999999
38.0 1.0651875
38.035714285714285 1.0687499999999999
38.07142857142857 1.0687499999999999
38.107142857142854 1.0687499999999999
38.142857142857146 1.0687499999999999
38.17857142857143 1.0723125
38.214285714285715 1.0687499999999999
38.25 1.0687499999999999
38.285714285714285 1.0687499999999999
38.32142857142857 1.0651875
38.357142857142854 1.0687499999999999
38.392857142857146 1.0687499999999999
38.42857142857143 1.0687499999999999
38.464285714285715 1.0687499999999999
38.5 1.0687499999999999
38.535714285714285 1.0687499999999999
38.57142857142857 1.0687499999999999
38.607142857142854 1.0687499999999999
38.642857142857146 1.0651875
38.67857142857143 1.0651875
38.714285714285715 1.0687499999999999
38.75 1.0687499999999999
38.785714285714285 1.0687499999999999
38.82142857142857 1.0723125
38.857142857142854 1.0616249999999998
38.892857142857146 1.0687499999999999
38.92857142857143 1.0687499999999999
38.964285714285715 1.0651875
39.0 1.0687499999999999
39.035714285714285 1.0687499999999999
39.07142857142857 1.0687499999999999
39.107142857142854 1.0687499999999999
39.142857142857146 1.0723125
39.17857142857143 1.0687499999999999
39.214285714285715 1.0687499999999999
39.25 1.0651875
39.285714285714285 1.0651875
39.32142857142857 1.0687499999999999
39.357142857142854 1.0687499999999999
39.392857142857146 1.0687499999999999
39.42857142857143 1.0687499999999999
39.464285714285715 1.0723125
39.5 1.0687499999999999
39.535714285714285 1.0651875
39.57142857142857 1.0687499999999999
39.607142857142854 1.0687499999999999
39.642857142857146 1.0687499999999999
39.67857142857143 1.0687499999999999
39.714285714285715 1.0687499999999999
39.75 1.0687499999999999
39.785714285714285 1.0687499999999999
39.82142857142857 1.0687499999999999
39.857142857142854 1.0687499999999999
39.892857142857146 1.0651875
39.92857142857143 1.0687499999999999
