0.03571428571428571 1.645875
0.07142857142857142 1.645875
0.10714285714285714 1.645875
0.14285714285714285 1.645875
0.17857142857142858 1.645875
0.21428571428571427 1.645875
0.25 1.645875
0.2857142857142857 1.645875
0.32142857142857145 1.645875
0.35714285714285715 1.645875
0.39285714285714285 1.645875
0.42857142857142855 1.645875
0.4642857142857143 1.645875
0.5 1.645875
0.9285714285714286 1.61025
0.9642857142857143 1.5425624999999998
1.0 1.5496874999999999
1.0357142857142858 1.5568125
1.0714285714285714 1.5568125
1.1071428571428572 1.5603749999999998
1.1428571428571428 1.5568125
1.1785714285714286 1.5568125
1.2142857142857142 1.5603749999999998
1.25 1.5603749999999998
1.2857142857142858 1.5603749999999998
1.3214285714285714 1.5603749999999998
1.3571428571428572 1.5603749999999998
1.3928571428571428 1.5603749999999998
1.4285714285714286 1.5603749999999998
1.4642857142857142 1.5603749999999998
1.5 1.5603749999999998
1.5357142857142858 1.5603749999999998
1.5714285714285714 1.5603749999999998
1.6071428571428572 1.5603749999999998
1.6428571428571428 1.5603749999999998
1.6785714285714286 1.5603749999999998
1.7142857142857142 1.5603749999999998
1.75 1.5603749999999998
1.7857142857142858 1.5603749999999998
1.8214285714285714 1.5603749999999998
1.8571428571428572 1.5603749999999998
1.8928571428571428 1.5603749999999998
1.9285714285714286 1.5603749999999998
1.9642857142857142 1.5603749999999998
2.0 1.5603749999999998
2.0357142857142856 1.5603749999999998
2.0714285714285716 1.5603749999999998
2.107142857142857 1.5603749999999998
2.142857142857143 1.5603749999999998
2.1785714285714284 1.5603749999999998
2.2142857142857144 1.5603749999999998
2.642857142857143 1.4677499999999999
2.6785714285714284 1.4499374999999999
2.7142857142857144 1.4534999999999998
2.75 1.4534999999999998
2.7857142857142856 1.4534999999999998
2.8214285714285716 1.4534999999999998
2.857142857142857 1.4534999999999998
2.892857142857143 1.4534999999999998
2.9285714285714284 1.4534999999999998
2.9642857142857144 1.4534999999999998
3.0 1.4534999999999998
3.0357142857142856 1.4534999999999998
3.0714285714285716 1.4534999999999998
3.107142857142857 1.4570625
3.142857142857143 1.4570625
3.1785714285714284 1.4570625
3.2142857142857144 1.4534999999999998
3.25 1.4534999999999998
3.2857142857142856 1.4534999999999998
3.3214285714285716 1.4570625
3.357142857142857 1.4534999999999998
3.392857142857143 1.4534999999999998
3.4285714285714284 1.4534999999999998
3.4642857142857144 1.4534999999999998
3.5 1.4534999999999998
3.5357142857142856 1.4534999999999998
3.5714285714285716 1.4534999999999998
3.607142857142857 1.4534999999999998
3.642857142857143 1.4534999999999998
3.6785714285714284 1.4534999999999998
3.7142857142857144 1.4534999999999998
3.75 1.4534999999999998
3.7857142857142856 1.4534999999999998
3.8214285714285716 1.4534999999999998
3.857142857142857 1.4534999999999998
3.892857142857143 1.4534999999999998
4.357142857142857 1.3359375
4.392857142857143 1.3395
4.428571428571429 1.3395
4.464285714285714 1.346625
4.5 1.346625
4.535714285714286 1.3430624999999998
4.571428571428571 1.346625
4.607142857142857 1.346625
4.642857142857143 1.346625
4.678571428571429 1.346625
4.714285714285714 1.346625
4.75 1.346625
4.785714285714286 1.346625
4.821428571428571 1.346625
4.857142857142857 1.346625
4.892857142857143 1.346625
4.928571428571429 1.346625
4.964285714285714 1.346625
5.0 1.346625
5.035714285714286 1.346625
5.071428571428571 1.346625
5.107142857142857 1.346625
5.142857142857143 1.346625
5.178571428571429 1.346625
5.214285714285714 1.346625
5.25 1.346625
5.285714285714286 1.346625
5.321428571428571 1.346625
5.357142857142857 1.346625
5.392857142857143 1.346625
5.428571428571429 1.346625
5.464285714285714 1.346625
5.5 1.346625
5.535714285714286 1.346625
5.571428571428571 1.346625
6.035714285714286 1.2718125
6.071428571428571 1.23975
6.107142857142857 1.246875
6.142857142857143 1.246875
6.178571428571429 1.246875
6.214285714285714 1.246875
6.25 1.2504374999999999
6.285714285714286 1.2504374999999999
6.321428571428571 1.2504374999999999
6.357142857142857 1.2504374999999999
6.392857142857143 1.254
6.428571428571429 1.254
6.464285714285714 1.254
6.5 1.2504374999999999
6.535714285714286 1.2504374999999999
6.571428571428571 1.254
6.607142857142857 1.254
6.642857142857143 1.254
6.678571428571429 1.254
6.714285714285714 1.254
6.75 1.254
6.785714285714286 1.254
6.821428571428571 1.254
6.857142857142857 1.254
6.892857142857143 1.254
6.928571428571429 1.254
6.964285714285714 1.254
7.0 1.254
7.035714285714286 1.254
7.071428571428571 1.254
7.107142857142857 1.254
7.142857142857143 1.254
7.178571428571429 1.254
7.214285714285714 1.254
7.25 1.254
7.285714285714286 1.254
7.321428571428571 1.254
7.75 1.1649375
7.785714285714286 1.1649375
7.821428571428571 1.1684999999999999
7.857142857142857 1.1684999999999999
7.892857142857143 1.1684999999999999
7.928571428571429 1.1649375
7.964285714285714 1.1684999999999999
8.0 1.1649375
8.035714285714286 1.1649375
8.071428571428571 1.1649375
8.107142857142858 1.1649375
8.142857142857142 1.1649375
8.178571428571429 1.1649375
8.214285714285714 1.1649375
8.25 1.1649375
8.285714285714286 1.1649375
8.321428571428571 1.1649375
8.357142857142858 1.1649375
8.392857142857142 1.1649375
8.428571428571429 1.1649375
8.464285714285714 1.1649375
8.5 1.1649375
8.535714285714286 1.1649375
8.571428571428571 1.1649375
8.607142857142858 1.1649375
8.642857142857142 1.1649375
8.678571428571429 1.1649375
8.714285714285714 1.1649375
8.75 1.1649375
8.785714285714286 1.1649375
8.821428571428571 1.1649375
8.857142857142858 1.1649375
8.892857142857142 1.1649375
8.928571428571429 1.1649375
8.964285714285714 1.1649375
9.0 1.1649375
9.464285714285714 1.075875
9.5 1.0794374999999998
9.535714285714286 1.083
9.571428571428571 1.083
9.607142857142858 1.0865624999999999
9.642857142857142 1.090125
9.678571428571429 1.090125
9.714285714285714 1.0936875
9.75 1.0936875
9.785714285714286 1.0936875
9.821428571428571 1.0936875
9.857142857142858 1.0936875
9.892857142857142 1.0936875
9.928571428571429 1.0936875
9.964285714285714 1.0936875
10.0 1.0936875
10.035714285714286 1.0936875
10.071428571428571 1.0936875
10.107142857142858 1.0936875
10.142857142857142 1.0936875
10.178571428571429 1.0936875
10.214285714285714 1.0936875
10.25 1.0936875
10.285714285714286 1.0936875
10.321428571428571 1.0936875
10.357142857142858 1.0936875
10.392857142857142 1.0936875
10.428571428571429 1.0936875
10.464285714285714 1.0936875
10.5 1.0936875
10.535714285714286 1.0936875
10.571428571428571 1.0936875
10.607142857142858 1.0936875
10.642857142857142 1.0936875
10.678571428571429 1.0936875
11.142857142857142 0.9796874999999999
11.178571428571429 0.9796874999999999
11.214285714285714 0.9796874999999999
11.25 0.98325
11.285714285714286 0.98325
11.321428571428571 0.9868125
11.357142857142858 0.9868125
11.392857142857142 0.9868125
11.428571428571429 0.9903749999999999
11.464285714285714 0.9903749999999999
11.5 0.9903749999999999
11.535714285714286 0.9903749999999999
11.571428571428571 0.9903749999999999
11.607142857142858 0.9903749999999999
11.642857142857142 0.9903749999999999
11.678571428571429 0.9868125
11.714285714285714 0.9903749999999999
11.75 0.9903749999999999
11.785714285714286 0.9903749999999999
11.821428571428571 0.9903749999999999
11.857142857142858 0.9903749999999999
11.892857142857142 0.9903749999999999
11.928571428571429 0.9903749999999999
11.964285714285714 0.9903749999999999
12.0 0.9903749999999999
12.035714285714286 0.9903749999999999
12.071428571428571 0.9903749999999999
12.107142857142858 0.9903749999999999
12.142857142857142 0.9903749999999999
12.178571428571429 0.9903749999999999
12.214285714285714 0.9903749999999999
12.25 0.9903749999999999
12.285714285714286 0.9903749999999999
12.321428571428571 0.9903749999999999
12.357142857142858 0.9903749999999999
12.392857142857142 0.9903749999999999
12.821428571428571 0.9583124999999999
12.857142857142858 0.8799374999999999
12.892857142857142 0.8799374999999999
12.928571428571429 0.8835
12.964285714285714 0.8835
13.0 0.8870625
13.035714285714286 0.8870625
13.071428571428571 0.8870625
13.107142857142858 0.8870625
13.142857142857142 0.8870625
13.178571428571429 0.8870625
13.214285714285714 0.8870625
13.25 0.8870625
13.285714285714286 0.8870625
13.321428571428571 0.8870625
13.357142857142858 0.8870625
13.392857142857142 0.8870625
13.428571428571429 0.8870625
13.464285714285714 0.8870625
13.5 0.8870625
13.535714285714286 0.8870625
13.571428571428571 0.8870625
13.607142857142858 0.8870625
13.642857142857142 0.8870625
13.678571428571429 0.8870625
13.714285714285714 0.8870625
13.75 0.8870625
13.785714285714286 0.8906249999999999
13.821428571428571 0.8906249999999999
13.857142857142858 0.8906249999999999
13.892857142857142 0.8906249999999999
13.928571428571429 0.8870625
13.964285714285714 0.8870625
14.0 0.8870625
14.035714285714286 0.8906249999999999
14.071428571428571 0.8906249999999999
14.535714285714286 0.8264999999999999
14.571428571428571 0.790875
14.607142857142858 0.7979999999999999
14.642857142857142 0.8015625
14.678571428571429 0.8015625
14.714285714285714 0.805125
14.75 0.8086874999999999
14.785714285714286 0.8086874999999999
14.821428571428571 0.8086874999999999
14.857142857142858 0.8086874999999999
14.892857142857142 0.8086874999999999
14.928571428571429 0.8086874999999999
14.964285714285714 0.805125
15.0 0.8086874999999999
15.035714285714286 0.805125
15.071428571428571 0.8086874999999999
15.107142857142858 0.8086874999999999
15.142857142857142 0.8086874999999999
15.178571428571429 0.8086874999999999
15.214285714285714 0.8086874999999999
15.25 0.8086874999999999
15.285714285714286 0.8086874999999999
15.321428571428571 0.8086874999999999
15.357142857142858 0.8086874999999999
15.392857142857142 0.8086874999999999
15.428571428571429 0.8086874999999999
15.464285714285714 0.8086874999999999
15.5 0.8086874999999999
15.535714285714286 0.8086874999999999
15.571428571428571 0.8086874999999999
15.607142857142858 0.8086874999999999
15.642857142857142 0.8086874999999999
15.678571428571429 0.8086874999999999
15.714285714285714 0.8086874999999999
15.75 0.8086874999999999
15.785714285714286 0.8086874999999999
16.214285714285715 0.75525
16.25 0.7231875
16.285714285714285 0.7231875
16.321428571428573 0.7231875
16.357142857142858 0.7267499999999999
16.392857142857142 0.7267499999999999
16.428571428571427 0.7267499999999999
16.464285714285715 0.7267499999999999
16.5 0.7267499999999999
16.535714285714285 0.7267499999999999
16.571428571428573 0.7267499999999999
16.607142857142858 0.7267499999999999
16.642857142857142 0.7267499999999999
16.678571428571427 0.7267499999999999
16.714285714285715 0.7267499999999999
16.75 0.7267499999999999
16.785714285714285 0.7267499999999999
16.821428571428573 0.7267499999999999
16.857142857142858 0.7303124999999999
16.892857142857142 0.7267499999999999
16.928571428571427 0.7267499999999999
16.964285714285715 0.7267499999999999
17.0 0.7267499999999999
17.035714285714285 0.7303124999999999
17.071428571428573 0.7267499999999999
17.107142857142858 0.7267499999999999
17.142857142857142 0.7267499999999999
17.178571428571427 0.7267499999999999
17.214285714285715 0.7267499999999999
17.25 0.7303124999999999
17.285714285714285 0.7267499999999999
17.321428571428573 0.7267499999999999
17.357142857142858 0.7267499999999999
17.392857142857142 0.7267499999999999
17.428571428571427 0.7267499999999999
17.464285714285715 0.7303124999999999
17.928571428571427 0.6661874999999999
17.964285714285715 0.6661874999999999
18.0 0.66975
18.035714285714285 0.6733125
18.071428571428573 0.676875
18.107142857142858 0.676875
18.142857142857142 0.676875
18.178571428571427 0.676875
18.214285714285715 0.676875
18.25 0.676875
18.285714285714285 0.676875
18.321428571428573 0.676875
18.357142857142858 0.676875
18.392857142857142 0.6733125
18.428571428571427 0.6733125
18.464285714285715 0.6733125
18.5 0.6733125
18.535714285714285 0.676875
18.571428571428573 0.6733125
18.607142857142858 0.6733125
18.642857142857142 0.6733125
18.678571428571427 0.6733125
18.714285714285715 0.6733125
18.75 0.6733125
18.785714285714285 0.6733125
18.821428571428573 0.6733125
18.857142857142858 0.6733125
18.892857142857142 0.676875
18.928571428571427 0.6733125
18.964285714285715 0.6733125
19.0 0.6733125
19.035714285714285 0.6733125
19.071428571428573 0.6733125
19.107142857142858 0.6733125
19.142857142857142 0.6733125
19.178571428571427 0.6733125
19.607142857142858 0.5593125
19.642857142857142 0.5450625
19.678571428571427 0.5450625
19.714285714285715 0.5486249999999999
19.75 0.5521874999999999
19.785714285714285 0.5521874999999999
19.821428571428573 0.5521874999999999
19.857142857142858 0.5521874999999999
19.892857142857142 0.5521874999999999
19.928571428571427 0.5521874999999999
19.964285714285715 0.5521874999999999
20.0 0.5521874999999999
20.035714285714285 0.5521874999999999
20.071428571428573 0.5521874999999999
20.107142857142858 0.5521874999999999
20.142857142857142 0.5521874999999999
20.178571428571427 0.5486249999999999
20.214285714285715 0.5521874999999999
20.25 0.5486249999999999
20.285714285714285 0.5486249999999999
20.321428571428573 0.5486249999999999
20.357142857142858 0.5486249999999999
20.392857142857142 0.5486249999999999
20.428571428571427 0.5486249999999999
20.464285714285715 0.5486249999999999
20.5 0.5486249999999999
20.535714285714285 0.5486249999999999
20.571428571428573 0.5486249999999999
20.607142857142858 0.5486249999999999
20.642857142857142 0.5521874999999999
20.678571428571427 0.5486249999999999
20.714285714285715 0.5521874999999999
20.75 0.5521874999999999
20.785714285714285 0.5521874999999999
20.821428571428573 0.5521874999999999
20.857142857142858 0.5486249999999999
20.892857142857142 0.5486249999999999
21.285714285714285 0.5593125
21.321428571428573 0.491625
21.357142857142858 0.4845
21.392857142857142 0.48806249999999995
21.428571428571427 0.491625
21.464285714285715 0.491625
21.5 0.49518749999999995
21.535714285714285 0.49518749999999995
21.571428571428573 0.49518749999999995
21.607142857142858 0.49518749999999995
21.642857142857142 0.49518749999999995
21.678571428571427 0.49518749999999995
21.714285714285715 0.491625
21.75 0.491625
21.785714285714285 0.491625
21.821428571428573 0.49518749999999995
21.857142857142858 0.49518749999999995
21.892857142857142 0.49518749999999995
21.928571428571427 0.49518749999999995
21.964285714285715 0.49518749999999995
22.0 0.49518749999999995
22.035714285714285 0.49518749999999995
22.071428571428573 0.49518749999999995
22.107142857142858 0.49518749999999995
22.142857142857142 0.49518749999999995
22.178571428571427 0.49518749999999995
22.214285714285715 0.49518749999999995
22.25 0.49518749999999995
22.285714285714285 0.49518749999999995
22.321428571428573 0.49518749999999995
22.357142857142858 0.49518749999999995
22.392857142857142 0.49518749999999995
22.428571428571427 0.49518749999999995
22.464285714285715 0.49518749999999995
22.5 0.49518749999999995
22.535714285714285 0.49518749999999995
22.571428571428573 0.49518749999999995
23.0 0.4524375
23.035714285714285 0.4595625
23.071428571428573 0.4595625
23.107142857142858 0.4666875
23.142857142857142 0.46312499999999995
23.178571428571427 0.4666875
23.214285714285715 0.4666875
23.25 0.4666875
23.285714285714285 0.4666875
23.321428571428573 0.4666875
23.357142857142858 0.4666875
23.392857142857142 0.4666875
23.428571428571427 0.4666875
23.464285714285715 0.4666875
23.5 0.4666875
23.535714285714285 0.4666875
23.571428571428573 0.4666875
23.607142857142858 0.4666875
23.642857142857142 0.4666875
23.678571428571427 0.4666875
23.714285714285715 0.4666875
23.75 0.4666875
23.785714285714285 0.4666875
23.821428571428573 0.4666875
23.857142857142858 0.4666875
23.892857142857142 0.4666875
23.928571428571427 0.4666875
23.964285714285715 0.46312499999999995
24.0 0.46312499999999995
24.035714285714285 0.4666875
24.071428571428573 0.4666875
24.107142857142858 0.46312499999999995
24.142857142857142 0.46312499999999995
24.178571428571427 0.46312499999999995
24.214285714285715 0.46312499999999995
24.25 0.46312499999999995
24.642857142857142 0.4524375
24.678571428571427 0.44531249999999994
24.714285714285715 0.44887499999999997
24.75 0.4524375
24.785714285714285 0.4524375
24.821428571428573 0.45599999999999996
24.857142857142858 0.45599999999999996
24.892857142857142 0.45599999999999996
24.928571428571427 0.45599999999999996
24.964285714285715 0.4595625
25.0 0.45599999999999996
25.035714285714285 0.45599999999999996
25.071428571428573 0.45599999999999996
25.107142857142858 0.45599999999999996
25.142857142857142 0.45599999999999996
25.178571428571427 0.45599999999999996
25.214285714285715 0.4524375
25.25 0.4524375
25.285714285714285 0.45599999999999996
25.321428571428573 0.45599999999999996
25.357142857142858 0.45599999999999996
25.392857142857142 0.45599999999999996
25.428571428571427 0.45599999999999996
25.464285714285715 0.45599999999999996
25.5 0.45599999999999996
25.535714285714285 0.4524375
25.571428571428573 0.4524375
25.607142857142858 0.45599999999999996
25.642857142857142 0.45599999999999996
25.678571428571427 0.45599999999999996
25.714285714285715 0.45599999999999996
25.75 0.4524375
25.785714285714285 0.45599999999999996
25.821428571428573 0.45599999999999996
25.857142857142858 0.4524375
25.892857142857142 0.45599999999999996
26.25 0.47381249999999997
26.321428571428573 0.47024999999999995
26.357142857142858 0.4595625
26.392857142857142 0.4666875
26.428571428571427 0.47024999999999995
26.464285714285715 0.47381249999999997
26.5 0.477375
26.535714285714285 0.477375
26.571428571428573 0.477375
26.607142857142858 0.477375
26.642857142857142 0.477375
26.678571428571427 0.477375
26.714285714285715 0.477375
26.75 0.477375
26.785714285714285 0.477375
26.821428571428573 0.477375
26.857142857142858 0.477375
26.892857142857142 0.477375
26.928571428571427 0.477375
26.964285714285715 0.47381249999999997
27.0 0.477375
27.035714285714285 0.477375
27.071428571428573 0.477375
27.107142857142858 0.47381249999999997
27.142857142857142 0.477375
27.178571428571427 0.47381249999999997
27.214285714285715 0.47381249999999997
27.25 0.477375
27.285714285714285 0.477375
27.321428571428573 0.47381249999999997
27.357142857142858 0.477375
27.392857142857142 0.477375
27.428571428571427 0.47381249999999997
27.464285714285715 0.47381249999999997
27.5 0.47381249999999997
27.535714285714285 0.477375
27.571428571428573 0.47381249999999997
28.0 0.44887499999999997
28.035714285714285 0.4524375
28.071428571428573 0.4524375
28.107142857142858 0.45599999999999996
28.142857142857142 0.46312499999999995
28.178571428571427 0.46312499999999995
28.214285714285715 0.4595625
28.25 0.4595625
28.285714285714285 0.4595625
28.321428571428573 0.4595625
28.357142857142858 0.4595625
28.392857142857142 0.4595625
28.428571428571427 0.4595625
28.464285714285715 0.4595625
28.5 0.4595625
28.535714285714285 0.4595625
28.571428571428573 0.4595625
28.607142857142858 0.46312499999999995
28.642857142857142 0.4595625
28.678571428571427 0.4595625
28.714285714285715 0.4595625
28.75 0.4595625
28.785714285714285 0.46312499999999995
28.821428571428573 0.4595625
28.857142857142858 0.4595625
28.892857142857142 0.4595625
28.928571428571427 0.4595625
28.964285714285715 0.4595625
29.0 0.4595625
29.035714285714285 0.4595625
29.071428571428573 0.4595625
29.107142857142858 0.4595625
29.142857142857142 0.4595625
29.178571428571427 0.4595625
29.214285714285715 0.4595625
29.25 0.4595625
29.642857142857142 0.44887499999999997
29.678571428571427 0.43818749999999995
29.714285714285715 0.44175
29.75 0.44887499999999997
29.785714285714285 0.4524375
29.821428571428573 0.45599999999999996
29.857142857142858 0.45599999999999996
29.892857142857142 0.4595625
29.928571428571427 0.4595625
29.964285714285715 0.4595625
30.0 0.45599999999999996
30.035714285714285 0.45599999999999996
30.071428571428573 0.4595625
30.107142857142858 0.45599999999999996
30.142857142857142 0.45599999999999996
30.178571428571427 0.45599999999999996
30.214285714285715 0.45599999999999996
30.25 0.45599999999999996
30.285714285714285 0.45599999999999996
30.321428571428573 0.45599999999999996
30.357142857142858 0.45599999999999996
30.392857142857142 0.45599999999999996
30.428571428571427 0.45599999999999996
30.464285714285715 0.45599999999999996
30.5 0.45599999999999996
30.535714285714285 0.45599999999999996
30.571428571428573 0.45599999999999996
30.607142857142858 0.45599999999999996
30.642857142857142 0.45599999999999996
30.678571428571427 0.45599999999999996
30.714285714285715 0.45599999999999996
30.75 0.45599999999999996
30.785714285714285 0.45599999999999996
30.821428571428573 0.4524375
30.857142857142858 0.45599999999999996
30.892857142857142 0.45599999999999996
31.25 0.48093749999999996
31.321428571428573 0.4595625
31.357142857142858 0.4595625
31.392857142857142 0.46312499999999995
31.428571428571427 0.46312499999999995
31.464285714285715 0.4666875
31.5 0.4666875
31.535714285714285 0.4666875
31.571428571428573 0.4666875
31.607142857142858 0.4666875
31.642857142857142 0.4666875
31.678571428571427 0.4666875
31.714285714285715 0.4666875
31.75 0.4666875
31.785714285714285 0.4666875
31.821428571428573 0.4666875
31.857142857142858 0.4666875
31.892857142857142 0.4666875
31.928571428571427 0.4666875
31.964285714285715 0.4666875
32.0 0.4666875
32.035714285714285 0.4666875
32.07142857142857 0.4666875
32.107142857142854 0.4666875
32.142857142857146 0.4666875
32.17857142857143 0.4666875
32.214285714285715 0.46312499999999995
32.25 0.46312499999999995
32.285714285714285 0.46312499999999995
32.32142857142857 0.4666875
32.357142857142854 0.4666875
32.392857142857146 0.4666875
32.42857142857143 0.4666875
32.464285714285715 0.4666875
32.5 0.4666875
32.535714285714285 0.4666875
32.57142857142857 0.46312499999999995
32.964285714285715 0.4595625
33.0 0.4524375
33.035714285714285 0.4524375
33.07142857142857 0.4524375
33.107142857142854 0.4524375
33.142857142857146 0.4524375
33.17857142857143 0.45599999999999996
33.214285714285715 0.45599999999999996
33.25 0.45599999999999996
33.285714285714285 0.45599999999999996
33.32142857142857 0.4524375
33.357142857142854 0.4524375
33.392857142857146 0.45599999999999996
33.42857142857143 0.45599999999999996
33.464285714285715 0.4524375
33.5 0.4524375
33.535714285714285 0.45599999999999996
33.57142857142857 0.45599999999999996
33.607142857142854 0.4524375
33.642857142857146 0.45599999999999996
33.67857142857143 0.45599999999999996
33.714285714285715 0.45599999999999996
33.75 0.4524375
33.785714285714285 0.45599999999999996
33.82142857142857 0.45599999999999996
33.857142857142854 0.45599999999999996
33.892857142857146 0.45599999999999996
33.92857142857143 0.4524375
33.964285714285715 0.4524375
34.0 0.45599999999999996
34.035714285714285 0.45599999999999996
34.07142857142857 0.45599999999999996
34.107142857142854 0.4524375
34.142857142857146 0.4524375
34.17857142857143 0.45599999999999996
34.214285714285715 0.45599999999999996
34.25 0.45599999999999996
34.642857142857146 0.434625
34.67857142857143 0.434625
34.714285714285715 0.43818749999999995
34.75 0.43818749999999995
34.785714285714285 0.43818749999999995
34.82142857142857 0.43818749999999995
34.857142857142854 0.44175
34.892857142857146 0.43818749999999995
34.92857142857143 0.43818749999999995
34.964285714285715 0.44175
35.0 0.43818749999999995
35.035714285714285 0.43818749999999995
35.07142857142857 0.44175
35.107142857142854 0.43818749999999995
35.142857142857146 0.43818749999999995
35.17857142857143 0.43818749999999995
35.214285714285715 0.43818749999999995
35.25 0.43818749999999995
35.285714285714285 0.43818749999999995
35.32142857142857 0.43818749999999995
35.357142857142854 0.44175
35.392857142857146 0.43818749999999995
35.42857142857143 0.43818749999999995
35.464285714285715 0.43818749999999995
35.5 0.43818749999999995
35.535714285714285 0.43818749999999995
35.57142857142857 0.43818749999999995
35.607142857142854 0.43818749999999995
35.642857142857146 0.43818749999999995
35.67857142857143 0.43818749999999995
35.714285714285715 0.44175
35.75 0.43818749999999995
35.785714285714285 0.43818749999999995
35.82142857142857 0.43818749999999995
35.857142857142854 0.43818749999999995
35.892857142857146 0.44175
35.92857142857143 0.44175
36.32142857142857 0.44887499999999997
36.357142857142854 0.44887499999999997
36.392857142857146 0.4524375
36.42857142857143 0.4524375
36.464285714285715 0.45599999999999996
36.5 0.45599999999999996
36.535714285714285 0.45599999999999996
36.57142857142857 0.45599999999999996
36.607142857142854 0.45599999999999996
36.642857142857146 0.45599999999999996
36.67857142857143 0.45599999999999996
36.714285714285715 0.45599999999999996
36.75 0.45599999999999996
36.785714285714285 0.4524375
36.82142857142857 0.45599999999999996
36.857142857142854 0.45599999999999996
36.892857142857146 0.45599999999999996
36.92857142857143 0.45599999999999996
36.964285714285715 0.45599999999999996
37.0 0.45599999999999996
37.035714285714285 0.45599999999999996
37.07142857142857 0.45599999999999996
37.107142857142854 0.45599999999999996
37.142857142857146 0.45599999999999996
37.17857142857143 0.45599999999999996
37.214285714285715 0.45599999999999996
37.25 0.45599999999999996
37.285714285714285 0.45599999999999996
37.32142857142857 0.45599999999999996
37.357142857142854 0.45599999999999996
37.392857142857146 0.45599999999999996
37.42857142857143 0.45599999999999996
37.464285714285715 0.45599999999999996
37.5 0.45599999999999996
37.535714285714285 0.45599999999999996
37.57142857142857 0.45599999999999996
37.964285714285715 0.5094375
38.0 0.44175
38.035714285714285 0.44175
38.07142857142857 0.44531249999999994
38.107142857142854 0.44887499999999997
38.142857142857146 0.44887499999999997
38.17857142857143 0.4524375
38.214285714285715 0.4524375
38.25 0.4524375
38.285714285714285 0.4524375
38.32142857142857 0.4524375
38.357142857142854 0.4524375
38.392857142857146 0.4524375
38.42857142857143 0.4524375
38.464285714285715 0.4524375
38.5 0.4524375
38.535714285714285 0.4524375
38.57142857142857 0.4524375
38.607142857142854 0.4524375
38.642857142857146 0.4524375
38.67857142857143 0.4524375
38.714285714285715 0.4524375
38.75 0.4524375
38.785714285714285 0.4524375
38.82142857142857 0.4524375
38.857142857142854 0.4524375
38.892857142857146 0.4524375
38.92857142857143 0.4524375
38.964285714285715 0.4524375
39.0 0.4524375
39.035714285714285 0.4524375
39.07142857142857 0.4524375
39.107142857142854 0.4524375
39.142857142857146 0.4524375
39.17857142857143 0.4524375
39.214285714285715 0.4524375
39.25 0.4524375
39.642857142857146 0.44531249999999994
39.67857142857143 0.43818749999999995
39.714285714285715 0.44175
39.75 0.43818749999999995
39.785714285714285 0.44175
39.82142857142857 0.44175
39.857142857142854 0.44531249999999994
39.892857142857146 0.44531249999999994
39.92857142857143 0.44531249999999994
