0.03571428571428571 0.55575
0.07142857142857142 0.55575
0.10714285714285714 0.5664374999999999
0.14285714285714285 0.5842499999999999
0.17857142857142858 0.5735625
0.21428571428571427 0.5984999999999999
0.25 0.5735625
0.2857142857142857 0.57
0.32142857142857145 0.57
0.35714285714285715 0.5664374999999999
0.39285714285714285 0.562875
0.42857142857142855 0.5664374999999999
0.4642857142857143 0.5664374999999999
0.5 0.5664374999999999
0.5357142857142857 0.5664374999999999
0.5714285714285714 0.5664374999999999
0.6071428571428571 0.5664374999999999
0.6428571428571429 0.5664374999999999
0.6785714285714286 0.5664374999999999
0.7142857142857143 0.5664374999999999
0.75 0.5735625
0.7857142857142857 0.5735625
0.8214285714285714 0.5593125
0.8571428571428571 0.57
0.8928571428571429 0.5664374999999999
0.9285714285714286 0.5878125
0.9642857142857143 0.5984999999999999
1.0 0.5806874999999999
1.0357142857142858 0.577125
1.0714285714285714 0.577125
1.1071428571428572 0.5735625
1.1428571428571428 0.57
1.1785714285714286 0.5735625
1.2142857142857142 0.5735625
1.25 0.5735625
1.2857142857142858 0.5735625
1.3214285714285714 0.5735625
1.3571428571428572 0.5735625
1.3928571428571428 0.5735625
1.4285714285714286 0.5735625
1.4642857142857142 0.577125
1.5 0.577125
1.5357142857142858 0.5806874999999999
1.5714285714285714 0.577125
1.6071428571428572 0.57
1.6428571428571428 0.5735625
1.6785714285714286 0.5842499999999999
1.7142857142857142 0.5878125
1.75 0.5878125
1.7857142857142858 0.5842499999999999
1.8214285714285714 0.577125
1.8571428571428572 0.577125
1.8928571428571428 0.5735625
1.9285714285714286 0.5735625
1.9642857142857142 0.577125
2.0 0.577125
2.0357142857142856 0.577125
2.0714285714285716 0.577125
2.107142857142857 0.577125
2.142857142857143 0.577125
2.1785714285714284 0.577125
2.2142857142857144 0.577125
2.25 0.5806874999999999
2.2857142857142856 0.5806874999999999
2.3214285714285716 0.577125
2.392857142857143 0.5735625
2.4642857142857144 0.5842499999999999
2.5 0.5878125
2.5357142857142856 0.5878125
2.5714285714285716 0.5806874999999999
2.607142857142857 0.577125
2.642857142857143 0.5735625
2.6785714285714284 0.5735625
2.7142857142857144 0.5735625
2.75 0.5735625
2.7857142857142856 0.577125
2.8214285714285716 0.5735625
2.857142857142857 0.5735625
2.892857142857143 0.5735625
2.9285714285714284 0.577125
2.9642857142857144 0.577125
3.0 0.5735625
3.0357142857142856 0.577125
3.0714285714285716 0.577125
3.142857142857143 0.5593125
3.1785714285714284 0.5664374999999999
3.2142857142857144 0.5664374999999999
3.25 0.577125
3.2857142857142856 0.5984999999999999
3.3214285714285716 0.577125
3.357142857142857 0.5735625
3.392857142857143 0.57
3.4285714285714284 0.5664374999999999
3.4642857142857144 0.5664374999999999
3.5 0.57
3.5357142857142856 0.57
3.5714285714285716 0.57
3.607142857142857 0.5664374999999999
3.642857142857143 0.5664374999999999
3.6785714285714284 0.57
3.7142857142857144 0.5664374999999999
3.75 0.57
3.7857142857142856 0.5735625
3.8214285714285716 0.577125
3.857142857142857 0.577125
3.892857142857143 0.57
3.9285714285714284 0.57
3.9642857142857144 0.577125
4.0 0.591375
4.035714285714286 0.6020625
4.071428571428571 0.5949375
4.107142857142857 0.5842499999999999
4.142857142857143 0.5806874999999999
4.178571428571429 0.577125
4.214285714285714 0.577125
4.25 0.5735625
4.285714285714286 0.5735625
4.321428571428571 0.5735625
4.357142857142857 0.577125
4.392857142857143 0.577125
4.428571428571429 0.577125
4.464285714285714 0.5806874999999999
4.5 0.5806874999999999
4.535714285714286 0.577125
4.571428571428571 0.5806874999999999
4.607142857142857 0.5806874999999999
4.642857142857143 0.577125
4.678571428571429 0.5664374999999999
4.714285714285714 0.5735625
4.75 0.5949375
4.785714285714286 0.5949375
4.821428571428571 0.5984999999999999
4.857142857142857 0.5878125
4.892857142857143 0.577125
4.928571428571429 0.5806874999999999
4.964285714285714 0.5806874999999999
5.0 0.5806874999999999
5.035714285714286 0.577125
5.071428571428571 0.5806874999999999
5.107142857142857 0.5806874999999999
5.142857142857143 0.5806874999999999
5.178571428571429 0.5842499999999999
5.214285714285714 0.5842499999999999
5.25 0.5842499999999999
5.285714285714286 0.5842499999999999
5.321428571428571 0.5842499999999999
5.357142857142857 0.591375
5.392857142857143 0.591375
5.464285714285714 0.5842499999999999
5.535714285714286 0.5949375
5.571428571428571 0.619875
5.607142857142857 0.5984999999999999
5.642857142857143 0.5949375
5.678571428571429 0.5878125
5.714285714285714 0.5878125
5.75 0.577125
5.785714285714286 0.5806874999999999
5.821428571428571 0.5842499999999999
5.857142857142857 0.5842499999999999
5.892857142857143 0.5806874999999999
5.928571428571429 0.5878125
5.964285714285714 0.5806874999999999
6.0 0.5878125
6.035714285714286 0.5842499999999999
6.071428571428571 0.5842499999999999
6.107142857142857 0.5949375
6.142857142857143 0.5878125
6.178571428571429 0.5878125
6.214285714285714 0.5842499999999999
6.25 0.5878125
6.285714285714286 0.5842499999999999
6.321428571428571 0.6020625
6.357142857142857 0.605625
6.392857142857143 0.5878125
6.428571428571429 0.5842499999999999
6.464285714285714 0.5842499999999999
6.5 0.5806874999999999
6.535714285714286 0.5806874999999999
6.571428571428571 0.5806874999999999
6.607142857142857 0.5806874999999999
6.642857142857143 0.5806874999999999
6.678571428571429 0.577125
6.714285714285714 0.5806874999999999
6.75 0.5806874999999999
6.785714285714286 0.5806874999999999
6.821428571428571 0.5806874999999999
6.857142857142857 0.5806874999999999
6.892857142857143 0.5878125
6.928571428571429 0.5878125
7.0 0.5806874999999999
7.035714285714286 0.5806874999999999
7.071428571428571 0.5984999999999999
7.107142857142857 0.605625
7.142857142857143 0.5878125
7.178571428571429 0.5842499999999999
7.214285714285714 0.577125
7.25 0.577125
7.285714285714286 0.577125
7.321428571428571 0.577125
7.357142857142857 0.577125
7.392857142857143 0.577125
7.428571428571429 0.577125
7.464285714285714 0.577125
7.5 0.577125
7.535714285714286 0.5806874999999999
7.571428571428571 0.577125
7.607142857142857 0.577125
7.642857142857143 0.5806874999999999
7.678571428571429 0.5842499999999999
7.714285714285714 0.577125
7.75 0.5664374999999999
7.785714285714286 0.577125
7.821428571428571 0.5735625
7.857142857142857 0.5984999999999999
7.892857142857143 0.6020625
7.928571428571429 0.5878125
7.964285714285714 0.5842499999999999
8.0 0.5806874999999999
8.035714285714286 0.5806874999999999
8.071428571428571 0.5806874999999999
8.107142857142858 0.5806874999999999
8.142857142857142 0.577125
8.178571428571429 0.5806874999999999
8.214285714285714 0.577125
8.25 0.5806874999999999
8.285714285714286 0.5806874999999999
8.321428571428571 0.5806874999999999
8.357142857142858 0.5806874999999999
8.392857142857142 0.5806874999999999
8.428571428571429 0.5842499999999999
8.464285714285714 0.5842499999999999
8.535714285714286 0.5842499999999999
8.607142857142858 0.5949375
8.642857142857142 0.6163124999999999
8.678571428571429 0.605625
8.714285714285714 0.5949375
8.75 0.5949375
8.785714285714286 0.591375
8.821428571428571 0.591375
8.857142857142858 0.5878125
8.892857142857142 0.591375
8.928571428571429 0.5949375
8.964285714285714 0.591375
9.0 0.5878125
9.035714285714286 0.591375
9.071428571428571 0.5949375
9.107142857142858 0.5949375
9.142857142857142 0.591375
9.178571428571429 0.5949375
9.214285714285714 0.6020625
9.25 0.5984999999999999
9.285714285714286 0.5949375
9.321428571428571 0.5949375
9.357142857142858 0.6020625
9.392857142857142 0.6234375
9.428571428571429 0.619875
9.464285714285714 0.6127499999999999
9.5 0.6091875
9.535714285714286 0.605625
9.571428571428571 0.605625
9.607142857142858 0.605625
9.642857142857142 0.6020625
9.678571428571429 0.6020625
9.714285714285714 0.605625
9.75 0.605625
9.785714285714286 0.605625
9.821428571428571 0.6091875
9.857142857142858 0.6091875
9.892857142857142 0.6091875
9.928571428571429 0.6091875
9.964285714285714 0.6127499999999999
10.0 0.6127499999999999
10.035714285714286 0.5949375
10.071428571428571 0.5984999999999999
10.107142857142858 0.605625
10.142857142857142 0.6234375
10.178571428571429 0.6234375
10.214285714285714 0.6305624999999999
10.25 0.6091875
10.285714285714286 0.6091875
10.321428571428571 0.6091875
10.357142857142858 0.6091875
10.392857142857142 0.6127499999999999
10.428571428571429 0.6127499999999999
10.464285714285714 0.6127499999999999
10.5 0.6127499999999999
10.535714285714286 0.6163124999999999
10.571428571428571 0.6163124999999999
10.607142857142858 0.6163124999999999
10.642857142857142 0.6163124999999999
10.678571428571429 0.6163124999999999
10.714285714285714 0.6163124999999999
10.75 0.6163124999999999
10.785714285714286 0.619875
10.821428571428571 0.605625
10.857142857142858 0.6127499999999999
10.892857142857142 0.605625
10.928571428571429 0.627
10.964285714285714 0.64125
11.0 0.6163124999999999
11.035714285714286 0.6163124999999999
11.071428571428571 0.6127499999999999
11.107142857142858 0.6127499999999999
11.142857142857142 0.6091875
11.178571428571429 0.6091875
11.214285714285714 0.6091875
11.25 0.6127499999999999
11.285714285714286 0.6163124999999999
11.321428571428571 0.6163124999999999
11.357142857142858 0.6127499999999999
11.392857142857142 0.6163124999999999
11.428571428571429 0.6163124999999999
11.464285714285714 0.6163124999999999
11.5 0.619875
11.535714285714286 0.619875
11.571428571428571 0.6127499999999999
11.607142857142858 0.6091875
11.678571428571429 0.6163124999999999
11.714285714285714 0.627
11.75 0.619875
11.785714285714286 0.6127499999999999
11.821428571428571 0.6127499999999999
11.857142857142858 0.6091875
11.892857142857142 0.6163124999999999
11.928571428571429 0.6127499999999999
11.964285714285714 0.6163124999999999
12.0 0.6163124999999999
12.035714285714286 0.6163124999999999
12.071428571428571 0.6163124999999999
12.107142857142858 0.6127499999999999
12.142857142857142 0.6163124999999999
12.178571428571429 0.6163124999999999
12.214285714285714 0.6127499999999999
12.25 0.6127499999999999
12.285714285714286 0.6234375
12.321428571428571 0.6163124999999999
12.357142857142858 0.6127499999999999
12.392857142857142 0.6091875
12.464285714285714 0.627
12.5 0.619875
12.535714285714286 0.6127499999999999
12.571428571428571 0.6127499999999999
12.607142857142858 0.6127499999999999
12.642857142857142 0.6091875
12.678571428571429 0.6091875
12.714285714285714 0.6091875
12.75 0.6091875
12.785714285714286 0.6127499999999999
12.821428571428571 0.6091875
12.857142857142858 0.6127499999999999
12.892857142857142 0.6127499999999999
12.928571428571429 0.6091875
12.964285714285714 0.6091875
13.0 0.6127499999999999
13.035714285714286 0.619875
13.071428571428571 0.6163124999999999
13.142857142857142 0.605625
13.178571428571429 0.6091875
13.214285714285714 0.605625
13.25 0.6305624999999999
13.285714285714286 0.619875
13.321428571428571 0.6163124999999999
13.357142857142858 0.6163124999999999
13.392857142857142 0.6127499999999999
13.428571428571429 0.6163124999999999
13.464285714285714 0.6127499999999999
13.5 0.6163124999999999
13.535714285714286 0.6163124999999999
13.571428571428571 0.6163124999999999
13.607142857142858 0.6163124999999999
13.642857142857142 0.6163124999999999
13.678571428571429 0.6163124999999999
13.714285714285714 0.6163124999999999
13.75 0.6163124999999999
13.785714285714286 0.6163124999999999
13.821428571428571 0.6234375
13.857142857142858 0.6234375
13.892857142857142 0.605625
13.928571428571429 0.6091875
13.964285714285714 0.6020625
14.0 0.627
14.035714285714286 0.64125
14.071428571428571 0.6163124999999999
14.107142857142858 0.6091875
14.142857142857142 0.6091875
14.178571428571429 0.6127499999999999
14.214285714285714 0.605625
14.25 0.6091875
14.285714285714286 0.6091875
14.321428571428571 0.6091875
14.357142857142858 0.6091875
14.392857142857142 0.6127499999999999
14.428571428571429 0.6091875
14.464285714285714 0.6127499999999999
14.5 0.6091875
14.535714285714286 0.6091875
14.571428571428571 0.6127499999999999
14.607142857142858 0.6127499999999999
14.642857142857142 0.6091875
14.678571428571429 0.6127499999999999
14.714285714285714 0.6091875
14.75 0.6234375
14.785714285714286 0.6305624999999999
14.821428571428571 0.619875
14.857142857142858 0.6163124999999999
14.892857142857142 0.6163124999999999
14.928571428571429 0.6127499999999999
14.964285714285714 0.6163124999999999
15.0 0.619875
15.035714285714286 0.619875
15.071428571428571 0.619875
15.107142857142858 0.619875
15.142857142857142 0.619875
15.178571428571429 0.619875
15.214285714285714 0.619875
15.25 0.619875
15.285714285714286 0.619875
15.321428571428571 0.619875
15.357142857142858 0.627
15.392857142857142 0.6234375
15.464285714285714 0.619875
15.535714285714286 0.6448124999999999
15.571428571428571 0.6483749999999999
15.607142857142858 0.6341249999999999
15.642857142857142 0.6305624999999999
15.678571428571429 0.627
15.714285714285714 0.6234375
15.75 0.6234375
15.785714285714286 0.6234375
15.821428571428571 0.627
15.857142857142858 0.627
15.892857142857142 0.6234375
15.928571428571429 0.627
15.964285714285714 0.627
16.0 0.627
16.035714285714285 0.627
16.071428571428573 0.6234375
16.107142857142858 0.6305624999999999
16.178571428571427 0.6305624999999999
16.214285714285715 0.6234375
16.285714285714285 0.619875
16.321428571428573 0.6448124999999999
16.357142857142858 0.6341249999999999
16.392857142857142 0.6341249999999999
16.428571428571427 0.6305624999999999
16.464285714285715 0.6305624999999999
16.5 0.627
16.535714285714285 0.627
16.571428571428573 0.6305624999999999
16.607142857142858 0.6305624999999999
16.642857142857142 0.6305624999999999
16.678571428571427 0.6305624999999999
16.714285714285715 0.6305624999999999
16.75 0.6305624999999999
16.785714285714285 0.6305624999999999
16.821428571428573 0.6305624999999999
16.857142857142858 0.6305624999999999
16.892857142857142 0.6341249999999999
16.928571428571427 0.6341249999999999
17.0 0.6305624999999999
17.035714285714285 0.6305624999999999
17.071428571428573 0.6555
17.107142857142858 0.6626249999999999
17.142857142857142 0.64125
17.178571428571427 0.6376875
17.214285714285715 0.6341249999999999
17.25 0.6376875
17.285714285714285 0.6376875
17.321428571428573 0.6376875
17.357142857142858 0.6341249999999999
17.392857142857142 0.6376875
17.428571428571427 0.6376875
17.464285714285715 0.6376875
17.5 0.6376875
17.535714285714285 0.6376875
17.571428571428573 0.6376875
17.607142857142858 0.6376875
17.642857142857142 0.64125
17.678571428571427 0.64125
17.75 0.6341249999999999
17.785714285714285 0.6376875
17.821428571428573 0.6305624999999999
17.857142857142858 0.6555
17.892857142857142 0.6448124999999999
17.928571428571427 0.64125
17.964285714285715 0.64125
18.0 0.6376875
18.035714285714285 0.6376875
18.071428571428573 0.6376875
18.107142857142858 0.6376875
18.142857142857142 0.6376875
18.178571428571427 0.64125
18.214285714285715 0.6376875
18.25 0.64125
18.285714285714285 0.6376875
18.321428571428573 0.64125
18.357142857142858 0.64125
18.392857142857142 0.6376875
18.428571428571427 0.6448124999999999
18.535714285714285 0.64125
18.607142857142858 0.6626249999999999
18.642857142857142 0.6733125
18.678571428571427 0.6519375
18.714285714285715 0.6448124999999999
18.75 0.6448124999999999
18.785714285714285 0.64125
18.821428571428573 0.6448124999999999
18.857142857142858 0.6448124999999999
18.892857142857142 0.6448124999999999
18.928571428571427 0.6483749999999999
18.964285714285715 0.6483749999999999
19.0 0.6483749999999999
19.035714285714285 0.6448124999999999
19.071428571428573 0.6448124999999999
19.107142857142858 0.6448124999999999
19.142857142857142 0.6448124999999999
19.178571428571427 0.6448124999999999
19.214285714285715 0.6555
19.25 0.6519375
19.285714285714285 0.6483749999999999
19.321428571428573 0.6519375
19.357142857142858 0.6590625
19.392857142857142 0.676875
19.428571428571427 0.6733125
19.464285714285715 0.6661874999999999
19.5 0.6626249999999999
19.535714285714285 0.6626249999999999
19.571428571428573 0.6661874999999999
19.607142857142858 0.6661874999999999
19.642857142857142 0.6661874999999999
19.678571428571427 0.6661874999999999
19.714285714285715 0.6661874999999999
19.75 0.6661874999999999
19.785714285714285 0.6661874999999999
19.821428571428573 0.6661874999999999
19.857142857142858 0.6661874999999999
19.892857142857142 0.6661874999999999
19.928571428571427 0.6661874999999999
19.964285714285715 0.6733125
20.0 0.6733125
20.071428571428573 0.66975
20.107142857142858 0.6733125
20.142857142857142 0.691125
20.178571428571427 0.691125
20.214285714285715 0.6839999999999999
20.25 0.6804374999999999
20.285714285714285 0.6804374999999999
20.321428571428573 0.6839999999999999
20.357142857142858 0.6839999999999999
20.392857142857142 0.6839999999999999
20.428571428571427 0.6804374999999999
20.464285714285715 0.6839999999999999
20.5 0.6839999999999999
20.535714285714285 0.6804374999999999
20.571428571428573 0.6839999999999999
20.607142857142858 0.6839999999999999
20.642857142857142 0.6839999999999999
20.678571428571427 0.6839999999999999
20.714285714285715 0.6875625
20.75 0.691125
20.821428571428573 0.6875625
20.857142857142858 0.6946874999999999
20.892857142857142 0.691125
20.928571428571427 0.7124999999999999
20.964285714285715 0.7089375
21.0 0.7089375
21.035714285714285 0.7089375
21.071428571428573 0.705375
21.107142857142858 0.705375
21.142857142857142 0.705375
21.178571428571427 0.7089375
21.214285714285715 0.7089375
21.25 0.705375
21.285714285714285 0.705375
21.321428571428573 0.705375
21.357142857142858 0.7089375
21.392857142857142 0.7089375
21.428571428571427 0.705375
21.464285714285715 0.705375
21.5 0.7089375
21.535714285714285 0.7089375
21.607142857142858 0.705375
21.642857142857142 0.705375
21.678571428571427 0.7267499999999999
21.714285714285715 0.7374375
21.75 0.7124999999999999
21.785714285714285 0.7160624999999999
21.821428571428573 0.7160624999999999
21.857142857142858 0.7160624999999999
21.892857142857142 0.7160624999999999
21.928571428571427 0.7124999999999999
21.964285714285715 0.7124999999999999
22.0 0.7160624999999999
22.035714285714285 0.7160624999999999
22.071428571428573 0.7160624999999999
22.107142857142858 0.7124999999999999
22.142857142857142 0.7124999999999999
22.178571428571427 0.7124999999999999
22.214285714285715 0.7160624999999999
22.25 0.7160624999999999
22.285714285714285 0.7160624999999999
22.357142857142858 0.7160624999999999
22.392857142857142 0.719625
22.428571428571427 0.7338749999999999
22.464285714285715 0.7338749999999999
22.5 0.719625
22.535714285714285 0.719625
22.571428571428573 0.7160624999999999
22.607142857142858 0.7124999999999999
22.642857142857142 0.7124999999999999
22.678571428571427 0.7124999999999999
22.714285714285715 0.7160624999999999
22.75 0.7124999999999999
22.785714285714285 0.7160624999999999
22.821428571428573 0.7160624999999999
22.857142857142858 0.7124999999999999
22.892857142857142 0.7124999999999999
22.928571428571427 0.7124999999999999
22.964285714285715 0.7124999999999999
23.0 0.7124999999999999
23.035714285714285 0.7160624999999999
23.071428571428573 0.7124999999999999
23.107142857142858 0.705375
23.142857142857142 0.7231875
23.214285714285715 0.7267499999999999
23.25 0.7374375
23.285714285714285 0.7231875
23.321428571428573 0.719625
23.357142857142858 0.719625
23.392857142857142 0.719625
23.428571428571427 0.7160624999999999
23.464285714285715 0.719625
23.5 0.719625
23.535714285714285 0.719625
23.571428571428573 0.719625
23.607142857142858 0.719625
23.642857142857142 0.7160624999999999
23.678571428571427 0.719625
23.714285714285715 0.719625
23.75 0.719625
23.785714285714285 0.719625
23.821428571428573 0.719625
23.892857142857142 0.7267499999999999
23.928571428571427 0.7338749999999999
23.964285714285715 0.7303124999999999
24.0 0.7481249999999999
24.035714285714285 0.7374375
24.071428571428573 0.741
24.107142857142858 0.741
24.142857142857142 0.7374375
24.178571428571427 0.7374375
24.214285714285715 0.7374375
24.25 0.7374375
24.285714285714285 0.741
24.321428571428573 0.7374375
24.357142857142858 0.7374375
24.392857142857142 0.7374375
24.428571428571427 0.7374375
24.464285714285715 0.7374375
24.5 0.7374375
24.535714285714285 0.7374375
24.571428571428573 0.741
24.607142857142858 0.741
24.678571428571427 0.7516875
24.714285714285715 0.7516875
24.75 0.7659374999999999
24.785714285714285 0.7659374999999999
24.821428571428573 0.7588125
24.857142857142858 0.7623749999999999
24.892857142857142 0.7623749999999999
24.928571428571427 0.7588125
24.964285714285715 0.7588125
25.0 0.7588125
25.035714285714285 0.7588125
25.071428571428573 0.7588125
25.107142857142858 0.7588125
25.142857142857142 0.7588125
25.178571428571427 0.7588125
25.214285714285715 0.7588125
25.25 0.7623749999999999
25.285714285714285 0.7623749999999999
25.321428571428573 0.7623749999999999
25.357142857142858 0.7623749999999999
25.428571428571427 0.7623749999999999
25.464285714285715 0.7659374999999999
25.5 0.7801874999999999
25.535714285714285 0.7766249999999999
25.571428571428573 0.78375
25.607142857142858 0.7766249999999999
25.642857142857142 0.7766249999999999
25.678571428571427 0.7730625
25.714285714285715 0.7730625
25.75 0.7730625
25.785714285714285 0.7730625
25.821428571428573 0.7766249999999999
25.857142857142858 0.7730625
25.892857142857142 0.7730625
25.928571428571427 0.7730625
25.964285714285715 0.7730625
26.0 0.7730625
26.035714285714285 0.7766249999999999
26.071428571428573 0.7730625
26.107142857142858 0.7730625
26.142857142857142 0.7766249999999999
26.178571428571427 0.7730625
26.214285714285715 0.7801874999999999
26.25 0.7766249999999999
26.285714285714285 0.7979999999999999
26.321428571428573 0.805125
26.357142857142858 0.7979999999999999
26.392857142857142 0.7944374999999999
26.428571428571427 0.7944374999999999
26.464285714285715 0.790875
26.5 0.790875
26.535714285714285 0.790875
26.571428571428573 0.790875
26.607142857142858 0.790875
26.642857142857142 0.790875
26.678571428571427 0.790875
26.714285714285715 0.790875
26.75 0.790875
26.785714285714285 0.790875
26.821428571428573 0.7944374999999999
26.857142857142858 0.790875
26.892857142857142 0.7944374999999999
26.964285714285715 0.78375
27.0 0.7979999999999999
27.035714285714285 0.8122499999999999
27.107142857142858 0.8122499999999999
27.142857142857142 0.8122499999999999
27.178571428571427 0.8122499999999999
27.214285714285715 0.8122499999999999
27.25 0.8086874999999999
27.285714285714285 0.8086874999999999
27.321428571428573 0.8122499999999999
27.357142857142858 0.8122499999999999
27.392857142857142 0.8122499999999999
27.428571428571427 0.8122499999999999
27.464285714285715 0.8122499999999999
27.5 0.8122499999999999
27.535714285714285 0.8122499999999999
27.571428571428573 0.8122499999999999
27.607142857142858 0.8122499999999999
27.642857142857142 0.8122499999999999
27.678571428571427 0.8086874999999999
27.714285714285715 0.8015625
27.75 0.8158124999999999
27.785714285714285 0.8158124999999999
27.821428571428573 1.01175
27.857142857142858 0.8300624999999999
27.892857142857142 0.833625
27.928571428571427 0.833625
27.964285714285715 0.833625
28.0 0.833625
28.035714285714285 0.8300624999999999
28.071428571428573 0.8300624999999999
28.107142857142858 0.8300624999999999
28.142857142857142 0.8300624999999999
28.178571428571427 0.8300624999999999
28.214285714285715 0.8300624999999999
28.25 0.833625
28.285714285714285 0.8300624999999999
28.321428571428573 0.8300624999999999
28.357142857142858 0.8300624999999999
28.392857142857142 0.8300624999999999
28.428571428571427 0.8300624999999999
28.5 0.8300624999999999
28.571428571428573 0.8514375
28.607142857142858 0.855
28.642857142857142 0.8514375
28.678571428571427 0.8514375
28.714285714285715 0.8514375
28.75 0.8514375
28.785714285714285 0.8514375
28.821428571428573 0.8514375
28.857142857142858 0.8514375
28.892857142857142 0.8514375
28.928571428571427 0.8478749999999999
28.964285714285715 0.8514375
29.0 0.8514375
29.035714285714285 0.8514375
29.071428571428573 0.8514375
29.107142857142858 0.8514375
29.142857142857142 0.8514375
29.178571428571427 0.8514375
29.214285714285715 0.8478749999999999
29.25 0.8514375
29.285714285714285 0.855
29.357142857142858 0.8728125
29.392857142857142 0.86925
29.428571428571427 0.86925
29.464285714285715 0.86925
29.5 0.86925
29.535714285714285 0.86925
29.571428571428573 0.86925
29.607142857142858 0.86925
29.642857142857142 0.86925
29.678571428571427 0.86925
29.714285714285715 0.86925
29.75 0.86925
29.785714285714285 0.86925
29.821428571428573 0.86925
29.857142857142858 0.86925
29.892857142857142 0.86925
29.928571428571427 0.86925
29.964285714285715 0.86925
30.0 0.8585624999999999
30.035714285714285 0.8728125
30.107142857142858 0.8906249999999999
30.142857142857142 0.8941874999999999
30.178571428571427 0.8835
30.214285714285715 0.8870625
30.25 0.8870625
30.285714285714285 0.8870625
30.321428571428573 0.8870625
30.357142857142858 0.8906249999999999
30.392857142857142 0.8906249999999999
30.428571428571427 0.8870625
30.464285714285715 0.8870625
30.5 0.8870625
30.535714285714285 0.8870625
30.571428571428573 0.8870625
30.607142857142858 0.8870625
30.642857142857142 0.8870625
30.678571428571427 0.8870625
30.714285714285715 0.8870625
30.785714285714285 0.8941874999999999
30.821428571428573 0.8977499999999999
30.857142857142858 0.8941874999999999
30.892857142857142 0.9084374999999999
30.928571428571427 0.9084374999999999
30.964285714285715 0.9013125
31.0 0.904875
31.035714285714285 0.904875
31.071428571428573 0.904875
31.107142857142858 0.904875
31.142857142857142 0.904875
31.178571428571427 0.904875
31.214285714285715 0.904875
31.25 0.9084374999999999
31.285714285714285 0.9084374999999999
31.321428571428573 0.904875
31.357142857142858 0.904875
31.392857142857142 0.904875
31.428571428571427 0.904875
31.464285714285715 0.904875
31.5 0.9084374999999999
31.571428571428573 0.9084374999999999
31.607142857142858 0.9084374999999999
31.642857142857142 0.9298124999999999
31.678571428571427 0.9262499999999999
31.714285714285715 0.919125
31.75 0.9262499999999999
31.785714285714285 0.9226874999999999
31.821428571428573 0.9226874999999999
31.857142857142858 0.9262499999999999
31.892857142857142 0.9262499999999999
31.928571428571427 0.9262499999999999
31.964285714285715 0.9262499999999999
32.0 0.9262499999999999
32.035714285714285 0.9262499999999999
32.07142857142857 0.9262499999999999
32.107142857142854 0.9262499999999999
32.142857142857146 0.9262499999999999
32.17857142857143 0.9262499999999999
32.214285714285715 0.9262499999999999
32.25 0.9262499999999999
32.32142857142857 0.9226874999999999
32.357142857142854 0.9298124999999999
32.392857142857146 0.9262499999999999
32.42857142857143 1.1293125
32.464285714285715 0.9440624999999999
32.5 0.933375
32.535714285714285 0.933375
32.57142857142857 0.9298124999999999
32.607142857142854 0.9298124999999999
32.642857142857146 0.9298124999999999
32.67857142857143 0.9298124999999999
32.714285714285715 0.9298124999999999
32.75 0.9298124999999999
32.785714285714285 0.9298124999999999
32.82142857142857 0.9298124999999999
32.857142857142854 0.9298124999999999
32.892857142857146 0.9298124999999999
32.92857142857143 0.9298124999999999
32.964285714285715 0.9298124999999999
33.0 0.9298124999999999
33.035714285714285 0.9298124999999999
33.107142857142854 0.9369375
33.17857142857143 0.9476249999999999
33.214285714285715 0.95475
33.25 0.9511875
33.285714285714285 0.9511875
33.32142857142857 0.9511875
33.357142857142854 0.9511875
33.392857142857146 0.9511875
33.42857142857143 0.9511875
33.464285714285715 0.9511875
33.5 0.9511875
33.535714285714285 0.9511875
33.57142857142857 0.9511875
33.607142857142854 0.9511875
33.642857142857146 0.9511875
33.67857142857143 0.9511875
33.714285714285715 0.9511875
33.75 0.9511875
33.785714285714285 0.9511875
33.857142857142854 0.9511875
33.892857142857146 0.95475
33.92857142857143 0.9654375
34.0 0.969
34.035714285714285 0.969
34.07142857142857 0.969
34.107142857142854 0.9725624999999999
34.142857142857146 0.9725624999999999
34.17857142857143 0.969
34.214285714285715 0.969
34.25 0.969
34.285714285714285 0.969
34.32142857142857 0.969
34.357142857142854 0.969
34.392857142857146 0.9725624999999999
34.42857142857143 0.969
34.464285714285715 0.9725624999999999
34.5 0.9725624999999999
34.535714285714285 0.9725624999999999
34.57142857142857 0.9725624999999999
34.607142857142854 0.9654375
34.642857142857146 0.98325
34.714285714285715 0.9939374999999999
34.75 1.0010625
34.785714285714285 0.9974999999999999
34.82142857142857 0.9974999999999999
34.857142857142854 0.9974999999999999
34.892857142857146 0.9939374999999999
34.92857142857143 0.9974999999999999
34.964285714285715 0.9939374999999999
35.0 0.9939374999999999
35.035714285714285 0.9974999999999999
35.07142857142857 0.9974999999999999
35.107142857142854 0.9939374999999999
35.142857142857146 0.9939374999999999
35.17857142857143 0.9939374999999999
35.214285714285715 0.9939374999999999
35.25 0.9939374999999999
35.285714285714285 0.9939374999999999
35.32142857142857 0.9939374999999999
35.357142857142854 0.9868125
35.392857142857146 1.0010625
35.42857142857143 1.0010625
35.464285714285715 1.01175
35.5 1.018875
35.535714285714285 1.01175
35.57142857142857 1.01175
35.607142857142854 1.01175
35.642857142857146 1.0153124999999998
35.67857142857143 1.0153124999999998
35.714285714285715 1.0153124999999998
35.75 1.0153124999999998
35.785714285714285 1.0153124999999998
35.82142857142857 1.0153124999999998
35.857142857142854 1.0153124999999998
35.892857142857146 1.01175
35.92857142857143 1.01175
35.964285714285715 1.01175
36.0 1.0153124999999998
36.035714285714285 1.0153124999999998
36.07142857142857 1.018875
36.107142857142854 1.0153124999999998
36.142857142857146 1.01175
36.17857142857143 1.01175
36.25 1.026
36.285714285714285 1.026
36.32142857142857 1.0224374999999999
36.357142857142854 1.026
36.392857142857146 1.026
36.42857142857143 1.026
36.464285714285715 1.026
36.5 1.0224374999999999
36.535714285714285 1.0224374999999999
36.57142857142857 1.026
36.607142857142854 1.0224374999999999
36.642857142857146 1.0224374999999999
36.67857142857143 1.0224374999999999
36.714285714285715 1.0224374999999999
36.75 1.026
36.785714285714285 1.0224374999999999
36.82142857142857 1.0295625
36.857142857142854 1.0295625
36.92857142857143 1.026
36.964285714285715 1.0295625
37.0 1.047375
37.035714285714285 1.047375
37.07142857142857 1.0545
37.107142857142854 1.047375
37.142857142857146 1.0509374999999999
37.17857142857143 1.0545
37.214285714285715 1.0509374999999999
37.25 1.0545
37.285714285714285 1.0545
37.32142857142857 1.0545
37.357142857142854 1.0580625
37.392857142857146 1.0545
37.42857142857143 1.0545
37.464285714285715 1.0545
37.5 1.0545
37.535714285714285 1.0580625
37.57142857142857 1.0580625
37.607142857142854 1.0616249999999998
37.642857142857146 1.0616249999999998
37.67857142857143 1.0580625
37.714285714285715 1.0580625
37.75 1.0580625
37.785714285714285 1.075875
37.82142857142857 1.0794374999999998
37.857142857142854 1.0723125
37.892857142857146 1.0723125
37.92857142857143 1.0723125
37.964285714285715 1.075875
38.0 1.0723125
38.035714285714285 1.0723125
38.07142857142857 1.0723125
38.107142857142854 1.075875
38.142857142857146 1.0723125
38.17857142857143 1.075875
38.214285714285715 1.0723125
38.25 1.0723125
38.285714285714285 1.075875
38.32142857142857 1.075875
38.357142857142854 1.0794374999999998
38.392857142857146 1.0794374999999998
38.464285714285715 1.083
38.5 1.090125
38.535714285714285 1.1043749999999999
38.57142857142857 1.1043749999999999
38.607142857142854 1.1008125
38.642857142857146 1.1008125
38.67857142857143 1.1043749999999999
38.714285714285715 1.1043749999999999
38.75 1.1008125
38.785714285714285 1.1043749999999999
38.82142857142857 1.1043749999999999
38.857142857142854 1.1043749999999999
38.892857142857146 1.1043749999999999
38.92857142857143 1.1043749999999999
38.964285714285715 1.1079375
39.0 1.1043749999999999
39.035714285714285 1.1043749999999999
39.07142857142857 1.1043749999999999
39.107142857142854 1.1115
39.142857142857146 1.1115
39.17857142857143 1.1008125
39.214285714285715 1.1043749999999999
39.25 1.1008125
39.32142857142857 1.303875
39.357142857142854 1.1079375
39.392857142857146 1.1079375
39.42857142857143 1.1115
39.464285714285715 1.1115
39.5 1.1115
39.535714285714285 1.1115
39.57142857142857 1.1115
39.607142857142854 1.1115
39.642857142857146 1.1115
39.67857142857143 1.1115
39.714285714285715 1.1115
39.75 1.1115
39.785714285714285 1.1115
39.82142857142857 1.1115
39.857142857142854 1.1150624999999998
39.892857142857146 1.1150624999999998
39.92857142857143 1.1150624999999998
