0.03571428571428571 1.71
0.07142857142857142 1.71
0.10714285714285714 1.71
0.14285714285714285 1.71
0.17857142857142858 1.71
0.21428571428571427 1.71
0.25 1.71
0.2857142857142857 1.71
0.32142857142857145 1.71
0.35714285714285715 1.71
0.39285714285714285 1.71
0.42857142857142855 1.71
0.4642857142857143 1.71
0.5 1.71
0.5357142857142857 1.71
0.5714285714285714 1.71
0.6071428571428571 1.71
0.6428571428571429 1.71
0.6785714285714286 1.71
0.7142857142857143 1.71
0.75 1.71
0.7857142857142857 1.71
0.8214285714285714 1.71
0.8571428571428571 1.71
0.8928571428571429 1.71
0.9285714285714286 1.71
0.9642857142857143 1.71
1.0 1.71
1.0357142857142858 1.71
1.0714285714285714 1.71
1.1071428571428572 1.71
1.1428571428571428 1.71
1.1785714285714286 1.71
1.2142857142857142 1.71
1.25 1.71
1.2857142857142858 1.71
1.3214285714285714 1.71
1.3571428571428572 1.71
1.3928571428571428 1.71
1.4285714285714286 1.71
1.4642857142857142 1.71
1.5 1.71
1.5357142857142858 1.71
1.5714285714285714 1.71
1.6071428571428572 1.71
1.6428571428571428 1.71
1.6785714285714286 1.71
1.7142857142857142 1.71
1.75 1.71
1.7857142857142858 1.71
1.8214285714285714 1.71
1.8571428571428572 1.71
1.8928571428571428 1.71
1.9285714285714286 1.71
1.9642857142857142 1.71
2.0 1.71
2.0357142857142856 1.71
2.0714285714285716 1.71
2.107142857142857 1.71
2.142857142857143 1.71
2.1785714285714284 1.71
2.2142857142857144 1.71
2.25 1.7135624999999999
2.2857142857142856 1.71
2.3214285714285716 1.71
2.357142857142857 1.71
2.392857142857143 1.71
2.4285714285714284 1.7135624999999999
2.4642857142857144 1.71
2.5 1.71
2.5357142857142856 1.71
2.5714285714285716 1.7064374999999998
2.607142857142857 1.7135624999999999
2.642857142857143 1.7064374999999998
2.6785714285714284 1.702875
2.7142857142857144 1.7064374999999998
2.75 1.6957499999999999
2.7857142857142856 1.6886249999999998
2.8214285714285716 1.6921875
2.857142857142857 1.674375
2.892857142857143 1.66725
2.9285714285714284 1.6601249999999999
2.9642857142857144 1.6636875
3.0 1.6814999999999998
3.0357142857142856 1.6886249999999998
3.0714285714285716 1.7598749999999999
3.107142857142857 1.8204375
3.142857142857143 1.80975
3.1785714285714284 1.767
3.2142857142857144 1.7420624999999998
3.25 1.7064374999999998
3.2857142857142856 1.6957499999999999
3.3214285714285716 1.6814999999999998
3.357142857142857 1.6708124999999998
3.392857142857143 1.6708124999999998
3.4285714285714284 1.66725
3.4642857142857144 1.674375
3.5 1.6708124999999998
3.5357142857142856 1.6636875
3.5714285714285716 1.6565625
3.607142857142857 1.6529999999999998
3.642857142857143 1.6494375
3.6785714285714284 1.6423124999999998
3.7142857142857144 1.6244999999999998
3.75 1.6244999999999998
3.7857142857142856 1.6280625
3.8214285714285716 1.6351874999999998
3.857142857142857 1.6529999999999998
3.892857142857143 1.674375
3.9285714285714284 1.6814999999999998
3.9642857142857144 1.6993124999999998
4.0 1.7349374999999998
4.035714285714286 1.7990624999999998
4.071428571428571 1.8346874999999998
4.107142857142857 1.8988124999999998
4.142857142857143 1.9344374999999998
4.178571428571429 1.938
4.214285714285714 1.938
4.25 1.9415624999999999
4.285714285714286 1.9344374999999998
4.321428571428571 1.9059374999999998
4.357142857142857 1.8061874999999998
4.392857142857143 1.7954999999999999
4.428571428571429 1.7990624999999998
4.464285714285714 1.8346874999999998
4.5 1.8489375
4.535714285714286 1.8346874999999998
4.571428571428571 1.8204375
4.607142857142857 2.059125
4.642857142857143 1.9237499999999998
4.678571428571429 1.8952499999999999
4.714285714285714 1.7385
4.75 1.7313749999999999
4.785714285714286 1.7313749999999999
4.821428571428571 1.7313749999999999
4.857142857142857 1.7313749999999999
4.892857142857143 1.7349374999999998
4.928571428571429 1.7349374999999998
4.964285714285714 1.7349374999999998
5.0 1.7349374999999998
5.035714285714286 1.7349374999999998
5.071428571428571 1.7349374999999998
5.107142857142857 1.7349374999999998
5.142857142857143 1.7349374999999998
5.178571428571429 1.7349374999999998
5.214285714285714 1.7349374999999998
5.25 1.7349374999999998
5.285714285714286 1.7349374999999998
5.321428571428571 1.7349374999999998
5.357142857142857 1.7349374999999998
5.392857142857143 1.7349374999999998
5.428571428571429 1.7349374999999998
5.464285714285714 1.7349374999999998
5.5 1.7349374999999998
5.535714285714286 1.7349374999999998
5.571428571428571 1.7349374999999998
5.607142857142857 1.7385
5.642857142857143 1.7385
5.678571428571429 1.7349374999999998
5.714285714285714 1.7385
5.75 1.7385
5.785714285714286 1.7385
5.821428571428571 1.7349374999999998
5.857142857142857 1.7349374999999998
5.892857142857143 1.7349374999999998
5.928571428571429 1.7349374999999998
5.964285714285714 1.7349374999999998
6.0 1.7349374999999998
6.035714285714286 1.7349374999999998
6.071428571428571 1.7349374999999998
6.107142857142857 1.7349374999999998
6.142857142857143 1.7349374999999998
6.178571428571429 1.7349374999999998
6.214285714285714 1.7349374999999998
6.25 1.7349374999999998
6.285714285714286 1.7385
6.321428571428571 1.7385
6.357142857142857 1.7349374999999998
6.392857142857143 1.7349374999999998
6.428571428571429 1.7349374999999998
6.464285714285714 1.7349374999999998
6.5 1.7385
6.535714285714286 1.7385
6.571428571428571 1.7385
6.607142857142857 1.7385
6.642857142857143 1.7385
6.678571428571429 1.7385
6.714285714285714 1.7385
6.75 1.7385
6.785714285714286 1.7385
6.821428571428571 1.7385
6.857142857142857 1.7385
6.892857142857143 1.7385
6.928571428571429 1.7385
6.964285714285714 1.7385
7.0 1.7385
7.035714285714286 1.7385
7.071428571428571 1.7385
7.107142857142857 1.7385
7.142857142857143 1.7385
7.178571428571429 1.7385
7.214285714285714 1.7349374999999998
7.25 1.7349374999999998
7.285714285714286 1.7349374999999998
7.321428571428571 1.7385
7.357142857142857 1.7385
7.392857142857143 1.7385
7.428571428571429 1.7385
7.464285714285714 1.7385
7.5 1.7385
7.535714285714286 1.7385
7.571428571428571 1.7385
7.607142857142857 1.7349374999999998
7.642857142857143 1.7349374999999998
7.678571428571429 1.7349374999999998
7.714285714285714 1.7385
7.75 1.7385
7.785714285714286 1.7385
7.821428571428571 1.7385
7.857142857142857 1.7385
7.892857142857143 1.7385
7.928571428571429 1.7385
7.964285714285714 1.7349374999999998
8.0 1.7349374999999998
8.035714285714286 1.7349374999999998
8.071428571428571 1.7385
8.107142857142858 1.7385
8.142857142857142 1.7385
8.178571428571429 1.7385
8.214285714285714 1.7349374999999998
8.25 1.7349374999999998
8.285714285714286 1.7349374999999998
8.321428571428571 1.7349374999999998
8.357142857142858 1.7349374999999998
8.392857142857142 1.7385
8.428571428571429 1.7385
8.464285714285714 1.7385
8.5 1.7385
8.535714285714286 1.7385
8.571428571428571 1.7385
8.607142857142858 1.7349374999999998
8.642857142857142 1.7385
8.678571428571429 1.7385
8.714285714285714 1.7385
8.75 1.7385
8.785714285714286 1.7385
8.821428571428571 1.7385
8.857142857142858 1.7385
8.892857142857142 1.7349374999999998
8.928571428571429 1.7385
8.964285714285714 1.7385
9.0 1.7385
9.035714285714286 1.7385
9.071428571428571 1.7385
9.107142857142858 1.7385
9.142857142857142 1.7385
9.178571428571429 1.7385
9.214285714285714 1.7385
9.25 1.7385
9.285714285714286 1.7385
9.321428571428571 1.7385
9.357142857142858 1.7385
9.392857142857142 1.7385
9.428571428571429 1.7385
9.464285714285714 1.7385
9.5 1.7385
9.535714285714286 1.7385
9.571428571428571 1.7385
9.607142857142858 1.7385
9.642857142857142 1.7385
9.678571428571429 1.7385
9.714285714285714 1.7385
9.75 1.7385
9.785714285714286 1.7385
9.821428571428571 1.7385
9.857142857142858 1.7385
9.892857142857142 1.7385
9.928571428571429 1.7385
9.964285714285714 1.7385
10.0 1.7385
10.035714285714286 1.7385
10.071428571428571 1.7385
10.107142857142858 1.7385
10.142857142857142 1.7385
10.178571428571429 1.7385
10.214285714285714 1.7385
10.25 1.7385
10.285714285714286 1.7385
10.321428571428571 1.7385
10.357142857142858 1.7385
10.392857142857142 1.7385
10.428571428571429 1.7385
10.464285714285714 1.7385
10.5 1.7385
10.535714285714286 1.7349374999999998
10.571428571428571 1.7349374999999998
10.607142857142858 1.7385
10.642857142857142 1.7385
10.678571428571429 1.7349374999999998
10.714285714285714 1.7349374999999998
10.75 1.7385
10.785714285714286 1.7385
10.821428571428571 1.7385
10.857142857142858 1.7385
10.892857142857142 1.7385
10.928571428571429 1.7385
10.964285714285714 1.7385
11.0 1.7349374999999998
11.035714285714286 1.7385
11.071428571428571 1.7385
11.107142857142858 1.7385
11.142857142857142 1.7385
11.178571428571429 1.7385
11.214285714285714 1.7385
11.25 1.7385
11.285714285714286 1.7385
11.321428571428571 1.7385
11.357142857142858 1.7385
11.392857142857142 1.7385
11.428571428571429 1.7385
11.464285714285714 1.7385
11.5 1.7385
11.535714285714286 1.7385
11.571428571428571 1.7385
11.607142857142858 1.7385
11.642857142857142 1.7385
11.678571428571429 1.7385
11.714285714285714 1.7385
11.75 1.7385
11.785714285714286 1.7385
11.821428571428571 1.7385
11.857142857142858 1.7385
11.892857142857142 1.7385
11.928571428571429 1.7385
11.964285714285714 1.7385
12.0 1.7385
12.035714285714286 1.7385
12.071428571428571 1.7385
12.107142857142858 1.7385
12.142857142857142 1.7385
12.178571428571429 1.7385
12.214285714285714 1.7385
12.25 1.7385
12.285714285714286 1.7385
12.321428571428571 1.7385
12.357142857142858 1.7385
12.392857142857142 1.7385
12.428571428571429 1.7385
12.464285714285714 1.7385
12.5 1.7420624999999998
12.535714285714286 1.7420624999999998
12.571428571428571 1.7420624999999998
12.607142857142858 1.7491875
12.642857142857142 1.745625
12.678571428571429 1.7385
12.714285714285714 1.745625
12.75 1.7491875
12.785714285714286 1.745625
12.821428571428571 1.7349374999999998
12.928571428571429 1.7064374999999998
12.964285714285714 1.7313749999999999
13.0 1.8133124999999999
13.035714285714286 1.8703124999999998
13.071428571428571 1.8524999999999998
13.107142857142858 1.7954999999999999
13.142857142857142 1.7705624999999998
13.178571428571429 1.774125
13.214285714285714 1.7883749999999998
13.25 1.8061874999999998
13.285714285714286 1.7812499999999998
13.321428571428571 1.7776874999999999
13.357142857142858 1.767
13.392857142857142 1.767
13.428571428571429 1.7598749999999999
13.464285714285714 1.7527499999999998
13.5 1.7527499999999998
13.535714285714286 1.7385
13.571428571428571 1.7135624999999999
13.607142857142858 1.6957499999999999
13.642857142857142 1.702875
13.678571428571429 1.7064374999999998
13.714285714285714 1.7135624999999999
13.75 1.7242499999999998
13.785714285714286 1.7349374999999998
13.821428571428571 1.7563125
13.857142857142858 1.7919375
13.892857142857142 1.8204375
13.928571428571429 1.8489375
13.964285714285714 1.902375
14.0 1.9451249999999998
14.035714285714286 1.9522499999999998
14.071428571428571 1.9558125
14.107142857142858 1.9593749999999999
14.142857142857142 1.9593749999999999
14.178571428571429 1.9593749999999999
14.214285714285714 1.9522499999999998
14.25 1.9273124999999998
14.285714285714286 1.930875
14.321428571428571 1.9273124999999998
14.357142857142858 1.9237499999999998
14.392857142857142 1.9237499999999998
14.428571428571429 1.9237499999999998
14.464285714285714 1.9273124999999998
14.5 1.9344374999999998
14.535714285714286 1.9486875
14.571428571428571 1.9558125
14.607142857142858 1.9700624999999998
14.642857142857142 1.9771874999999999
14.678571428571429 1.9807499999999998
14.714285714285714 1.9807499999999998
14.75 1.9843125
14.785714285714286 1.9843125
14.821428571428571 1.9878749999999998
14.857142857142858 1.9878749999999998
14.892857142857142 1.9914374999999997
14.928571428571429 1.9914374999999997
14.964285714285714 1.9914374999999997
15.0 1.9914374999999997
15.035714285714286 1.9914374999999997
15.071428571428571 1.9914374999999997
15.107142857142858 1.9949999999999999
15.142857142857142 1.9949999999999999
15.178571428571429 1.9914374999999997
15.214285714285714 1.9949999999999999
15.25 1.9949999999999999
15.285714285714286 1.9949999999999999
15.321428571428571 1.9949999999999999
15.357142857142858 1.9949999999999999
15.392857142857142 1.9949999999999999
15.428571428571429 1.9949999999999999
15.464285714285714 1.9949999999999999
15.5 1.9985624999999998
15.535714285714286 1.9985624999999998
15.571428571428571 1.9985624999999998
15.607142857142858 1.9985624999999998
15.642857142857142 1.9985624999999998
15.678571428571429 1.9985624999999998
15.714285714285714 1.9985624999999998
15.75 1.9985624999999998
15.785714285714286 1.9985624999999998
15.821428571428571 1.9985624999999998
15.857142857142858 1.9985624999999998
15.892857142857142 1.9985624999999998
15.928571428571429 1.9985624999999998
15.964285714285714 1.9985624999999998
16.0 1.9985624999999998
16.035714285714285 1.9985624999999998
16.071428571428573 1.9985624999999998
16.107142857142858 1.9985624999999998
16.142857142857142 1.9985624999999998
16.178571428571427 1.9985624999999998
16.214285714285715 1.9985624999999998
16.25 1.9985624999999998
16.285714285714285 1.9985624999999998
16.321428571428573 2.002125
16.357142857142858 2.002125
16.392857142857142 2.002125
16.428571428571427 2.002125
16.464285714285715 2.002125
16.5 2.002125
16.535714285714285 2.002125
16.571428571428573 2.002125
16.607142857142858 2.002125
16.642857142857142 2.002125
16.678571428571427 2.002125
16.714285714285715 2.002125
16.75 2.002125
16.785714285714285 2.002125
16.821428571428573 2.002125
16.857142857142858 2.002125
16.892857142857142 2.002125
16.928571428571427 2.002125
16.964285714285715 2.002125
17.0 2.002125
17.035714285714285 2.002125
17.071428571428573 2.002125
17.107142857142858 2.002125
17.142857142857142 2.002125
17.178571428571427 2.002125
17.214285714285715 2.002125
17.25 2.002125
17.285714285714285 2.002125
17.321428571428573 2.002125
17.357142857142858 2.002125
17.392857142857142 2.002125
17.428571428571427 2.002125
17.464285714285715 2.002125
17.5 2.002125
17.535714285714285 2.0056875
17.571428571428573 2.0056875
17.607142857142858 2.0056875
17.642857142857142 2.0056875
17.678571428571427 2.0056875
17.714285714285715 2.0056875
17.75 2.0056875
17.785714285714285 2.002125
17.821428571428573 2.0056875
17.857142857142858 2.002125
17.892857142857142 2.0056875
17.928571428571427 2.0056875
17.964285714285715 2.0056875
18.0 2.0056875
18.035714285714285 2.0056875
18.071428571428573 2.0056875
18.107142857142858 2.0056875
18.142857142857142 2.002125
18.178571428571427 2.0056875
18.214285714285715 2.0056875
18.25 2.0056875
18.285714285714285 2.0056875
18.321428571428573 2.0056875
18.357142857142858 2.0056875
18.392857142857142 2.0056875
18.428571428571427 2.0056875
18.464285714285715 2.0056875
18.5 2.0056875
18.535714285714285 2.0056875
18.571428571428573 2.0056875
18.607142857142858 2.002125
18.642857142857142 2.002125
18.678571428571427 2.0056875
18.714285714285715 2.002125
18.75 2.002125
18.785714285714285 2.002125
18.821428571428573 2.002125
18.857142857142858 2.002125
18.892857142857142 2.002125
18.928571428571427 2.002125
18.964285714285715 2.0056875
19.0 2.0056875
19.035714285714285 2.002125
19.071428571428573 2.002125
19.107142857142858 2.002125
19.142857142857142 2.0056875
19.178571428571427 2.0056875
19.214285714285715 2.0056875
19.25 2.002125
19.285714285714285 2.002125
19.321428571428573 2.002125
19.357142857142858 2.002125
19.392857142857142 2.002125
19.428571428571427 2.002125
19.464285714285715 2.002125
19.5 2.0056875
19.535714285714285 2.002125
19.571428571428573 2.002125
19.607142857142858 2.002125
19.642857142857142 2.0056875
19.678571428571427 2.0056875
19.714285714285715 2.002125
19.75 2.002125
19.785714285714285 2.002125
19.821428571428573 2.002125
19.857142857142858 2.0056875
19.892857142857142 2.0056875
19.928571428571427 2.0056875
19.964285714285715 2.0056875
20.0 2.0056875
20.035714285714285 2.002125
20.071428571428573 2.002125
20.107142857142858 2.002125
20.142857142857142 2.0056875
20.178571428571427 2.0056875
20.214285714285715 2.0056875
20.25 2.0056875
20.285714285714285 2.002125
20.321428571428573 2.0056875
20.357142857142858 2.0056875
20.392857142857142 2.002125
20.428571428571427 2.0056875
20.464285714285715 2.0056875
20.5 2.0056875
20.535714285714285 2.0056875
20.571428571428573 2.0056875
20.607142857142858 2.0056875
20.642857142857142 2.002125
20.678571428571427 2.002125
20.714285714285715 2.002125
20.75 2.0056875
20.785714285714285 2.0056875
20.821428571428573 2.002125
20.857142857142858 2.0056875
20.892857142857142 2.0056875
20.928571428571427 2.0056875
20.964285714285715 2.0056875
21.0 2.0056875
21.035714285714285 2.0056875
21.071428571428573 2.0056875
21.107142857142858 2.0056875
21.142857142857142 2.0056875
21.178571428571427 2.0056875
21.214285714285715 2.0056875
21.25 2.0056875
21.285714285714285 2.0056875
21.321428571428573 2.002125
21.357142857142858 2.0056875
21.392857142857142 2.0056875
21.428571428571427 2.0056875
21.464285714285715 2.0056875
21.5 2.002125
21.535714285714285 2.002125
21.571428571428573 2.002125
21.607142857142858 2.0056875
21.642857142857142 2.0056875
21.678571428571427 2.002125
21.714285714285715 2.0056875
21.75 2.002125
21.785714285714285 2.002125
21.821428571428573 2.0056875
21.857142857142858 2.002125
21.892857142857142 2.002125
21.928571428571427 2.0056875
21.964285714285715 2.0056875
22.0 2.0056875
22.035714285714285 2.002125
22.071428571428573 2.0056875
22.107142857142858 2.0056875
22.142857142857142 2.0056875
22.178571428571427 2.0056875
22.214285714285715 2.0056875
22.25 2.0056875
22.285714285714285 2.0056875
22.321428571428573 2.0056875
22.357142857142858 2.0056875
22.392857142857142 2.0056875
22.428571428571427 2.0056875
22.464285714285715 2.0056875
22.5 2.0056875
22.535714285714285 2.0056875
22.571428571428573 2.0056875
22.607142857142858 2.0056875
22.642857142857142 2.0056875
22.678571428571427 2.0056875
22.714285714285715 2.0056875
22.75 2.0056875
22.785714285714285 2.0056875
22.821428571428573 2.0056875
22.857142857142858 2.002125
22.892857142857142 1.9949999999999999
22.928571428571427 1.9914374999999997
22.964285714285715 1.973625
23.0 1.9558125
23.035714285714285 1.9486875
23.071428571428573 1.9451249999999998
23.107142857142858 1.9522499999999998
23.142857142857142 1.973625
23.178571428571427 1.9665
23.214285714285715 1.9166249999999998
23.25 1.86675
23.285714285714285 2.2301249999999997
23.321428571428573 2.2123125
23.357142857142858 1.8596249999999999
23.392857142857142 1.8631874999999998
23.428571428571427 1.8560625
23.464285714285715 1.8596249999999999
23.5 1.9059374999999998
23.535714285714285 1.9700624999999998
23.571428571428573 2.002125
23.607142857142858 2.0698125
23.642857142857142 2.0769374999999997
23.678571428571427 2.0840625
23.714285714285715 2.0840625
23.75 2.0840625
23.785714285714285 2.087625
23.821428571428573 2.0911874999999998
23.857142857142858 2.0840625
23.892857142857142 2.0805
23.928571428571427 2.0626875
23.964285714285715 2.0555624999999997
24.0 2.0555624999999997
24.035714285714285 2.0555624999999997
24.071428571428573 2.0626875
24.107142857142858 2.0626875
24.142857142857142 2.0626875
24.178571428571427 2.0662499999999997
24.214285714285715 2.0698125
24.25 2.073375
24.285714285714285 2.0769374999999997
24.321428571428573 2.0805
24.357142857142858 2.0911874999999998
24.392857142857142 2.0983125
24.428571428571427 2.0983125
24.464285714285715 2.1018749999999997
24.5 2.109
24.535714285714285 2.1125624999999997
24.571428571428573 2.116125
24.607142857142858 2.1232499999999996
24.642857142857142 2.130375
24.678571428571427 2.1339375
24.714285714285715 2.1339375
24.75 2.1410625
24.785714285714285 2.144625
24.821428571428573 2.1481874999999997
24.857142857142858 2.1553125
24.892857142857142 2.1553125
24.928571428571427 2.1624375
24.964285714285715 2.166
25.0 2.1766875
25.035714285714285 2.18025
25.071428571428573 2.187375
25.107142857142858 2.1980625
25.142857142857142 2.201625
25.178571428571427 2.2087499999999998
25.214285714285715 2.215875
25.25 2.2265625
25.285714285714285 2.2336875
25.321428571428573 2.244375
25.357142857142858 2.2479375
25.392857142857142 2.2515
25.428571428571427 2.2515
25.464285714285715 2.2515
25.5 2.2550624999999997
25.535714285714285 2.258625
25.571428571428573 2.258625
25.607142857142858 2.258625
25.642857142857142 2.2621875
25.678571428571427 2.258625
25.714285714285715 2.258625
25.75 2.2621875
25.785714285714285 2.2621875
25.821428571428573 2.2621875
25.857142857142858 2.2621875
25.892857142857142 2.2621875
25.928571428571427 2.2621875
25.964285714285715 2.2621875
26.0 2.2621875
26.035714285714285 2.2621875
26.071428571428573 2.2621875
26.107142857142858 2.2621875
26.142857142857142 2.2621875
26.178571428571427 2.2621875
26.214285714285715 2.2621875
26.25 2.2621875
26.285714285714285 2.2657499999999997
26.321428571428573 2.2621875
26.357142857142858 2.2621875
26.392857142857142 2.2621875
26.428571428571427 2.2621875
26.464285714285715 2.2621875
26.5 2.2621875
26.535714285714285 2.2621875
26.571428571428573 2.2657499999999997
26.607142857142858 2.2657499999999997
26.642857142857142 2.2657499999999997
26.678571428571427 2.2657499999999997
26.714285714285715 2.2657499999999997
26.75 2.2657499999999997
26.785714285714285 2.2657499999999997
26.821428571428573 2.2657499999999997
26.857142857142858 2.2657499999999997
26.892857142857142 2.2621875
26.928571428571427 2.2621875
26.964285714285715 2.2693125
27.0 2.2657499999999997
27.035714285714285 2.2657499999999997
27.071428571428573 2.2657499999999997
27.107142857142858 2.2657499999999997
27.142857142857142 2.2657499999999997
27.178571428571427 2.2657499999999997
27.214285714285715 2.2657499999999997
27.25 2.2657499999999997
27.285714285714285 2.2657499999999997
27.321428571428573 2.2657499999999997
27.357142857142858 2.2657499999999997
27.392857142857142 2.2657499999999997
27.428571428571427 2.2657499999999997
27.464285714285715 2.2657499999999997
27.5 2.2657499999999997
27.535714285714285 2.2657499999999997
27.571428571428573 2.2657499999999997
27.607142857142858 2.2657499999999997
27.642857142857142 2.2657499999999997
27.678571428571427 2.2657499999999997
27.714285714285715 2.2657499999999997
27.75 2.2657499999999997
27.785714285714285 2.2657499999999997
27.821428571428573 2.2657499999999997
27.857142857142858 2.2693125
27.892857142857142 2.2693125
27.928571428571427 2.2693125
27.964285714285715 2.2693125
28.0 2.2693125
28.035714285714285 2.2693125
28.071428571428573 2.2693125
28.107142857142858 2.2693125
28.142857142857142 2.2693125
28.178571428571427 2.2693125
28.214285714285715 2.2693125
28.25 2.2693125
28.285714285714285 2.2693125
28.321428571428573 2.2693125
28.357142857142858 2.2693125
28.392857142857142 2.2693125
28.428571428571427 2.2693125
28.464285714285715 2.2693125
28.5 2.272875
28.535714285714285 2.272875
28.571428571428573 2.272875
28.607142857142858 2.2693125
28.642857142857142 2.272875
28.678571428571427 2.272875
28.714285714285715 2.272875
28.75 2.2764374999999997
28.785714285714285 2.2764374999999997
28.821428571428573 2.2693125
28.857142857142858 2.2693125
28.892857142857142 2.2693125
28.928571428571427 2.2693125
28.964285714285715 2.2693125
29.0 2.2693125
29.035714285714285 2.2693125
29.071428571428573 2.272875
29.107142857142858 2.272875
29.142857142857142 2.272875
29.178571428571427 2.272875
29.214285714285715 2.272875
29.25 2.272875
29.285714285714285 2.272875
29.321428571428573 2.2693125
29.357142857142858 2.2693125
29.392857142857142 2.272875
29.428571428571427 2.272875
29.464285714285715 2.272875
29.5 2.272875
29.535714285714285 2.272875
29.571428571428573 2.272875
29.607142857142858 2.272875
29.642857142857142 2.272875
29.678571428571427 2.2693125
29.714285714285715 2.272875
29.75 2.272875
29.785714285714285 2.272875
29.821428571428573 2.272875
29.857142857142858 2.2693125
29.892857142857142 2.272875
29.928571428571427 2.272875
29.964285714285715 2.2693125
30.0 2.272875
30.035714285714285 2.272875
30.071428571428573 2.272875
30.107142857142858 2.2693125
30.142857142857142 2.2693125
30.178571428571427 2.2693125
30.214285714285715 2.2693125
30.25 2.272875
30.285714285714285 2.272875
30.321428571428573 2.272875
30.357142857142858 2.272875
30.392857142857142 2.272875
30.428571428571427 2.272875
30.464285714285715 2.272875
30.5 2.272875
30.535714285714285 2.272875
30.571428571428573 2.272875
30.607142857142858 2.2693125
30.642857142857142 2.2693125
30.678571428571427 2.2693125
30.714285714285715 2.272875
30.75 2.272875
30.785714285714285 2.272875
30.821428571428573 2.272875
30.857142857142858 2.272875
30.892857142857142 2.272875
30.928571428571427 2.272875
30.964285714285715 2.272875
31.0 2.272875
31.035714285714285 2.272875
31.071428571428573 2.272875
31.107142857142858 2.272875
31.142857142857142 2.272875
31.178571428571427 2.272875
31.214285714285715 2.272875
31.25 2.272875
31.285714285714285 2.272875
31.321428571428573 2.272875
31.357142857142858 2.272875
31.392857142857142 2.272875
31.428571428571427 2.272875
31.464285714285715 2.272875
31.5 2.272875
31.535714285714285 2.272875
31.571428571428573 2.272875
31.607142857142858 2.272875
31.642857142857142 2.272875
31.678571428571427 2.272875
31.714285714285715 2.272875
31.75 2.272875
31.785714285714285 2.272875
31.821428571428573 2.272875
31.857142857142858 2.272875
31.892857142857142 2.272875
31.928571428571427 2.272875
31.964285714285715 2.272875
32.0 2.272875
32.035714285714285 2.272875
32.07142857142857 2.272875
32.107142857142854 2.272875
32.142857142857146 2.272875
32.17857142857143 2.2693125
32.214285714285715 2.2621875
32.25 2.2479375
32.285714285714285 2.2408124999999997
32.32142857142857 2.2408124999999997
32.357142857142854 2.2301249999999997
32.392857142857146 2.215875
32.42857142857143 2.2087499999999998
32.464285714285715 2.201625
32.5 2.187375
32.535714285714285 2.1766875
32.57142857142857 2.1766875
32.607142857142854 2.1766875
32.642857142857146 2.1731249999999998
32.67857142857143 2.187375
32.714285714285715 2.18025
32.75 2.087625
32.785714285714285 2.0769374999999997
32.82142857142857 2.4118125
32.857142857142854 2.0840625
32.892857142857146 2.0840625
32.92857142857143 2.0698125
32.964285714285715 2.0911874999999998
33.0 2.116125
33.035714285714285 2.1374999999999997
33.07142857142857 2.2087499999999998
33.107142857142854 2.2764374999999997
33.142857142857146 2.2657499999999997
33.17857142857143 2.2621875
33.214285714285715 2.2693125
33.25 2.272875
33.285714285714285 2.2693125
33.32142857142857 2.2693125
33.357142857142854 2.2693125
33.392857142857146 2.2657499999999997
33.42857142857143 2.2621875
33.464285714285715 2.2515
33.5 2.2479375
33.535714285714285 2.244375
33.57142857142857 2.2408124999999997
33.607142857142854 2.2194374999999997
33.642857142857146 2.1944999999999997
33.67857142857143 2.187375
33.714285714285715 2.18025
33.75 2.1695625
33.785714285714285 2.1624375
33.82142857142857 2.1588749999999997
33.857142857142854 2.1553125
33.892857142857146 2.15175
33.92857142857143 2.1481874999999997
33.964285714285715 2.1481874999999997
34.0 2.1481874999999997
34.035714285714285 2.15175
34.07142857142857 2.15175
34.107142857142854 2.15175
34.142857142857146 2.15175
34.17857142857143 2.15175
34.214285714285715 2.15175
34.25 2.1553125
34.285714285714285 2.1553125
34.32142857142857 2.1553125
34.357142857142854 2.1553125
34.392857142857146 2.1553125
34.42857142857143 2.1553125
34.464285714285715 2.1553125
34.5 2.1588749999999997
34.535714285714285 2.1588749999999997
34.57142857142857 2.1553125
34.607142857142854 2.1553125
34.642857142857146 2.15175
34.67857142857143 2.15175
34.714285714285715 2.15175
34.75 2.15175
34.785714285714285 2.15175
34.82142857142857 2.15175
34.857142857142854 2.15175
34.892857142857146 2.15175
34.92857142857143 2.15175
34.964285714285715 2.15175
35.0 2.15175
35.035714285714285 2.15175
35.07142857142857 2.15175
35.107142857142854 2.1481874999999997
35.142857142857146 2.1481874999999997
35.17857142857143 2.1481874999999997
35.214285714285715 2.1481874999999997
35.25 2.1481874999999997
35.285714285714285 2.1481874999999997
35.32142857142857 2.1481874999999997
35.357142857142854 2.1481874999999997
35.392857142857146 2.1481874999999997
35.42857142857143 2.1481874999999997
35.464285714285715 2.1481874999999997
35.5 2.1481874999999997
35.535714285714285 2.144625
35.57142857142857 2.1481874999999997
35.607142857142854 2.1481874999999997
35.642857142857146 2.1481874999999997
35.67857142857143 2.144625
35.714285714285715 2.1481874999999997
35.75 2.144625
35.785714285714285 2.144625
35.82142857142857 2.144625
35.857142857142854 2.144625
35.892857142857146 2.144625
35.92857142857143 2.144625
35.964285714285715 2.1481874999999997
36.0 2.144625
36.035714285714285 2.144625
36.07142857142857 2.144625
36.107142857142854 2.144625
36.142857142857146 2.144625
36.17857142857143 2.144625
36.214285714285715 2.1410625
36.25 2.1410625
36.285714285714285 2.1410625
36.32142857142857 2.1410625
36.357142857142854 2.1410625
36.392857142857146 2.1410625
36.42857142857143 2.1410625
36.464285714285715 2.1410625
36.5 2.1410625
36.535714285714285 2.144625
36.57142857142857 2.1410625
36.607142857142854 2.1410625
36.642857142857146 2.1410625
36.67857142857143 2.1410625
36.714285714285715 2.1410625
36.75 2.1410625
36.785714285714285 2.1410625
36.82142857142857 2.1410625
36.857142857142854 2.1410625
36.892857142857146 2.1410625
36.92857142857143 2.1410625
36.964285714285715 2.1410625
37.0 2.1410625
37.035714285714285 2.1410625
37.07142857142857 2.1410625
37.107142857142854 2.1374999999999997
37.142857142857146 2.1410625
37.17857142857143 2.1374999999999997
37.214285714285715 2.1374999999999997
37.25 2.1374999999999997
37.285714285714285 2.1374999999999997
37.32142857142857 2.1374999999999997
37.357142857142854 2.1374999999999997
37.392857142857146 2.1374999999999997
37.42857142857143 2.1374999999999997
37.464285714285715 2.1374999999999997
37.5 2.1374999999999997
37.535714285714285 2.1374999999999997
37.57142857142857 2.1374999999999997
37.607142857142854 2.1374999999999997
37.642857142857146 2.1374999999999997
37.67857142857143 2.1374999999999997
37.714285714285715 2.1374999999999997
37.75 2.1374999999999997
37.785714285714285 2.1339375
37.82142857142857 2.1374999999999997
37.857142857142854 2.1374999999999997
37.892857142857146 2.1374999999999997
37.92857142857143 2.1374999999999997
37.964285714285715 2.1374999999999997
38.0 2.1374999999999997
38.035714285714285 2.1374999999999997
38.07142857142857 2.1374999999999997
38.107142857142854 2.1339375
38.142857142857146 2.1339375
38.17857142857143 2.1339375
38.214285714285715 2.1339375
38.25 2.1339375
38.285714285714285 2.1374999999999997
38.32142857142857 2.1374999999999997
38.357142857142854 2.1374999999999997
38.392857142857146 2.1374999999999997
38.42857142857143 2.1374999999999997
38.464285714285715 2.1374999999999997
38.5 2.1374999999999997
38.535714285714285 2.1339375
38.57142857142857 2.1339375
38.607142857142854 2.1339375
38.642857142857146 2.1339375
38.67857142857143 2.1339375
38.714285714285715 2.1339375
38.75 2.1339375
38.785714285714285 2.1339375
38.82142857142857 2.1339375
38.857142857142854 2.1339375
38.892857142857146 2.1339375
38.92857142857143 2.1374999999999997
38.964285714285715 2.1339375
39.0 2.1339375
39.035714285714285 2.1339375
39.07142857142857 2.1339375
39.107142857142854 2.1339375
39.142857142857146 2.1339375
39.17857142857143 2.1374999999999997
39.214285714285715 2.1374999999999997
39.25 2.1339375
39.285714285714285 2.1339375
39.32142857142857 2.1339375
39.357142857142854 2.1339375
39.392857142857146 2.1339375
39.42857142857143 2.1339375
39.464285714285715 2.1339375
39.5 2.1339375
39.535714285714285 2.1339375
39.57142857142857 2.1339375
39.607142857142854 2.1339375
39.642857142857146 2.1339375
39.67857142857143 2.1339375
39.714285714285715 2.1339375
39.75 2.1339375
39.785714285714285 2.1339375
39.82142857142857 2.1339375
39.857142857142854 2.1339375
39.892857142857146 2.1339375
39.92857142857143 2.1339375
