0.03571428571428571 2.6754374999999997
0.07142857142857142 2.6754374999999997
0.10714285714285714 2.671875
0.21428571428571427 2.6647499999999997
0.25 2.6683125
0.2857142857142857 2.6683125
0.32142857142857145 2.6647499999999997
0.35714285714285715 2.6611874999999996
0.39285714285714285 2.657625
0.42857142857142855 2.657625
0.4642857142857143 2.657625
0.5 2.657625
0.5357142857142857 2.657625
0.6071428571428571 2.6504999999999996
0.6428571428571429 2.6540624999999998
0.6785714285714286 2.6540624999999998
0.7142857142857143 2.6540624999999998
0.75 2.6504999999999996
0.7857142857142857 2.6469375
0.8214285714285714 2.6469375
0.8571428571428571 2.6469375
0.8928571428571429 2.643375
0.9285714285714286 2.643375
1.0 2.643375
1.0357142857142858 2.6469375
1.0714285714285714 2.643375
1.1071428571428572 2.6469375
1.1428571428571428 2.643375
1.1785714285714286 2.643375
1.2142857142857142 2.643375
1.25 2.643375
1.2857142857142858 2.6398124999999997
1.3214285714285714 2.6398124999999997
1.3928571428571428 2.63625
1.4285714285714286 2.63625
1.4642857142857142 2.63625
1.5 2.643375
1.5357142857142858 2.6398124999999997
1.5714285714285714 2.6398124999999997
1.6071428571428572 2.63625
1.6428571428571428 2.63625
1.6785714285714286 2.63625
1.7142857142857142 2.63625
1.75 2.63625
1.7857142857142858 2.63625
1.8214285714285714 2.63625
1.8571428571428572 2.6398124999999997
1.8928571428571428 2.643375
1.9285714285714286 2.643375
1.9642857142857142 2.643375
2.0 2.643375
2.0357142857142856 2.643375
2.0714285714285716 2.643375
2.107142857142857 2.643375
2.142857142857143 2.643375
2.2142857142857144 2.6398124999999997
2.25 2.63625
2.2857142857142856 2.6398124999999997
2.3214285714285716 2.643375
2.357142857142857 2.643375
2.392857142857143 2.6398124999999997
2.4285714285714284 2.6398124999999997
2.4642857142857144 2.6398124999999997
2.5 2.6398124999999997
2.5357142857142856 2.6398124999999997
2.607142857142857 2.63625
2.642857142857143 2.6398124999999997
2.6785714285714284 2.6398124999999997
2.7142857142857144 2.6469375
2.75 2.643375
2.7857142857142856 2.643375
2.8214285714285716 2.643375
2.857142857142857 2.643375
2.892857142857143 2.643375
2.9285714285714284 2.643375
3.0 2.6398124999999997
3.0357142857142856 2.6398124999999997
3.0714285714285716 2.6398124999999997
3.107142857142857 2.643375
3.142857142857143 2.643375
3.1785714285714284 2.643375
3.2142857142857144 2.643375
3.25 2.643375
3.2857142857142856 2.643375
3.3214285714285716 2.643375
3.392857142857143 2.643375
3.4285714285714284 2.643375
3.4642857142857144 2.643375
3.5 2.6469375
3.5357142857142856 2.643375
3.5714285714285716 2.643375
3.607142857142857 2.643375
3.642857142857143 2.643375
3.6785714285714284 2.643375
3.7142857142857144 2.643375
3.75 2.643375
3.8214285714285716 2.643375
3.857142857142857 2.643375
3.892857142857143 2.6504999999999996
3.9285714285714284 2.6469375
3.9642857142857144 2.643375
4.0 2.643375
4.035714285714286 2.643375
4.071428571428571 2.643375
4.107142857142857 2.643375
4.142857142857143 2.643375
4.214285714285714 2.643375
4.25 2.643375
4.285714285714286 2.6469375
4.321428571428571 2.6469375
4.357142857142857 2.643375
4.392857142857143 2.643375
4.428571428571429 2.643375
4.464285714285714 2.643375
4.5 2.643375
4.535714285714286 2.643375
4.607142857142857 2.643375
4.642857142857143 2.643375
4.678571428571429 2.643375
4.714285714285714 2.6504999999999996
4.75 2.643375
4.785714285714286 2.643375
4.821428571428571 2.643375
4.857142857142857 2.643375
4.892857142857143 2.643375
4.928571428571429 2.643375
5.0 2.643375
5.035714285714286 2.643375
5.071428571428571 2.643375
5.107142857142857 2.6504999999999996
5.142857142857143 2.6469375
5.178571428571429 2.643375
5.214285714285714 2.643375
5.25 2.643375
5.285714285714286 2.643375
5.321428571428571 2.643375
5.428571428571429 2.643375
5.464285714285714 2.643375
5.5 2.6504999999999996
5.535714285714286 2.6469375
5.571428571428571 2.643375
5.607142857142857 2.643375
5.642857142857143 2.643375
5.678571428571429 2.643375
5.714285714285714 2.643375
5.821428571428571 2.643375
5.857142857142857 2.643375
5.892857142857143 2.6469375
5.928571428571429 2.6504999999999996
5.964285714285714 2.643375
6.0 2.643375
6.035714285714286 2.643375
6.071428571428571 2.643375
6.107142857142857 2.643375
6.142857142857143 2.643375
6.214285714285714 2.643375
6.25 2.643375
6.285714285714286 2.643375
6.321428571428571 2.6504999999999996
6.357142857142857 2.643375
6.392857142857143 2.643375
6.428571428571429 2.643375
6.464285714285714 2.643375
6.5 2.643375
6.535714285714286 2.643375
6.607142857142857 2.643375
6.642857142857143 2.643375
6.678571428571429 2.643375
6.714285714285714 2.6504999999999996
6.75 2.643375
6.785714285714286 2.643375
6.821428571428571 2.643375
6.857142857142857 2.643375
6.892857142857143 2.643375
6.928571428571429 2.643375
7.0 2.6398124999999997
7.035714285714286 2.643375
7.071428571428571 2.643375
7.107142857142857 2.6504999999999996
7.142857142857143 2.6469375
7.178571428571429 2.643375
7.214285714285714 2.643375
7.25 2.643375
7.285714285714286 2.643375
7.321428571428571 2.643375
7.392857142857143 2.643375
7.428571428571429 2.643375
7.464285714285714 2.643375
7.5 2.6504999999999996
7.535714285714286 2.6469375
7.571428571428571 2.643375
7.607142857142857 2.643375
7.642857142857143 2.643375
7.678571428571429 2.643375
7.714285714285714 2.643375
7.75 2.643375
7.785714285714286 2.643375
7.821428571428571 2.643375
7.857142857142857 2.643375
7.892857142857143 2.643375
7.928571428571429 2.6469375
7.964285714285714 2.643375
8.0 2.643375
8.035714285714286 2.643375
8.071428571428571 2.643375
8.107142857142858 2.643375
8.142857142857142 2.643375
8.214285714285714 2.643375
8.25 2.643375
8.285714285714286 2.643375
8.321428571428571 2.6469375
8.357142857142858 2.643375
8.392857142857142 2.643375
8.428571428571429 2.643375
8.464285714285714 2.643375
8.5 2.643375
8.535714285714286 2.643375
8.607142857142858 2.643375
8.642857142857142 2.643375
8.678571428571429 2.643375
8.714285714285714 2.6469375
8.75 2.643375
8.785714285714286 2.643375
8.821428571428571 2.643375
8.857142857142858 2.643375
8.892857142857142 2.643375
8.928571428571429 2.643375
8.964285714285714 2.643375
9.0 2.643375
9.035714285714286 2.643375
9.071428571428571 2.643375
9.107142857142858 2.6504999999999996
9.142857142857142 2.643375
9.178571428571429 2.643375
9.214285714285714 2.643375
9.25 2.643375
9.285714285714286 2.643375
9.321428571428571 2.643375
9.428571428571429 2.643375
9.464285714285714 2.643375
9.5 2.6504999999999996
9.535714285714286 2.643375
9.571428571428571 2.643375
9.607142857142858 2.643375
9.642857142857142 2.643375
9.678571428571429 2.643375
9.714285714285714 2.643375
9.75 2.643375
9.821428571428571 2.643375
9.857142857142858 2.643375
9.892857142857142 2.6469375
9.928571428571429 2.6469375
9.964285714285714 2.643375
10.0 2.643375
10.035714285714286 2.643375
10.071428571428571 2.643375
10.107142857142858 2.643375
10.142857142857142 2.643375
10.214285714285714 2.6398124999999997
10.25 2.643375
10.285714285714286 2.643375
10.321428571428571 2.6469375
10.357142857142858 2.643375
10.392857142857142 2.643375
10.428571428571429 2.643375
10.464285714285714 2.643375
10.5 2.643375
10.535714285714286 2.643375
10.607142857142858 2.643375
10.642857142857142 2.643375
10.678571428571429 2.643375
10.714285714285714 2.6504999999999996
10.75 2.643375
10.785714285714286 2.643375
10.821428571428571 2.643375
10.857142857142858 2.643375
10.892857142857142 2.643375
10.928571428571429 2.643375
10.964285714285714 2.6398124999999997
11.0 2.6398124999999997
11.035714285714286 2.643375
11.071428571428571 2.643375
11.107142857142858 2.643375
11.142857142857142 2.643375
11.178571428571429 2.643375
11.214285714285714 2.643375
11.25 2.643375
11.285714285714286 2.643375
11.321428571428571 2.6398124999999997
11.357142857142858 2.6398124999999997
11.392857142857142 2.63625
11.428571428571429 2.6398124999999997
11.464285714285714 2.6398124999999997
11.5 2.643375
11.535714285714286 2.643375
11.571428571428571 2.643375
11.607142857142858 2.643375
11.642857142857142 2.6398124999999997
11.678571428571429 2.6398124999999997
11.714285714285714 2.6398124999999997
11.75 2.6398124999999997
11.785714285714286 2.63625
11.821428571428571 2.6398124999999997
11.857142857142858 2.643375
11.892857142857142 2.643375
11.928571428571429 2.643375
11.964285714285714 2.643375
12.0 2.643375
12.035714285714286 2.6398124999999997
12.071428571428571 2.6398124999999997
12.107142857142858 2.6398124999999997
12.142857142857142 2.6398124999999997
12.214285714285714 2.6398124999999997
12.25 2.6398124999999997
12.285714285714286 2.643375
12.321428571428571 2.643375
12.357142857142858 2.643375
12.392857142857142 2.643375
12.428571428571429 2.6398124999999997
12.464285714285714 2.6398124999999997
12.5 2.6398124999999997
12.535714285714286 2.6398124999999997
12.607142857142858 2.63625
12.642857142857142 2.6398124999999997
12.678571428571429 2.643375
12.714285714285714 2.643375
12.75 2.643375
12.785714285714286 2.6398124999999997
12.821428571428571 2.6398124999999997
12.857142857142858 2.6398124999999997
12.892857142857142 2.6398124999999997
12.928571428571429 2.63625
12.964285714285714 2.63625
13.0 2.63625
13.035714285714286 2.6398124999999997
13.071428571428571 2.643375
13.107142857142858 2.643375
13.142857142857142 2.643375
13.178571428571429 2.643375
13.214285714285714 2.6398124999999997
13.25 2.6398124999999997
13.285714285714286 2.63625
13.321428571428571 2.63625
13.428571428571429 2.6398124999999997
13.464285714285714 2.6398124999999997
13.5 2.6469375
13.535714285714286 2.643375
13.571428571428571 2.6398124999999997
13.607142857142858 2.6398124999999997
13.642857142857142 2.6398124999999997
13.678571428571429 2.63625
13.714285714285714 2.63625
13.821428571428571 2.6398124999999997
13.857142857142858 2.643375
13.892857142857142 2.6469375
13.928571428571429 2.643375
13.964285714285714 2.6398124999999997
14.0 2.6398124999999997
14.035714285714286 2.6398124999999997
14.071428571428571 2.6398124999999997
14.107142857142858 2.6398124999999997
14.142857142857142 2.63625
14.214285714285714 2.63625
14.25 2.63625
14.285714285714286 2.643375
14.321428571428571 2.643375
14.357142857142858 2.6398124999999997
14.392857142857142 2.6398124999999997
14.428571428571429 2.63625
14.464285714285714 2.63625
14.5 2.63625
14.535714285714286 2.63625
14.607142857142858 2.63625
14.642857142857142 2.6398124999999997
14.678571428571429 2.6398124999999997
14.714285714285714 2.643375
14.75 2.6398124999999997
14.785714285714286 2.6398124999999997
14.821428571428571 2.63625
14.857142857142858 2.63625
14.892857142857142 2.63625
14.928571428571429 2.63625
15.0 2.63625
15.035714285714286 2.63625
15.071428571428571 2.6398124999999997
15.107142857142858 2.643375
15.142857142857142 2.6398124999999997
15.178571428571429 2.63625
15.214285714285714 2.63625
15.25 2.63625
15.285714285714286 2.63625
15.321428571428571 2.63625
15.392857142857142 2.63625
15.428571428571429 2.63625
15.464285714285714 2.63625
15.5 2.643375
15.535714285714286 2.6398124999999997
15.571428571428571 2.63625
15.607142857142858 2.63625
15.642857142857142 2.63625
15.678571428571429 2.63625
15.714285714285714 2.63625
15.75 2.63625
15.785714285714286 2.63625
15.821428571428571 2.63625
15.857142857142858 2.6398124999999997
15.892857142857142 2.6398124999999997
15.928571428571429 2.6398124999999997
15.964285714285714 2.63625
16.0 2.63625
16.035714285714285 2.63625
16.071428571428573 2.63625
16.107142857142858 2.63625
16.142857142857142 2.63625
16.214285714285715 2.63625
16.25 2.63625
16.285714285714285 2.6398124999999997
16.321428571428573 2.6398124999999997
16.357142857142858 2.63625
16.392857142857142 2.63625
16.428571428571427 2.63625
16.464285714285715 2.63625
16.5 2.63625
16.535714285714285 2.63625
16.607142857142858 2.63625
16.642857142857142 2.63625
16.678571428571427 2.6398124999999997
16.714285714285715 2.643375
16.75 2.63625
16.785714285714285 2.63625
16.821428571428573 2.63625
16.857142857142858 2.63625
16.892857142857142 2.63625
16.928571428571427 2.6326875
16.964285714285715 2.6326875
17.0 2.6326875
17.035714285714285 2.63625
17.071428571428573 2.63625
17.107142857142858 2.6398124999999997
17.142857142857142 2.63625
17.178571428571427 2.63625
17.214285714285715 2.63625
17.25 2.6326875
17.285714285714285 2.6326875
17.321428571428573 2.6326875
17.392857142857142 2.6326875
17.428571428571427 2.6326875
17.464285714285715 2.63625
17.5 2.643375
17.535714285714285 2.63625
17.571428571428573 2.63625
17.607142857142858 2.63625
17.642857142857142 2.6326875
17.678571428571427 2.6326875
17.714285714285715 2.6326875
17.821428571428573 2.6326875
17.857142857142858 2.63625
17.892857142857142 2.643375
17.928571428571427 2.63625
17.964285714285715 2.63625
18.0 2.6326875
18.035714285714285 2.6326875
18.071428571428573 2.6326875
18.107142857142858 2.6326875
18.142857142857142 2.6291249999999997
18.214285714285715 2.6291249999999997
18.25 2.6326875
18.285714285714285 2.6398124999999997
18.321428571428573 2.63625
18.357142857142858 2.63625
18.392857142857142 2.63625
18.428571428571427 2.6326875
18.464285714285715 2.6326875
18.5 2.6291249999999997
18.535714285714285 2.6291249999999997
18.607142857142858 2.6326875
18.642857142857142 2.63625
18.678571428571427 2.63625
18.714285714285715 2.6398124999999997
18.75 2.63625
18.785714285714285 2.63625
18.821428571428573 2.6326875
18.857142857142858 2.6326875
18.892857142857142 2.6291249999999997
18.928571428571427 2.6291249999999997
19.0 2.6291249999999997
19.035714285714285 2.6326875
19.071428571428573 2.6326875
19.107142857142858 2.6398124999999997
19.142857142857142 2.63625
19.178571428571427 2.63625
19.214285714285715 2.6326875
19.25 2.6326875
19.285714285714285 2.6291249999999997
19.321428571428573 2.6291249999999997
19.392857142857142 2.6291249999999997
19.428571428571427 2.6326875
19.464285714285715 2.6291249999999997
19.5 2.63625
19.535714285714285 2.63625
19.571428571428573 2.63625
19.607142857142858 2.6326875
19.642857142857142 2.6326875
19.678571428571427 2.6291249999999997
19.714285714285715 2.6291249999999997
19.75 2.6291249999999997
19.821428571428573 2.6326875
19.857142857142858 2.6326875
19.892857142857142 2.63625
19.928571428571427 2.63625
19.964285714285715 2.63625
20.0 2.6326875
20.035714285714285 2.6326875
20.071428571428573 2.6291249999999997
20.107142857142858 2.6291249999999997
20.142857142857142 2.6291249999999997
20.214285714285715 2.6291249999999997
20.25 2.6326875
20.285714285714285 2.6326875
20.321428571428573 2.63625
20.357142857142858 2.63625
20.392857142857142 2.6326875
20.428571428571427 2.6326875
20.464285714285715 2.6326875
20.5 2.6291249999999997
20.535714285714285 2.6291249999999997
20.571428571428573 2.6291249999999997
20.607142857142858 2.6291249999999997
20.642857142857142 2.6291249999999997
20.678571428571427 2.63625
20.714285714285715 2.63625
20.75 2.63625
20.785714285714285 2.6326875
20.821428571428573 2.6326875
20.857142857142858 2.6291249999999997
20.892857142857142 2.6291249999999997
20.928571428571427 2.6291249999999997
20.964285714285715 2.6291249999999997
21.0 2.6291249999999997
21.035714285714285 2.6291249999999997
21.071428571428573 2.6326875
21.107142857142858 2.63625
21.142857142857142 2.63625
21.178571428571427 2.6326875
21.214285714285715 2.6326875
21.25 2.6291249999999997
21.285714285714285 2.6291249999999997
21.321428571428573 2.6291249999999997
21.392857142857142 2.6291249999999997
21.428571428571427 2.6291249999999997
21.464285714285715 2.6326875
21.5 2.63625
21.535714285714285 2.63625
21.571428571428573 2.6326875
21.607142857142858 2.6326875
21.642857142857142 2.6291249999999997
21.678571428571427 2.6291249999999997
21.714285714285715 2.6291249999999997
21.821428571428573 2.6291249999999997
21.857142857142858 2.6291249999999997
21.892857142857142 2.63625
21.928571428571427 2.63625
21.964285714285715 2.63625
22.0 2.6326875
22.035714285714285 2.6291249999999997
22.071428571428573 2.6291249999999997
22.107142857142858 2.6291249999999997
22.142857142857142 2.6291249999999997
22.214285714285715 2.6291249999999997
22.25 2.6291249999999997
22.285714285714285 2.63625
22.321428571428573 2.63625
22.357142857142858 2.6326875
22.392857142857142 2.6326875
22.428571428571427 2.6291249999999997
22.464285714285715 2.6291249999999997
22.5 2.6291249999999997
22.535714285714285 2.6291249999999997
22.607142857142858 2.6291249999999997
22.642857142857142 2.6291249999999997
22.678571428571427 2.6326875
22.714285714285715 2.63625
22.75 2.6326875
22.785714285714285 2.6326875
22.821428571428573 2.6326875
22.857142857142858 2.6291249999999997
22.892857142857142 2.6291249999999997
22.928571428571427 2.6291249999999997
23.0 2.6291249999999997
23.035714285714285 2.6291249999999997
23.071428571428573 2.6291249999999997
23.107142857142858 2.63625
23.142857142857142 2.6326875
23.178571428571427 2.6326875
23.214285714285715 2.6326875
23.25 2.6291249999999997
23.285714285714285 2.6291249999999997
23.321428571428573 2.6291249999999997
23.428571428571427 2.6326875
23.464285714285715 2.6291249999999997
23.5 2.63625
23.535714285714285 2.6326875
23.571428571428573 2.6326875
23.607142857142858 2.6291249999999997
23.642857142857142 2.6291249999999997
23.678571428571427 2.6291249999999997
23.714285714285715 2.6291249999999997
23.75 2.6291249999999997
23.821428571428573 2.6326875
23.857142857142858 2.6326875
23.892857142857142 2.63625
23.928571428571427 2.63625
23.964285714285715 2.6326875
24.0 2.6291249999999997
24.035714285714285 2.6291249999999997
24.071428571428573 2.6291249999999997
24.107142857142858 2.6291249999999997
24.142857142857142 2.6291249999999997
24.214285714285715 2.6291249999999997
24.25 2.6326875
24.285714285714285 2.6326875
24.321428571428573 2.63625
24.357142857142858 2.6326875
24.392857142857142 2.6291249999999997
24.428571428571427 2.6291249999999997
24.464285714285715 2.6291249999999997
24.5 2.6291249999999997
24.535714285714285 2.6291249999999997
24.607142857142858 2.6291249999999997
24.642857142857142 2.6291249999999997
24.678571428571427 2.6326875
24.714285714285715 2.63625
24.75 2.6326875
24.785714285714285 2.6291249999999997
24.821428571428573 2.6291249999999997
24.857142857142858 2.6291249999999997
24.892857142857142 2.6291249999999997
24.928571428571427 2.6291249999999997
25.0 2.6291249999999997
25.035714285714285 2.6291249999999997
25.071428571428573 2.6326875
25.107142857142858 2.63625
25.142857142857142 2.6326875
25.178571428571427 2.6291249999999997
25.214285714285715 2.6291249999999997
25.25 2.6291249999999997
25.285714285714285 2.6291249999999997
25.321428571428573 2.6291249999999997
25.392857142857142 2.6291249999999997
25.428571428571427 2.6291249999999997
25.464285714285715 2.6326875
25.5 2.63625
25.535714285714285 2.6326875
25.571428571428573 2.6326875
25.607142857142858 2.6291249999999997
25.642857142857142 2.6291249999999997
25.678571428571427 2.6291249999999997
25.714285714285715 2.6291249999999997
25.821428571428573 2.6291249999999997
25.857142857142858 2.6291249999999997
25.892857142857142 2.63625
25.928571428571427 2.6326875
25.964285714285715 2.6326875
26.0 2.6291249999999997
26.035714285714285 2.6291249999999997
26.071428571428573 2.6291249999999997
26.107142857142858 2.6291249999999997
26.142857142857142 2.6291249999999997
26.214285714285715 2.6291249999999997
26.25 2.6291249999999997
26.285714285714285 2.6326875
26.321428571428573 2.63625
26.357142857142858 2.6326875
26.392857142857142 2.6291249999999997
26.428571428571427 2.6291249999999997
26.464285714285715 2.6291249999999997
26.5 2.6291249999999997
26.535714285714285 2.6291249999999997
26.607142857142858 2.6291249999999997
26.642857142857142 2.6291249999999997
26.678571428571427 2.6326875
26.714285714285715 2.63625
26.75 2.6326875
26.785714285714285 2.6291249999999997
26.821428571428573 2.6291249999999997
26.857142857142858 2.6291249999999997
26.892857142857142 2.6291249999999997
26.928571428571427 2.6291249999999997
27.0 2.6291249999999997
27.035714285714285 2.6291249999999997
27.071428571428573 2.6291249999999997
27.107142857142858 2.63625
27.142857142857142 2.6326875
27.178571428571427 2.6291249999999997
27.214285714285715 2.6291249999999997
27.25 2.6291249999999997
27.285714285714285 2.6291249999999997
27.321428571428573 2.6291249999999997
27.428571428571427 2.6291249999999997
27.464285714285715 2.6291249999999997
27.5 2.63625
27.535714285714285 2.6326875
27.571428571428573 2.6291249999999997
27.607142857142858 2.6291249999999997
27.642857142857142 2.6291249999999997
27.678571428571427 2.6291249999999997
27.714285714285715 2.6291249999999997
27.821428571428573 2.6291249999999997
27.857142857142858 2.6326875
27.892857142857142 2.63625
27.928571428571427 2.63625
27.964285714285715 2.6326875
28.0 2.6291249999999997
28.035714285714285 2.6291249999999997
28.071428571428573 2.6291249999999997
28.107142857142858 2.6291249999999997
28.142857142857142 2.6291249999999997
28.214285714285715 2.6291249999999997
28.25 2.6326875
28.285714285714285 2.6326875
28.321428571428573 2.63625
28.357142857142858 2.6326875
28.392857142857142 2.6291249999999997
28.428571428571427 2.6291249999999997
28.464285714285715 2.6291249999999997
28.5 2.6291249999999997
28.535714285714285 2.6291249999999997
28.607142857142858 2.6291249999999997
28.642857142857142 2.6291249999999997
28.678571428571427 2.6291249999999997
28.714285714285715 2.63625
28.75 2.6326875
28.785714285714285 2.6291249999999997
28.821428571428573 2.6291249999999997
28.857142857142858 2.6291249999999997
28.892857142857142 2.6291249999999997
28.928571428571427 2.6291249999999997
28.964285714285715 2.6291249999999997
29.0 2.6291249999999997
29.035714285714285 2.6291249999999997
29.071428571428573 2.6291249999999997
29.107142857142858 2.6326875
29.142857142857142 2.6326875
29.178571428571427 2.6291249999999997
29.214285714285715 2.6291249999999997
29.25 2.6291249999999997
29.285714285714285 2.6291249999999997
29.321428571428573 2.6291249999999997
29.392857142857142 2.6291249999999997
29.428571428571427 2.6291249999999997
29.464285714285715 2.6326875
29.5 2.63625
29.535714285714285 2.6326875
29.571428571428573 2.6291249999999997
29.607142857142858 2.6291249999999997
29.642857142857142 2.6291249999999997
29.678571428571427 2.6291249999999997
29.714285714285715 2.6291249999999997
29.75 2.6291249999999997
29.785714285714285 2.6291249999999997
29.821428571428573 2.6291249999999997
29.857142857142858 2.6291249999999997
29.892857142857142 2.63625
29.928571428571427 2.6326875
29.964285714285715 2.6326875
30.0 2.6291249999999997
30.035714285714285 2.6291249999999997
30.071428571428573 2.6291249999999997
30.107142857142858 2.6291249999999997
30.142857142857142 2.6291249999999997
30.214285714285715 2.6291249999999997
30.25 2.6291249999999997
30.285714285714285 2.6291249999999997
30.321428571428573 2.6326875
30.357142857142858 2.6291249999999997
30.392857142857142 2.6291249999999997
30.428571428571427 2.6291249999999997
30.464285714285715 2.6291249999999997
30.5 2.6291249999999997
30.535714285714285 2.6291249999999997
30.571428571428573 2.6291249999999997
30.607142857142858 2.6291249999999997
30.642857142857142 2.6291249999999997
30.678571428571427 2.6291249999999997
30.714285714285715 2.63625
30.75 2.6291249999999997
30.785714285714285 2.6291249999999997
30.821428571428573 2.6291249999999997
30.857142857142858 2.6291249999999997
30.892857142857142 2.6291249999999997
30.928571428571427 2.6291249999999997
30.964285714285715 2.6291249999999997
31.0 2.6291249999999997
31.035714285714285 2.6291249999999997
31.071428571428573 2.6291249999999997
31.107142857142858 2.63625
31.142857142857142 2.6326875
31.178571428571427 2.6291249999999997
31.214285714285715 2.6291249999999997
31.25 2.6291249999999997
31.285714285714285 2.6291249999999997
31.321428571428573 2.6291249999999997
31.357142857142858 2.6291249999999997
31.428571428571427 2.6291249999999997
31.464285714285715 2.6291249999999997
31.5 2.63625
31.535714285714285 2.6326875
31.571428571428573 2.6291249999999997
31.607142857142858 2.6291249999999997
31.642857142857142 2.6291249999999997
31.678571428571427 2.6291249999999997
31.714285714285715 2.6291249999999997
31.821428571428573 2.6291249999999997
31.857142857142858 2.6291249999999997
31.892857142857142 2.63625
31.928571428571427 2.6326875
31.964285714285715 2.6291249999999997
32.0 2.6291249999999997
32.035714285714285 2.6291249999999997
32.07142857142857 2.6291249999999997
32.107142857142854 2.6291249999999997
32.142857142857146 2.6291249999999997
32.214285714285715 2.6291249999999997
32.25 2.6291249999999997
32.285714285714285 2.6326875
32.32142857142857 2.63625
32.357142857142854 2.6291249999999997
32.392857142857146 2.6291249999999997
32.42857142857143 2.6291249999999997
32.464285714285715 2.6291249999999997
32.5 2.6291249999999997
32.535714285714285 2.6291249999999997
32.607142857142854 2.6291249999999997
32.642857142857146 2.6291249999999997
32.67857142857143 2.6291249999999997
32.714285714285715 2.63625
32.75 2.6291249999999997
32.785714285714285 2.6291249999999997
32.82142857142857 2.6291249999999997
32.857142857142854 2.6291249999999997
32.892857142857146 2.6291249999999997
32.92857142857143 2.6291249999999997
32.964285714285715 2.6291249999999997
33.0 2.6291249999999997
33.035714285714285 2.6291249999999997
33.07142857142857 2.6291249999999997
33.107142857142854 2.6326875
33.142857142857146 2.6326875
33.17857142857143 2.6291249999999997
33.214285714285715 2.6291249999999997
33.25 2.6291249999999997
33.285714285714285 2.6291249999999997
33.32142857142857 2.6291249999999997
33.357142857142854 2.6291249999999997
33.392857142857146 2.6291249999999997
33.42857142857143 2.6291249999999997
33.464285714285715 2.6291249999999997
33.5 2.63625
33.535714285714285 2.6326875
33.57142857142857 2.6291249999999997
33.607142857142854 2.6291249999999997
33.642857142857146 2.6291249999999997
33.67857142857143 2.6291249999999997
33.714285714285715 2.6291249999999997
33.75 2.6291249999999997
33.785714285714285 2.6291249999999997
33.82142857142857 2.6291249999999997
33.857142857142854 2.6291249999999997
33.892857142857146 2.6291249999999997
33.92857142857143 2.6326875
33.964285714285715 2.6291249999999997
34.0 2.6291249999999997
34.035714285714285 2.6291249999999997
34.07142857142857 2.6291249999999997
34.107142857142854 2.6291249999999997
34.142857142857146 2.6291249999999997
34.214285714285715 2.6291249999999997
34.25 2.6291249999999997
34.285714285714285 2.6326875
34.32142857142857 2.6326875
34.357142857142854 2.6291249999999997
34.392857142857146 2.6291249999999997
34.42857142857143 2.6291249999999997
34.464285714285715 2.6291249999999997
34.5 2.6291249999999997
34.535714285714285 2.6291249999999997
34.57142857142857 2.6291249999999997
34.607142857142854 2.6291249999999997
34.642857142857146 2.6291249999999997
34.67857142857143 2.6291249999999997
34.714285714285715 2.63625
34.75 2.6291249999999997
34.785714285714285 2.6291249999999997
34.82142857142857 2.6291249999999997
34.857142857142854 2.6291249999999997
34.892857142857146 2.6291249999999997
34.92857142857143 2.6291249999999997
34.964285714285715 2.6291249999999997
35.0 2.6291249999999997
35.035714285714285 2.6291249999999997
35.07142857142857 2.6291249999999997
35.107142857142854 2.6326875
35.142857142857146 2.6326875
35.17857142857143 2.6291249999999997
35.214285714285715 2.6291249999999997
35.25 2.6291249999999997
35.285714285714285 2.6291249999999997
35.32142857142857 2.6291249999999997
35.42857142857143 2.6291249999999997
35.464285714285715 2.6291249999999997
35.5 2.63625
35.535714285714285 2.6326875
35.57142857142857 2.6291249999999997
35.607142857142854 2.6291249999999997
35.642857142857146 2.6291249999999997
35.67857142857143 2.6291249999999997
35.714285714285715 2.6291249999999997
35.75 2.6255625
35.82142857142857 2.6291249999999997
35.857142857142854 2.6291249999999997
35.892857142857146 2.63625
35.92857142857143 2.6326875
35.964285714285715 2.6291249999999997
36.0 2.6291249999999997
36.035714285714285 2.6291249999999997
36.07142857142857 2.6291249999999997
36.107142857142854 2.6291249999999997
36.142857142857146 2.6255625
36.214285714285715 2.6255625
36.25 2.6291249999999997
36.285714285714285 2.6326875
36.32142857142857 2.6326875
36.357142857142854 2.6291249999999997
36.392857142857146 2.6291249999999997
36.42857142857143 2.6291249999999997
36.464285714285715 2.6291249999999997
36.5 2.6291249999999997
36.535714285714285 2.6291249999999997
36.607142857142854 2.6291249999999997
36.642857142857146 2.6291249999999997
36.67857142857143 2.6326875
36.714285714285715 2.6326875
36.75 2.6291249999999997
36.785714285714285 2.6291249999999997
36.82142857142857 2.6291249999999997
36.857142857142854 2.6291249999999997
36.892857142857146 2.6291249999999997
36.92857142857143 2.6255625
37.0 2.6255625
37.035714285714285 2.6291249999999997
37.07142857142857 2.6291249999999997
37.107142857142854 2.6326875
37.142857142857146 2.6291249999999997
37.17857142857143 2.6291249999999997
37.214285714285715 2.6291249999999997
37.25 2.6291249999999997
37.285714285714285 2.6255625
37.32142857142857 2.6255625
37.392857142857146 2.6255625
37.42857142857143 2.6255625
37.464285714285715 2.6255625
37.5 2.6326875
37.535714285714285 2.6291249999999997
37.57142857142857 2.6291249999999997
37.607142857142854 2.6291249999999997
37.642857142857146 2.6291249999999997
37.67857142857143 2.6255625
37.714285714285715 2.6255625
37.75 2.6255625
37.82142857142857 2.6255625
37.857142857142854 2.6291249999999997
37.892857142857146 2.6326875
37.92857142857143 2.6291249999999997
37.964285714285715 2.6291249999999997
38.0 2.6291249999999997
38.035714285714285 2.6291249999999997
38.07142857142857 2.6291249999999997
38.107142857142854 2.6255625
38.142857142857146 2.6255625
38.17857142857143 2.6255625
38.214285714285715 2.6255625
38.25 2.6255625
38.285714285714285 2.6291249999999997
38.32142857142857 2.6326875
38.357142857142854 2.6291249999999997
38.392857142857146 2.6291249999999997
38.42857142857143 2.6291249999999997
38.464285714285715 2.6255625
38.5 2.6255625
38.535714285714285 2.6255625
38.57142857142857 2.622
38.607142857142854 2.6255625
38.642857142857146 2.6255625
38.67857142857143 2.6291249999999997
38.714285714285715 2.6326875
38.75 2.6291249999999997
38.785714285714285 2.6291249999999997
38.82142857142857 2.6291249999999997
38.857142857142854 2.6291249999999997
38.892857142857146 2.6255625
38.92857142857143 2.6255625
38.964285714285715 2.6255625
39.0 2.6255625
39.035714285714285 2.6255625
39.07142857142857 2.6291249999999997
39.107142857142854 2.6291249999999997
39.142857142857146 2.6291249999999997
39.17857142857143 2.6291249999999997
39.214285714285715 2.6291249999999997
39.25 2.6255625
39.285714285714285 2.6255625
39.32142857142857 2.6255625
39.392857142857146 2.6255625
39.42857142857143 2.6255625
39.464285714285715 2.6291249999999997
39.5 2.6326875
39.535714285714285 2.6291249999999997
39.57142857142857 2.6291249999999997
39.607142857142854 2.6291249999999997
39.642857142857146 2.6291249999999997
39.67857142857143 2.6255625
39.714285714285715 2.6255625
39.82142857142857 2.6255625
39.857142857142854 2.6255625
39.892857142857146 2.6326875
39.92857142857143 2.6291249999999997
