0.07142857142857142 1.7954999999999999
0.10714285714285714 1.8133124999999999
0.14285714285714285 1.7954999999999999
0.17857142857142858 1.7954999999999999
0.21428571428571427 1.7954999999999999
0.25 1.7954999999999999
0.2857142857142857 1.7954999999999999
0.32142857142857145 1.7954999999999999
0.35714285714285715 1.7990624999999998
0.39285714285714285 1.7990624999999998
0.42857142857142855 1.802625
0.4642857142857143 1.802625
0.5 1.802625
0.5357142857142857 1.802625
0.5714285714285714 1.802625
0.6071428571428571 1.802625
0.75 1.7848125
0.7857142857142857 1.8346874999999998
0.8214285714285714 1.8204375
0.8571428571428571 1.802625
0.8928571428571429 1.802625
0.9285714285714286 1.802625
0.9642857142857143 1.802625
1.0 1.8061874999999998
1.0357142857142858 1.8061874999999998
1.0714285714285714 1.8061874999999998
1.1071428571428572 1.80975
1.1428571428571428 1.80975
1.1785714285714286 1.80975
1.2142857142857142 1.80975
1.25 1.80975
1.2857142857142858 1.80975
1.3214285714285714 1.80975
1.3571428571428572 1.8133124999999999
1.5 1.831125
1.5357142857142858 1.8418124999999999
1.5714285714285714 1.8275625
1.6071428571428572 1.8204375
1.6428571428571428 1.8204375
1.6785714285714286 1.8204375
1.7142857142857142 1.8239999999999998
1.75 1.8239999999999998
1.7857142857142858 1.8239999999999998
1.8214285714285714 1.8239999999999998
1.8571428571428572 1.8239999999999998
1.8928571428571428 1.8239999999999998
1.9285714285714286 1.8239999999999998
1.9642857142857142 1.8239999999999998
2.0 1.8239999999999998
2.0357142857142856 1.8239999999999998
2.142857142857143 1.8133124999999999
2.25 1.8524999999999998
2.2857142857142856 1.83825
2.3214285714285716 1.83825
2.357142857142857 1.8453749999999998
2.392857142857143 1.8453749999999998
2.4285714285714284 1.8453749999999998
2.4642857142857144 1.8453749999999998
2.5 1.8453749999999998
2.5357142857142856 1.8453749999999998
2.5714285714285716 1.8453749999999998
2.607142857142857 1.8453749999999998
2.642857142857143 1.8453749999999998
2.6785714285714284 1.8453749999999998
2.7142857142857144 1.8453749999999998
2.75 1.8453749999999998
2.7857142857142856 1.8453749999999998
2.9642857142857144 1.9558125
3.0 1.8453749999999998
3.0357142857142856 1.8489375
3.0714285714285716 1.8489375
3.107142857142857 1.8489375
3.142857142857143 1.8489375
3.1785714285714284 1.8489375
3.2142857142857144 1.8489375
3.25 1.8489375
3.2857142857142856 1.8489375
3.3214285714285716 1.8489375
3.357142857142857 1.8489375
3.392857142857143 1.8489375
3.4285714285714284 1.8489375
3.4642857142857144 1.8489375
3.5 1.8489375
3.5714285714285716 1.8453749999999998
3.6785714285714284 1.9522499999999998
3.7142857142857144 1.83825
3.75 1.8346874999999998
3.7857142857142856 1.8346874999999998
3.8214285714285716 1.8346874999999998
3.857142857142857 1.8346874999999998
3.892857142857143 1.8346874999999998
3.9285714285714284 1.8346874999999998
3.9642857142857144 1.8346874999999998
4.0 1.831125
4.035714285714286 1.8346874999999998
4.071428571428571 1.8346874999999998
4.107142857142857 1.8346874999999998
4.142857142857143 1.831125
4.178571428571429 1.831125
4.392857142857143 1.9273124999999998
4.428571428571429 1.8275625
4.464285714285714 1.80975
4.5 1.8061874999999998
4.535714285714286 1.802625
4.571428571428571 1.802625
4.607142857142857 1.802625
4.642857142857143 1.802625
4.678571428571429 1.7990624999999998
4.714285714285714 1.7990624999999998
4.75 1.7990624999999998
4.785714285714286 1.7990624999999998
4.821428571428571 1.7990624999999998
4.857142857142857 1.7990624999999998
4.928571428571429 1.8061874999999998
5.178571428571429 1.7812499999999998
5.25 1.7776874999999999
5.285714285714286 1.7776874999999999
5.321428571428571 1.774125
5.357142857142857 1.774125
5.392857142857143 1.774125
5.428571428571429 1.774125
5.464285714285714 1.7705624999999998
5.5 1.774125
5.535714285714286 1.774125
5.571428571428571 1.774125
5.607142857142857 1.774125
5.785714285714286 1.7883749999999998
5.821428571428571 1.8133124999999999
5.857142857142857 1.7776874999999999
5.892857142857143 1.7705624999999998
5.928571428571429 1.7634374999999998
5.964285714285714 1.7598749999999999
6.0 1.7563125
6.035714285714286 1.7563125
6.071428571428571 1.7527499999999998
6.107142857142857 1.7527499999999998
6.142857142857143 1.7527499999999998
6.178571428571429 1.7527499999999998
6.214285714285714 1.7527499999999998
6.25 1.7527499999999998
6.285714285714286 1.7527499999999998
6.321428571428571 1.7527499999999998
6.464285714285714 1.7385
6.5 1.7563125
6.535714285714286 1.7705624999999998
6.571428571428571 1.7491875
6.607142857142857 1.7313749999999999
6.642857142857143 1.7313749999999999
6.678571428571429 1.7242499999999998
6.714285714285714 1.7242499999999998
6.75 1.7206875
6.785714285714286 1.7206875
6.821428571428571 1.7206875
6.857142857142857 1.7206875
6.892857142857143 1.7206875
6.928571428571429 1.7206875
6.964285714285714 1.7171249999999998
7.0 1.7171249999999998
7.035714285714286 1.7171249999999998
7.178571428571429 1.6993124999999998
7.25 1.7242499999999998
7.285714285714286 1.71
7.321428571428571 1.6993124999999998
7.357142857142857 1.6886249999999998
7.392857142857143 1.6850625
7.428571428571429 1.6850625
7.464285714285714 1.6850625
7.5 1.6850625
7.535714285714286 1.6814999999999998
7.571428571428571 1.6814999999999998
7.607142857142857 1.6814999999999998
7.642857142857143 1.6814999999999998
7.678571428571429 1.6814999999999998
7.714285714285714 1.6814999999999998
7.75 1.6814999999999998
7.928571428571429 1.6779374999999999
8.0 1.6850625
8.035714285714286 1.674375
8.071428571428571 1.6708124999999998
8.107142857142858 1.6636875
8.142857142857142 1.6636875
8.178571428571429 1.6636875
8.214285714285714 1.6636875
8.25 1.6636875
8.285714285714286 1.6601249999999999
8.321428571428571 1.6601249999999999
8.357142857142858 1.6601249999999999
8.392857142857142 1.6601249999999999
8.428571428571429 1.6601249999999999
8.464285714285714 1.6601249999999999
8.678571428571429 1.6886249999999998
8.714285714285714 1.674375
8.75 1.6529999999999998
8.785714285714286 1.6494375
8.821428571428571 1.6423124999999998
8.857142857142858 1.63875
8.892857142857142 1.63875
8.928571428571429 1.63875
8.964285714285714 1.63875
9.0 1.63875
9.035714285714286 1.6351874999999998
9.071428571428571 1.63875
9.107142857142858 1.63875
9.142857142857142 1.63875
9.178571428571429 1.63875
9.392857142857142 1.645875
9.428571428571429 1.645875
9.464285714285714 1.6316249999999999
9.5 1.6280625
9.535714285714286 1.6244999999999998
9.571428571428571 1.6209375
9.607142857142858 1.6209375
9.642857142857142 1.6209375
9.678571428571429 1.6209375
9.714285714285714 1.6173749999999998
9.75 1.6173749999999998
9.785714285714286 1.6173749999999998
9.821428571428571 1.6209375
9.857142857142858 1.6173749999999998
9.892857142857142 1.6173749999999998
9.928571428571429 1.6173749999999998
10.035714285714286 1.6173749999999998
10.071428571428571 1.6138124999999999
10.142857142857142 1.6316249999999999
10.178571428571429 1.61025
10.214285714285714 1.6066874999999998
10.25 1.5995624999999998
10.285714285714286 1.5959999999999999
10.321428571428571 1.5959999999999999
10.357142857142858 1.5959999999999999
10.392857142857142 1.5959999999999999
10.428571428571429 1.5924375
10.464285714285714 1.5924375
10.5 1.5959999999999999
10.535714285714286 1.5924375
10.571428571428571 1.5924375
10.607142857142858 1.5924375
10.642857142857142 1.5924375
10.678571428571429 1.5959999999999999
10.75 1.5675
10.785714285714286 1.5639375
10.821428571428571 1.5532499999999998
10.857142857142858 1.5781874999999999
10.892857142857142 1.5603749999999998
10.928571428571429 1.5568125
10.964285714285714 1.5568125
11.0 1.5532499999999998
11.035714285714286 1.5496874999999999
11.071428571428571 1.5496874999999999
11.107142857142858 1.5496874999999999
11.142857142857142 1.5496874999999999
11.178571428571429 1.546125
11.214285714285714 1.546125
11.25 1.546125
11.285714285714286 1.546125
11.321428571428571 1.546125
11.357142857142858 1.546125
11.392857142857142 1.5496874999999999
11.5 1.5318749999999999
11.535714285714286 1.5318749999999999
11.607142857142858 1.539
11.642857142857142 1.5283125
11.678571428571429 1.5247499999999998
11.714285714285714 1.5211875
11.75 1.5211875
11.785714285714286 1.5211875
11.821428571428571 1.517625
11.857142857142858 1.5140624999999999
11.892857142857142 1.5140624999999999
11.928571428571429 1.5140624999999999
11.964285714285714 1.5140624999999999
12.0 1.5140624999999999
12.035714285714286 1.5140624999999999
12.071428571428571 1.5140624999999999
12.107142857142858 1.517625
12.25 1.482
12.321428571428571 1.503375
12.357142857142858 1.482
12.392857142857142 1.474875
12.428571428571429 1.4713124999999998
12.464285714285714 1.4713124999999998
12.5 1.4713124999999998
12.535714285714286 1.4677499999999999
12.571428571428571 1.4641875
12.607142857142858 1.4641875
12.642857142857142 1.4641875
12.678571428571429 1.4641875
12.714285714285714 1.4641875
12.75 1.4641875
12.785714285714286 1.4641875
12.928571428571429 1.4570625
13.0 1.4855625
13.035714285714286 1.4677499999999999
13.071428571428571 1.446375
13.107142857142858 1.4428124999999998
13.142857142857142 1.43925
13.178571428571429 1.4356875
13.214285714285714 1.4356875
13.25 1.4356875
13.285714285714286 1.4321249999999999
13.321428571428571 1.4321249999999999
13.357142857142858 1.4321249999999999
13.392857142857142 1.4321249999999999
13.428571428571429 1.4321249999999999
13.464285714285714 1.4321249999999999
13.5 1.4321249999999999
13.642857142857142 1.41075
13.714285714285714 1.417875
13.75 1.4249999999999998
13.785714285714286 1.41075
13.821428571428571 1.4071874999999998
13.857142857142858 1.403625
13.892857142857142 1.4000625
13.928571428571429 1.4000625
13.964285714285714 1.3964999999999999
14.0 1.3964999999999999
14.035714285714286 1.3964999999999999
14.071428571428571 1.3964999999999999
14.107142857142858 1.3929375
14.142857142857142 1.3929375
14.178571428571429 1.3929375
14.214285714285714 1.3929375
14.357142857142858 1.3929375
14.428571428571429 1.4000625
14.464285714285714 1.4071874999999998
14.5 1.38225
14.535714285714286 1.3786874999999998
14.571428571428571 1.375125
14.607142857142858 1.3715624999999998
14.642857142857142 1.3715624999999998
14.678571428571429 1.3679999999999999
14.714285714285714 1.3644375
14.75 1.3644375
14.785714285714286 1.3644375
14.821428571428571 1.3644375
14.857142857142858 1.3644375
14.892857142857142 1.3644375
14.928571428571429 1.3644375
14.964285714285714 1.3644375
15.071428571428571 1.3608749999999998
15.107142857142858 1.35375
15.178571428571429 1.3715624999999998
15.214285714285714 1.3644375
15.25 1.346625
15.285714285714286 1.3430624999999998
15.321428571428571 1.3395
15.357142857142858 1.3359375
15.392857142857142 1.3359375
15.428571428571429 1.3323749999999999
15.464285714285714 1.3323749999999999
15.5 1.3323749999999999
15.535714285714286 1.3323749999999999
15.571428571428571 1.3323749999999999
15.607142857142858 1.3288125
15.642857142857142 1.3288125
15.678571428571429 1.3323749999999999
15.714285714285714 1.3359375
15.821428571428571 1.303875
15.892857142857142 1.3216875
15.928571428571429 1.3145624999999999
15.964285714285714 1.2967499999999998
16.0 1.2931875
16.035714285714285 1.2860624999999999
16.071428571428573 1.2860624999999999
16.107142857142858 1.2860624999999999
16.142857142857142 1.2860624999999999
16.178571428571427 1.2825
16.214285714285715 1.2825
16.25 1.2825
16.285714285714285 1.2825
16.321428571428573 1.2825
16.357142857142858 1.2825
16.392857142857142 1.2825
16.464285714285715 1.275375
16.535714285714285 1.275375
16.571428571428573 1.2682499999999999
16.607142857142858 1.2860624999999999
16.642857142857142 1.2682499999999999
16.678571428571427 1.2611249999999998
16.714285714285715 1.2575625
16.75 1.254
16.785714285714285 1.254
16.821428571428573 1.2504374999999999
16.857142857142858 1.2504374999999999
16.892857142857142 1.2504374999999999
16.928571428571427 1.2504374999999999
16.964285714285715 1.246875
17.0 1.246875
17.035714285714285 1.246875
17.071428571428573 1.246875
17.107142857142858 1.2433124999999998
17.142857142857142 1.2504374999999999
17.178571428571427 1.23975
17.25 1.2290625
17.285714285714285 1.2254999999999998
17.321428571428573 1.2504374999999999
17.357142857142858 1.2254999999999998
17.392857142857142 1.2219375
17.428571428571427 1.2219375
17.464285714285715 1.2148124999999999
17.5 1.21125
17.535714285714285 1.2076875
17.571428571428573 1.2076875
17.607142857142858 1.2076875
17.642857142857142 1.2076875
17.678571428571427 1.2076875
17.714285714285715 1.204125
17.75 1.204125
17.785714285714285 1.2076875
17.821428571428573 1.204125
18.0 1.1720625
18.035714285714285 1.1969999999999998
18.071428571428573 1.1791874999999998
18.107142857142858 1.1684999999999999
18.142857142857142 1.1649375
18.178571428571427 1.1649375
18.214285714285715 1.1613749999999998
18.25 1.1578125
18.285714285714285 1.1578125
18.321428571428573 1.1578125
18.357142857142858 1.1578125
18.392857142857142 1.15425
18.428571428571427 1.15425
18.464285714285715 1.15425
18.5 1.15425
18.535714285714285 1.15425
18.714285714285715 1.1435624999999998
18.75 1.1364375
18.785714285714285 1.1435624999999998
18.821428571428573 1.1293125
18.857142857142858 1.12575
18.892857142857142 1.12575
18.928571428571427 1.1221875
18.964285714285715 1.1221875
19.0 1.118625
19.035714285714285 1.118625
19.071428571428573 1.118625
19.107142857142858 1.1150624999999998
19.142857142857142 1.118625
19.178571428571427 1.118625
19.214285714285715 1.1150624999999998
19.25 1.1150624999999998
19.285714285714285 1.1150624999999998
19.428571428571427 1.0794374999999998
19.464285714285715 1.0794374999999998
19.5 1.0794374999999998
19.535714285714285 1.0651875
19.571428571428573 1.0687499999999999
19.607142857142858 1.0651875
19.642857142857142 1.0616249999999998
19.678571428571427 1.0616249999999998
19.714285714285715 1.0580625
19.75 1.0580625
19.785714285714285 1.0545
19.821428571428573 1.0580625
19.857142857142858 1.0580625
19.892857142857142 1.0545
19.928571428571427 1.0545
19.964285714285715 1.0545
20.0 1.0545
20.035714285714285 1.0545
20.071428571428573 1.047375
20.107142857142858 1.047375
20.142857142857142 1.0438125
20.214285714285715 1.0545
20.25 1.0331249999999998
20.285714285714285 1.0295625
20.321428571428573 1.0295625
20.357142857142858 1.026
20.392857142857142 1.026
20.428571428571427 1.0224374999999999
20.464285714285715 1.0224374999999999
20.5 1.018875
20.535714285714285 1.018875
20.571428571428573 1.018875
20.607142857142858 1.018875
20.642857142857142 1.018875
20.678571428571427 1.018875
20.714285714285715 1.018875
20.75 1.0224374999999999
20.857142857142858 0.9939374999999999
20.928571428571427 0.9974999999999999
20.964285714285715 0.9903749999999999
21.0 0.9796874999999999
21.035714285714285 0.98325
21.071428571428573 0.98325
21.107142857142858 0.98325
21.142857142857142 0.9796874999999999
21.178571428571427 0.9796874999999999
21.214285714285715 0.9761249999999999
21.25 0.9761249999999999
21.285714285714285 0.9761249999999999
21.321428571428573 0.9725624999999999
21.357142857142858 0.9725624999999999
21.392857142857142 0.9725624999999999
21.428571428571427 0.9725624999999999
21.464285714285715 0.9725624999999999
21.5 0.969
21.571428571428573 0.9583124999999999
21.607142857142858 0.9440624999999999
21.678571428571427 0.95475
21.714285714285715 0.9440624999999999
21.75 0.9440624999999999
21.785714285714285 0.9440624999999999
21.821428571428573 0.9440624999999999
21.857142857142858 0.9440624999999999
21.892857142857142 0.9404999999999999
21.928571428571427 0.9404999999999999
21.964285714285715 0.9404999999999999
22.0 0.9369375
22.035714285714285 0.9369375
22.071428571428573 0.9369375
22.107142857142858 0.9369375
22.142857142857142 0.933375
22.178571428571427 0.9369375
22.214285714285715 0.933375
22.285714285714285 0.919125
22.321428571428573 0.9155625
22.392857142857142 0.9119999999999999
22.428571428571427 0.8977499999999999
22.464285714285715 0.8977499999999999
22.5 0.9013125
22.535714285714285 0.9013125
22.571428571428573 0.9013125
22.607142857142858 0.8977499999999999
22.642857142857142 0.8941874999999999
22.678571428571427 0.8941874999999999
22.714285714285715 0.8941874999999999
22.75 0.8941874999999999
22.785714285714285 0.8941874999999999
22.821428571428573 0.8906249999999999
22.857142857142858 0.8906249999999999
22.892857142857142 0.8941874999999999
22.928571428571427 0.8941874999999999
23.0 0.8799374999999999
23.035714285714285 0.8799374999999999
23.071428571428573 0.8728125
23.107142857142858 0.8799374999999999
23.142857142857142 0.8728125
23.178571428571427 0.8621249999999999
23.214285714285715 0.8585624999999999
23.25 0.8621249999999999
23.285714285714285 0.8621249999999999
23.321428571428573 0.8621249999999999
23.357142857142858 0.8621249999999999
23.392857142857142 0.8621249999999999
23.428571428571427 0.8621249999999999
23.464285714285715 0.8585624999999999
23.5 0.8585624999999999
23.535714285714285 0.8585624999999999
23.571428571428573 0.8585624999999999
23.607142857142858 0.8585624999999999
23.642857142857142 0.8621249999999999
23.678571428571427 0.8514375
23.714285714285715 0.8407499999999999
23.785714285714285 0.819375
23.821428571428573 0.8407499999999999
23.857142857142858 0.8086874999999999
23.892857142857142 0.8086874999999999
23.928571428571427 0.8086874999999999
23.964285714285715 0.8086874999999999
24.0 0.805125
24.035714285714285 0.8015625
24.071428571428573 0.8015625
24.107142857142858 0.7979999999999999
24.142857142857142 0.7979999999999999
24.178571428571427 0.7979999999999999
24.214285714285715 0.7944374999999999
24.25 0.7944374999999999
24.285714285714285 0.7944374999999999
24.321428571428573 0.790875
24.357142857142858 0.7979999999999999
24.428571428571427 0.7873125
24.464285714285715 0.7873125
24.5 0.7873125
24.535714285714285 0.8086874999999999
24.571428571428573 0.7979999999999999
24.607142857142858 0.7766249999999999
24.642857142857142 0.7730625
24.678571428571427 0.7730625
24.714285714285715 0.7730625
24.75 0.7730625
24.785714285714285 0.7730625
24.821428571428573 0.7695
24.857142857142858 0.7659374999999999
24.892857142857142 0.7659374999999999
24.928571428571427 0.7695
24.964285714285715 0.7695
25.0 0.7695
25.035714285714285 0.7695
25.107142857142858 0.7588125
25.178571428571427 0.7516875
25.25 0.805125
25.285714285714285 0.7801874999999999
25.321428571428573 0.7623749999999999
25.357142857142858 0.75525
25.392857142857142 0.7516875
25.428571428571427 0.7516875
25.464285714285715 0.7516875
25.5 0.7481249999999999
25.535714285714285 0.7481249999999999
25.571428571428573 0.741
25.607142857142858 0.7338749999999999
25.642857142857142 0.7338749999999999
25.678571428571427 0.7338749999999999
25.714285714285715 0.7231875
25.75 0.7231875
25.785714285714285 0.7338749999999999
25.821428571428573 0.7231875
25.964285714285715 0.7303124999999999
26.0 0.7338749999999999
26.035714285714285 0.7303124999999999
26.071428571428573 0.7338749999999999
26.107142857142858 0.741
26.142857142857142 0.7516875
26.178571428571427 0.7516875
26.214285714285715 0.7516875
26.25 0.7445624999999999
26.285714285714285 0.741
26.321428571428573 0.7374375
26.357142857142858 0.7338749999999999
26.392857142857142 0.7338749999999999
26.428571428571427 0.7374375
26.464285714285715 0.7338749999999999
26.5 0.741
26.535714285714285 0.7124999999999999
26.607142857142858 0.7231875
26.678571428571427 0.78375
26.714285714285715 0.7766249999999999
26.75 0.75525
26.785714285714285 0.7588125
26.821428571428573 0.75525
26.857142857142858 0.7481249999999999
26.892857142857142 0.7481249999999999
26.928571428571427 0.7445624999999999
26.964285714285715 0.7481249999999999
27.0 0.7445624999999999
27.035714285714285 0.7445624999999999
27.071428571428573 0.741
27.107142857142858 0.741
27.142857142857142 0.741
27.178571428571427 0.741
27.214285714285715 0.7445624999999999
27.321428571428573 0.7160624999999999
27.392857142857142 0.7588125
27.428571428571427 0.7267499999999999
27.464285714285715 0.7160624999999999
27.5 0.7124999999999999
27.535714285714285 0.7124999999999999
27.571428571428573 0.7160624999999999
27.607142857142858 0.7018125
27.642857142857142 0.6946874999999999
27.678571428571427 0.7018125
27.714285714285715 0.7018125
27.75 0.6982499999999999
27.785714285714285 0.6982499999999999
27.821428571428573 0.6982499999999999
27.857142857142858 0.6982499999999999
27.892857142857142 0.6982499999999999
27.928571428571427 0.7018125
27.964285714285715 0.691125
28.035714285714285 0.676875
28.107142857142858 0.7018125
28.142857142857142 0.7089375
28.178571428571427 0.7018125
28.214285714285715 0.7018125
28.25 0.705375
28.285714285714285 0.705375
28.321428571428573 0.6982499999999999
28.357142857142858 0.691125
28.392857142857142 0.691125
28.428571428571427 0.6946874999999999
28.464285714285715 0.691125
28.5 0.6946874999999999
28.535714285714285 0.691125
28.571428571428573 0.691125
28.607142857142858 0.6839999999999999
28.642857142857142 0.691125
28.678571428571427 0.6804374999999999
28.75 0.66975
28.785714285714285 0.6661874999999999
28.857142857142858 0.705375
28.892857142857142 0.691125
28.928571428571427 0.691125
28.964285714285715 0.6946874999999999
29.0 0.6982499999999999
29.035714285714285 0.6946874999999999
29.071428571428573 0.691125
29.107142857142858 0.6839999999999999
29.142857142857142 0.691125
29.178571428571427 0.6839999999999999
29.214285714285715 0.6875625
29.25 0.6875625
29.285714285714285 0.6875625
29.321428571428573 0.6875625
29.357142857142858 0.6875625
29.392857142857142 0.6875625
29.535714285714285 0.6875625
29.571428571428573 0.705375
29.607142857142858 0.6946874999999999
29.642857142857142 0.6875625
29.678571428571427 0.6804374999999999
29.714285714285715 0.6733125
29.75 0.6733125
29.785714285714285 0.6733125
29.821428571428573 0.676875
29.857142857142858 0.676875
29.892857142857142 0.676875
29.928571428571427 0.676875
29.964285714285715 0.676875
30.0 0.6733125
30.035714285714285 0.676875
30.071428571428573 0.676875
30.107142857142858 0.676875
30.178571428571427 0.6733125
30.214285714285715 0.6733125
30.285714285714285 0.6982499999999999
30.321428571428573 0.66975
30.357142857142858 0.6555
30.392857142857142 0.6590625
30.428571428571427 0.6590625
30.464285714285715 0.6661874999999999
30.5 0.6626249999999999
30.535714285714285 0.6626249999999999
30.571428571428573 0.6626249999999999
30.607142857142858 0.6590625
30.642857142857142 0.6590625
30.678571428571427 0.6590625
30.714285714285715 0.6590625
30.75 0.6590625
30.785714285714285 0.6590625
30.821428571428573 0.6661874999999999
30.892857142857142 0.6483749999999999
30.928571428571427 0.6376875
30.964285714285715 0.6305624999999999
31.0 0.7267499999999999
31.035714285714285 0.619875
31.071428571428573 0.619875
31.107142857142858 0.619875
31.142857142857142 0.619875
31.178571428571427 0.619875
31.214285714285715 0.619875
31.25 0.619875
31.285714285714285 0.619875
31.321428571428573 0.619875
31.357142857142858 0.6163124999999999
31.392857142857142 0.6163124999999999
31.428571428571427 0.6163124999999999
31.464285714285715 0.6163124999999999
31.5 0.6163124999999999
31.535714285714285 0.627
31.607142857142858 0.619875
31.642857142857142 0.6163124999999999
31.678571428571427 0.619875
31.714285714285715 0.6448124999999999
31.75 0.6091875
31.785714285714285 0.6020625
31.821428571428573 0.6020625
31.857142857142858 0.605625
31.892857142857142 0.605625
31.928571428571427 0.605625
31.964285714285715 0.6020625
32.0 0.5984999999999999
32.035714285714285 0.5949375
32.07142857142857 0.5949375
32.107142857142854 0.5949375
32.142857142857146 0.591375
32.17857142857143 0.591375
32.214285714285715 0.5949375
32.25 0.5949375
32.32142857142857 0.5842499999999999
32.357142857142854 0.5735625
32.392857142857146 0.5735625
32.42857142857143 0.5878125
32.464285714285715 0.5878125
32.5 0.562875
32.535714285714285 0.5593125
32.57142857142857 0.5593125
32.607142857142854 0.562875
32.642857142857146 0.5664374999999999
32.67857142857143 0.562875
32.714285714285715 0.5664374999999999
32.75 0.562875
32.785714285714285 0.5593125
32.82142857142857 0.5593125
32.857142857142854 0.5593125
32.892857142857146 0.5593125
32.92857142857143 0.5593125
32.964285714285715 0.562875
33.0 0.5521874999999999
33.07142857142857 0.5379375
33.107142857142854 0.5379375
33.142857142857146 0.5878125
33.17857142857143 0.5308124999999999
33.214285714285715 0.513
33.25 0.5165624999999999
33.285714285714285 0.513
33.32142857142857 0.5165624999999999
33.357142857142854 0.513
33.392857142857146 0.5094375
33.42857142857143 0.5094375
33.464285714285715 0.505875
33.5 0.5023124999999999
33.535714285714285 0.5023124999999999
33.57142857142857 0.5023124999999999
33.607142857142854 0.5023124999999999
33.642857142857146 0.5023124999999999
33.714285714285715 0.49518749999999995
33.785714285714285 0.48093749999999996
33.857142857142854 0.4275
33.892857142857146 0.48093749999999996
33.92857142857143 0.44531249999999994
33.964285714285715 0.44531249999999994
34.0 0.4595625
34.035714285714285 0.44887499999999997
34.07142857142857 0.44175
34.107142857142854 0.44175
34.142857142857146 0.45599999999999996
34.17857142857143 0.44887499999999997
34.214285714285715 0.44887499999999997
34.25 0.43818749999999995
34.285714285714285 0.44175
34.32142857142857 0.43818749999999995
34.357142857142854 0.44175
34.392857142857146 0.44887499999999997
34.42857142857143 0.434625
34.5 0.434625
34.535714285714285 0.42037499999999994
34.57142857142857 0.45599999999999996
34.607142857142854 0.44887499999999997
34.642857142857146 0.42393749999999997
34.67857142857143 0.4096875
34.714285714285715 0.41324999999999995
34.75 0.41324999999999995
34.785714285714285 0.4168125
34.82142857142857 0.4168125
34.857142857142854 0.4168125
34.892857142857146 0.4168125
34.92857142857143 0.4168125
34.964285714285715 0.41324999999999995
35.0 0.41324999999999995
35.035714285714285 0.41324999999999995
35.07142857142857 0.4096875
35.107142857142854 0.41324999999999995
35.142857142857146 0.40612499999999996
35.214285714285715 0.38118749999999996
35.25 0.38831249999999995
35.32142857142857 0.4168125
35.357142857142854 0.37406249999999996
35.392857142857146 0.3598125
35.42857142857143 0.36337499999999995
35.464285714285715 0.35624999999999996
35.5 0.3526875
35.535714285714285 0.36693749999999997
35.57142857142857 0.36337499999999995
35.607142857142854 0.3705
35.642857142857146 0.37406249999999996
35.67857142857143 0.37406249999999996
35.714285714285715 0.3705
35.75 0.36337499999999995
35.785714285714285 0.3705
35.82142857142857 0.3705
35.857142857142854 0.3526875
35.92857142857143 0.3384375
35.964285714285715 0.32775
36.0 0.3135
36.035714285714285 0.36693749999999997
36.07142857142857 0.32775
36.107142857142854 0.3028125
36.142857142857146 0.2956875
36.17857142857143 0.29212499999999997
36.214285714285715 0.2885625
36.25 0.29212499999999997
36.285714285714285 0.29212499999999997
36.32142857142857 0.2956875
36.357142857142854 0.2956875
36.392857142857146 0.2956875
36.42857142857143 0.29212499999999997
36.464285714285715 0.29924999999999996
36.5 0.2956875
36.535714285714285 0.2956875
36.57142857142857 0.3028125
36.67857142857143 0.2814375
36.714285714285715 0.263625
36.75 0.31706249999999997
36.785714285714285 0.2814375
36.82142857142857 0.27431249999999996
36.857142857142854 0.2565
36.892857142857146 0.24937499999999999
36.92857142857143 0.2565
36.964285714285715 0.2565
37.0 0.24937499999999999
37.035714285714285 0.2600625
37.07142857142857 0.263625
37.107142857142854 0.263625
37.142857142857146 0.263625
37.17857142857143 0.263625
37.214285714285715 0.263625
37.25 0.263625
37.285714285714285 0.26718749999999997
37.32142857142857 0.2529375
37.392857142857146 0.2386875
37.42857142857143 0.1959375
37.464285714285715 0.27075
37.5 0.2458125
37.535714285714285 0.23156249999999998
37.57142857142857 0.192375
37.607142857142854 0.18525
37.642857142857146 0.192375
37.67857142857143 0.192375
37.714285714285715 0.20306249999999998
37.75 0.19949999999999998
37.785714285714285 0.1959375
37.82142857142857 0.1959375
37.857142857142854 0.20662499999999998
37.892857142857146 0.19949999999999998
37.92857142857143 0.20306249999999998
37.964285714285715 0.19949999999999998
38.0 0.1959375
38.035714285714285 0.19949999999999998
38.107142857142854 0.19949999999999998
38.142857142857146 0.1959375
38.17857142857143 0.2458125
38.214285714285715 0.2173125
38.25 0.17456249999999998
38.285714285714285 0.1888125
38.32142857142857 0.18525
38.357142857142854 0.1888125
38.392857142857146 0.1888125
38.42857142857143 0.1888125
38.464285714285715 0.18525
38.5 0.192375
38.535714285714285 0.1888125
38.57142857142857 0.1888125
38.607142857142854 0.1888125
38.642857142857146 0.1888125
38.67857142857143 0.1888125
38.714285714285715 0.192375
38.75 0.192375
38.82142857142857 0.17099999999999999
38.857142857142854 0.15675
38.892857142857146 0.17456249999999998
38.92857142857143 0.17456249999999998
38.964285714285715 0.14606249999999998
39.0 0.1389375
39.035714285714285 0.14606249999999998
39.07142857142857 0.14606249999999998
39.107142857142854 0.1425
39.142857142857146 0.14606249999999998
39.17857142857143 0.1425
39.214285714285715 0.1425
39.25 0.14606249999999998
39.285714285714285 0.14606249999999998
39.32142857142857 0.14606249999999998
39.357142857142854 0.1425
39.392857142857146 0.1425
39.42857142857143 0.14606249999999998
39.464285714285715 0.14606249999999998
39.535714285714285 0.1318125
39.57142857142857 0.12825
39.607142857142854 0.1389375
39.642857142857146 0.14606249999999998
39.67857142857143 0.0961875
39.714285714285715 0.0961875
39.75 0.106875
39.785714285714285 0.106875
39.82142857142857 0.106875
39.857142857142854 0.106875
39.892857142857146 0.106875
39.92857142857143 0.106875
