0.03571428571428571 2.8963124999999996
0.07142857142857142 2.8963124999999996
0.10714285714285714 2.8891875
0.14285714285714285 2.89275
0.17857142857142858 2.89275
0.21428571428571427 2.89275
0.25 2.8963124999999996
0.2857142857142857 2.8963124999999996
0.32142857142857145 2.8963124999999996
0.35714285714285715 2.8963124999999996
0.39285714285714285 2.89275
0.42857142857142855 2.89275
0.4642857142857143 2.89275
0.5 2.89275
0.5357142857142857 2.8963124999999996
0.5714285714285714 2.8963124999999996
0.6071428571428571 2.8963124999999996
0.6428571428571429 2.8963124999999996
0.6785714285714286 2.8963124999999996
0.7142857142857143 2.8820625
0.75 2.89275
0.7857142857142857 2.89275
0.8214285714285714 2.8963124999999996
0.8571428571428571 2.8963124999999996
0.8928571428571429 2.8963124999999996
0.9285714285714286 2.8963124999999996
0.9642857142857143 2.8963124999999996
1.0 2.8856249999999997
1.0357142857142858 2.89275
1.0714285714285714 2.89275
1.1071428571428572 2.8963124999999996
1.1428571428571428 2.8963124999999996
1.1785714285714286 2.8963124999999996
1.2142857142857142 2.8963124999999996
1.25 2.8963124999999996
1.2857142857142858 2.8963124999999996
1.3214285714285714 2.8856249999999997
1.3571428571428572 2.89275
1.3928571428571428 2.8963124999999996
1.4285714285714286 2.8963124999999996
1.4642857142857142 2.8963124999999996
1.5 2.8963124999999996
1.5357142857142858 2.8963124999999996
1.5714285714285714 2.8963124999999996
1.6071428571428572 2.8891875
1.6428571428571428 2.8963124999999996
1.6785714285714286 2.89275
1.7142857142857142 2.8963124999999996
1.75 2.8963124999999996
1.7857142857142858 2.8963124999999996
1.8214285714285714 2.8963124999999996
1.8571428571428572 2.8963124999999996
1.8928571428571428 2.8963124999999996
1.9285714285714286 2.8891875
1.9642857142857142 2.8963124999999996
2.0 2.8963124999999996
2.0357142857142856 2.8963124999999996
2.0714285714285716 2.8963124999999996
2.107142857142857 2.8963124999999996
2.142857142857143 2.8963124999999996
2.1785714285714284 2.8963124999999996
2.2142857142857144 2.8891875
2.25 2.8963124999999996
2.2857142857142856 2.89275
2.3214285714285716 2.8963124999999996
2.357142857142857 2.8963124999999996
2.392857142857143 2.8963124999999996
2.4285714285714284 2.8963124999999996
2.4642857142857144 2.8963124999999996
2.5 2.89275
2.5357142857142856 2.89275
2.5714285714285716 2.8963124999999996
2.607142857142857 2.8963124999999996
2.642857142857143 2.8998749999999998
2.6785714285714284 2.8998749999999998
2.7142857142857144 2.8963124999999996
2.75 2.8963124999999996
2.7857142857142856 2.8963124999999996
2.8214285714285716 2.89275
2.857142857142857 2.8963124999999996
2.892857142857143 2.8963124999999996
2.9285714285714284 2.8963124999999996
2.9642857142857144 2.8963124999999996
3.0 2.8963124999999996
3.0357142857142856 2.8963124999999996
3.0714285714285716 2.8963124999999996
3.107142857142857 2.89275
3.142857142857143 2.89275
3.1785714285714284 2.89275
3.2142857142857144 2.8963124999999996
3.25 2.8998749999999998
3.2857142857142856 2.8998749999999998
3.3214285714285716 2.8963124999999996
3.357142857142857 2.8963124999999996
3.392857142857143 2.8963124999999996
3.4285714285714284 2.8891875
3.4642857142857144 2.8963124999999996
3.5 2.8963124999999996
3.5357142857142856 2.8963124999999996
3.5714285714285716 2.8998749999999998
3.607142857142857 2.8963124999999996
3.642857142857143 2.8963124999999996
3.6785714285714284 2.8963124999999996
3.7142857142857144 2.8963124999999996
3.75 2.89275
3.7857142857142856 2.89275
3.8214285714285716 2.89275
3.857142857142857 2.8963124999999996
3.892857142857143 2.8963124999999996
3.9285714285714284 2.8963124999999996
3.9642857142857144 2.8963124999999996
4.0 2.8963124999999996
4.035714285714286 2.8856249999999997
4.071428571428571 2.89275
4.107142857142857 2.8963124999999996
4.142857142857143 2.8998749999999998
4.178571428571429 2.8998749999999998
4.214285714285714 2.8998749999999998
4.25 2.8963124999999996
4.285714285714286 2.8963124999999996
4.321428571428571 2.8963124999999996
4.357142857142857 2.89275
4.392857142857143 2.8963124999999996
4.428571428571429 2.8963124999999996
4.464285714285714 2.8998749999999998
4.5 2.8998749999999998
4.535714285714286 2.8998749999999998
4.571428571428571 2.8963124999999996
4.607142857142857 2.8963124999999996
4.642857142857143 2.8891875
4.678571428571429 2.8963124999999996
4.714285714285714 2.8963124999999996
4.75 2.8998749999999998
4.785714285714286 2.8998749999999998
4.821428571428571 2.8998749999999998
4.857142857142857 2.8963124999999996
4.892857142857143 2.8963124999999996
4.928571428571429 2.8963124999999996
4.964285714285714 2.89275
5.0 2.8963124999999996
5.035714285714286 2.8963124999999996
5.071428571428571 2.8998749999999998
5.107142857142857 2.8998749999999998
5.142857142857143 2.8963124999999996
5.178571428571429 2.8963124999999996
5.214285714285714 2.8963124999999996
5.25 2.89275
5.285714285714286 2.8963124999999996
5.321428571428571 2.8963124999999996
5.357142857142857 2.8998749999999998
5.392857142857143 2.8998749999999998
5.428571428571429 2.8998749999999998
5.464285714285714 2.8998749999999998
5.5 2.8963124999999996
5.535714285714286 2.89275
5.571428571428571 2.89275
5.607142857142857 2.8963124999999996
5.642857142857143 2.8963124999999996
5.678571428571429 2.8998749999999998
5.714285714285714 2.8998749999999998
5.75 2.8998749999999998
5.785714285714286 2.8998749999999998
5.821428571428571 2.8963124999999996
5.857142857142857 2.89275
5.892857142857143 2.8998749999999998
5.928571428571429 2.8963124999999996
5.964285714285714 2.8998749999999998
6.0 2.8998749999999998
6.035714285714286 2.8998749999999998
6.071428571428571 2.8998749999999998
6.107142857142857 2.8963124999999996
6.142857142857143 2.8963124999999996
6.178571428571429 2.8963124999999996
6.214285714285714 2.8963124999999996
6.25 2.8998749999999998
6.285714285714286 2.8998749999999998
6.321428571428571 2.8998749999999998
6.357142857142857 2.8998749999999998
6.392857142857143 2.8998749999999998
6.428571428571429 2.8963124999999996
6.464285714285714 2.89275
6.5 2.8963124999999996
6.535714285714286 2.8963124999999996
6.571428571428571 2.8998749999999998
6.607142857142857 2.8998749999999998
6.642857142857143 2.8998749999999998
6.678571428571429 2.8998749999999998
6.714285714285714 2.8998749999999998
6.75 2.8963124999999996
6.785714285714286 2.8963124999999996
6.821428571428571 2.8963124999999996
6.857142857142857 2.8998749999999998
6.892857142857143 2.8998749999999998
6.928571428571429 2.8998749999999998
6.964285714285714 2.8998749999999998
7.0 2.8998749999999998
7.035714285714286 2.8963124999999996
7.071428571428571 2.8891875
7.107142857142857 2.8963124999999996
7.142857142857143 2.8963124999999996
7.178571428571429 2.8998749999999998
7.214285714285714 2.8998749999999998
7.25 2.8998749999999998
7.285714285714286 2.8998749999999998
7.321428571428571 2.8963124999999996
7.357142857142857 2.8891875
7.392857142857143 2.8963124999999996
7.428571428571429 2.8963124999999996
7.464285714285714 2.8963124999999996
7.5 2.8998749999999998
7.535714285714286 2.8998749999999998
7.571428571428571 2.8998749999999998
7.607142857142857 2.8998749999999998
7.642857142857143 2.8963124999999996
7.678571428571429 2.8891875
7.714285714285714 2.8963124999999996
7.75 2.8963124999999996
7.785714285714286 2.8998749999999998
7.821428571428571 2.8998749999999998
7.857142857142857 2.8998749999999998
7.892857142857143 2.8998749999999998
7.928571428571429 2.8963124999999996
7.964285714285714 2.8963124999999996
8.0 2.89275
8.035714285714286 2.8963124999999996
8.071428571428571 2.8963124999999996
8.107142857142858 2.8998749999999998
8.142857142857142 2.8998749999999998
8.178571428571429 2.8998749999999998
8.214285714285714 2.8998749999999998
8.25 2.8963124999999996
8.285714285714286 2.8963124999999996
8.321428571428571 2.8998749999999998
8.357142857142858 2.8963124999999996
8.392857142857142 2.8998749999999998
8.428571428571429 2.8998749999999998
8.464285714285714 2.8998749999999998
8.5 2.8998749999999998
8.535714285714286 2.8998749999999998
8.571428571428571 2.89275
8.607142857142858 2.8998749999999998
8.642857142857142 2.8963124999999996
8.678571428571429 2.8998749999999998
8.714285714285714 2.8998749999999998
8.75 2.8998749999999998
8.785714285714286 2.8998749999999998
8.821428571428571 2.8998749999999998
8.857142857142858 2.8963124999999996
8.892857142857142 2.8963124999999996
8.928571428571429 2.8998749999999998
8.964285714285714 2.8963124999999996
9.0 2.8998749999999998
9.035714285714286 2.8998749999999998
9.071428571428571 2.8998749999999998
9.107142857142858 2.8998749999999998
9.142857142857142 2.8963124999999996
9.178571428571429 2.8963124999999996
9.214285714285714 2.89275
9.25 2.8963124999999996
9.285714285714286 2.8998749999999998
9.321428571428571 2.8998749999999998
9.357142857142858 2.8998749999999998
9.392857142857142 2.8998749999999998
9.428571428571429 2.8963124999999996
9.464285714285714 2.8963124999999996
9.5 2.89275
9.535714285714286 2.8963124999999996
9.571428571428571 2.8963124999999996
9.607142857142858 2.8998749999999998
9.642857142857142 2.8998749999999998
9.678571428571429 2.8998749999999998
9.714285714285714 2.8998749999999998
9.75 2.8963124999999996
9.785714285714286 2.8963124999999996
9.821428571428571 2.8963124999999996
9.857142857142858 2.8963124999999996
9.892857142857142 2.8998749999999998
9.928571428571429 2.8998749999999998
9.964285714285714 2.8998749999999998
10.0 2.8998749999999998
10.035714285714286 2.8998749999999998
10.071428571428571 2.8963124999999996
10.107142857142858 2.8963124999999996
10.142857142857142 2.8963124999999996
10.178571428571429 2.8963124999999996
10.214285714285714 2.8998749999999998
10.25 2.8998749999999998
10.285714285714286 2.8998749999999998
10.321428571428571 2.8998749999999998
10.357142857142858 2.8963124999999996
10.392857142857142 2.8891875
10.428571428571429 2.8963124999999996
10.464285714285714 2.8963124999999996
10.5 2.8998749999999998
10.535714285714286 2.8998749999999998
10.571428571428571 2.8998749999999998
10.607142857142858 2.8998749999999998
10.642857142857142 2.8998749999999998
10.678571428571429 2.8963124999999996
10.714285714285714 2.8891875
10.75 2.8963124999999996
10.785714285714286 2.8998749999999998
10.821428571428571 2.8998749999999998
10.857142857142858 2.8998749999999998
10.892857142857142 2.8998749999999998
10.928571428571429 2.8998749999999998
10.964285714285714 2.8998749999999998
11.0 2.89275
11.035714285714286 2.8963124999999996
11.071428571428571 2.8963124999999996
11.107142857142858 2.8998749999999998
11.142857142857142 2.8998749999999998
11.178571428571429 2.9034375
11.214285714285714 2.8998749999999998
11.25 2.8998749999999998
11.285714285714286 2.8998749999999998
11.321428571428571 2.89275
11.357142857142858 2.8963124999999996
11.392857142857142 2.8963124999999996
11.428571428571429 2.8998749999999998
11.464285714285714 2.9034375
11.5 2.8998749999999998
11.535714285714286 2.8998749999999998
11.571428571428571 2.8998749999999998
11.607142857142858 2.8963124999999996
11.642857142857142 2.8998749999999998
11.678571428571429 2.8963124999999996
11.714285714285714 2.8963124999999996
11.75 2.8998749999999998
11.785714285714286 2.8998749999999998
11.821428571428571 2.8998749999999998
11.857142857142858 2.8998749999999998
11.892857142857142 2.8963124999999996
11.928571428571429 2.8963124999999996
11.964285714285714 2.8998749999999998
12.0 2.8963124999999996
12.035714285714286 2.8998749999999998
12.071428571428571 2.8998749999999998
12.107142857142858 2.8998749999999998
12.142857142857142 2.8998749999999998
12.178571428571429 2.8998749999999998
12.214285714285714 2.8963124999999996
12.25 2.8998749999999998
12.285714285714286 2.8963124999999996
12.321428571428571 2.8998749999999998
12.357142857142858 2.8998749999999998
12.392857142857142 2.8998749999999998
12.428571428571429 2.8998749999999998
12.464285714285714 2.8998749999999998
12.5 2.8963124999999996
12.535714285714286 2.89275
12.571428571428571 2.8963124999999996
12.607142857142858 2.8998749999999998
12.642857142857142 2.8998749999999998
12.678571428571429 2.8998749999999998
12.714285714285714 2.8998749999999998
12.75 2.8998749999999998
12.785714285714286 2.8998749999999998
12.821428571428571 2.8963124999999996
12.857142857142858 2.8998749999999998
12.892857142857142 2.8963124999999996
12.928571428571429 2.8998749999999998
12.964285714285714 2.8998749999999998
13.0 2.8998749999999998
13.035714285714286 2.8998749999999998
13.071428571428571 2.8998749999999998
13.107142857142858 2.8998749999999998
13.142857142857142 2.8963124999999996
13.178571428571429 2.8963124999999996
13.214285714285714 2.8963124999999996
13.25 2.8998749999999998
13.285714285714286 2.8998749999999998
13.321428571428571 2.8998749999999998
13.357142857142858 2.8998749999999998
13.392857142857142 2.8998749999999998
13.428571428571429 2.89275
13.464285714285714 2.8963124999999996
13.5 2.8963124999999996
13.535714285714286 2.8963124999999996
13.571428571428571 2.8998749999999998
13.607142857142858 2.8998749999999998
13.642857142857142 2.8998749999999998
13.678571428571429 2.8998749999999998
13.714285714285714 2.8998749999999998
13.75 2.8963124999999996
13.785714285714286 2.8998749999999998
13.821428571428571 2.8963124999999996
13.857142857142858 2.9034375
13.892857142857142 2.9034375
13.928571428571429 2.9034375
13.964285714285714 2.8998749999999998
14.0 2.8998749999999998
14.035714285714286 2.89275
14.071428571428571 2.8963124999999996
14.107142857142858 2.8963124999999996
14.142857142857142 2.8998749999999998
14.178571428571429 2.8998749999999998
14.214285714285714 2.8998749999999998
14.25 2.8998749999999998
14.285714285714286 2.8998749999999998
14.321428571428571 2.8998749999999998
14.357142857142858 2.8963124999999996
14.392857142857142 2.8963124999999996
14.428571428571429 2.8963124999999996
14.464285714285714 2.8998749999999998
14.5 2.8998749999999998
14.535714285714286 2.8998749999999998
14.571428571428571 2.8998749999999998
14.607142857142858 2.8998749999999998
14.642857142857142 2.8963124999999996
14.678571428571429 2.8998749999999998
14.714285714285714 2.8963124999999996
14.75 2.8998749999999998
14.785714285714286 2.9034375
14.821428571428571 2.8998749999999998
14.857142857142858 2.8998749999999998
14.892857142857142 2.8998749999999998
14.928571428571429 2.8963124999999996
14.964285714285714 2.8963124999999996
15.0 2.8963124999999996
15.035714285714286 2.8963124999999996
15.071428571428571 2.8998749999999998
15.107142857142858 2.8998749999999998
15.142857142857142 2.8998749999999998
15.178571428571429 2.8998749999999998
15.214285714285714 2.8998749999999998
15.25 2.8963124999999996
15.285714285714286 2.8998749999999998
15.321428571428571 2.8963124999999996
15.357142857142858 2.8998749999999998
15.392857142857142 2.9034375
15.428571428571429 2.8998749999999998
15.464285714285714 2.8998749999999998
15.5 2.8998749999999998
15.535714285714286 2.8963124999999996
15.571428571428571 2.8963124999999996
15.607142857142858 2.8963124999999996
15.642857142857142 2.8998749999999998
15.678571428571429 2.8998749999999998
15.714285714285714 2.8998749999999998
15.75 2.8998749999999998
15.785714285714286 2.8998749999999998
15.821428571428571 2.8998749999999998
15.857142857142858 2.89275
15.892857142857142 2.8963124999999996
15.928571428571429 2.8963124999999996
15.964285714285714 2.8998749999999998
16.0 2.9034375
16.035714285714285 2.8998749999999998
16.071428571428573 2.8998749999999998
16.107142857142858 2.8998749999999998
16.142857142857142 2.8998749999999998
16.178571428571427 2.8963124999999996
16.214285714285715 2.8963124999999996
16.25 2.8963124999999996
16.285714285714285 2.8998749999999998
16.321428571428573 2.9034375
16.357142857142858 2.8998749999999998
16.392857142857142 2.8998749999999998
16.428571428571427 2.8998749999999998
16.464285714285715 2.8891875
16.5 2.8998749999999998
16.535714285714285 2.8963124999999996
16.571428571428573 2.8963124999999996
16.607142857142858 2.8998749999999998
16.642857142857142 2.8998749999999998
16.678571428571427 2.8998749999999998
16.714285714285715 2.8998749999999998
16.75 2.89275
16.785714285714285 2.8963124999999996
16.821428571428573 2.8998749999999998
16.857142857142858 2.8963124999999996
16.892857142857142 2.9034375
16.928571428571427 2.9034375
16.964285714285715 2.8998749999999998
17.0 2.8998749999999998
17.035714285714285 2.8998749999999998
17.071428571428573 2.89275
17.107142857142858 2.8998749999999998
17.142857142857142 2.8963124999999996
17.178571428571427 2.8998749999999998
17.214285714285715 2.8998749999999998
17.25 2.8998749999999998
17.285714285714285 2.8998749999999998
17.321428571428573 2.8998749999999998
17.357142857142858 2.8963124999999996
17.392857142857142 2.8963124999999996
17.428571428571427 2.8963124999999996
17.464285714285715 2.8963124999999996
17.5 2.9034375
17.535714285714285 2.8998749999999998
17.571428571428573 2.8998749999999998
17.607142857142858 2.8998749999999998
17.642857142857142 2.8998749999999998
17.678571428571427 2.8963124999999996
17.714285714285715 2.8998749999999998
17.75 2.8963124999999996
17.785714285714285 2.8998749999999998
17.821428571428573 2.9034375
17.857142857142858 2.8998749999999998
17.892857142857142 2.8998749999999998
17.928571428571427 2.8998749999999998
17.964285714285715 2.8963124999999996
18.0 2.8998749999999998
18.035714285714285 2.8963124999999996
18.071428571428573 2.8963124999999996
18.107142857142858 2.8998749999999998
18.142857142857142 2.8998749999999998
18.178571428571427 2.8998749999999998
18.214285714285715 2.8998749999999998
18.25 2.8998749999999998
18.285714285714285 2.89275
18.321428571428573 2.8998749999999998
18.357142857142858 2.8963124999999996
18.392857142857142 2.8998749999999998
18.428571428571427 2.9034375
18.464285714285715 2.8998749999999998
18.5 2.8998749999999998
18.535714285714285 2.8998749999999998
18.571428571428573 2.8963124999999996
18.607142857142858 2.8998749999999998
18.642857142857142 2.8963124999999996
18.678571428571427 2.8998749999999998
18.714285714285715 2.8998749999999998
18.75 2.9034375
18.785714285714285 2.8998749999999998
18.821428571428573 2.8998749999999998
18.857142857142858 2.8998749999999998
18.892857142857142 2.89275
18.928571428571427 2.8998749999999998
18.964285714285715 2.8963124999999996
19.0 2.8998749999999998
19.035714285714285 2.8998749999999998
19.071428571428573 2.8998749999999998
19.107142857142858 2.8998749999999998
19.142857142857142 2.8998749999999998
19.178571428571427 2.8998749999999998
19.214285714285715 2.8998749999999998
19.25 2.8963124999999996
19.285714285714285 2.8998749999999998
19.321428571428573 2.8998749999999998
19.357142857142858 2.8998749999999998
19.392857142857142 2.8998749999999998
19.428571428571427 2.8998749999999998
19.464285714285715 2.8998749999999998
19.5 2.89275
19.535714285714285 2.8998749999999998
19.571428571428573 2.8963124999999996
19.607142857142858 2.8998749999999998
19.642857142857142 2.9034375
19.678571428571427 2.9034375
19.714285714285715 2.8998749999999998
19.75 2.8998749999999998
19.785714285714285 2.89275
19.821428571428573 2.8963124999999996
19.857142857142858 2.8963124999999996
19.892857142857142 2.8963124999999996
19.928571428571427 2.9034375
19.964285714285715 2.9034375
20.0 2.9034375
20.035714285714285 2.9034375
20.071428571428573 2.8998749999999998
20.107142857142858 2.8963124999999996
20.142857142857142 2.8998749999999998
20.178571428571427 2.8963124999999996
20.214285714285715 2.8998749999999998
20.25 2.9034375
20.285714285714285 2.9034375
20.321428571428573 2.8998749999999998
20.357142857142858 2.8998749999999998
20.392857142857142 2.8963124999999996
20.428571428571427 2.8963124999999996
20.464285714285715 2.8963124999999996
20.5 2.8998749999999998
20.535714285714285 2.9034375
20.571428571428573 2.9034375
20.607142857142858 2.8998749999999998
20.642857142857142 2.8998749999999998
20.678571428571427 2.8998749999999998
20.714285714285715 2.8963124999999996
20.75 2.8963124999999996
20.785714285714285 2.8963124999999996
20.821428571428573 2.8998749999999998
20.857142857142858 2.9034375
20.892857142857142 2.8998749999999998
20.928571428571427 2.8998749999999998
20.964285714285715 2.8998749999999998
21.0 2.8963124999999996
21.035714285714285 2.8998749999999998
21.071428571428573 2.8963124999999996
21.107142857142858 2.8998749999999998
21.142857142857142 2.8998749999999998
21.178571428571427 2.9034375
21.214285714285715 2.9034375
21.25 2.8998749999999998
21.285714285714285 2.8998749999999998
21.321428571428573 2.8963124999999996
21.357142857142858 2.8998749999999998
21.392857142857142 2.8963124999999996
21.428571428571427 2.8998749999999998
21.464285714285715 2.8998749999999998
21.5 2.8998749999999998
21.535714285714285 2.8998749999999998
21.571428571428573 2.8998749999999998
21.607142857142858 2.8963124999999996
21.642857142857142 2.8998749999999998
21.678571428571427 2.8963124999999996
21.714285714285715 2.8998749999999998
21.75 2.9034375
21.785714285714285 2.9034375
21.821428571428573 2.9034375
21.857142857142858 2.8998749999999998
21.892857142857142 2.8998749999999998
21.928571428571427 2.8963124999999996
21.964285714285715 2.8998749999999998
22.0 2.8998749999999998
22.035714285714285 2.8998749999999998
22.071428571428573 2.9034375
22.107142857142858 2.9034375
22.142857142857142 2.8998749999999998
22.178571428571427 2.8998749999999998
22.214285714285715 2.8998749999999998
22.25 2.8998749999999998
22.285714285714285 2.8963124999999996
22.321428571428573 2.8998749999999998
22.357142857142858 2.9034375
22.392857142857142 2.9034375
22.428571428571427 2.8998749999999998
22.464285714285715 2.8998749999999998
22.5 2.8998749999999998
22.535714285714285 2.8998749999999998
22.571428571428573 2.8998749999999998
22.607142857142858 2.8998749999999998
22.642857142857142 2.8998749999999998
22.678571428571427 2.8998749999999998
22.714285714285715 2.9034375
22.75 2.8998749999999998
22.785714285714285 2.8998749999999998
22.821428571428573 2.89275
22.857142857142858 2.8998749999999998
22.892857142857142 2.8963124999999996
22.928571428571427 2.8998749999999998
22.964285714285715 2.8998749999999998
23.0 2.9034375
23.035714285714285 2.9034375
23.071428571428573 2.8998749999999998
23.107142857142858 2.9034375
23.142857142857142 2.8963124999999996
23.178571428571427 2.8998749999999998
23.214285714285715 2.8998749999999998
23.25 2.9034375
23.285714285714285 2.9034375
23.321428571428573 2.9034375
23.357142857142858 2.9034375
23.392857142857142 2.8998749999999998
23.428571428571427 2.8963124999999996
23.464285714285715 2.8963124999999996
23.5 2.8963124999999996
23.535714285714285 2.8998749999999998
23.571428571428573 2.9034375
23.607142857142858 2.9034375
23.642857142857142 2.9034375
23.678571428571427 2.8998749999999998
23.714285714285715 2.8998749999999998
23.75 2.8963124999999996
23.785714285714285 2.8963124999999996
23.821428571428573 2.8998749999999998
23.857142857142858 2.9034375
23.892857142857142 2.9034375
23.928571428571427 2.9034375
23.964285714285715 2.8998749999999998
24.0 2.8998749999999998
24.035714285714285 2.8963124999999996
24.071428571428573 2.8998749999999998
24.107142857142858 2.8998749999999998
24.142857142857142 2.8998749999999998
24.178571428571427 2.8998749999999998
24.214285714285715 2.9034375
24.25 2.8998749999999998
24.285714285714285 2.8998749999999998
24.321428571428573 2.8998749999999998
24.357142857142858 2.9034375
24.392857142857142 2.8963124999999996
24.428571428571427 2.8963124999999996
24.464285714285715 2.8998749999999998
24.5 2.9034375
24.535714285714285 2.9034375
24.571428571428573 2.9034375
24.607142857142858 2.9034375
24.642857142857142 2.8963124999999996
24.678571428571427 2.9034375
24.714285714285715 2.8998749999999998
24.75 2.8998749999999998
24.785714285714285 2.9034375
24.821428571428573 2.9034375
24.857142857142858 2.9034375
24.892857142857142 2.9034375
24.928571428571427 2.8998749999999998
24.964285714285715 2.8963124999999996
25.0 2.8998749999999998
25.035714285714285 2.8998749999999998
25.071428571428573 2.8998749999999998
25.107142857142858 2.8998749999999998
25.142857142857142 2.9034375
25.178571428571427 2.8998749999999998
25.214285714285715 2.8998749999999998
25.25 2.89275
25.285714285714285 2.8998749999999998
25.321428571428573 2.8963124999999996
25.357142857142858 2.8998749999999998
25.392857142857142 2.9034375
25.428571428571427 2.9034375
25.464285714285715 2.9034375
25.5 2.8998749999999998
25.535714285714285 2.8998749999999998
25.571428571428573 2.8998749999999998
25.607142857142858 2.8998749999999998
25.642857142857142 2.8963124999999996
25.678571428571427 2.8998749999999998
25.714285714285715 2.9034375
25.75 2.9034375
25.785714285714285 2.9034375
25.821428571428573 2.8998749999999998
25.857142857142858 2.89275
25.892857142857142 2.8998749999999998
25.928571428571427 2.8963124999999996
25.964285714285715 2.8998749999999998
26.0 2.9034375
26.035714285714285 2.9034375
26.071428571428573 2.9034375
26.107142857142858 2.8998749999999998
26.142857142857142 2.8998749999999998
26.178571428571427 2.8998749999999998
26.214285714285715 2.8998749999999998
26.25 2.8963124999999996
26.285714285714285 2.8998749999999998
26.321428571428573 2.9034375
26.357142857142858 2.9034375
26.392857142857142 2.8998749999999998
26.428571428571427 2.8998749999999998
26.464285714285715 2.8963124999999996
26.5 2.9034375
26.535714285714285 2.8963124999999996
26.571428571428573 2.8998749999999998
26.607142857142858 2.8998749999999998
26.642857142857142 2.9034375
26.678571428571427 2.8998749999999998
26.714285714285715 2.8998749999999998
26.75 2.8963124999999996
26.785714285714285 2.8963124999999996
26.821428571428573 2.8998749999999998
26.857142857142858 2.8998749999999998
26.892857142857142 2.8998749999999998
26.928571428571427 2.9034375
26.964285714285715 2.9034375
27.0 2.8998749999999998
27.035714285714285 2.8998749999999998
27.071428571428573 2.8963124999999996
27.107142857142858 2.9034375
27.142857142857142 2.8963124999999996
27.178571428571427 2.8998749999999998
27.214285714285715 2.8998749999999998
27.25 2.9034375
27.285714285714285 2.8998749999999998
27.321428571428573 2.8998749999999998
27.357142857142858 2.8963124999999996
27.392857142857142 2.9034375
27.428571428571427 2.8998749999999998
27.464285714285715 2.8963124999999996
27.5 2.8998749999999998
27.535714285714285 2.9034375
27.571428571428573 2.9034375
27.607142857142858 2.8998749999999998
27.642857142857142 2.8998749999999998
27.678571428571427 2.8963124999999996
27.714285714285715 2.9034375
27.75 2.8963124999999996
27.785714285714285 2.8998749999999998
27.821428571428573 2.9034375
27.857142857142858 2.9034375
27.892857142857142 2.8998749999999998
27.928571428571427 2.8998749999999998
27.964285714285715 2.8963124999999996
28.0 2.9034375
28.035714285714285 2.8998749999999998
28.071428571428573 2.8963124999999996
28.107142857142858 2.8998749999999998
28.142857142857142 2.8998749999999998
28.178571428571427 2.8998749999999998
28.214285714285715 2.8998749999999998
28.25 2.8963124999999996
28.285714285714285 2.89275
28.321428571428573 2.9034375
28.357142857142858 2.8963124999999996
28.392857142857142 2.8998749999999998
28.428571428571427 2.8998749999999998
28.464285714285715 2.8998749999999998
28.5 2.8998749999999998
28.535714285714285 2.8998749999999998
28.571428571428573 2.8998749999999998
28.607142857142858 2.8998749999999998
28.642857142857142 2.8963124999999996
28.678571428571427 2.8963124999999996
28.714285714285715 2.8998749999999998
28.75 2.8998749999999998
28.785714285714285 2.8998749999999998
28.821428571428573 2.8998749999999998
28.857142857142858 2.8998749999999998
28.892857142857142 2.89275
28.928571428571427 2.9034375
28.964285714285715 2.8998749999999998
29.0 2.8998749999999998
29.035714285714285 2.8998749999999998
29.071428571428573 2.8998749999999998
29.107142857142858 2.8998749999999998
29.142857142857142 2.8998749999999998
29.178571428571427 2.8998749999999998
29.214285714285715 2.8998749999999998
29.25 2.8998749999999998
29.285714285714285 2.8963124999999996
29.321428571428573 2.8998749999999998
29.357142857142858 2.8998749999999998
29.392857142857142 2.8998749999999998
29.428571428571427 2.8998749999999998
29.464285714285715 2.8998749999999998
29.5 2.8998749999999998
29.535714285714285 2.9034375
29.571428571428573 2.8998749999999998
29.607142857142858 2.8998749999999998
29.642857142857142 2.8998749999999998
29.678571428571427 2.8998749999999998
29.714285714285715 2.8998749999999998
29.75 2.8998749999999998
29.785714285714285 2.89275
29.821428571428573 2.8963124999999996
29.857142857142858 2.8998749999999998
29.892857142857142 2.8963124999999996
29.928571428571427 2.8998749999999998
29.964285714285715 2.8998749999999998
30.0 2.8998749999999998
30.035714285714285 2.8998749999999998
30.071428571428573 2.8998749999999998
30.107142857142858 2.89275
30.142857142857142 2.9034375
30.178571428571427 2.8998749999999998
30.214285714285715 2.8963124999999996
30.25 2.8998749999999998
30.285714285714285 2.8998749999999998
30.321428571428573 2.8998749999999998
30.357142857142858 2.8998749999999998
30.392857142857142 2.8963124999999996
30.428571428571427 2.9034375
30.464285714285715 2.9034375
30.5 2.8963124999999996
30.535714285714285 2.8998749999999998
30.571428571428573 2.8998749999999998
30.607142857142858 2.8998749999999998
30.642857142857142 2.8998749999999998
30.678571428571427 2.8998749999999998
30.714285714285715 2.89275
30.75 2.9034375
30.785714285714285 2.8998749999999998
30.821428571428573 2.8963124999999996
30.857142857142858 2.8998749999999998
30.892857142857142 2.8998749999999998
30.928571428571427 2.8998749999999998
30.964285714285715 2.8998749999999998
31.0 2.89275
31.035714285714285 2.9034375
31.071428571428573 2.9034375
31.107142857142858 2.8963124999999996
31.142857142857142 2.8998749999999998
31.178571428571427 2.8998749999999998
31.214285714285715 2.8998749999999998
31.25 2.8998749999999998
31.285714285714285 2.8963124999999996
31.321428571428573 2.89275
31.357142857142858 2.9034375
31.392857142857142 2.8998749999999998
31.428571428571427 2.8998749999999998
31.464285714285715 2.8998749999999998
31.5 2.8998749999999998
31.535714285714285 2.8998749999999998
31.571428571428573 2.8998749999999998
31.607142857142858 2.8891875
31.642857142857142 2.9034375
31.678571428571427 2.8998749999999998
31.714285714285715 2.8998749999999998
31.75 2.8998749999999998
31.785714285714285 2.8998749999999998
31.821428571428573 2.8998749999999998
31.857142857142858 2.8998749999999998
31.892857142857142 2.8998749999999998
31.928571428571427 2.89275
31.964285714285715 2.9034375
32.0 2.8998749999999998
32.035714285714285 2.8963124999999996
32.07142857142857 2.8998749999999998
32.107142857142854 2.8998749999999998
32.142857142857146 2.8998749999999998
32.17857142857143 2.8998749999999998
32.214285714285715 2.8998749999999998
32.25 2.9034375
32.285714285714285 2.8998749999999998
32.32142857142857 2.8998749999999998
32.357142857142854 2.8998749999999998
32.392857142857146 2.8998749999999998
32.42857142857143 2.8998749999999998
32.464285714285715 2.8998749999999998
32.5 2.8998749999999998
32.535714285714285 2.8998749999999998
32.57142857142857 2.9034375
32.607142857142854 2.8998749999999998
32.642857142857146 2.8998749999999998
32.67857142857143 2.8998749999999998
32.714285714285715 2.8998749999999998
32.75 2.8998749999999998
32.785714285714285 2.8963124999999996
32.82142857142857 2.89275
32.857142857142854 2.9034375
32.892857142857146 2.8998749999999998
32.92857142857143 2.8963124999999996
32.964285714285715 2.8998749999999998
33.0 2.8998749999999998
33.035714285714285 2.8998749999999998
33.07142857142857 2.8963124999999996
33.107142857142854 2.89275
33.142857142857146 2.8963124999999996
33.17857142857143 2.9034375
33.214285714285715 2.8998749999999998
33.25 2.8998749999999998
33.285714285714285 2.8998749999999998
33.32142857142857 2.8998749999999998
33.357142857142854 2.8998749999999998
33.392857142857146 2.8963124999999996
33.42857142857143 2.8963124999999996
33.464285714285715 2.9034375
33.5 2.8998749999999998
33.535714285714285 2.8963124999999996
33.57142857142857 2.8998749999999998
33.607142857142854 2.8998749999999998
33.642857142857146 2.8998749999999998
33.67857142857143 2.8998749999999998
33.714285714285715 2.8998749999999998
33.75 2.89275
33.785714285714285 2.9034375
33.82142857142857 2.8998749999999998
33.857142857142854 2.8998749999999998
33.892857142857146 2.8998749999999998
33.92857142857143 2.8998749999999998
33.964285714285715 2.8998749999999998
34.0 2.8998749999999998
34.035714285714285 2.89275
34.07142857142857 2.9034375
34.107142857142854 2.8998749999999998
34.142857142857146 2.8963124999999996
34.17857142857143 2.8998749999999998
34.214285714285715 2.8998749999999998
34.25 2.8998749999999998
34.285714285714285 2.8998749999999998
34.32142857142857 2.8963124999999996
34.357142857142854 2.9034375
34.392857142857146 2.9034375
34.42857142857143 2.8963124999999996
34.464285714285715 2.8963124999999996
34.5 2.8998749999999998
34.535714285714285 2.8998749999999998
34.57142857142857 2.8998749999999998
34.607142857142854 2.8963124999999996
34.642857142857146 2.89275
34.67857142857143 2.9034375
34.714285714285715 2.8998749999999998
34.75 2.8998749999999998
34.785714285714285 2.8998749999999998
34.82142857142857 2.8998749999999998
34.857142857142854 2.8998749999999998
34.892857142857146 2.8963124999999996
34.92857142857143 2.8998749999999998
34.964285714285715 2.8891875
35.0 2.9034375
35.035714285714285 2.8963124999999996
35.07142857142857 2.8998749999999998
35.107142857142854 2.8998749999999998
35.142857142857146 2.8998749999999998
35.17857142857143 2.8998749999999998
35.214285714285715 2.8963124999999996
35.25 2.8891875
35.285714285714285 2.9034375
35.32142857142857 2.8998749999999998
35.357142857142854 2.8963124999999996
35.392857142857146 2.8998749999999998
35.42857142857143 2.8998749999999998
35.464285714285715 2.8998749999999998
35.5 2.8998749999999998
35.535714285714285 2.8998749999999998
35.57142857142857 2.8998749999999998
35.607142857142854 2.8998749999999998
35.642857142857146 2.8998749999999998
35.67857142857143 2.8963124999999996
35.714285714285715 2.8998749999999998
35.75 2.8998749999999998
35.785714285714285 2.8998749999999998
35.82142857142857 2.8963124999999996
35.857142857142854 2.8998749999999998
35.892857142857146 2.9034375
35.92857142857143 2.9034375
35.964285714285715 2.8963124999999996
36.0 2.8998749999999998
36.035714285714285 2.8998749999999998
36.07142857142857 2.8998749999999998
36.107142857142854 2.8998749999999998
36.142857142857146 2.89275
36.17857142857143 2.8963124999999996
36.214285714285715 2.9034375
36.25 2.8998749999999998
36.285714285714285 2.8998749999999998
36.32142857142857 2.8998749999999998
36.357142857142854 2.8998749999999998
36.392857142857146 2.8963124999999996
36.42857142857143 2.8963124999999996
36.464285714285715 2.89275
36.5 2.9034375
36.535714285714285 2.8998749999999998
36.57142857142857 2.8963124999999996
36.607142857142854 2.8998749999999998
36.642857142857146 2.8998749999999998
36.67857142857143 2.8998749999999998
36.714285714285715 2.8963124999999996
36.75 2.8963124999999996
36.785714285714285 2.89275
36.82142857142857 2.9034375
36.857142857142854 2.8963124999999996
36.892857142857146 2.8998749999999998
36.92857142857143 2.8998749999999998
36.964285714285715 2.8998749999999998
37.0 2.8998749999999998
37.035714285714285 2.8963124999999996
37.07142857142857 2.89275
37.107142857142854 2.9034375
37.142857142857146 2.8998749999999998
37.17857142857143 2.8963124999999996
37.214285714285715 2.8998749999999998
37.25 2.8998749999999998
37.285714285714285 2.8998749999999998
37.32142857142857 2.8963124999999996
37.357142857142854 2.8963124999999996
37.392857142857146 2.9034375
37.42857142857143 2.9034375
37.464285714285715 2.8963124999999996
37.5 2.8998749999999998
37.535714285714285 2.8998749999999998
37.57142857142857 2.8998749999999998
37.607142857142854 2.8998749999999998
37.642857142857146 2.8963124999999996
37.67857142857143 2.8891875
37.714285714285715 2.9034375
37.75 2.8998749999999998
37.785714285714285 2.8998749999999998
37.82142857142857 2.8998749999999998
37.857142857142854 2.8998749999999998
37.892857142857146 2.8998749999999998
37.92857142857143 2.8963124999999996
37.964285714285715 2.8998749999999998
38.0 2.9034375
38.035714285714285 2.9034375
38.07142857142857 2.8998749999999998
38.107142857142854 2.8998749999999998
38.142857142857146 2.8998749999999998
38.17857142857143 2.8998749999999998
38.214285714285715 2.8998749999999998
38.25 2.8998749999999998
38.285714285714285 2.89275
38.32142857142857 2.9034375
38.357142857142854 2.8998749999999998
38.392857142857146 2.8963124999999996
38.42857142857143 2.8998749999999998
38.464285714285715 2.8998749999999998
38.5 2.8998749999999998
38.535714285714285 2.8998749999999998
38.57142857142857 2.8998749999999998
38.607142857142854 2.8998749999999998
38.642857142857146 2.8998749999999998
38.67857142857143 2.8998749999999998
38.714285714285715 2.8998749999999998
38.75 2.8998749999999998
38.785714285714285 2.8998749999999998
38.82142857142857 2.8998749999999998
38.857142857142854 2.8963124999999996
38.892857142857146 2.8963124999999996
38.92857142857143 2.9034375
38.964285714285715 2.8998749999999998
39.0 2.8963124999999996
39.035714285714285 2.8998749999999998
39.07142857142857 2.8998749999999998
39.107142857142854 2.8998749999999998
39.142857142857146 2.8998749999999998
39.17857142857143 2.89275
39.214285714285715 2.8963124999999996
39.25 2.9034375
39.285714285714285 2.8998749999999998
39.32142857142857 2.8998749999999998
39.357142857142854 2.8998749999999998
39.392857142857146 2.8998749999999998
39.42857142857143 2.8998749999999998
39.464285714285715 2.8963124999999996
39.5 2.8963124999999996
39.535714285714285 2.9034375
39.57142857142857 2.8998749999999998
39.607142857142854 2.8998749999999998
39.642857142857146 2.8998749999999998
39.67857142857143 2.8998749999999998
39.714285714285715 2.8998749999999998
39.75 2.8963124999999996
39.785714285714285 2.8963124999999996
39.82142857142857 2.8963124999999996
39.857142857142854 2.9034375
39.892857142857146 2.8963124999999996
39.92857142857143 2.8963124999999996
