0.03571428571428571 3.241875
0.07142857142857142 3.2311875
0.10714285714285714 3.2311875
0.14285714285714285 3.2311875
0.17857142857142858 3.2276249999999997
0.21428571428571427 3.2276249999999997
0.25 3.2240624999999996
0.2857142857142857 3.2240624999999996
0.32142857142857145 3.2240624999999996
0.35714285714285715 3.2205
0.39285714285714285 3.2169375
0.42857142857142855 3.2169375
0.4642857142857143 3.2169375
0.5 3.2133749999999996
0.5357142857142857 3.2133749999999996
0.5714285714285714 3.2098125
0.6071428571428571 3.20625
0.6428571428571429 3.2026874999999997
0.6785714285714286 3.20625
0.7142857142857143 3.2311875
0.75 3.2133749999999996
0.7857142857142857 3.2098125
0.8214285714285714 3.2098125
0.8571428571428571 3.20625
0.8928571428571429 3.2098125
0.9285714285714286 3.2098125
0.9642857142857143 3.2098125
1.0 3.2098125
1.0357142857142858 3.2098125
1.0714285714285714 3.2098125
1.1071428571428572 3.2098125
1.1428571428571428 3.2098125
1.1785714285714286 3.2098125
1.2142857142857142 3.2098125
1.25 3.2098125
1.2857142857142858 3.2098125
1.3571428571428572 3.2026874999999997
1.4285714285714286 3.20625
1.4642857142857142 3.2133749999999996
1.5 3.20625
1.5357142857142858 3.20625
1.5714285714285714 3.20625
1.6071428571428572 3.20625
1.6428571428571428 3.20625
1.6785714285714286 3.20625
1.7142857142857142 3.20625
1.75 3.2026874999999997
1.7857142857142858 3.2026874999999997
1.8214285714285714 3.2026874999999997
1.8571428571428572 3.2026874999999997
1.8928571428571428 3.2026874999999997
1.9285714285714286 3.1991249999999996
1.9642857142857142 3.1991249999999996
2.0 3.1991249999999996
2.0357142857142856 3.1919999999999997
2.0714285714285716 3.1884374999999996
2.142857142857143 3.2169375
2.1785714285714284 3.1919999999999997
2.2142857142857144 3.1884374999999996
2.25 3.1955625
2.2857142857142856 3.1955625
2.3214285714285716 3.1955625
2.357142857142857 3.1991249999999996
2.392857142857143 3.1991249999999996
2.4285714285714284 3.1991249999999996
2.4642857142857144 3.1991249999999996
2.5 3.1955625
2.5357142857142856 3.1955625
2.5714285714285716 3.1955625
2.607142857142857 3.1955625
2.642857142857143 3.1955625
2.6785714285714284 3.1955625
2.7142857142857144 3.1955625
2.75 3.1919999999999997
2.7857142857142856 3.1919999999999997
2.8214285714285716 3.1955625
2.857142857142857 3.1919999999999997
2.892857142857143 3.1670624999999997
2.9285714285714284 3.1813124999999998
2.9642857142857144 3.184875
3.0 3.1919999999999997
3.0357142857142856 3.1919999999999997
3.0714285714285716 3.1955625
3.107142857142857 3.1991249999999996
3.142857142857143 3.1991249999999996
3.1785714285714284 3.1991249999999996
3.2142857142857144 3.1991249999999996
3.25 3.1955625
3.2857142857142856 3.1955625
3.3214285714285716 3.1955625
3.357142857142857 3.1955625
3.392857142857143 3.1955625
3.4285714285714284 3.1955625
3.4642857142857144 3.1884374999999996
3.5 3.1884374999999996
3.5714285714285716 3.2133749999999996
3.607142857142857 3.1741875
3.642857142857143 3.1884374999999996
3.6785714285714284 3.1919999999999997
3.7142857142857144 3.1955625
3.75 3.1991249999999996
3.7857142857142856 3.2026874999999997
3.8214285714285716 3.2026874999999997
3.857142857142857 3.2026874999999997
3.892857142857143 3.20625
3.9285714285714284 3.20625
3.9642857142857144 3.2026874999999997
4.0 3.2026874999999997
4.035714285714286 3.2026874999999997
4.071428571428571 3.2026874999999997
4.107142857142857 3.2026874999999997
4.142857142857143 3.2026874999999997
4.214285714285714 3.1955625
4.25 3.2133749999999996
4.285714285714286 3.2240624999999996
4.321428571428571 3.184875
4.357142857142857 3.2026874999999997
4.392857142857143 3.2026874999999997
4.428571428571429 3.2026874999999997
4.464285714285714 3.20625
4.5 3.20625
4.535714285714286 3.20625
4.571428571428571 3.2026874999999997
4.607142857142857 3.2026874999999997
4.642857142857143 3.2026874999999997
4.678571428571429 3.1991249999999996
4.714285714285714 3.1991249999999996
4.75 3.1991249999999996
4.785714285714286 3.1955625
4.821428571428571 3.1955625
4.857142857142857 3.1919999999999997
4.928571428571429 3.1884374999999996
4.964285714285714 3.1955625
5.0 3.170625
5.035714285714286 3.1741875
5.071428571428571 3.1884374999999996
5.107142857142857 3.1991249999999996
5.142857142857143 3.2026874999999997
5.178571428571429 3.2026874999999997
5.214285714285714 3.2026874999999997
5.25 3.20625
5.285714285714286 3.2098125
5.321428571428571 3.2098125
5.357142857142857 3.2098125
5.392857142857143 3.2098125
5.428571428571429 3.2098125
5.464285714285714 3.2098125
5.5 3.2098125
5.535714285714286 3.2098125
5.571428571428571 3.2098125
5.642857142857143 3.1955625
5.714285714285714 3.2240624999999996
5.75 3.2098125
5.785714285714286 3.1991249999999996
5.821428571428571 3.1991249999999996
5.857142857142857 3.1991249999999996
5.892857142857143 3.1991249999999996
5.928571428571429 3.1991249999999996
5.964285714285714 3.1991249999999996
6.0 3.1991249999999996
6.035714285714286 3.1991249999999996
6.071428571428571 3.1991249999999996
6.107142857142857 3.1991249999999996
6.142857142857143 3.1991249999999996
6.178571428571429 3.1991249999999996
6.214285714285714 3.1955625
6.25 3.1955625
6.285714285714286 3.1955625
6.357142857142857 3.1884374999999996
6.392857142857143 3.20625
6.428571428571429 3.1955625
6.5 3.1919999999999997
6.535714285714286 3.1919999999999997
6.571428571428571 3.1919999999999997
6.607142857142857 3.1955625
6.642857142857143 3.1919999999999997
6.678571428571429 3.1919999999999997
6.714285714285714 3.1919999999999997
6.75 3.1884374999999996
6.785714285714286 3.1884374999999996
6.821428571428571 3.184875
6.857142857142857 3.184875
6.892857142857143 3.184875
6.928571428571429 3.1813124999999998
6.964285714285714 3.1813124999999998
7.0 3.1777499999999996
7.035714285714286 3.1777499999999996
7.071428571428571 3.1741875
7.142857142857143 3.1385625
7.178571428571429 3.14925
7.214285714285714 3.1528124999999996
7.25 3.1599375
7.285714285714286 3.1670624999999997
7.321428571428571 3.1777499999999996
7.357142857142857 3.1884374999999996
7.392857142857143 3.1884374999999996
7.428571428571429 3.1884374999999996
7.464285714285714 3.1919999999999997
7.5 3.1919999999999997
7.535714285714286 3.1919999999999997
7.571428571428571 3.1919999999999997
7.607142857142857 3.1919999999999997
7.642857142857143 3.1919999999999997
7.678571428571429 3.1919999999999997
7.714285714285714 3.1919999999999997
7.75 3.184875
7.785714285714286 3.1813124999999998
7.821428571428571 3.184875
7.857142857142857 3.1991249999999996
7.892857142857143 3.1813124999999998
7.928571428571429 3.1813124999999998
7.964285714285714 3.1813124999999998
8.0 3.184875
8.035714285714286 3.1884374999999996
8.071428571428571 3.1884374999999996
8.107142857142858 3.1884374999999996
8.142857142857142 3.1884374999999996
8.178571428571429 3.1884374999999996
8.214285714285714 3.1884374999999996
8.25 3.184875
8.285714285714286 3.184875
8.321428571428571 3.184875
8.357142857142858 3.1813124999999998
8.392857142857142 3.1813124999999998
8.428571428571429 3.1813124999999998
8.5 3.1741875
8.535714285714286 3.1777499999999996
8.571428571428571 3.1456874999999997
8.607142857142858 3.1563749999999997
8.642857142857142 3.1741875
8.678571428571429 3.1741875
8.714285714285714 3.1777499999999996
8.75 3.1813124999999998
8.785714285714286 3.1813124999999998
8.821428571428571 3.184875
8.857142857142858 3.1813124999999998
8.892857142857142 3.1813124999999998
8.928571428571429 3.1813124999999998
8.964285714285714 3.1777499999999996
9.0 3.1777499999999996
9.035714285714286 3.1741875
9.071428571428571 3.1741875
9.107142857142858 3.1741875
9.178571428571429 3.170625
9.214285714285714 3.1670624999999997
9.25 3.1777499999999996
9.285714285714286 3.1741875
9.321428571428571 3.1528124999999996
9.357142857142858 3.1563749999999997
9.392857142857142 3.1635
9.428571428571429 3.1670624999999997
9.464285714285714 3.1741875
9.5 3.1813124999999998
9.535714285714286 3.1813124999999998
9.571428571428571 3.1813124999999998
9.607142857142858 3.1813124999999998
9.642857142857142 3.1813124999999998
9.678571428571429 3.1813124999999998
9.714285714285714 3.1777499999999996
9.75 3.1777499999999996
9.785714285714286 3.1741875
9.821428571428571 3.1741875
9.857142857142858 3.1741875
9.892857142857142 3.1670624999999997
9.928571428571429 3.170625
9.964285714285714 3.1741875
10.0 3.14925
10.035714285714286 3.1385625
10.071428571428571 3.1635
10.107142857142858 3.1741875
10.142857142857142 3.1777499999999996
10.178571428571429 3.1813124999999998
10.214285714285714 3.1813124999999998
10.25 3.184875
10.285714285714286 3.184875
10.321428571428571 3.184875
10.357142857142858 3.184875
10.392857142857142 3.184875
10.428571428571429 3.1813124999999998
10.464285714285714 3.1813124999999998
10.5 3.1813124999999998
10.535714285714286 3.1813124999999998
10.571428571428571 3.1813124999999998
10.607142857142858 3.1741875
10.642857142857142 3.170625
10.678571428571429 3.1741875
10.714285714285714 3.1919999999999997
10.75 3.1741875
10.785714285714286 3.1741875
10.821428571428571 3.1741875
10.857142857142858 3.1741875
10.892857142857142 3.1741875
10.928571428571429 3.1741875
10.964285714285714 3.1777499999999996
11.0 3.1777499999999996
11.035714285714286 3.1777499999999996
11.071428571428571 3.1741875
11.107142857142858 3.1741875
11.142857142857142 3.1741875
11.178571428571429 3.170625
11.214285714285714 3.170625
11.25 3.170625
11.285714285714286 3.170625
11.321428571428571 3.1599375
11.357142857142858 3.1599375
11.392857142857142 3.1741875
11.428571428571429 3.170625
11.464285714285714 3.1456874999999997
11.5 3.1670624999999997
11.535714285714286 3.1670624999999997
11.571428571428571 3.1670624999999997
11.607142857142858 3.1670624999999997
11.642857142857142 3.1670624999999997
11.678571428571429 3.1635
11.714285714285714 3.1599375
11.75 3.1528124999999996
11.785714285714286 3.14925
11.821428571428571 3.1456874999999997
11.857142857142858 3.1385625
11.892857142857142 3.1314374999999997
11.928571428571429 3.127875
11.964285714285714 3.1243125
12.0 3.1171875
12.035714285714286 3.1171875
12.071428571428571 3.135
12.107142857142858 3.135
12.142857142857142 3.0815625
12.178571428571429 3.09225
12.214285714285714 3.0958124999999996
12.25 3.0993749999999998
12.285714285714286 3.1064999999999996
12.321428571428571 3.1100624999999997
12.357142857142858 3.1171875
12.392857142857142 3.1207499999999997
12.428571428571429 3.127875
12.464285714285714 3.1314374999999997
12.5 3.127875
12.535714285714286 3.127875
12.571428571428571 3.1243125
12.607142857142858 3.1207499999999997
12.642857142857142 3.1171875
12.678571428571429 3.1171875
12.714285714285714 3.113625
12.75 3.1207499999999997
12.785714285714286 3.127875
12.821428571428571 3.1314374999999997
12.857142857142858 3.078
12.892857142857142 3.09225
12.928571428571429 3.0886875
12.964285714285714 3.0958124999999996
13.0 3.0993749999999998
13.035714285714286 3.1064999999999996
13.071428571428571 3.113625
13.107142857142858 3.1207499999999997
13.142857142857142 3.1207499999999997
13.178571428571429 3.127875
13.214285714285714 3.127875
13.25 3.127875
13.285714285714286 3.127875
13.321428571428571 3.1243125
13.357142857142858 3.1207499999999997
13.392857142857142 3.1207499999999997
13.428571428571429 3.1171875
13.464285714285714 3.1171875
13.5 3.1207499999999997
13.535714285714286 3.1207499999999997
13.571428571428571 3.0815625
13.607142857142858 3.0851249999999997
13.642857142857142 3.0815625
13.678571428571429 3.0815625
13.714285714285714 3.0886875
13.75 3.0958124999999996
13.785714285714286 3.0958124999999996
13.821428571428571 3.0993749999999998
13.857142857142858 3.1029375
13.892857142857142 3.1064999999999996
13.928571428571429 3.1064999999999996
13.964285714285714 3.1064999999999996
14.0 3.1064999999999996
14.035714285714286 3.1029375
14.071428571428571 3.1029375
14.107142857142858 3.1029375
14.178571428571429 3.1064999999999996
14.214285714285714 3.1100624999999997
14.25 3.1171875
14.285714285714286 3.0673125
14.321428571428571 3.0815625
14.357142857142858 3.0815625
14.392857142857142 3.0815625
14.428571428571429 3.0851249999999997
14.464285714285714 3.0886875
14.5 3.0958124999999996
14.535714285714286 3.0993749999999998
14.571428571428571 3.1029375
14.607142857142858 3.1064999999999996
14.642857142857142 3.1064999999999996
14.678571428571429 3.1064999999999996
14.714285714285714 3.1064999999999996
14.75 3.1064999999999996
14.785714285714286 3.1064999999999996
14.821428571428571 3.1064999999999996
14.892857142857142 3.1064999999999996
14.928571428571429 3.1064999999999996
14.964285714285714 3.1064999999999996
15.0 3.0744374999999997
15.035714285714286 3.0815625
15.071428571428571 3.0851249999999997
15.107142857142858 3.09225
15.142857142857142 3.0958124999999996
15.178571428571429 3.1029375
15.214285714285714 3.1064999999999996
15.25 3.1064999999999996
15.285714285714286 3.1064999999999996
15.321428571428571 3.1064999999999996
15.357142857142858 3.1029375
15.392857142857142 3.1029375
15.428571428571429 3.0993749999999998
15.464285714285714 3.0993749999999998
15.5 3.09225
15.535714285714286 3.0886875
15.571428571428571 3.0851249999999997
15.607142857142858 3.0886875
15.642857142857142 3.0886875
15.678571428571429 3.09225
15.714285714285714 3.0459375
15.75 3.0601874999999996
15.785714285714286 3.0601874999999996
15.821428571428571 3.0637499999999998
15.857142857142858 3.0744374999999997
15.892857142857142 3.078
15.928571428571429 3.0851249999999997
15.964285714285714 3.0851249999999997
16.0 3.0851249999999997
16.035714285714285 3.0886875
16.071428571428573 3.0886875
16.107142857142858 3.0886875
16.142857142857142 3.0886875
16.178571428571427 3.0851249999999997
16.214285714285715 3.0851249999999997
16.25 3.0851249999999997
16.321428571428573 3.078
16.357142857142858 3.0815625
16.392857142857142 3.0958124999999996
16.428571428571427 3.056625
16.464285714285715 3.0601874999999996
16.5 3.0708749999999996
16.535714285714285 3.0708749999999996
16.571428571428573 3.0744374999999997
16.607142857142858 3.078
16.642857142857142 3.0815625
16.678571428571427 3.0815625
16.714285714285715 3.0815625
16.75 3.0815625
16.785714285714285 3.0815625
16.821428571428573 3.0815625
16.857142857142858 3.0815625
16.892857142857142 3.0815625
16.928571428571427 3.0815625
16.964285714285715 3.0815625
17.0 3.0815625
17.035714285714285 3.0708749999999996
17.071428571428573 3.0708749999999996
17.107142857142858 3.0851249999999997
17.142857142857142 3.0459375
17.178571428571427 3.0708749999999996
17.214285714285715 3.0673125
17.25 3.0673125
17.285714285714285 3.0673125
17.321428571428573 3.0673125
17.357142857142858 3.0673125
17.392857142857142 3.0673125
17.428571428571427 3.0673125
17.464285714285715 3.0673125
17.5 3.0673125
17.535714285714285 3.0673125
17.571428571428573 3.0637499999999998
17.607142857142858 3.0637499999999998
17.642857142857142 3.0637499999999998
17.678571428571427 3.0637499999999998
17.714285714285715 3.0637499999999998
17.75 3.0530625
17.785714285714285 3.056625
17.821428571428573 3.0744374999999997
17.857142857142858 3.056625
17.892857142857142 3.0601874999999996
17.928571428571427 3.0530625
17.964285714285715 3.0530625
18.0 3.0494999999999997
18.035714285714285 3.0494999999999997
18.071428571428573 3.0494999999999997
18.107142857142858 3.0494999999999997
18.142857142857142 3.0494999999999997
18.178571428571427 3.0459375
18.214285714285715 3.0459375
18.25 3.0459375
18.285714285714285 3.042375
18.321428571428573 3.042375
18.357142857142858 3.0388124999999997
18.392857142857142 3.0388124999999997
18.464285714285715 3.0281249999999997
18.5 3.0388124999999997
18.535714285714285 3.0459375
18.571428571428573 2.9960625
18.607142857142858 3.0174374999999998
18.642857142857142 3.021
18.678571428571427 3.0281249999999997
18.714285714285715 3.0316875
18.75 3.0316875
18.785714285714285 3.0316875
18.821428571428573 3.0316875
18.857142857142858 3.0316875
18.892857142857142 3.0316875
18.928571428571427 3.0316875
18.964285714285715 3.0316875
19.0 3.0316875
19.035714285714285 3.0316875
19.071428571428573 3.0316875
19.107142857142858 3.0316875
19.178571428571427 3.0245624999999996
19.214285714285715 3.0245624999999996
19.25 3.0281249999999997
19.285714285714285 3.021
19.321428571428573 3.0281249999999997
19.357142857142858 3.0281249999999997
19.392857142857142 3.0281249999999997
19.428571428571427 3.0281249999999997
19.464285714285715 3.0281249999999997
19.5 3.0281249999999997
19.535714285714285 3.0245624999999996
19.571428571428573 3.0245624999999996
19.607142857142858 3.0245624999999996
19.642857142857142 3.0245624999999996
19.678571428571427 3.0245624999999996
19.714285714285715 3.0245624999999996
19.75 3.021
19.785714285714285 3.0174374999999998
19.821428571428573 3.0174374999999998
19.857142857142858 3.0103125
19.892857142857142 3.00675
19.928571428571427 3.00675
19.964285714285715 3.021
20.0 3.0031874999999997
20.035714285714285 2.9960625
20.071428571428573 2.999625
20.107142857142858 2.999625
20.142857142857142 3.0031874999999997
20.178571428571427 3.0031874999999997
20.214285714285715 3.0031874999999997
20.25 3.0031874999999997
20.285714285714285 3.0031874999999997
20.321428571428573 3.0031874999999997
20.357142857142858 3.0031874999999997
20.392857142857142 3.0031874999999997
20.428571428571427 3.0031874999999997
20.464285714285715 3.0031874999999997
20.5 3.0031874999999997
20.535714285714285 3.0031874999999997
20.571428571428573 3.0031874999999997
20.607142857142858 2.999625
20.642857142857142 2.999625
20.678571428571427 3.0031874999999997
20.714285714285715 2.9960625
20.75 3.0031874999999997
20.785714285714285 3.0031874999999997
20.821428571428573 3.0031874999999997
20.857142857142858 3.0031874999999997
20.892857142857142 3.0031874999999997
20.928571428571427 3.0031874999999997
20.964285714285715 3.0031874999999997
21.0 3.0031874999999997
21.035714285714285 2.999625
21.071428571428573 2.999625
21.107142857142858 2.999625
21.142857142857142 2.999625
21.178571428571427 2.999625
21.214285714285715 2.999625
21.25 2.999625
21.285714285714285 2.9960625
21.321428571428573 2.9924999999999997
21.357142857142858 2.9960625
21.392857142857142 3.0103125
21.428571428571427 2.9960625
21.464285714285715 2.985375
21.5 2.9960625
21.535714285714285 2.9924999999999997
21.571428571428573 2.9924999999999997
21.607142857142858 2.9889374999999996
21.642857142857142 2.9889374999999996
21.678571428571427 2.9889374999999996
21.714285714285715 2.9889374999999996
21.75 2.9889374999999996
21.785714285714285 2.9889374999999996
21.821428571428573 2.9889374999999996
21.857142857142858 2.9818124999999998
21.892857142857142 2.9818124999999998
21.928571428571427 2.9818124999999998
21.964285714285715 2.9782499999999996
22.0 2.971125
22.035714285714285 2.9746875
22.071428571428573 2.9746875
22.107142857142858 2.9319374999999996
22.142857142857142 2.9248125
22.178571428571427 2.9319374999999996
22.214285714285715 2.9354999999999998
22.25 2.9533125
22.285714285714285 2.9568749999999997
22.321428571428573 2.964
22.357142857142858 2.9675624999999997
22.392857142857142 2.9675624999999997
22.428571428571427 2.9675624999999997
22.464285714285715 2.9675624999999997
22.5 2.9675624999999997
22.535714285714285 2.9675624999999997
22.571428571428573 2.9675624999999997
22.607142857142858 2.9675624999999997
22.642857142857142 2.9675624999999997
22.678571428571427 2.9675624999999997
22.714285714285715 2.964
22.75 2.964
22.785714285714285 2.9675624999999997
22.821428571428573 2.985375
22.857142857142858 2.964
22.892857142857142 2.9604375
22.928571428571427 2.964
22.964285714285715 2.9675624999999997
23.0 2.9675624999999997
23.035714285714285 2.9675624999999997
23.071428571428573 2.971125
23.107142857142858 2.971125
23.142857142857142 2.9675624999999997
23.178571428571427 2.9675624999999997
23.214285714285715 2.9675624999999997
23.25 2.9675624999999997
23.285714285714285 2.9675624999999997
23.321428571428573 2.9675624999999997
23.357142857142858 2.964
23.392857142857142 2.9604375
23.428571428571427 2.9533125
23.464285714285715 2.9533125
23.535714285714285 2.9746875
23.571428571428573 2.9319374999999996
23.607142857142858 2.964
23.642857142857142 2.9675624999999997
23.678571428571427 2.9675624999999997
23.714285714285715 2.9675624999999997
23.75 2.9675624999999997
23.785714285714285 2.971125
23.821428571428573 2.971125
23.857142857142858 2.971125
23.892857142857142 2.971125
23.928571428571427 2.971125
23.964285714285715 2.971125
24.0 2.971125
24.035714285714285 2.971125
24.071428571428573 2.971125
24.107142857142858 2.971125
24.142857142857142 2.9675624999999997
24.178571428571427 2.9604375
24.25 2.964
24.285714285714285 2.9675624999999997
24.321428571428573 2.964
24.357142857142858 2.9604375
24.392857142857142 2.9604375
24.428571428571427 2.964
24.464285714285715 2.964
24.5 2.964
24.535714285714285 2.964
24.571428571428573 2.964
24.607142857142858 2.964
24.642857142857142 2.964
24.678571428571427 2.964
24.714285714285715 2.964
24.75 2.964
24.785714285714285 2.964
24.821428571428573 2.964
24.857142857142858 2.9533125
24.892857142857142 2.94975
24.964285714285715 2.964
25.0 2.964
25.035714285714285 2.9568749999999997
25.071428571428573 2.9568749999999997
25.107142857142858 2.9533125
25.142857142857142 2.9533125
25.178571428571427 2.9533125
25.214285714285715 2.9533125
25.25 2.9533125
25.285714285714285 2.9533125
25.321428571428573 2.94975
25.357142857142858 2.94975
25.392857142857142 2.94975
25.428571428571427 2.94975
25.464285714285715 2.94975
25.5 2.94975
25.571428571428573 2.9461874999999997
25.607142857142858 2.9426249999999996
25.678571428571427 2.9568749999999997
25.714285714285715 2.9604375
25.75 2.9568749999999997
25.785714285714285 2.9568749999999997
25.821428571428573 2.9568749999999997
25.857142857142858 2.9568749999999997
25.892857142857142 2.9568749999999997
25.928571428571427 2.9568749999999997
25.964285714285715 2.9568749999999997
26.0 2.9568749999999997
26.035714285714285 2.9533125
26.071428571428573 2.9533125
26.107142857142858 2.94975
26.142857142857142 2.9461874999999997
26.178571428571427 2.9461874999999997
26.214285714285715 2.9426249999999996
26.285714285714285 2.928375
26.321428571428573 2.9212499999999997
26.392857142857142 2.9176875
26.428571428571427 2.9248125
26.464285714285715 2.9176875
26.5 2.9176875
26.535714285714285 2.9176875
26.571428571428573 2.9176875
26.607142857142858 2.9176875
26.642857142857142 2.914125
26.678571428571427 2.9176875
26.714285714285715 2.9176875
26.75 2.9176875
26.785714285714285 2.9176875
26.821428571428573 2.914125
26.857142857142858 2.914125
26.892857142857142 2.914125
26.928571428571427 2.914125
26.964285714285715 2.914125
27.0 2.8998749999999998
27.035714285714285 2.9034375
27.071428571428573 2.9034375
27.107142857142858 2.9105624999999997
27.142857142857142 2.914125
27.178571428571427 2.914125
27.214285714285715 2.914125
27.25 2.914125
27.285714285714285 2.914125
27.321428571428573 2.914125
27.357142857142858 2.914125
27.392857142857142 2.914125
27.428571428571427 2.914125
27.464285714285715 2.914125
27.5 2.914125
27.535714285714285 2.914125
27.571428571428573 2.914125
27.607142857142858 2.914125
27.642857142857142 2.914125
27.714285714285715 2.9034375
27.75 2.8963124999999996
27.785714285714285 2.9105624999999997
27.821428571428573 2.9069999999999996
27.857142857142858 2.9034375
27.892857142857142 2.9069999999999996
27.928571428571427 2.9034375
27.964285714285715 2.9069999999999996
28.0 2.9069999999999996
28.035714285714285 2.9034375
28.071428571428573 2.9034375
28.107142857142858 2.9034375
28.142857142857142 2.9034375
28.178571428571427 2.9034375
28.214285714285715 2.9034375
28.25 2.9034375
28.285714285714285 2.9034375
28.321428571428573 2.9034375
28.357142857142858 2.9034375
28.464285714285715 2.8856249999999997
28.535714285714285 2.8963124999999996
28.571428571428573 2.8963124999999996
28.607142857142858 2.8963124999999996
28.642857142857142 2.8963124999999996
28.678571428571427 2.8963124999999996
28.714285714285715 2.8963124999999996
28.75 2.8963124999999996
28.785714285714285 2.89275
28.821428571428573 2.89275
28.857142857142858 2.89275
28.892857142857142 2.89275
28.928571428571427 2.89275
28.964285714285715 2.89275
29.0 2.89275
29.035714285714285 2.89275
29.071428571428573 2.89275
29.107142857142858 2.89275
29.142857142857142 2.8785
29.178571428571427 2.8785
29.25 2.8856249999999997
29.285714285714285 2.8963124999999996
29.321428571428573 2.8891875
29.357142857142858 2.8891875
29.392857142857142 2.8891875
29.428571428571427 2.8856249999999997
29.464285714285715 2.8856249999999997
29.5 2.8820625
29.535714285714285 2.8820625
29.571428571428573 2.8820625
29.607142857142858 2.8785
29.642857142857142 2.8785
29.678571428571427 2.8785
29.714285714285715 2.8785
29.75 2.8785
29.785714285714285 2.8785
29.821428571428573 2.8785
29.857142857142858 2.8606874999999996
29.964285714285715 2.871375
30.0 2.8606874999999996
30.035714285714285 2.8606874999999996
30.071428571428573 2.8606874999999996
30.107142857142858 2.8535625
30.142857142857142 2.857125
30.178571428571427 2.857125
30.214285714285715 2.8535625
30.25 2.8535625
30.285714285714285 2.8499999999999996
30.321428571428573 2.8499999999999996
30.357142857142858 2.8464375
30.392857142857142 2.8464375
30.428571428571427 2.8464375
30.464285714285715 2.842875
30.5 2.8393124999999997
30.571428571428573 2.8286249999999997
30.607142857142858 2.8393124999999997
30.642857142857142 2.8464375
30.678571428571427 2.8321875
30.714285714285715 2.842875
30.75 2.8321875
30.785714285714285 2.8321875
30.821428571428573 2.8321875
30.857142857142858 2.8321875
30.892857142857142 2.8321875
30.928571428571427 2.8321875
30.964285714285715 2.8321875
31.0 2.8286249999999997
31.035714285714285 2.8286249999999997
31.071428571428573 2.8286249999999997
31.107142857142858 2.8286249999999997
31.142857142857142 2.8250624999999996
31.178571428571427 2.8215
31.214285714285715 2.8215
31.25 2.8179374999999998
31.285714285714285 2.8036874999999997
31.357142857142858 2.8036874999999997
31.392857142857142 2.8143749999999996
31.428571428571427 2.80725
31.464285714285715 2.8036874999999997
31.5 2.8036874999999997
31.535714285714285 2.8036874999999997
31.571428571428573 2.8036874999999997
31.607142857142858 2.8036874999999997
31.642857142857142 2.8036874999999997
31.678571428571427 2.800125
31.714285714285715 2.800125
31.75 2.800125
31.785714285714285 2.800125
31.821428571428573 2.800125
31.857142857142858 2.800125
31.892857142857142 2.800125
31.928571428571427 2.800125
32.0 2.785875
32.035714285714285 2.7894375
32.07142857142857 2.8108125
32.107142857142854 2.8143749999999996
32.142857142857146 2.800125
32.17857142857143 2.8036874999999997
32.214285714285715 2.8036874999999997
32.25 2.8036874999999997
32.285714285714285 2.8036874999999997
32.32142857142857 2.8036874999999997
32.357142857142854 2.8036874999999997
32.392857142857146 2.8036874999999997
32.42857142857143 2.8036874999999997
32.464285714285715 2.8036874999999997
32.5 2.8036874999999997
32.535714285714285 2.8036874999999997
32.57142857142857 2.8036874999999997
32.607142857142854 2.8036874999999997
32.642857142857146 2.8036874999999997
32.67857142857143 2.800125
32.714285714285715 2.785875
32.75 2.7929999999999997
32.785714285714285 2.8036874999999997
32.82142857142857 2.8108125
32.857142857142854 2.8036874999999997
32.892857142857146 2.8036874999999997
32.92857142857143 2.80725
32.964285714285715 2.80725
33.0 2.80725
33.035714285714285 2.80725
33.07142857142857 2.8036874999999997
33.107142857142854 2.8036874999999997
33.142857142857146 2.800125
33.17857142857143 2.7965625
33.214285714285715 2.7965625
33.25 2.7965625
33.285714285714285 2.7929999999999997
33.32142857142857 2.7894375
33.357142857142854 2.7894375
33.392857142857146 2.7751875
33.42857142857143 2.771625
33.464285714285715 2.771625
33.5 2.7894375
33.535714285714285 2.785875
33.57142857142857 2.7751875
33.607142857142854 2.771625
33.642857142857146 2.771625
33.67857142857143 2.7751875
33.714285714285715 2.7751875
33.75 2.7751875
33.785714285714285 2.7751875
33.82142857142857 2.7751875
33.857142857142854 2.771625
33.892857142857146 2.771625
33.92857142857143 2.771625
33.964285714285715 2.771625
34.0 2.771625
34.035714285714285 2.7680624999999996
34.07142857142857 2.7680624999999996
34.107142857142854 2.7466874999999997
34.142857142857146 2.7466874999999997
34.25 2.7573749999999997
34.285714285714285 2.75025
34.32142857142857 2.7538125
34.357142857142854 2.75025
34.392857142857146 2.75025
34.42857142857143 2.75025
34.464285714285715 2.75025
34.5 2.75025
34.535714285714285 2.75025
34.57142857142857 2.75025
34.607142857142854 2.75025
34.642857142857146 2.75025
34.67857142857143 2.75025
34.714285714285715 2.75025
34.75 2.75025
34.785714285714285 2.75025
34.857142857142854 2.728875
34.92857142857143 2.7538125
34.964285714285715 2.7431249999999996
35.0 2.7324374999999996
35.035714285714285 2.7324374999999996
35.07142857142857 2.7324374999999996
35.107142857142854 2.7324374999999996
35.142857142857146 2.7324374999999996
35.17857142857143 2.7324374999999996
35.214285714285715 2.7324374999999996
35.25 2.728875
35.285714285714285 2.7253125
35.32142857142857 2.7253125
35.357142857142854 2.7253125
35.392857142857146 2.7217499999999997
35.42857142857143 2.7217499999999997
35.464285714285715 2.7217499999999997
35.5 2.7181875
35.535714285714285 2.6968124999999996
35.57142857142857 2.69325
35.607142857142854 2.7181875
35.642857142857146 2.7039375
35.67857142857143 2.7075
35.714285714285715 2.6968124999999996
35.75 2.6968124999999996
35.785714285714285 2.6968124999999996
35.82142857142857 2.6968124999999996
35.857142857142854 2.7003749999999997
35.892857142857146 2.7003749999999997
35.92857142857143 2.7003749999999997
35.964285714285715 2.7003749999999997
36.0 2.7003749999999997
36.035714285714285 2.7003749999999997
36.07142857142857 2.6968124999999996
36.107142857142854 2.6968124999999996
36.142857142857146 2.6968124999999996
36.17857142857143 2.6968124999999996
36.214285714285715 2.6968124999999996
36.25 2.6825625
36.392857142857146 2.6896875
36.42857142857143 2.6825625
36.464285714285715 2.6861249999999997
36.5 2.6861249999999997
36.535714285714285 2.6861249999999997
36.57142857142857 2.6861249999999997
36.607142857142854 2.6825625
36.642857142857146 2.6825625
36.67857142857143 2.6825625
36.714285714285715 2.6825625
36.75 2.679
36.785714285714285 2.679
36.82142857142857 2.6754374999999997
36.857142857142854 2.671875
36.892857142857146 2.671875
36.92857142857143 2.671875
36.964285714285715 2.643375
37.0 2.643375
37.035714285714285 2.6683125
37.07142857142857 2.6540624999999998
37.107142857142854 2.6469375
37.142857142857146 2.6540624999999998
37.17857142857143 2.6540624999999998
37.214285714285715 2.6540624999999998
37.25 2.6540624999999998
37.285714285714285 2.6540624999999998
37.32142857142857 2.6540624999999998
37.357142857142854 2.6504999999999996
37.392857142857146 2.6504999999999996
37.42857142857143 2.6504999999999996
37.464285714285715 2.6504999999999996
37.5 2.6504999999999996
37.535714285714285 2.6504999999999996
37.57142857142857 2.6504999999999996
37.607142857142854 2.6504999999999996
37.67857142857143 2.6291249999999997
37.75 2.6504999999999996
37.785714285714285 2.643375
37.82142857142857 2.6398124999999997
37.857142857142854 2.63625
37.892857142857146 2.63625
37.92857142857143 2.63625
37.964285714285715 2.6326875
38.0 2.6326875
38.035714285714285 2.6326875
38.07142857142857 2.6326875
38.107142857142854 2.6326875
38.142857142857146 2.6291249999999997
38.17857142857143 2.6291249999999997
38.214285714285715 2.6291249999999997
38.25 2.6255625
38.285714285714285 2.6255625
38.32142857142857 2.622
38.357142857142854 2.6148749999999996
38.392857142857146 2.5970625
38.42857142857143 2.5970625
38.464285714285715 2.6255625
38.5 2.6184374999999998
38.535714285714285 2.600625
38.57142857142857 2.6113125
38.607142857142854 2.60775
38.642857142857146 2.60775
38.67857142857143 2.60775
38.714285714285715 2.60775
38.75 2.60775
38.785714285714285 2.60775
38.82142857142857 2.6041874999999997
38.857142857142854 2.6041874999999997
38.892857142857146 2.600625
38.92857142857143 2.600625
38.964285714285715 2.5970625
39.0 2.5970625
39.035714285714285 2.5934999999999997
39.07142857142857 2.5899375
39.107142857142854 2.5685624999999996
39.214285714285715 2.5828124999999997
39.25 2.5828124999999997
39.285714285714285 2.586375
39.32142857142857 2.5828124999999997
39.357142857142854 2.586375
39.392857142857146 2.586375
39.42857142857143 2.586375
39.464285714285715 2.586375
39.5 2.586375
39.535714285714285 2.5828124999999997
39.57142857142857 2.5828124999999997
39.607142857142854 2.5828124999999997
39.642857142857146 2.5828124999999997
39.67857142857143 2.5792499999999996
39.714285714285715 2.5792499999999996
39.75 2.5792499999999996
39.785714285714285 2.5721249999999998
39.82142857142857 2.5614375
39.857142857142854 2.5721249999999998
39.892857142857146 2.5899375
39.92857142857143 2.586375
