0.03571428571428571 3.2205
0.10714285714285714 3.2169375
0.14285714285714285 3.2205
0.17857142857142858 3.2026874999999997
0.21428571428571427 3.2276249999999997
0.2857142857142857 3.2133749999999996
0.32142857142857145 3.2489999999999997
0.35714285714285715 3.2489999999999997
0.39285714285714285 3.2489999999999997
0.42857142857142855 3.2489999999999997
0.4642857142857143 3.2489999999999997
0.5 3.2454375
0.5357142857142857 3.2454375
0.5714285714285714 3.2454375
0.6071428571428571 3.2454375
0.6428571428571429 3.2454375
0.6785714285714286 3.2454375
0.7142857142857143 3.241875
0.75 3.241875
0.7857142857142857 3.241875
0.8214285714285714 3.241875
0.8571428571428571 3.241875
0.8928571428571429 3.241875
0.9285714285714286 3.241875
0.9642857142857143 3.2596874999999996
1.0 3.2489999999999997
1.0357142857142858 3.256125
1.1071428571428572 3.256125
1.1428571428571428 3.2775
1.2142857142857142 3.2240624999999996
1.25 3.3059999999999996
1.2857142857142858 3.3059999999999996
1.3214285714285714 3.3059999999999996
1.3571428571428572 3.3059999999999996
1.3928571428571428 3.3059999999999996
1.4285714285714286 3.3059999999999996
1.4642857142857142 3.3059999999999996
1.5 3.3059999999999996
1.5357142857142858 3.3024375
1.5714285714285714 3.3024375
1.6071428571428572 3.3024375
1.6428571428571428 3.3024375
1.6785714285714286 3.298875
1.7142857142857142 3.298875
1.75 3.3024375
1.7857142857142858 3.3024375
1.8214285714285714 3.3024375
1.8571428571428572 3.3059999999999996
1.8928571428571428 3.3166874999999996
1.9642857142857142 3.313125
2.0 3.3059999999999996
2.0357142857142856 3.3166874999999996
2.0714285714285716 3.3345
2.107142857142857 3.3202499999999997
2.142857142857143 3.3558749999999997
2.1785714285714284 3.3594375
2.2142857142857144 3.3594375
2.25 3.3594375
2.2857142857142856 3.3594375
2.3214285714285716 3.3594375
2.357142857142857 3.3594375
2.392857142857143 3.3558749999999997
2.4285714285714284 3.3558749999999997
2.4642857142857144 3.3558749999999997
2.5 3.3523124999999996
2.5357142857142856 3.3523124999999996
2.5714285714285716 3.3523124999999996
2.607142857142857 3.3523124999999996
2.642857142857143 3.3523124999999996
2.6785714285714284 3.3523124999999996
2.7142857142857144 3.3523124999999996
2.75 3.3523124999999996
2.7857142857142856 3.3594375
2.8214285714285716 3.3629999999999995
2.857142857142857 3.3594375
2.892857142857143 3.3594375
2.9285714285714284 3.327375
2.9642857142857144 3.3523124999999996
3.0357142857142856 3.2881875
3.0714285714285716 3.3736875
3.107142857142857 3.3736875
3.142857142857143 3.3736875
3.1785714285714284 3.3736875
3.2142857142857144 3.3736875
3.25 3.3736875
3.2857142857142856 3.3736875
3.3214285714285716 3.3736875
3.357142857142857 3.370125
3.392857142857143 3.370125
3.4285714285714284 3.370125
3.4642857142857144 3.370125
3.5 3.370125
3.5357142857142856 3.370125
3.5714285714285716 3.370125
3.607142857142857 3.3665624999999997
3.642857142857143 3.370125
3.6785714285714284 3.3665624999999997
3.7142857142857144 3.370125
3.7857142857142856 3.3808124999999998
3.8214285714285716 3.3879374999999996
3.892857142857143 3.3950625
3.9642857142857144 3.3451874999999998
4.0 3.42
4.035714285714286 3.42
4.071428571428571 3.42
4.107142857142857 3.42
4.142857142857143 3.42
4.178571428571429 3.42
4.214285714285714 3.42
4.25 3.42
4.285714285714286 3.42
4.321428571428571 3.42
4.357142857142857 3.42
4.392857142857143 3.4164375
4.428571428571429 3.4164375
4.464285714285714 3.4164375
4.5 3.4164375
4.535714285714286 3.4164375
4.571428571428571 3.4164375
4.607142857142857 3.4235624999999996
4.642857142857143 3.4342499999999996
4.678571428571429 3.4128749999999997
4.714285714285714 3.4306875
4.75 3.4128749999999997
4.785714285714286 3.42
4.821428571428571 3.4378124999999997
4.857142857142857 3.3986249999999996
4.892857142857143 3.441375
4.928571428571429 3.4378124999999997
4.964285714285714 3.4378124999999997
5.0 3.4378124999999997
5.035714285714286 3.4378124999999997
5.071428571428571 3.4378124999999997
5.107142857142857 3.4378124999999997
5.142857142857143 3.4378124999999997
5.178571428571429 3.4342499999999996
5.214285714285714 3.4378124999999997
5.25 3.4342499999999996
5.285714285714286 3.4342499999999996
5.321428571428571 3.4342499999999996
5.357142857142857 3.4342499999999996
5.392857142857143 3.4342499999999996
5.428571428571429 3.4342499999999996
5.464285714285714 3.4342499999999996
5.5 3.4342499999999996
5.535714285714286 3.4342499999999996
5.607142857142857 3.4378124999999997
5.642857142857143 3.4449374999999995
5.714285714285714 3.4627499999999998
5.785714285714286 3.4164375
5.821428571428571 3.4841249999999997
5.857142857142857 3.4876875
5.892857142857143 3.4876875
5.928571428571429 3.4876875
5.964285714285714 3.4876875
6.0 3.4876875
6.035714285714286 3.4876875
6.071428571428571 3.4841249999999997
6.107142857142857 3.4841249999999997
6.142857142857143 3.4805624999999996
6.178571428571429 3.4805624999999996
6.214285714285714 3.4805624999999996
6.25 3.4805624999999996
6.285714285714286 3.4805624999999996
6.321428571428571 3.4805624999999996
6.357142857142857 3.477
6.392857142857143 3.477
6.464285714285714 3.4841249999999997
6.535714285714286 3.49125
6.571428571428571 3.498375
6.607142857142857 3.477
6.642857142857143 3.4948124999999997
6.714285714285714 3.477
6.75 3.498375
6.785714285714286 3.498375
6.821428571428571 3.498375
6.857142857142857 3.498375
6.892857142857143 3.498375
6.928571428571429 3.498375
6.964285714285714 3.498375
7.0 3.498375
7.035714285714286 3.498375
7.071428571428571 3.4948124999999997
7.107142857142857 3.4948124999999997
7.142857142857143 3.4948124999999997
7.178571428571429 3.4948124999999997
7.214285714285714 3.4948124999999997
7.25 3.4948124999999997
7.285714285714286 3.4948124999999997
7.321428571428571 3.4948124999999997
7.357142857142857 3.4948124999999997
7.428571428571429 3.49125
7.464285714285714 3.5019375
7.535714285714286 3.49125
7.571428571428571 3.4948124999999997
7.607142857142857 3.4627499999999998
7.642857142857143 3.49125
7.678571428571429 3.49125
7.714285714285714 3.49125
7.75 3.4948124999999997
7.785714285714286 3.49125
7.821428571428571 3.4948124999999997
7.857142857142857 3.49125
7.892857142857143 3.49125
7.928571428571429 3.49125
7.964285714285714 3.49125
8.0 3.49125
8.035714285714286 3.49125
8.071428571428571 3.49125
8.107142857142858 3.49125
8.142857142857142 3.49125
8.178571428571429 3.49125
8.214285714285714 3.49125
8.25 3.49125
8.285714285714286 3.5019375
8.321428571428571 3.4841249999999997
8.357142857142858 3.498375
8.392857142857142 3.5019375
8.428571428571429 3.4627499999999998
8.464285714285714 3.4948124999999997
8.5 3.4591874999999996
8.535714285714286 3.49125
8.571428571428571 3.498375
8.607142857142858 3.4948124999999997
8.642857142857142 3.4948124999999997
8.678571428571429 3.4948124999999997
8.714285714285714 3.498375
8.75 3.498375
8.785714285714286 3.4948124999999997
8.821428571428571 3.4948124999999997
8.857142857142858 3.4948124999999997
8.892857142857142 3.4948124999999997
8.928571428571429 3.4948124999999997
8.964285714285714 3.4948124999999997
9.0 3.4948124999999997
9.035714285714286 3.4948124999999997
9.071428571428571 3.4948124999999997
9.107142857142858 3.4948124999999997
9.142857142857142 3.4948124999999997
9.214285714285714 3.5090624999999998
9.25 3.498375
9.285714285714286 3.498375
9.321428571428571 3.4876875
9.357142857142858 3.498375
9.428571428571429 3.477
9.464285714285714 3.4876875
9.5 3.4876875
9.535714285714286 3.4876875
9.571428571428571 3.4876875
9.607142857142858 3.4876875
9.642857142857142 3.49125
9.678571428571429 3.4876875
9.714285714285714 3.4876875
9.75 3.4876875
9.785714285714286 3.4876875
9.821428571428571 3.4876875
9.857142857142858 3.4841249999999997
9.892857142857142 3.4841249999999997
9.928571428571429 3.4841249999999997
9.964285714285714 3.4841249999999997
10.0 3.4841249999999997
10.035714285714286 3.4841249999999997
10.107142857142858 3.498375
10.142857142857142 3.49125
10.178571428571429 3.498375
10.25 3.4805624999999996
10.285714285714286 3.5054999999999996
10.357142857142858 3.5197499999999997
10.392857142857142 3.5161874999999996
10.428571428571429 3.5161874999999996
10.464285714285714 3.5197499999999997
10.5 3.5161874999999996
10.535714285714286 3.5161874999999996
10.571428571428571 3.5161874999999996
10.607142857142858 3.5161874999999996
10.642857142857142 3.5161874999999996
10.678571428571429 3.5161874999999996
10.714285714285714 3.5161874999999996
10.75 3.512625
10.785714285714286 3.512625
10.821428571428571 3.512625
10.857142857142858 3.512625
10.892857142857142 3.512625
10.928571428571429 3.512625
10.964285714285714 3.512625
11.035714285714286 3.5197499999999997
11.071428571428571 3.498375
11.107142857142858 3.512625
11.142857142857142 3.4805624999999996
11.178571428571429 3.5054999999999996
11.25 3.5090624999999998
11.285714285714286 3.5161874999999996
11.321428571428571 3.512625
11.357142857142858 3.5161874999999996
11.392857142857142 3.5161874999999996
11.428571428571429 3.5161874999999996
11.464285714285714 3.5161874999999996
11.5 3.5161874999999996
11.535714285714286 3.5161874999999996
11.571428571428571 3.5161874999999996
11.607142857142858 3.512625
11.642857142857142 3.5161874999999996
11.678571428571429 3.512625
11.714285714285714 3.512625
11.75 3.5161874999999996
11.785714285714286 3.5161874999999996
11.821428571428571 3.512625
11.857142857142858 3.512625
11.892857142857142 3.512625
11.928571428571429 3.5304374999999997
11.964285714285714 3.5054999999999996
12.0 3.5197499999999997
12.035714285714286 3.5268749999999995
12.071428571428571 3.5054999999999996
12.142857142857142 3.4948124999999997
12.178571428571429 3.5161874999999996
12.214285714285714 3.5233125
12.25 3.5233125
12.285714285714286 3.5233125
12.321428571428571 3.5233125
12.357142857142858 3.5233125
12.392857142857142 3.5233125
12.428571428571429 3.5233125
12.464285714285714 3.5233125
12.5 3.5197499999999997
12.535714285714286 3.5197499999999997
12.571428571428571 3.5197499999999997
12.607142857142858 3.5197499999999997
12.642857142857142 3.5197499999999997
12.678571428571429 3.5161874999999996
12.714285714285714 3.5161874999999996
12.75 3.5161874999999996
12.892857142857142 3.5161874999999996
12.928571428571429 3.5304374999999997
13.0 3.5161874999999996
13.035714285714286 3.4841249999999997
13.071428571428571 3.498375
13.107142857142858 3.512625
13.142857142857142 3.512625
13.178571428571429 3.512625
13.214285714285714 3.5161874999999996
13.25 3.5161874999999996
13.285714285714286 3.5161874999999996
13.321428571428571 3.5161874999999996
13.357142857142858 3.5161874999999996
13.392857142857142 3.5161874999999996
13.428571428571429 3.5161874999999996
13.464285714285714 3.512625
13.5 3.5161874999999996
13.535714285714286 3.5161874999999996
13.571428571428571 3.5161874999999996
13.607142857142858 3.512625
13.642857142857142 3.512625
13.678571428571429 3.512625
13.714285714285714 3.512625
13.785714285714286 3.5090624999999998
13.821428571428571 3.5233125
13.857142857142858 3.5233125
13.892857142857142 3.512625
13.928571428571429 3.5233125
14.0 3.512625
14.035714285714286 3.5197499999999997
14.071428571428571 3.5197499999999997
14.107142857142858 3.5197499999999997
14.142857142857142 3.5197499999999997
14.178571428571429 3.5197499999999997
14.214285714285714 3.5197499999999997
14.25 3.5233125
14.285714285714286 3.5197499999999997
14.321428571428571 3.5197499999999997
14.357142857142858 3.5197499999999997
14.392857142857142 3.5197499999999997
14.428571428571429 3.5197499999999997
14.464285714285714 3.5197499999999997
14.5 3.5197499999999997
14.535714285714286 3.5161874999999996
14.571428571428571 3.5161874999999996
14.607142857142858 3.5161874999999996
14.678571428571429 3.5054999999999996
14.714285714285714 3.5233125
14.821428571428571 3.5197499999999997
14.857142857142858 3.4805624999999996
14.892857142857142 3.5090624999999998
14.928571428571429 3.5197499999999997
14.964285714285714 3.5197499999999997
15.0 3.5197499999999997
15.035714285714286 3.5197499999999997
15.071428571428571 3.5197499999999997
15.107142857142858 3.5233125
15.142857142857142 3.5197499999999997
15.178571428571429 3.5197499999999997
15.214285714285714 3.5197499999999997
15.25 3.5197499999999997
15.285714285714286 3.5197499999999997
15.321428571428571 3.5197499999999997
15.357142857142858 3.5197499999999997
15.392857142857142 3.5197499999999997
15.428571428571429 3.5197499999999997
15.464285714285714 3.5197499999999997
15.5 3.5197499999999997
15.535714285714286 3.5233125
15.571428571428571 3.5375625
15.607142857142858 3.5197499999999997
15.642857142857142 3.5268749999999995
15.714285714285714 3.5090624999999998
15.75 3.534
15.785714285714286 3.5090624999999998
15.821428571428571 3.5304374999999997
15.857142857142858 3.5304374999999997
15.892857142857142 3.534
15.928571428571429 3.534
15.964285714285714 3.5304374999999997
16.0 3.534
16.035714285714285 3.534
16.071428571428573 3.534
16.107142857142858 3.5304374999999997
16.142857142857142 3.5304374999999997
16.178571428571427 3.5304374999999997
16.214285714285715 3.5304374999999997
16.25 3.5268749999999995
16.285714285714285 3.5268749999999995
16.321428571428573 3.5268749999999995
16.357142857142858 3.5268749999999995
16.392857142857142 3.5268749999999995
16.428571428571427 3.5268749999999995
16.535714285714285 3.534
16.571428571428573 3.5304374999999997
16.607142857142858 3.5019375
16.642857142857142 3.5375625
16.714285714285715 3.49125
16.75 3.534
16.785714285714285 3.534
16.821428571428573 3.5375625
16.857142857142858 3.5375625
16.892857142857142 3.5375625
16.928571428571427 3.5375625
16.964285714285715 3.5375625
17.0 3.5375625
17.035714285714285 3.5375625
17.071428571428573 3.5375625
17.107142857142858 3.5375625
17.142857142857142 3.5375625
17.178571428571427 3.534
17.214285714285715 3.534
17.25 3.534
17.285714285714285 3.534
17.321428571428573 3.534
17.392857142857142 3.54825
17.428571428571427 3.5233125
17.464285714285715 3.5375625
17.5 3.5161874999999996
17.535714285714285 3.5233125
17.571428571428573 3.5304374999999997
17.607142857142858 3.4876875
17.642857142857142 3.534
17.678571428571427 3.534
17.714285714285715 3.534
17.75 3.5375625
17.785714285714285 3.5375625
17.821428571428573 3.5375625
17.857142857142858 3.5375625
17.892857142857142 3.5375625
17.928571428571427 3.5375625
17.964285714285715 3.5375625
18.0 3.534
18.035714285714285 3.534
18.071428571428573 3.534
18.107142857142858 3.534
18.142857142857142 3.534
18.178571428571427 3.534
18.214285714285715 3.534
18.357142857142858 3.5375625
18.392857142857142 3.54825
18.428571428571427 3.5161874999999996
18.464285714285715 3.5375625
18.5 3.5019375
18.535714285714285 3.5161874999999996
18.571428571428573 3.5375625
18.607142857142858 3.5411249999999996
18.642857142857142 3.5411249999999996
18.678571428571427 3.5411249999999996
18.714285714285715 3.5411249999999996
18.75 3.5411249999999996
18.785714285714285 3.5411249999999996
18.821428571428573 3.5411249999999996
18.857142857142858 3.5411249999999996
18.892857142857142 3.5411249999999996
18.928571428571427 3.5411249999999996
18.964285714285715 3.5411249999999996
19.0 3.5375625
19.035714285714285 3.5375625
19.071428571428573 3.5375625
19.107142857142858 3.5375625
19.142857142857142 3.5375625
19.25 3.5233125
19.357142857142858 3.5268749999999995
19.392857142857142 3.534
19.428571428571427 3.5019375
19.464285714285715 3.534
19.5 3.5375625
19.535714285714285 3.5375625
19.571428571428573 3.5411249999999996
19.607142857142858 3.5375625
19.642857142857142 3.5375625
19.678571428571427 3.5375625
19.714285714285715 3.5375625
19.75 3.5375625
19.785714285714285 3.5375625
19.821428571428573 3.534
19.857142857142858 3.534
19.892857142857142 3.534
19.928571428571427 3.534
19.964285714285715 3.534
20.0 3.5304374999999997
20.035714285714285 3.5304374999999997
20.071428571428573 3.534
20.107142857142858 3.5411249999999996
20.142857142857142 3.5197499999999997
20.178571428571427 3.5304374999999997
20.214285714285715 3.5375625
20.25 3.5197499999999997
20.285714285714285 3.5304374999999997
20.357142857142858 3.5268749999999995
20.392857142857142 3.5375625
20.428571428571427 3.5375625
20.464285714285715 3.5375625
20.5 3.5375625
20.535714285714285 3.5375625
20.571428571428573 3.5375625
20.607142857142858 3.5375625
20.642857142857142 3.5375625
20.678571428571427 3.5375625
20.714285714285715 3.5375625
20.75 3.5375625
20.785714285714285 3.5375625
20.821428571428573 3.5375625
20.857142857142858 3.5375625
20.892857142857142 3.5375625
20.928571428571427 3.5375625
20.964285714285715 3.5375625
21.035714285714285 3.5446874999999998
21.071428571428573 3.5233125
21.25 3.5090624999999998
21.285714285714285 3.5233125
21.321428571428573 3.5233125
21.357142857142858 3.5233125
21.392857142857142 3.5268749999999995
21.428571428571427 3.5268749999999995
21.464285714285715 3.5268749999999995
21.5 3.5268749999999995
21.535714285714285 3.5233125
21.571428571428573 3.5268749999999995
21.607142857142858 3.5233125
21.642857142857142 3.5233125
21.678571428571427 3.5233125
21.714285714285715 3.5233125
21.75 3.5233125
21.785714285714285 3.5233125
21.821428571428573 3.5233125
21.857142857142858 3.5233125
21.928571428571427 3.5375625
22.0 3.5233125
22.071428571428573 3.498375
22.107142857142858 3.5233125
22.178571428571427 3.5197499999999997
22.214285714285715 3.5197499999999997
22.25 3.5197499999999997
22.285714285714285 3.5197499999999997
22.321428571428573 3.5233125
22.357142857142858 3.5233125
22.392857142857142 3.5233125
22.428571428571427 3.5233125
22.464285714285715 3.5233125
22.5 3.5233125
22.535714285714285 3.5233125
22.571428571428573 3.5197499999999997
22.607142857142858 3.5197499999999997
22.642857142857142 3.5197499999999997
22.678571428571427 3.5197499999999997
22.714285714285715 3.5197499999999997
22.75 3.5197499999999997
22.785714285714285 3.5197499999999997
22.892857142857142 3.5197499999999997
22.928571428571427 3.5197499999999997
23.0 3.498375
23.071428571428573 3.4734374999999997
23.107142857142858 3.512625
23.142857142857142 3.5090624999999998
23.178571428571427 3.512625
23.214285714285715 3.512625
23.25 3.512625
23.285714285714285 3.512625
23.321428571428573 3.512625
23.357142857142858 3.512625
23.392857142857142 3.512625
23.428571428571427 3.512625
23.464285714285715 3.512625
23.5 3.5090624999999998
23.535714285714285 3.5090624999999998
23.571428571428573 3.5090624999999998
23.607142857142858 3.5090624999999998
23.642857142857142 3.5090624999999998
23.678571428571427 3.5090624999999998
23.75 3.5054999999999996
23.785714285714285 3.49125
23.821428571428573 3.5054999999999996
23.857142857142858 3.4734374999999997
23.892857142857142 3.5019375
23.928571428571427 3.512625
23.964285714285715 3.4805624999999996
24.0 3.5233125
24.035714285714285 3.5233125
24.071428571428573 3.5233125
24.107142857142858 3.5233125
24.142857142857142 3.5233125
24.178571428571427 3.5233125
24.214285714285715 3.5233125
24.25 3.5233125
24.285714285714285 3.5233125
24.321428571428573 3.5233125
24.357142857142858 3.5197499999999997
24.392857142857142 3.5197499999999997
24.428571428571427 3.5197499999999997
24.464285714285715 3.5197499999999997
24.5 3.5197499999999997
24.535714285714285 3.5197499999999997
24.571428571428573 3.5197499999999997
24.607142857142858 3.5197499999999997
24.714285714285715 3.5090624999999998
24.821428571428573 3.5019375
24.857142857142858 3.4841249999999997
24.892857142857142 3.5019375
24.928571428571427 3.512625
24.964285714285715 3.512625
25.0 3.5161874999999996
25.035714285714285 3.5161874999999996
25.071428571428573 3.5161874999999996
25.107142857142858 3.5161874999999996
25.142857142857142 3.5161874999999996
25.178571428571427 3.5161874999999996
25.214285714285715 3.512625
25.25 3.512625
25.285714285714285 3.512625
25.321428571428573 3.512625
25.357142857142858 3.512625
25.392857142857142 3.512625
25.428571428571427 3.512625
25.464285714285715 3.512625
25.5 3.512625
25.571428571428573 3.5233125
25.607142857142858 3.498375
25.642857142857142 3.512625
25.714285714285715 3.4841249999999997
25.75 3.5090624999999998
25.785714285714285 3.4805624999999996
25.821428571428573 3.512625
25.857142857142858 3.5161874999999996
25.892857142857142 3.5161874999999996
25.928571428571427 3.5161874999999996
25.964285714285715 3.5161874999999996
26.0 3.5161874999999996
26.035714285714285 3.5161874999999996
26.071428571428573 3.5161874999999996
26.107142857142858 3.5197499999999997
26.142857142857142 3.5161874999999996
26.178571428571427 3.5197499999999997
26.214285714285715 3.5161874999999996
26.25 3.5161874999999996
26.285714285714285 3.5161874999999996
26.321428571428573 3.5161874999999996
26.357142857142858 3.5161874999999996
26.392857142857142 3.5161874999999996
26.428571428571427 3.5161874999999996
26.5 3.4948124999999997
26.535714285714285 3.5090624999999998
26.571428571428573 3.5090624999999998
26.607142857142858 3.4627499999999998
26.642857142857142 3.5019375
26.714285714285715 3.498375
26.75 3.5090624999999998
26.785714285714285 3.5054999999999996
26.821428571428573 3.5054999999999996
26.857142857142858 3.5090624999999998
26.892857142857142 3.5090624999999998
26.928571428571427 3.5090624999999998
26.964285714285715 3.5090624999999998
27.0 3.5090624999999998
27.035714285714285 3.5090624999999998
27.071428571428573 3.5090624999999998
27.107142857142858 3.5090624999999998
27.142857142857142 3.5090624999999998
27.178571428571427 3.5090624999999998
27.214285714285715 3.5090624999999998
27.25 3.5090624999999998
27.285714285714285 3.5090624999999998
27.321428571428573 3.5090624999999998
27.392857142857142 3.498375
27.428571428571427 3.49125
27.464285714285715 3.4948124999999997
27.535714285714285 3.4805624999999996
27.607142857142858 3.4841249999999997
27.642857142857142 3.49125
27.678571428571427 3.49125
27.714285714285715 3.49125
27.75 3.49125
27.785714285714285 3.49125
27.821428571428573 3.4948124999999997
27.857142857142858 3.49125
27.892857142857142 3.49125
27.928571428571427 3.49125
27.964285714285715 3.49125
28.0 3.49125
28.035714285714285 3.49125
28.071428571428573 3.49125
28.107142857142858 3.49125
28.142857142857142 3.49125
28.178571428571427 3.49125
28.214285714285715 3.49125
28.25 3.49125
28.285714285714285 3.49125
28.357142857142858 3.4841249999999997
28.392857142857142 3.49125
28.428571428571427 3.4663125
28.464285714285715 3.4876875
28.5 3.4698749999999996
28.535714285714285 3.4948124999999997
28.571428571428573 3.4948124999999997
28.607142857142858 3.4948124999999997
28.642857142857142 3.4948124999999997
28.678571428571427 3.4948124999999997
28.714285714285715 3.4948124999999997
28.75 3.4948124999999997
28.785714285714285 3.4948124999999997
28.821428571428573 3.4948124999999997
28.857142857142858 3.4948124999999997
28.892857142857142 3.4948124999999997
28.928571428571427 3.4948124999999997
28.964285714285715 3.4948124999999997
29.0 3.4948124999999997
29.035714285714285 3.4948124999999997
29.071428571428573 3.4948124999999997
29.107142857142858 3.4948124999999997
29.142857142857142 3.4948124999999997
29.214285714285715 3.477
29.25 3.4805624999999996
29.285714285714285 3.4876875
29.357142857142858 3.4663125
29.428571428571427 3.4663125
29.464285714285715 3.4805624999999996
29.5 3.4805624999999996
29.535714285714285 3.4805624999999996
29.571428571428573 3.4805624999999996
29.607142857142858 3.4805624999999996
29.642857142857142 3.4841249999999997
29.678571428571427 3.4841249999999997
29.714285714285715 3.4841249999999997
29.75 3.4841249999999997
29.785714285714285 3.4841249999999997
29.821428571428573 3.4841249999999997
29.857142857142858 3.4841249999999997
29.892857142857142 3.4841249999999997
29.928571428571427 3.4841249999999997
29.964285714285715 3.4841249999999997
30.0 3.4841249999999997
30.035714285714285 3.4841249999999997
30.071428571428573 3.4805624999999996
30.142857142857142 3.4627499999999998
30.178571428571427 3.4734374999999997
30.25 3.4734374999999997
30.285714285714285 3.4805624999999996
30.357142857142858 3.4948124999999997
30.392857142857142 3.4948124999999997
30.464285714285715 3.4948124999999997
30.5 3.498375
30.535714285714285 3.498375
30.571428571428573 3.498375
30.607142857142858 3.498375
30.642857142857142 3.498375
30.678571428571427 3.4948124999999997
30.714285714285715 3.4948124999999997
30.75 3.4948124999999997
30.785714285714285 3.4948124999999997
30.821428571428573 3.4948124999999997
30.857142857142858 3.4948124999999997
30.892857142857142 3.4948124999999997
30.928571428571427 3.4948124999999997
30.964285714285715 3.4948124999999997
31.0 3.498375
31.071428571428573 3.49125
31.142857142857142 3.4698749999999996
31.178571428571427 3.4841249999999997
31.25 3.4663125
31.428571428571427 3.4948124999999997
31.464285714285715 3.4948124999999997
31.5 3.4948124999999997
31.535714285714285 3.49125
31.571428571428573 3.4948124999999997
31.607142857142858 3.4948124999999997
31.642857142857142 3.4948124999999997
31.678571428571427 3.4948124999999997
31.714285714285715 3.4948124999999997
31.75 3.4948124999999997
31.785714285714285 3.4948124999999997
31.821428571428573 3.4948124999999997
31.857142857142858 3.4948124999999997
31.928571428571427 3.4876875
32.0 3.4841249999999997
32.142857142857146 3.4449374999999995
32.17857142857143 3.4805624999999996
32.214285714285715 3.4805624999999996
32.25 3.4805624999999996
32.285714285714285 3.4841249999999997
32.32142857142857 3.4841249999999997
32.357142857142854 3.4841249999999997
32.392857142857146 3.4841249999999997
32.42857142857143 3.4841249999999997
32.464285714285715 3.4841249999999997
32.5 3.4841249999999997
32.535714285714285 3.4841249999999997
32.57142857142857 3.4841249999999997
32.607142857142854 3.4841249999999997
32.642857142857146 3.4841249999999997
32.67857142857143 3.4841249999999997
32.714285714285715 3.4841249999999997
32.75 3.4841249999999997
32.785714285714285 3.4841249999999997
32.857142857142854 3.4484999999999997
32.892857142857146 3.455625
32.92857142857143 3.4591874999999996
33.0 3.4378124999999997
33.07142857142857 3.4378124999999997
33.107142857142854 3.441375
33.142857142857146 3.441375
33.17857142857143 3.441375
33.214285714285715 3.441375
33.25 3.441375
33.285714285714285 3.441375
33.32142857142857 3.441375
33.357142857142854 3.441375
33.392857142857146 3.441375
33.42857142857143 3.4378124999999997
33.464285714285715 3.441375
33.5 3.441375
33.535714285714285 3.441375
33.57142857142857 3.441375
33.607142857142854 3.441375
33.642857142857146 3.441375
33.67857142857143 3.441375
33.714285714285715 3.441375
33.785714285714285 3.4093125
33.82142857142857 3.4235624999999996
33.892857142857146 3.4164375
33.964285714285715 3.4021874999999997
34.0 3.42
34.035714285714285 3.42
34.07142857142857 3.42
34.107142857142854 3.42
34.142857142857146 3.42
34.17857142857143 3.42
34.214285714285715 3.4235624999999996
34.25 3.4235624999999996
34.285714285714285 3.4235624999999996
34.32142857142857 3.4235624999999996
34.357142857142854 3.4235624999999996
34.392857142857146 3.4235624999999996
34.42857142857143 3.4235624999999996
34.464285714285715 3.4235624999999996
34.5 3.4271249999999998
34.535714285714285 3.4271249999999998
34.57142857142857 3.4271249999999998
34.642857142857146 3.40575
34.67857142857143 3.3914999999999997
34.714285714285715 3.3986249999999996
34.785714285714285 3.3950625
34.82142857142857 3.3914999999999997
34.857142857142854 3.3950625
34.892857142857146 3.4093125
34.92857142857143 3.40575
34.964285714285715 3.4021874999999997
35.0 3.4021874999999997
35.035714285714285 3.4021874999999997
35.07142857142857 3.4021874999999997
35.107142857142854 3.40575
35.142857142857146 3.40575
35.17857142857143 3.40575
35.214285714285715 3.40575
35.25 3.40575
35.285714285714285 3.40575
35.32142857142857 3.40575
35.357142857142854 3.40575
35.392857142857146 3.40575
35.42857142857143 3.40575
35.464285714285715 3.4093125
35.5 3.40575
35.607142857142854 3.3914999999999997
35.714285714285715 3.3986249999999996
35.75 3.2810624999999995
35.785714285714285 3.3914999999999997
35.82142857142857 3.4093125
35.857142857142854 3.40575
35.892857142857146 3.40575
35.92857142857143 3.4093125
35.964285714285715 3.4093125
36.035714285714285 3.4093125
36.07142857142857 3.4093125
36.107142857142854 3.4093125
36.142857142857146 3.4093125
36.17857142857143 3.4093125
36.214285714285715 3.4093125
36.25 3.4093125
36.285714285714285 3.4093125
36.32142857142857 3.4093125
36.357142857142854 3.4093125
36.392857142857146 3.4093125
36.5 3.384375
36.535714285714285 3.3879374999999996
36.57142857142857 3.3380625
36.607142857142854 3.3665624999999997
36.67857142857143 3.3416249999999996
36.714285714285715 3.3772499999999996
36.75 3.3772499999999996
36.785714285714285 3.3772499999999996
36.82142857142857 3.3808124999999998
36.857142857142854 3.3808124999999998
36.892857142857146 3.3808124999999998
36.92857142857143 3.384375
36.964285714285715 3.384375
37.0 3.3808124999999998
37.035714285714285 3.3808124999999998
37.07142857142857 3.3808124999999998
37.107142857142854 3.384375
37.142857142857146 3.3808124999999998
37.17857142857143 3.384375
37.214285714285715 3.384375
37.25 3.384375
37.285714285714285 3.3879374999999996
37.32142857142857 3.3879374999999996
37.357142857142854 3.3879374999999996
37.42857142857143 3.3665624999999997
37.57142857142857 3.3416249999999996
37.607142857142854 3.370125
37.642857142857146 3.370125
37.67857142857143 3.370125
37.714285714285715 3.370125
37.75 3.3736875
37.785714285714285 3.370125
37.82142857142857 3.3736875
37.857142857142854 3.3736875
37.892857142857146 3.370125
37.92857142857143 3.370125
37.964285714285715 3.370125
38.0 3.370125
38.035714285714285 3.370125
38.07142857142857 3.370125
38.107142857142854 3.3736875
38.142857142857146 3.3736875
38.17857142857143 3.3736875
38.214285714285715 3.3736875
38.25 3.3772499999999996
38.32142857142857 3.3629999999999995
38.357142857142854 3.3772499999999996
38.392857142857146 3.3594375
38.42857142857143 3.3772499999999996
38.464285714285715 3.384375
38.5 3.3594375
38.535714285714285 3.3950625
38.57142857142857 3.3950625
38.607142857142854 3.3950625
38.642857142857146 3.3914999999999997
38.67857142857143 3.3950625
38.714285714285715 3.3950625
38.75 3.3950625
38.785714285714285 3.3950625
38.82142857142857 3.3986249999999996
38.857142857142854 3.3986249999999996
38.892857142857146 3.3986249999999996
38.92857142857143 3.3950625
38.964285714285715 3.3986249999999996
39.0 3.3950625
39.035714285714285 3.3950625
39.07142857142857 3.3950625
39.107142857142854 3.3986249999999996
39.142857142857146 3.3986249999999996
39.214285714285715 3.3629999999999995
39.25 3.3772499999999996
39.392857142857146 3.3309374999999997
39.42857142857143 3.3665624999999997
39.464285714285715 3.370125
39.5 3.370125
39.535714285714285 3.370125
39.57142857142857 3.3736875
39.607142857142854 3.3736875
39.642857142857146 3.3736875
39.67857142857143 3.3736875
39.714285714285715 3.3736875
39.75 3.3736875
39.785714285714285 3.3736875
39.82142857142857 3.3736875
39.857142857142854 3.3772499999999996
39.892857142857146 3.3772499999999996
39.92857142857143 3.3772499999999996
