0.07142857142857142 3.3059999999999996
0.10714285714285714 3.2668125
0.14285714285714285 3.3059999999999996
0.17857142857142858 3.3059999999999996
0.21428571428571427 3.3059999999999996
0.25 3.3059999999999996
0.2857142857142857 3.3059999999999996
0.32142857142857145 3.3059999999999996
0.35714285714285715 3.3059999999999996
0.39285714285714285 3.3059999999999996
0.42857142857142855 3.3059999999999996
0.4642857142857143 3.3059999999999996
0.5 3.3059999999999996
0.5357142857142857 3.3059999999999996
0.5714285714285714 3.3059999999999996
0.6071428571428571 3.3024375
0.6428571428571429 3.3059999999999996
0.6785714285714286 3.2953124999999996
0.7142857142857143 3.298875
0.75 3.3024375
0.7857142857142857 3.3024375
0.8214285714285714 3.2596874999999996
0.8571428571428571 3.3059999999999996
0.8928571428571429 3.3059999999999996
0.9285714285714286 3.3059999999999996
0.9642857142857143 3.3059999999999996
1.0 3.3059999999999996
1.0357142857142858 3.3024375
1.0714285714285714 3.3059999999999996
1.1071428571428572 3.3024375
1.1428571428571428 3.3024375
1.1785714285714286 3.3024375
1.2142857142857142 3.3024375
1.25 3.3024375
1.2857142857142858 3.3024375
1.3214285714285714 3.3024375
1.3928571428571428 3.3024375
1.4285714285714286 3.3059999999999996
1.4642857142857142 3.3095624999999997
1.5 3.298875
1.5357142857142858 3.2632499999999998
1.5714285714285714 3.298875
1.6071428571428572 3.3095624999999997
1.6428571428571428 3.3095624999999997
1.6785714285714286 3.3095624999999997
1.7142857142857142 3.3095624999999997
1.75 3.3095624999999997
1.7857142857142858 3.3095624999999997
1.8214285714285714 3.3095624999999997
1.8571428571428572 3.3095624999999997
1.8928571428571428 3.3095624999999997
1.9285714285714286 3.3095624999999997
1.9642857142857142 3.3095624999999997
2.0 3.3095624999999997
2.0357142857142856 3.3059999999999996
2.107142857142857 3.3059999999999996
2.142857142857143 3.3059999999999996
2.25 3.2596874999999996
2.2857142857142856 3.298875
2.3214285714285716 3.3024375
2.357142857142857 3.3059999999999996
2.392857142857143 3.3024375
2.4285714285714284 3.3024375
2.4642857142857144 3.3024375
2.5 3.3024375
2.5357142857142856 3.3024375
2.5714285714285716 3.3024375
2.607142857142857 3.3024375
2.642857142857143 3.3024375
2.6785714285714284 3.3024375
2.7142857142857144 3.3024375
2.75 3.3024375
2.8214285714285716 3.29175
2.857142857142857 3.29175
2.892857142857143 3.29175
2.9285714285714284 3.2846249999999997
2.9642857142857144 3.2703749999999996
3.0 3.2810624999999995
3.0357142857142856 3.2810624999999995
3.0714285714285716 3.2810624999999995
3.107142857142857 3.2810624999999995
3.142857142857143 3.2810624999999995
3.1785714285714284 3.2775
3.2142857142857144 3.2775
3.25 3.2775
3.2857142857142856 3.2810624999999995
3.3214285714285716 3.2810624999999995
3.357142857142857 3.2775
3.392857142857143 3.2775
3.4285714285714284 3.2775
3.4642857142857144 3.2810624999999995
3.5357142857142856 3.2632499999999998
3.607142857142857 3.2668125
3.642857142857143 3.256125
3.6785714285714284 3.2240624999999996
3.7142857142857144 3.2632499999999998
3.75 3.2632499999999998
3.7857142857142856 3.2632499999999998
3.8214285714285716 3.2596874999999996
3.857142857142857 3.2596874999999996
3.892857142857143 3.2596874999999996
3.9285714285714284 3.256125
3.9642857142857144 3.2596874999999996
4.0 3.2596874999999996
4.035714285714286 3.2596874999999996
4.071428571428571 3.2596874999999996
4.107142857142857 3.256125
4.142857142857143 3.256125
4.178571428571429 3.256125
4.214285714285714 3.256125
4.357142857142857 3.2347499999999996
4.392857142857143 3.2098125
4.428571428571429 3.2454375
4.464285714285714 3.2454375
4.5 3.2489999999999997
4.535714285714286 3.2454375
4.571428571428571 3.2454375
4.607142857142857 3.2454375
4.642857142857143 3.2454375
4.678571428571429 3.2454375
4.714285714285714 3.2454375
4.75 3.2454375
4.785714285714286 3.2454375
4.821428571428571 3.2454375
4.857142857142857 3.241875
5.071428571428571 3.2240624999999996
5.107142857142857 3.184875
5.142857142857143 3.2276249999999997
5.178571428571429 3.2240624999999996
5.214285714285714 3.2240624999999996
5.25 3.2240624999999996
5.285714285714286 3.2240624999999996
5.321428571428571 3.2240624999999996
5.357142857142857 3.2240624999999996
5.392857142857143 3.2240624999999996
5.428571428571429 3.2240624999999996
5.464285714285714 3.2240624999999996
5.5 3.2240624999999996
5.535714285714286 3.2240624999999996
5.571428571428571 3.2240624999999996
5.678571428571429 3.2098125
5.714285714285714 3.20625
5.785714285714286 3.2026874999999997
5.821428571428571 3.184875
5.857142857142857 3.20625
5.892857142857143 3.20625
5.928571428571429 3.2098125
5.964285714285714 3.20625
6.0 3.2098125
6.035714285714286 3.2098125
6.071428571428571 3.2098125
6.107142857142857 3.2098125
6.142857142857143 3.2098125
6.178571428571429 3.20625
6.214285714285714 3.20625
6.25 3.20625
6.285714285714286 3.20625
6.321428571428571 3.20625
6.392857142857143 3.20625
6.464285714285714 3.2098125
6.5 3.2026874999999997
6.535714285714286 3.1955625
6.571428571428571 3.2133749999999996
6.607142857142857 3.2133749999999996
6.642857142857143 3.2133749999999996
6.678571428571429 3.2133749999999996
6.714285714285714 3.2133749999999996
6.75 3.2133749999999996
6.785714285714286 3.2098125
6.821428571428571 3.2133749999999996
6.857142857142857 3.2133749999999996
6.892857142857143 3.2098125
6.928571428571429 3.2098125
6.964285714285714 3.2133749999999996
7.0 3.2098125
7.071428571428571 3.20625
7.107142857142857 3.1991249999999996
7.178571428571429 3.1991249999999996
7.214285714285714 3.1955625
7.25 3.1884374999999996
7.285714285714286 3.2026874999999997
7.321428571428571 3.2026874999999997
7.357142857142857 3.2026874999999997
7.392857142857143 3.2026874999999997
7.428571428571429 3.20625
7.464285714285714 3.2026874999999997
7.5 3.2026874999999997
7.535714285714286 3.2026874999999997
7.571428571428571 3.2026874999999997
7.607142857142857 3.2026874999999997
7.642857142857143 3.2026874999999997
7.678571428571429 3.2026874999999997
7.714285714285714 3.2026874999999997
7.785714285714286 3.1955625
7.821428571428571 3.184875
7.892857142857143 3.184875
7.964285714285714 3.1563749999999997
8.0 3.184875
8.035714285714286 3.184875
8.071428571428571 3.184875
8.107142857142858 3.184875
8.142857142857142 3.184875
8.178571428571429 3.184875
8.214285714285714 3.184875
8.25 3.184875
8.285714285714286 3.184875
8.321428571428571 3.184875
8.357142857142858 3.184875
8.392857142857142 3.184875
8.428571428571429 3.184875
8.464285714285714 3.184875
8.535714285714286 3.170625
8.678571428571429 3.135
8.714285714285714 3.170625
8.75 3.170625
8.785714285714286 3.170625
8.821428571428571 3.170625
8.857142857142858 3.1741875
8.892857142857142 3.170625
8.928571428571429 3.1741875
8.964285714285714 3.1741875
9.0 3.170625
9.035714285714286 3.170625
9.071428571428571 3.170625
9.107142857142858 3.170625
9.142857142857142 3.170625
9.25 3.1599375
9.321428571428571 3.1528124999999996
9.357142857142858 3.1563749999999997
9.392857142857142 3.135
9.428571428571429 3.1563749999999997
9.464285714285714 3.1563749999999997
9.5 3.1563749999999997
9.535714285714286 3.1563749999999997
9.571428571428571 3.1563749999999997
9.607142857142858 3.1563749999999997
9.642857142857142 3.1563749999999997
9.678571428571429 3.1563749999999997
9.714285714285714 3.1563749999999997
9.75 3.1563749999999997
9.785714285714286 3.1563749999999997
9.821428571428571 3.1563749999999997
9.857142857142858 3.1563749999999997
9.928571428571429 3.1563749999999997
9.964285714285714 3.1456874999999997
10.035714285714286 3.1456874999999997
10.071428571428571 3.14925
10.107142857142858 3.1528124999999996
10.142857142857142 3.1528124999999996
10.178571428571429 3.14925
10.214285714285714 3.14925
10.25 3.14925
10.285714285714286 3.14925
10.321428571428571 3.14925
10.357142857142858 3.14925
10.392857142857142 3.14925
10.428571428571429 3.14925
10.464285714285714 3.14925
10.5 3.14925
10.535714285714286 3.14925
10.571428571428571 3.14925
10.642857142857142 3.127875
10.75 3.1421249999999996
10.785714285714286 3.127875
10.821428571428571 3.1421249999999996
10.857142857142858 3.1456874999999997
10.892857142857142 3.1456874999999997
10.928571428571429 3.1456874999999997
10.964285714285714 3.1456874999999997
11.0 3.1456874999999997
11.035714285714286 3.1456874999999997
11.071428571428571 3.1456874999999997
11.107142857142858 3.1456874999999997
11.142857142857142 3.1456874999999997
11.178571428571429 3.1456874999999997
11.214285714285714 3.1456874999999997
11.25 3.1456874999999997
11.285714285714286 3.1456874999999997
11.357142857142858 3.127875
11.464285714285714 3.1385625
11.5 3.113625
11.535714285714286 3.1314374999999997
11.571428571428571 3.1385625
11.607142857142858 3.1421249999999996
11.642857142857142 3.1421249999999996
11.678571428571429 3.1421249999999996
11.714285714285714 3.1421249999999996
11.75 3.1421249999999996
11.785714285714286 3.1421249999999996
11.821428571428571 3.1421249999999996
11.857142857142858 3.1421249999999996
11.892857142857142 3.1385625
11.928571428571429 3.1385625
11.964285714285714 3.1385625
12.0 3.1385625
12.071428571428571 3.1243125
12.214285714285714 3.0993749999999998
12.25 3.0993749999999998
12.285714285714286 3.0958124999999996
12.321428571428571 3.0958124999999996
12.357142857142858 3.0958124999999996
12.392857142857142 3.0958124999999996
12.428571428571429 3.0958124999999996
12.464285714285714 3.0993749999999998
12.5 3.0958124999999996
12.535714285714286 3.0993749999999998
12.571428571428571 3.0993749999999998
12.607142857142858 3.0993749999999998
12.642857142857142 3.0958124999999996
12.678571428571429 3.0958124999999996
12.714285714285714 3.0993749999999998
12.785714285714286 3.078
12.821428571428571 3.0815625
12.928571428571429 3.0886875
12.964285714285714 3.09225
13.0 3.0851249999999997
13.035714285714286 3.0851249999999997
13.071428571428571 3.0886875
13.107142857142858 3.0886875
13.142857142857142 3.0886875
13.178571428571429 3.0886875
13.214285714285714 3.0886875
13.25 3.0886875
13.285714285714286 3.0886875
13.321428571428571 3.0886875
13.357142857142858 3.0886875
13.392857142857142 3.0886875
13.5 3.0673125
13.642857142857142 3.0530625
13.678571428571429 3.0673125
13.714285714285714 3.0673125
13.75 3.0673125
13.785714285714286 3.0673125
13.821428571428571 3.0673125
13.857142857142858 3.0673125
13.892857142857142 3.0673125
13.928571428571429 3.0673125
13.964285714285714 3.0673125
14.0 3.0673125
14.035714285714286 3.0673125
14.071428571428571 3.0673125
14.107142857142858 3.0673125
14.142857142857142 3.0673125
14.214285714285714 3.0494999999999997
14.321428571428571 3.0494999999999997
14.357142857142858 3.0281249999999997
14.392857142857142 3.0530625
14.428571428571429 3.0530625
14.464285714285714 3.0530625
14.5 3.0530625
14.535714285714286 3.0530625
14.571428571428571 3.056625
14.607142857142858 3.056625
14.642857142857142 3.056625
14.678571428571429 3.056625
14.714285714285714 3.056625
14.75 3.056625
14.785714285714286 3.056625
14.821428571428571 3.056625
14.857142857142858 3.056625
14.928571428571429 3.042375
15.0 3.03525
15.071428571428571 3.0245624999999996
15.107142857142858 3.0494999999999997
15.142857142857142 3.0494999999999997
15.178571428571429 3.0494999999999997
15.214285714285714 3.0494999999999997
15.25 3.0494999999999997
15.285714285714286 3.0494999999999997
15.321428571428571 3.0494999999999997
15.357142857142858 3.0494999999999997
15.392857142857142 3.0459375
15.428571428571429 3.0459375
15.464285714285714 3.0459375
15.5 3.0459375
15.535714285714286 3.0459375
15.571428571428571 3.0459375
15.714285714285714 3.021
15.785714285714286 3.00675
15.821428571428571 3.0281249999999997
15.857142857142858 3.0245624999999996
15.892857142857142 3.0245624999999996
15.928571428571429 3.0245624999999996
15.964285714285714 3.0281249999999997
16.0 3.0281249999999997
16.035714285714285 3.0281249999999997
16.071428571428573 3.0245624999999996
16.107142857142858 3.0245624999999996
16.142857142857142 3.0245624999999996
16.178571428571427 3.0245624999999996
16.214285714285715 3.0245624999999996
16.25 3.0245624999999996
16.285714285714285 3.0245624999999996
16.5 3.0103125
16.535714285714285 3.0281249999999997
16.571428571428573 3.0281249999999997
16.607142857142858 3.0245624999999996
16.642857142857142 3.0245624999999996
16.678571428571427 3.0245624999999996
16.714285714285715 3.0281249999999997
16.75 3.0281249999999997
16.785714285714285 3.0281249999999997
16.821428571428573 3.0245624999999996
16.857142857142858 3.0245624999999996
16.892857142857142 3.0245624999999996
16.928571428571427 3.0245624999999996
16.964285714285715 3.0245624999999996
17.0 3.0245624999999996
17.071428571428573 3.0174374999999998
17.214285714285715 3.0281249999999997
17.25 3.03525
17.285714285714285 3.0316875
17.321428571428573 3.0316875
17.357142857142858 3.0316875
17.392857142857142 3.0316875
17.428571428571427 3.0316875
17.464285714285715 3.0316875
17.5 3.0316875
17.535714285714285 3.0316875
17.571428571428573 3.0316875
17.607142857142858 3.0316875
17.642857142857142 3.0316875
17.678571428571427 3.0316875
17.785714285714285 3.0174374999999998
17.857142857142858 3.0103125
17.928571428571427 2.9960625
17.964285714285715 3.0103125
18.0 3.0103125
18.035714285714285 3.0103125
18.071428571428573 3.0103125
18.107142857142858 3.0103125
18.142857142857142 3.0103125
18.178571428571427 3.0138749999999996
18.214285714285715 3.0138749999999996
18.25 3.0103125
18.285714285714285 3.0138749999999996
18.321428571428573 3.0138749999999996
18.357142857142858 3.0103125
18.392857142857142 3.0103125
18.5 3.0031874999999997
18.571428571428573 2.9960625
18.642857142857142 3.0031874999999997
18.678571428571427 3.0103125
18.714285714285715 3.00675
18.75 3.00675
18.785714285714285 3.00675
18.821428571428573 3.00675
18.857142857142858 3.00675
18.892857142857142 3.00675
18.928571428571427 3.00675
18.964285714285715 3.00675
19.0 3.0031874999999997
19.035714285714285 3.0031874999999997
19.071428571428573 3.0031874999999997
19.107142857142858 3.0031874999999997
19.142857142857142 3.0031874999999997
19.214285714285715 2.999625
19.285714285714285 2.9924999999999997
19.321428571428573 3.0031874999999997
19.357142857142858 3.0031874999999997
19.392857142857142 3.0103125
19.428571428571427 3.00675
19.464285714285715 3.00675
19.5 3.00675
19.535714285714285 3.00675
19.571428571428573 3.00675
19.607142857142858 3.0103125
19.642857142857142 3.0103125
19.678571428571427 3.0103125
19.714285714285715 3.0103125
19.75 3.0103125
19.785714285714285 3.0103125
19.821428571428573 3.0103125
19.928571428571427 2.999625
20.0 2.985375
20.071428571428573 2.985375
20.107142857142858 2.9960625
20.142857142857142 2.9924999999999997
20.178571428571427 2.9924999999999997
20.214285714285715 2.9924999999999997
20.25 2.9924999999999997
20.285714285714285 2.9924999999999997
20.321428571428573 2.9924999999999997
20.357142857142858 2.9924999999999997
20.392857142857142 2.9924999999999997
20.428571428571427 2.9924999999999997
20.464285714285715 2.9924999999999997
20.5 2.9924999999999997
20.535714285714285 2.9924999999999997
20.571428571428573 2.9924999999999997
20.642857142857142 2.9924999999999997
20.75 2.9960625
20.785714285714285 2.9889374999999996
20.821428571428573 2.999625
20.857142857142858 2.9924999999999997
20.892857142857142 2.9924999999999997
20.928571428571427 2.9924999999999997
20.964285714285715 2.9924999999999997
21.0 2.9924999999999997
21.035714285714285 2.9924999999999997
21.071428571428573 2.9924999999999997
21.107142857142858 2.9924999999999997
21.142857142857142 2.9924999999999997
21.178571428571427 2.9924999999999997
21.214285714285715 2.9924999999999997
21.25 2.9924999999999997
21.321428571428573 2.9924999999999997
21.428571428571427 2.9924999999999997
21.5 2.999625
21.535714285714285 3.00675
21.571428571428573 2.999625
21.607142857142858 2.9960625
21.642857142857142 2.9960625
21.678571428571427 2.9960625
21.714285714285715 2.9960625
21.75 2.9960625
21.785714285714285 2.9960625
21.821428571428573 2.9960625
21.857142857142858 2.9960625
21.892857142857142 2.9960625
21.928571428571427 2.9960625
21.964285714285715 2.9960625
22.035714285714285 2.9924999999999997
22.071428571428573 2.9818124999999998
22.142857142857142 2.9924999999999997
22.214285714285715 2.985375
22.25 3.0031874999999997
22.285714285714285 2.9960625
22.321428571428573 2.9924999999999997
22.357142857142858 2.9924999999999997
22.392857142857142 2.9960625
22.428571428571427 2.9960625
22.464285714285715 2.9960625
22.5 2.9960625
22.535714285714285 2.9960625
22.571428571428573 2.9960625
22.607142857142858 2.9960625
22.642857142857142 2.9960625
22.678571428571427 2.9960625
22.714285714285715 2.9960625
22.785714285714285 2.985375
22.857142857142858 2.985375
22.928571428571427 2.9568749999999997
22.964285714285715 2.985375
23.0 2.9818124999999998
23.035714285714285 2.9818124999999998
23.071428571428573 2.9818124999999998
23.107142857142858 2.9818124999999998
23.142857142857142 2.9818124999999998
23.178571428571427 2.9818124999999998
23.214285714285715 2.9818124999999998
23.25 2.9818124999999998
23.285714285714285 2.9818124999999998
23.321428571428573 2.9818124999999998
23.357142857142858 2.9818124999999998
23.392857142857142 2.9818124999999998
23.5 2.9604375
23.642857142857142 2.9354999999999998
23.678571428571427 2.9568749999999997
23.714285714285715 2.9568749999999997
23.75 2.9568749999999997
23.785714285714285 2.9568749999999997
23.821428571428573 2.9568749999999997
23.857142857142858 2.9568749999999997
23.892857142857142 2.9568749999999997
23.928571428571427 2.9568749999999997
23.964285714285715 2.9568749999999997
24.0 2.9568749999999997
24.035714285714285 2.9568749999999997
24.071428571428573 2.9568749999999997
24.107142857142858 2.9568749999999997
24.214285714285715 2.9390625
24.285714285714285 2.9426249999999996
24.321428571428573 2.9533125
24.357142857142858 2.9568749999999997
24.392857142857142 2.94975
24.428571428571427 2.94975
24.464285714285715 2.94975
24.5 2.94975
24.535714285714285 2.94975
24.571428571428573 2.94975
24.607142857142858 2.94975
24.642857142857142 2.94975
24.678571428571427 2.94975
24.714285714285715 2.94975
24.75 2.94975
24.785714285714285 2.94975
24.821428571428573 2.94975
24.928571428571427 2.9354999999999998
25.0 2.9390625
25.035714285714285 2.9426249999999996
25.071428571428573 2.9319374999999996
25.107142857142858 2.9426249999999996
25.142857142857142 2.9426249999999996
25.178571428571427 2.9426249999999996
25.214285714285715 2.9426249999999996
25.25 2.9426249999999996
25.285714285714285 2.9426249999999996
25.321428571428573 2.9426249999999996
25.357142857142858 2.9426249999999996
25.392857142857142 2.9426249999999996
25.428571428571427 2.9426249999999996
25.464285714285715 2.9426249999999996
25.5 2.9426249999999996
25.535714285714285 2.9426249999999996
25.607142857142858 2.9248125
25.714285714285715 2.9354999999999998
25.75 2.9319374999999996
25.785714285714285 2.9354999999999998
25.821428571428573 2.9390625
25.857142857142858 2.9390625
25.892857142857142 2.9390625
25.928571428571427 2.9390625
25.964285714285715 2.9390625
26.0 2.9390625
26.035714285714285 2.9390625
26.071428571428573 2.9390625
26.107142857142858 2.9390625
26.142857142857142 2.9390625
26.178571428571427 2.9390625
26.214285714285715 2.9390625
26.25 2.9390625
26.321428571428573 2.9319374999999996
26.428571428571427 2.9212499999999997
26.5 2.9212499999999997
26.535714285714285 2.9248125
26.571428571428573 2.9212499999999997
26.607142857142858 2.9212499999999997
26.642857142857142 2.9212499999999997
26.678571428571427 2.9212499999999997
26.714285714285715 2.9212499999999997
26.75 2.9212499999999997
26.785714285714285 2.9212499999999997
26.821428571428573 2.9212499999999997
26.857142857142858 2.9212499999999997
26.892857142857142 2.9212499999999997
26.928571428571427 2.9212499999999997
26.964285714285715 2.9212499999999997
27.142857142857142 2.8998749999999998
27.214285714285715 2.8820625
27.25 2.9069999999999996
27.285714285714285 2.9069999999999996
27.321428571428573 2.9069999999999996
27.357142857142858 2.9069999999999996
27.392857142857142 2.9069999999999996
27.428571428571427 2.9069999999999996
27.464285714285715 2.9069999999999996
27.5 2.9069999999999996
27.535714285714285 2.9069999999999996
27.571428571428573 2.9069999999999996
27.607142857142858 2.9069999999999996
27.642857142857142 2.9069999999999996
27.785714285714285 2.8998749999999998
27.928571428571427 2.89275
27.964285714285715 2.914125
28.0 2.914125
28.035714285714285 2.914125
28.071428571428573 2.914125
28.107142857142858 2.914125
28.142857142857142 2.914125
28.178571428571427 2.914125
28.214285714285715 2.914125
28.25 2.914125
28.285714285714285 2.914125
28.321428571428573 2.914125
28.357142857142858 2.914125
28.392857142857142 2.914125
28.464285714285715 2.8963124999999996
28.571428571428573 2.914125
28.607142857142858 2.9319374999999996
28.642857142857142 2.9354999999999998
28.678571428571427 2.928375
28.714285714285715 2.928375
28.75 2.928375
28.785714285714285 2.928375
28.821428571428573 2.928375
28.857142857142858 2.928375
28.892857142857142 2.928375
28.928571428571427 2.928375
28.964285714285715 2.928375
29.0 2.928375
29.035714285714285 2.928375
29.071428571428573 2.928375
29.214285714285715 2.9176875
29.285714285714285 2.9176875
29.321428571428573 2.9248125
29.357142857142858 2.928375
29.392857142857142 2.9212499999999997
29.428571428571427 2.914125
29.464285714285715 2.914125
29.5 2.914125
29.535714285714285 2.914125
29.571428571428573 2.914125
29.607142857142858 2.914125
29.642857142857142 2.914125
29.678571428571427 2.914125
29.714285714285715 2.914125
29.75 2.914125
29.785714285714285 2.914125
29.821428571428573 2.914125
29.892857142857142 2.8998749999999998
30.0 2.9069999999999996
30.035714285714285 2.8891875
30.071428571428573 2.9034375
30.107142857142858 2.9105624999999997
30.142857142857142 2.9069999999999996
30.178571428571427 2.9069999999999996
30.214285714285715 2.9069999999999996
30.25 2.9069999999999996
30.285714285714285 2.9069999999999996
30.321428571428573 2.9069999999999996
30.357142857142858 2.9069999999999996
30.392857142857142 2.9069999999999996
30.428571428571427 2.9069999999999996
30.464285714285715 2.9069999999999996
30.5 2.9069999999999996
30.535714285714285 2.9069999999999996
30.607142857142858 2.89275
30.714285714285715 2.9176875
30.75 2.8998749999999998
30.785714285714285 2.9176875
30.821428571428573 2.9319374999999996
30.857142857142858 2.9248125
30.892857142857142 2.9248125
30.928571428571427 2.9248125
30.964285714285715 2.9248125
31.0 2.9248125
31.035714285714285 2.9248125
31.071428571428573 2.9248125
31.107142857142858 2.9248125
31.142857142857142 2.9248125
31.178571428571427 2.9248125
31.214285714285715 2.9248125
31.25 2.9248125
31.321428571428573 2.9176875
31.357142857142858 2.914125
31.428571428571427 2.914125
31.5 2.9176875
31.535714285714285 2.9212499999999997
31.571428571428573 2.9212499999999997
31.607142857142858 2.9212499999999997
31.642857142857142 2.9212499999999997
31.678571428571427 2.9212499999999997
31.714285714285715 2.9212499999999997
31.75 2.9212499999999997
31.785714285714285 2.9212499999999997
31.821428571428573 2.9212499999999997
31.857142857142858 2.9212499999999997
31.892857142857142 2.9212499999999997
31.928571428571427 2.9212499999999997
31.964285714285715 2.9212499999999997
32.035714285714285 2.9105624999999997
32.07142857142857 2.9034375
32.142857142857146 2.9069999999999996
32.214285714285715 2.914125
32.25 2.914125
32.285714285714285 2.9105624999999997
32.32142857142857 2.9105624999999997
32.357142857142854 2.914125
32.392857142857146 2.9105624999999997
32.42857142857143 2.9105624999999997
32.464285714285715 2.9105624999999997
32.5 2.9105624999999997
32.535714285714285 2.9069999999999996
32.57142857142857 2.9069999999999996
32.607142857142854 2.9069999999999996
32.642857142857146 2.9069999999999996
32.67857142857143 2.9069999999999996
32.75 2.89275
32.857142857142854 2.9105624999999997
32.92857142857143 2.9176875
32.964285714285715 2.9176875
33.0 2.914125
33.035714285714285 2.914125
33.07142857142857 2.914125
33.107142857142854 2.914125
33.142857142857146 2.9176875
33.17857142857143 2.914125
33.214285714285715 2.914125
33.25 2.914125
33.285714285714285 2.914125
33.32142857142857 2.914125
33.357142857142854 2.914125
33.392857142857146 2.914125
33.57142857142857 2.9069999999999996
33.642857142857146 2.9212499999999997
33.67857142857143 2.9176875
33.714285714285715 2.9176875
33.75 2.9176875
33.785714285714285 2.9176875
33.82142857142857 2.9176875
33.857142857142854 2.914125
33.892857142857146 2.914125
33.92857142857143 2.914125
33.964285714285715 2.914125
34.0 2.914125
34.035714285714285 2.914125
34.07142857142857 2.914125
34.214285714285715 2.9034375
34.285714285714285 2.9034375
34.32142857142857 2.914125
34.357142857142854 2.9176875
34.392857142857146 2.914125
34.42857142857143 2.914125
34.464285714285715 2.914125
34.5 2.914125
34.535714285714285 2.914125
34.57142857142857 2.914125
34.607142857142854 2.914125
34.642857142857146 2.914125
34.67857142857143 2.914125
34.714285714285715 2.914125
34.75 2.914125
34.785714285714285 2.914125
34.82142857142857 2.914125
34.92857142857143 2.9034375
35.0 2.9069999999999996
35.035714285714285 2.9105624999999997
35.07142857142857 2.8963124999999996
35.107142857142854 2.914125
35.142857142857146 2.914125
35.17857142857143 2.914125
35.214285714285715 2.9105624999999997
35.25 2.9105624999999997
35.285714285714285 2.9105624999999997
35.32142857142857 2.9105624999999997
35.357142857142854 2.9105624999999997
35.392857142857146 2.9105624999999997
35.42857142857143 2.9105624999999997
35.464285714285715 2.9105624999999997
35.5 2.9105624999999997
35.535714285714285 2.9105624999999997
35.607142857142854 2.8963124999999996
35.714285714285715 2.914125
35.75 2.9248125
35.785714285714285 2.9212499999999997
35.82142857142857 2.928375
35.857142857142854 2.928375
35.892857142857146 2.928375
35.92857142857143 2.928375
35.964285714285715 2.928375
36.0 2.928375
36.035714285714285 2.928375
36.07142857142857 2.928375
36.107142857142854 2.928375
36.142857142857146 2.928375
36.17857142857143 2.928375
36.214285714285715 2.928375
36.25 2.928375
36.32142857142857 2.9212499999999997
36.357142857142854 2.9105624999999997
36.392857142857146 2.9069999999999996
36.42857142857143 2.914125
36.5 2.9248125
36.535714285714285 2.9248125
36.57142857142857 2.9212499999999997
36.607142857142854 2.9248125
36.642857142857146 2.9248125
36.67857142857143 2.9248125
36.714285714285715 2.9248125
36.75 2.9248125
36.785714285714285 2.9248125
36.82142857142857 2.9248125
36.857142857142854 2.9248125
36.892857142857146 2.9248125
36.92857142857143 2.9248125
36.964285714285715 2.9248125
37.035714285714285 2.914125
37.107142857142854 2.8963124999999996
37.142857142857146 2.9034375
37.214285714285715 2.9069999999999996
37.25 2.9034375
37.285714285714285 2.9034375
37.32142857142857 2.9034375
37.357142857142854 2.9069999999999996
37.392857142857146 2.9034375
37.42857142857143 2.9069999999999996
37.464285714285715 2.9069999999999996
37.5 2.9069999999999996
37.535714285714285 2.9069999999999996
37.57142857142857 2.9069999999999996
37.607142857142854 2.9069999999999996
37.642857142857146 2.9069999999999996
37.67857142857143 2.9069999999999996
37.75 2.89275
37.857142857142854 2.9034375
37.92857142857143 2.9105624999999997
37.964285714285715 2.9105624999999997
38.0 2.9105624999999997
38.035714285714285 2.9105624999999997
38.07142857142857 2.9105624999999997
38.107142857142854 2.9105624999999997
38.142857142857146 2.9105624999999997
38.17857142857143 2.9105624999999997
38.214285714285715 2.9105624999999997
38.25 2.9105624999999997
38.285714285714285 2.9105624999999997
38.32142857142857 2.9105624999999997
38.357142857142854 2.9105624999999997
38.392857142857146 2.9105624999999997
38.464285714285715 2.89275
38.642857142857146 2.9105624999999997
38.67857142857143 2.9105624999999997
38.714285714285715 2.9105624999999997
38.75 2.9105624999999997
38.785714285714285 2.9105624999999997
38.82142857142857 2.9105624999999997
38.857142857142854 2.9105624999999997
38.892857142857146 2.9105624999999997
38.92857142857143 2.9105624999999997
38.964285714285715 2.9105624999999997
39.0 2.9069999999999996
39.035714285714285 2.9069999999999996
39.07142857142857 2.9069999999999996
39.107142857142854 2.9069999999999996
39.142857142857146 2.9069999999999996
39.214285714285715 2.8998749999999998
39.285714285714285 2.8998749999999998
39.357142857142854 2.914125
39.392857142857146 2.9105624999999997
39.42857142857143 2.9105624999999997
39.464285714285715 2.9105624999999997
39.5 2.9105624999999997
39.535714285714285 2.9105624999999997
39.57142857142857 2.9105624999999997
39.607142857142854 2.9069999999999996
39.642857142857146 2.9069999999999996
39.67857142857143 2.9069999999999996
39.714285714285715 2.9069999999999996
39.75 2.9069999999999996
39.785714285714285 2.9069999999999996
39.82142857142857 2.9069999999999996
39.892857142857146 2.8891875
39.92857142857143 2.8998749999999998
