0.03571428571428571 1.9166249999999998
0.07142857142857142 1.9059374999999998
0.10714285714285714 1.902375
0.14285714285714285 1.902375
0.17857142857142858 1.902375
0.21428571428571427 1.902375
0.25 1.902375
0.2857142857142857 1.902375
0.32142857142857145 1.902375
0.35714285714285715 1.902375
0.4642857142857143 1.902375
0.5714285714285714 1.9059374999999998
0.6428571428571429 1.8952499999999999
0.75 1.9130624999999999
0.7857142857142857 1.9095
0.8214285714285714 1.9059374999999998
0.8571428571428571 1.9059374999999998
0.8928571428571429 1.9095
0.9285714285714286 1.9095
0.9642857142857143 1.9095
1.0 1.9130624999999999
1.0357142857142858 1.9130624999999999
1.0714285714285714 1.9130624999999999
1.1071428571428572 1.9130624999999999
1.1428571428571428 1.9130624999999999
1.1785714285714286 1.9130624999999999
1.2142857142857142 1.9130624999999999
1.25 1.9130624999999999
1.3928571428571428 1.8916875
1.4642857142857142 1.9201875
1.5 1.9095
1.5357142857142858 1.9095
1.5714285714285714 1.9095
1.6785714285714286 1.9130624999999999
1.7857142857142858 1.9166249999999998
1.8214285714285714 1.9166249999999998
1.8571428571428572 1.9166249999999998
1.8928571428571428 1.9166249999999998
1.9285714285714286 1.9166249999999998
2.0714285714285716 1.8988124999999998
2.1785714285714284 1.9201875
2.2142857142857144 1.9130624999999999
2.3214285714285716 1.9130624999999999
2.357142857142857 1.9166249999999998
2.392857142857143 1.9166249999999998
2.4285714285714284 1.9166249999999998
2.4642857142857144 1.9201875
2.5 1.9166249999999998
2.5357142857142856 1.9166249999999998
2.5714285714285716 1.9166249999999998
2.607142857142857 1.9166249999999998
2.642857142857143 1.9166249999999998
2.6785714285714284 1.9166249999999998
2.7142857142857144 1.9166249999999998
2.892857142857143 1.930875
2.9642857142857144 1.9130624999999999
3.0 1.9130624999999999
3.0357142857142856 1.9166249999999998
3.0714285714285716 1.9166249999999998
3.107142857142857 1.9166249999999998
3.142857142857143 1.9166249999999998
3.1785714285714284 1.9166249999999998
3.2142857142857144 1.9166249999999998
3.25 1.9166249999999998
3.2857142857142856 1.9166249999999998
3.3214285714285716 1.9166249999999998
3.357142857142857 1.9166249999999998
3.607142857142857 1.9273124999999998
3.642857142857143 1.9130624999999999
3.7142857142857144 1.9130624999999999
3.75 1.9130624999999999
3.7857142857142856 1.9130624999999999
3.8214285714285716 1.9166249999999998
3.857142857142857 1.9166249999999998
3.892857142857143 1.9166249999999998
3.9285714285714284 1.9166249999999998
3.9642857142857144 1.9166249999999998
4.0 1.9166249999999998
4.035714285714286 1.9166249999999998
4.071428571428571 1.9166249999999998
4.321428571428571 1.9344374999999998
4.357142857142857 1.9237499999999998
4.392857142857143 1.9201875
4.428571428571429 1.9201875
4.464285714285714 1.9201875
4.5 1.9201875
4.535714285714286 1.9201875
4.571428571428571 1.9237499999999998
4.607142857142857 1.9237499999999998
4.642857142857143 1.9237499999999998
4.678571428571429 1.9237499999999998
4.714285714285714 1.9237499999999998
4.75 1.9237499999999998
4.785714285714286 1.9237499999999998
4.964285714285714 1.9095
5.0 1.9522499999999998
5.035714285714286 1.9415624999999999
5.071428571428571 1.930875
5.107142857142857 1.9273124999999998
5.142857142857143 1.9273124999999998
5.178571428571429 1.9273124999999998
5.214285714285714 1.9273124999999998
5.25 1.9273124999999998
5.285714285714286 1.9273124999999998
5.357142857142857 1.9273124999999998
5.392857142857143 1.9273124999999998
5.428571428571429 1.9273124999999998
5.464285714285714 1.9273124999999998
5.5 1.9273124999999998
5.571428571428571 1.9273124999999998
5.642857142857143 1.9130624999999999
5.678571428571429 1.9095
5.75 1.938
5.785714285714286 1.9273124999999998
5.821428571428571 1.9237499999999998
5.892857142857143 1.9237499999999998
5.928571428571429 1.9237499999999998
5.964285714285714 1.9237499999999998
6.0 1.9237499999999998
6.035714285714286 1.9237499999999998
6.071428571428571 1.9237499999999998
6.142857142857143 1.9237499999999998
6.178571428571429 1.9237499999999998
6.214285714285714 1.9237499999999998
6.25 1.9273124999999998
6.357142857142857 1.9095
6.392857142857143 1.9095
6.464285714285714 1.938
6.5 1.9237499999999998
6.535714285714286 1.9201875
6.571428571428571 1.9201875
6.75 1.9201875
7.142857142857143 1.9522499999999998
7.178571428571429 1.938
7.214285714285714 1.930875
7.25 1.9237499999999998
7.285714285714286 1.9237499999999998
7.357142857142857 1.9201875
7.392857142857143 1.9201875
7.428571428571429 1.9201875
7.464285714285714 1.9201875
7.5 1.9201875
7.571428571428571 1.9201875
7.642857142857143 1.9201875
7.785714285714286 1.9273124999999998
7.892857142857143 1.9558125
7.928571428571429 1.9451249999999998
7.964285714285714 1.9451249999999998
8.0 1.9415624999999999
8.035714285714286 1.9415624999999999
8.071428571428571 1.938
8.142857142857142 1.938
8.178571428571429 1.938
8.25 1.938
8.285714285714286 1.938
8.321428571428571 1.938
8.357142857142858 1.938
8.392857142857142 1.938
8.571428571428571 1.9949999999999999
8.678571428571429 1.9665
8.714285714285714 1.9629374999999998
8.75 1.9629374999999998
8.785714285714286 1.9593749999999999
8.821428571428571 1.9629374999999998
8.857142857142858 1.9593749999999999
9.071428571428571 1.9593749999999999
9.178571428571429 1.9558125
9.321428571428571 1.9878749999999998
9.357142857142858 1.9771874999999999
9.392857142857142 1.973625
9.428571428571429 1.973625
9.464285714285714 1.973625
9.5 1.973625
9.535714285714286 1.9700624999999998
9.571428571428571 1.973625
9.607142857142858 1.9700624999999998
9.642857142857142 1.9700624999999998
9.678571428571429 1.9700624999999998
9.714285714285714 1.9700624999999998
9.75 1.9700624999999998
9.785714285714286 1.9700624999999998
10.0 2.0306249999999997
10.107142857142858 1.9949999999999999
10.142857142857142 1.9914374999999997
10.178571428571429 1.9914374999999997
10.214285714285714 1.9914374999999997
10.25 1.9914374999999997
10.75 2.016375
10.785714285714286 1.9985624999999998
10.821428571428571 1.9985624999999998
10.857142857142858 1.9985624999999998
10.892857142857142 1.9949999999999999
10.928571428571429 1.9949999999999999
10.964285714285714 1.9949999999999999
11.0 1.9914374999999997
11.071428571428571 1.9914374999999997
11.107142857142858 1.9914374999999997
11.142857142857142 1.9914374999999997
11.178571428571429 1.9914374999999997
11.214285714285714 1.9914374999999997
11.321428571428571 1.9914374999999997
11.392857142857142 2.0128125
11.428571428571429 2.0805
11.464285714285714 2.0199374999999997
11.5 2.002125
11.535714285714286 2.002125
11.571428571428571 1.9985624999999998
11.607142857142858 1.9985624999999998
11.642857142857142 1.9949999999999999
11.678571428571429 1.9949999999999999
11.714285714285714 1.9949999999999999
11.785714285714286 1.9914374999999997
11.821428571428571 1.9914374999999997
11.857142857142858 1.9914374999999997
11.892857142857142 1.9914374999999997
11.928571428571429 1.9914374999999997
12.142857142857142 2.0306249999999997
12.178571428571429 2.0199374999999997
12.214285714285714 2.0056875
12.25 2.002125
12.285714285714286 2.002125
12.321428571428571 2.002125
12.357142857142858 1.9985624999999998
12.392857142857142 1.9985624999999998
12.428571428571429 1.9985624999999998
12.464285714285714 1.9985624999999998
12.5 1.9985624999999998
12.535714285714286 1.9985624999999998
12.571428571428571 1.9949999999999999
12.607142857142858 1.9949999999999999
12.642857142857142 1.9949999999999999
12.678571428571429 2.002125
12.785714285714286 1.9985624999999998
12.821428571428571 2.0092499999999998
12.857142857142858 2.0306249999999997
12.892857142857142 2.0128125
12.928571428571429 2.0092499999999998
12.964285714285714 2.0092499999999998
13.0 2.0056875
13.035714285714286 2.0056875
13.071428571428571 2.0056875
13.107142857142858 2.0056875
13.142857142857142 2.002125
13.178571428571429 2.002125
13.214285714285714 2.002125
13.25 2.002125
13.285714285714286 2.002125
13.321428571428571 2.002125
13.357142857142858 2.002125
13.571428571428571 2.0484375
13.607142857142858 2.0199374999999997
13.642857142857142 2.0128125
13.678571428571429 2.0128125
13.714285714285714 2.0092499999999998
13.75 2.0092499999999998
13.785714285714286 2.0092499999999998
13.821428571428571 2.0056875
13.857142857142858 2.0056875
13.892857142857142 2.0056875
13.928571428571429 2.0056875
13.964285714285714 2.0056875
14.0 2.002125
14.035714285714286 2.002125
14.071428571428571 2.002125
14.178571428571429 1.9949999999999999
14.285714285714286 2.0341875
14.321428571428571 2.0235
14.357142857142858 2.0092499999999998
14.392857142857142 2.0092499999999998
14.428571428571429 2.0056875
14.464285714285714 2.002125
14.5 2.002125
14.535714285714286 1.9985624999999998
14.642857142857142 1.9985624999999998
14.678571428571429 1.9985624999999998
14.714285714285714 1.9985624999999998
14.75 1.9985624999999998
14.785714285714286 1.9985624999999998
14.892857142857142 1.9949999999999999
15.0 2.0341875
15.035714285714286 1.9985624999999998
15.071428571428571 1.9949999999999999
15.107142857142858 1.9878749999999998
15.142857142857142 1.9843125
15.178571428571429 1.9843125
15.214285714285714 1.9807499999999998
15.25 1.9843125
15.285714285714286 1.9807499999999998
15.321428571428571 1.9807499999999998
15.357142857142858 1.9807499999999998
15.392857142857142 1.9807499999999998
15.428571428571429 1.9807499999999998
15.464285714285714 1.9807499999999998
15.5 1.9807499999999998
15.535714285714286 1.9807499999999998
15.714285714285714 2.0448749999999998
15.75 1.9771874999999999
15.785714285714286 1.973625
15.821428571428571 1.9700624999999998
15.857142857142858 1.9665
15.892857142857142 1.9629374999999998
15.928571428571429 1.9629374999999998
15.964285714285714 1.9629374999999998
16.0 1.9629374999999998
16.035714285714285 1.9629374999999998
16.071428571428573 1.9593749999999999
16.107142857142858 1.9629374999999998
16.142857142857142 1.9593749999999999
16.178571428571427 1.9593749999999999
16.214285714285715 1.9593749999999999
16.464285714285715 1.9843125
16.5 1.9665
16.535714285714285 1.9629374999999998
16.571428571428573 1.9593749999999999
16.607142857142858 1.9593749999999999
16.642857142857142 1.9558125
16.678571428571427 1.9558125
16.714285714285715 1.9558125
16.75 1.9558125
16.785714285714285 1.9558125
16.821428571428573 1.9522499999999998
16.857142857142858 1.9522499999999998
16.928571428571427 1.9522499999999998
16.964285714285715 1.9522499999999998
17.035714285714285 1.9522499999999998
17.107142857142858 1.9807499999999998
17.142857142857142 2.0056875
17.178571428571427 1.9914374999999997
17.214285714285715 1.9665
17.25 1.9629374999999998
17.285714285714285 1.9629374999999998
17.321428571428573 1.9593749999999999
17.357142857142858 1.9593749999999999
17.392857142857142 1.9593749999999999
17.428571428571427 1.9593749999999999
17.464285714285715 1.9593749999999999
17.5 1.9593749999999999
17.535714285714285 1.9558125
17.571428571428573 1.9558125
17.607142857142858 1.9558125
17.642857142857142 1.9558125
17.678571428571427 1.9593749999999999
17.857142857142858 2.0306249999999997
17.892857142857142 1.9807499999999998
17.928571428571427 1.9593749999999999
17.964285714285715 1.9593749999999999
18.0 1.9558125
18.035714285714285 1.9558125
18.071428571428573 1.9558125
18.107142857142858 1.9522499999999998
18.142857142857142 1.9522499999999998
18.178571428571427 1.9522499999999998
18.214285714285715 1.9522499999999998
18.25 1.9522499999999998
18.285714285714285 1.9522499999999998
18.321428571428573 1.9522499999999998
18.357142857142858 1.9522499999999998
18.607142857142858 1.9771874999999999
18.642857142857142 1.9665
18.678571428571427 1.9593749999999999
18.714285714285715 1.9593749999999999
18.75 1.9593749999999999
18.785714285714285 1.9593749999999999
18.821428571428573 1.9593749999999999
18.857142857142858 1.9558125
18.892857142857142 1.9558125
18.928571428571427 1.9558125
18.964285714285715 1.9558125
19.0 1.9558125
19.035714285714285 1.9558125
19.071428571428573 1.9522499999999998
19.107142857142858 1.9629374999999998
19.25 1.973625
19.285714285714285 2.0555624999999997
19.321428571428573 1.9843125
19.357142857142858 1.9593749999999999
19.392857142857142 1.9593749999999999
19.428571428571427 1.9522499999999998
19.464285714285715 1.9522499999999998
19.5 1.9522499999999998
19.535714285714285 1.9522499999999998
19.571428571428573 1.9522499999999998
19.607142857142858 1.9486875
19.642857142857142 1.9522499999999998
19.678571428571427 1.9522499999999998
19.714285714285715 1.9486875
19.75 1.9486875
19.785714285714285 1.9522499999999998
19.821428571428573 1.9522499999999998
20.0 2.0413124999999996
20.035714285714285 1.9700624999999998
20.071428571428573 1.9593749999999999
20.107142857142858 1.9558125
20.142857142857142 1.9522499999999998
20.178571428571427 1.9522499999999998
20.214285714285715 1.9522499999999998
20.25 1.9486875
20.285714285714285 1.9486875
20.321428571428573 1.9486875
20.357142857142858 1.9486875
20.392857142857142 1.9486875
20.428571428571427 1.9486875
20.464285714285715 1.9486875
20.5 1.9486875
20.535714285714285 1.9522499999999998
20.607142857142858 1.938
20.785714285714285 1.9522499999999998
20.821428571428573 1.9486875
20.857142857142858 1.9451249999999998
20.892857142857142 1.9415624999999999
20.928571428571427 1.9415624999999999
20.964285714285715 1.9415624999999999
21.0 1.9415624999999999
21.035714285714285 1.938
21.071428571428573 1.938
21.107142857142858 1.938
21.142857142857142 1.938
21.178571428571427 1.938
21.214285714285715 1.938
21.25 1.9451249999999998
21.428571428571427 1.9771874999999999
21.464285714285715 1.9629374999999998
21.5 1.9415624999999999
21.535714285714285 1.9344374999999998
21.571428571428573 1.930875
21.607142857142858 1.930875
21.642857142857142 1.9273124999999998
21.678571428571427 1.9273124999999998
21.714285714285715 1.9273124999999998
21.75 1.9237499999999998
21.785714285714285 1.9237499999999998
21.821428571428573 1.9237499999999998
21.857142857142858 1.9237499999999998
21.892857142857142 1.9273124999999998
21.928571428571427 1.9237499999999998
21.964285714285715 1.9273124999999998
22.071428571428573 1.9344374999999998
22.178571428571427 1.9451249999999998
22.214285714285715 1.9344374999999998
22.25 1.9237499999999998
22.285714285714285 1.9237499999999998
22.321428571428573 1.9201875
22.357142857142858 1.9201875
22.392857142857142 1.9166249999999998
22.428571428571427 1.9166249999999998
22.464285714285715 1.9166249999999998
22.5 1.9166249999999998
22.535714285714285 1.9130624999999999
22.571428571428573 1.9130624999999999
22.607142857142858 1.9130624999999999
22.642857142857142 1.9166249999999998
22.678571428571427 1.9166249999999998
22.714285714285715 1.9201875
22.75 1.902375
22.892857142857142 1.938
22.928571428571427 1.9201875
22.964285714285715 1.9130624999999999
23.0 1.9130624999999999
23.035714285714285 1.9095
23.071428571428573 1.9095
23.107142857142858 1.9059374999999998
23.142857142857142 1.9059374999999998
23.178571428571427 1.9059374999999998
23.214285714285715 1.9059374999999998
23.25 1.9059374999999998
23.285714285714285 1.9059374999999998
23.321428571428573 1.902375
23.357142857142858 1.902375
23.428571428571427 1.9095
23.571428571428573 1.9059374999999998
23.607142857142858 1.9095
23.642857142857142 1.8952499999999999
23.678571428571427 1.8916875
23.714285714285715 1.8916875
23.75 1.8881249999999998
23.785714285714285 1.8881249999999998
23.821428571428573 1.8845625
23.857142857142858 1.8845625
23.892857142857142 1.8845625
23.928571428571427 1.8845625
23.964285714285715 1.8845625
24.0 1.8845625
24.035714285714285 1.8845625
24.071428571428573 1.8809999999999998
24.107142857142858 1.8845625
24.142857142857142 1.8881249999999998
24.321428571428573 1.9059374999999998
24.357142857142858 1.8809999999999998
24.392857142857142 1.8703124999999998
24.428571428571427 1.8703124999999998
24.464285714285715 1.86675
24.5 1.86675
24.535714285714285 1.86675
24.571428571428573 1.86675
24.607142857142858 1.86675
24.642857142857142 1.86675
24.678571428571427 1.86675
24.714285714285715 1.8631874999999998
24.75 1.8631874999999998
24.785714285714285 1.86675
24.821428571428573 1.8631874999999998
25.035714285714285 1.8845625
25.071428571428573 1.873875
25.107142857142858 1.8703124999999998
25.142857142857142 1.8631874999999998
25.178571428571427 1.8596249999999999
25.214285714285715 1.8596249999999999
25.25 1.8596249999999999
25.285714285714285 1.8596249999999999
25.321428571428573 1.8596249999999999
25.357142857142858 1.8596249999999999
25.392857142857142 1.8560625
25.428571428571427 1.8560625
25.464285714285715 1.8560625
25.5 1.8560625
25.535714285714285 1.8560625
25.571428571428573 1.86675
25.642857142857142 1.8489375
25.714285714285715 1.8596249999999999
25.75 1.8774374999999999
25.785714285714285 1.8524999999999998
25.821428571428573 1.8453749999999998
25.857142857142858 1.83825
25.892857142857142 1.83825
25.928571428571427 1.83825
25.964285714285715 1.83825
26.0 1.83825
26.035714285714285 1.83825
26.071428571428573 1.83825
26.107142857142858 1.8346874999999998
26.142857142857142 1.8346874999999998
26.178571428571427 1.8346874999999998
26.214285714285715 1.8346874999999998
26.25 1.8346874999999998
26.285714285714285 1.8453749999999998
26.428571428571427 1.86675
26.464285714285715 1.8774374999999999
26.5 1.8453749999999998
26.535714285714285 1.8418124999999999
26.571428571428573 1.83825
26.607142857142858 1.8346874999999998
26.642857142857142 1.8346874999999998
26.678571428571427 1.8346874999999998
26.714285714285715 1.8346874999999998
26.75 1.8346874999999998
26.785714285714285 1.8346874999999998
26.821428571428573 1.8346874999999998
26.857142857142858 1.8346874999999998
26.892857142857142 1.831125
26.928571428571427 1.8346874999999998
26.964285714285715 1.831125
27.178571428571427 1.9344374999999998
27.214285714285715 1.83825
27.25 1.8168749999999998
27.285714285714285 1.8133124999999999
27.321428571428573 1.8133124999999999
27.357142857142858 1.80975
27.392857142857142 1.80975
27.428571428571427 1.80975
27.464285714285715 1.80975
27.5 1.80975
27.535714285714285 1.80975
27.571428571428573 1.80975
27.607142857142858 1.80975
27.642857142857142 1.8061874999999998
27.678571428571427 1.8061874999999998
27.892857142857142 1.831125
27.928571428571427 1.8133124999999999
27.964285714285715 1.802625
28.0 1.7954999999999999
28.035714285714285 1.7919375
28.071428571428573 1.7919375
28.107142857142858 1.7919375
28.142857142857142 1.7919375
28.178571428571427 1.7919375
28.214285714285715 1.7919375
28.25 1.7919375
28.285714285714285 1.7919375
28.321428571428573 1.7919375
28.357142857142858 1.7919375
28.392857142857142 1.7919375
28.428571428571427 1.7954999999999999
28.642857142857142 1.7848125
28.678571428571427 1.7776874999999999
28.714285714285715 1.774125
28.75 1.767
28.785714285714285 1.767
28.857142857142858 1.7634374999999998
28.892857142857142 1.7634374999999998
28.928571428571427 1.7634374999999998
28.964285714285715 1.7634374999999998
29.0 1.7634374999999998
29.035714285714285 1.7634374999999998
29.071428571428573 1.7634374999999998
29.107142857142858 1.7634374999999998
29.142857142857142 1.7705624999999998
29.25 1.7634374999999998
29.357142857142858 1.7598749999999999
29.392857142857142 1.7527499999999998
29.428571428571427 1.7491875
29.464285714285715 1.745625
29.5 1.7420624999999998
29.535714285714285 1.7420624999999998
29.571428571428573 1.7420624999999998
29.607142857142858 1.7420624999999998
29.642857142857142 1.7420624999999998
29.678571428571427 1.7420624999999998
29.714285714285715 1.7385
29.75 1.7385
29.785714285714285 1.7385
29.821428571428573 1.7420624999999998
29.857142857142858 1.7420624999999998
29.928571428571427 1.7242499999999998
30.071428571428573 1.7278125
30.107142857142858 1.7135624999999999
30.142857142857142 1.7064374999999998
30.178571428571427 1.7064374999999998
30.214285714285715 1.702875
30.25 1.702875
30.285714285714285 1.702875
30.321428571428573 1.702875
30.357142857142858 1.702875
30.392857142857142 1.6993124999999998
30.428571428571427 1.6993124999999998
30.464285714285715 1.6993124999999998
30.5 1.6993124999999998
30.535714285714285 1.6993124999999998
30.607142857142858 1.7064374999999998
30.714285714285715 1.6993124999999998
30.785714285714285 1.7064374999999998
30.821428571428573 1.6957499999999999
30.857142857142858 1.6886249999999998
30.892857142857142 1.6921875
30.928571428571427 1.6921875
30.964285714285715 1.6921875
31.0 1.6886249999999998
31.035714285714285 1.6886249999999998
31.071428571428573 1.6886249999999998
31.107142857142858 1.6886249999999998
31.142857142857142 1.6886249999999998
31.178571428571427 1.6886249999999998
31.214285714285715 1.6886249999999998
31.25 1.6886249999999998
31.285714285714285 1.6886249999999998
31.392857142857142 1.6886249999999998
31.428571428571427 1.6814999999999998
31.464285714285715 1.6814999999999998
31.5 1.6921875
31.535714285714285 1.674375
31.571428571428573 1.6708124999999998
31.607142857142858 1.6636875
31.642857142857142 1.66725
31.678571428571427 1.6636875
31.714285714285715 1.6636875
31.75 1.6601249999999999
31.785714285714285 1.6601249999999999
31.821428571428573 1.6601249999999999
31.857142857142858 1.6601249999999999
31.892857142857142 1.6601249999999999
31.928571428571427 1.6601249999999999
31.964285714285715 1.6601249999999999
32.035714285714285 1.6636875
32.107142857142854 1.6636875
32.214285714285715 1.674375
32.25 1.6601249999999999
32.285714285714285 1.6529999999999998
32.32142857142857 1.6494375
32.357142857142854 1.6423124999999998
32.392857142857146 1.645875
32.42857142857143 1.6423124999999998
32.464285714285715 1.6423124999999998
32.5 1.6423124999999998
32.535714285714285 1.6423124999999998
32.57142857142857 1.6423124999999998
32.607142857142854 1.6423124999999998
32.642857142857146 1.6423124999999998
32.67857142857143 1.6423124999999998
32.714285714285715 1.6423124999999998
32.82142857142857 1.6423124999999998
32.92857142857143 1.674375
32.964285714285715 1.6280625
33.0 1.6209375
33.035714285714285 1.6173749999999998
33.07142857142857 1.6138124999999999
33.107142857142854 1.61025
33.142857142857146 1.61025
33.17857142857143 1.61025
33.214285714285715 1.61025
33.25 1.61025
33.285714285714285 1.61025
33.32142857142857 1.61025
33.357142857142854 1.61025
33.392857142857146 1.61025
33.42857142857143 1.61025
33.57142857142857 1.603125
33.642857142857146 1.6280625
33.67857142857143 1.6138124999999999
33.714285714285715 1.5959999999999999
33.75 1.5888749999999998
33.785714285714285 1.5888749999999998
33.82142857142857 1.5853125
33.857142857142854 1.5853125
33.92857142857143 1.5853125
33.964285714285715 1.5853125
34.0 1.5853125
34.035714285714285 1.5853125
34.07142857142857 1.5853125
34.107142857142854 1.58175
34.142857142857146 1.58175
34.285714285714285 1.5639375
34.357142857142854 1.5853125
34.392857142857146 1.5710624999999998
34.42857142857143 1.5568125
34.464285714285715 1.5532499999999998
34.5 1.5496874999999999
34.535714285714285 1.546125
34.57142857142857 1.5496874999999999
34.607142857142854 1.5496874999999999
34.642857142857146 1.546125
34.67857142857143 1.546125
34.714285714285715 1.5496874999999999
34.75 1.546125
34.785714285714285 1.546125
34.82142857142857 1.5496874999999999
34.857142857142854 1.546125
34.892857142857146 1.5496874999999999
35.0 1.5354374999999998
35.035714285714285 1.5318749999999999
35.107142857142854 1.5318749999999999
35.142857142857146 1.5283125
35.17857142857143 1.517625
35.214285714285715 1.517625
35.25 1.517625
35.285714285714285 1.5140624999999999
35.32142857142857 1.5140624999999999
35.357142857142854 1.5140624999999999
35.392857142857146 1.5140624999999999
35.42857142857143 1.5140624999999999
35.464285714285715 1.5140624999999999
35.5 1.5140624999999999
35.535714285714285 1.5105
35.57142857142857 1.5140624999999999
35.607142857142854 1.5140624999999999
35.714285714285715 1.503375
35.75 1.503375
35.785714285714285 1.5283125
35.82142857142857 1.5140624999999999
35.857142857142854 1.4962499999999999
35.892857142857146 1.4891249999999998
35.92857142857143 1.4855625
35.964285714285715 1.482
36.0 1.482
36.035714285714285 1.482
36.07142857142857 1.482
36.107142857142854 1.482
36.142857142857146 1.482
36.17857142857143 1.4784374999999998
36.214285714285715 1.4784374999999998
36.25 1.4784374999999998
36.285714285714285 1.4784374999999998
36.42857142857143 1.482
36.5 1.4962499999999999
36.535714285714285 1.482
36.57142857142857 1.4677499999999999
36.607142857142854 1.4606249999999998
36.642857142857146 1.4570625
36.67857142857143 1.4570625
36.714285714285715 1.4534999999999998
36.75 1.4534999999999998
36.785714285714285 1.4499374999999999
36.82142857142857 1.4499374999999999
36.857142857142854 1.4499374999999999
36.892857142857146 1.4499374999999999
36.92857142857143 1.4499374999999999
36.964285714285715 1.4499374999999999
37.0 1.4499374999999999
37.142857142857146 1.4428124999999998
37.17857142857143 1.4321249999999999
37.25 1.446375
37.285714285714285 1.4321249999999999
37.32142857142857 1.4249999999999998
37.357142857142854 1.4214375
37.392857142857146 1.417875
37.42857142857143 1.417875
37.464285714285715 1.417875
37.5 1.4143124999999999
37.535714285714285 1.4143124999999999
37.57142857142857 1.4143124999999999
37.607142857142854 1.4143124999999999
37.642857142857146 1.41075
37.67857142857143 1.41075
37.714285714285715 1.41075
37.75 1.4143124999999999
37.785714285714285 1.41075
37.892857142857146 1.41075
37.964285714285715 1.4285625
38.0 1.403625
38.035714285714285 1.403625
38.07142857142857 1.3964999999999999
38.107142857142854 1.3964999999999999
38.142857142857146 1.3893749999999998
38.17857142857143 1.3893749999999998
38.214285714285715 1.3893749999999998
38.25 1.3893749999999998
38.285714285714285 1.3893749999999998
38.32142857142857 1.3893749999999998
38.357142857142854 1.3893749999999998
38.392857142857146 1.3893749999999998
38.42857142857143 1.3893749999999998
38.642857142857146 1.3715624999999998
38.67857142857143 1.3858125
38.714285714285715 1.3715624999999998
38.75 1.3608749999999998
38.785714285714285 1.3573125
38.82142857142857 1.35375
38.857142857142854 1.35375
38.892857142857146 1.35375
38.92857142857143 1.3501874999999999
38.964285714285715 1.3501874999999999
39.0 1.3501874999999999
39.035714285714285 1.3501874999999999
39.07142857142857 1.3501874999999999
39.107142857142854 1.3501874999999999
39.142857142857146 1.3501874999999999
39.17857142857143 1.3501874999999999
39.214285714285715 1.3501874999999999
39.32142857142857 1.3395
39.357142857142854 1.3359375
39.392857142857146 1.3573125
39.42857142857143 1.3288125
39.464285714285715 1.3288125
39.5 1.318125
39.535714285714285 1.318125
39.57142857142857 1.3145624999999999
39.607142857142854 1.3145624999999999
39.642857142857146 1.3145624999999999
39.67857142857143 1.3145624999999999
39.714285714285715 1.3145624999999999
39.75 1.3145624999999999
39.785714285714285 1.311
39.82142857142857 1.3145624999999999
39.857142857142854 1.311
39.892857142857146 1.311
