0.03571428571428571 1.2254999999999998
0.07142857142857142 1.2254999999999998
0.10714285714285714 1.2254999999999998
0.14285714285714285 1.2254999999999998
0.17857142857142858 1.2254999999999998
0.21428571428571427 1.2290625
0.25 1.2290625
0.2857142857142857 1.2290625
0.32142857142857145 1.2290625
0.35714285714285715 1.2290625
0.39285714285714285 1.2290625
0.42857142857142855 1.2290625
0.5714285714285714 1.2361875
0.6071428571428571 1.2290625
0.6428571428571429 1.2290625
0.6785714285714286 1.2326249999999999
0.7142857142857143 1.2326249999999999
0.75 1.2290625
0.7857142857142857 1.2326249999999999
0.8214285714285714 1.2326249999999999
0.8571428571428571 1.2326249999999999
0.8928571428571429 1.2326249999999999
0.9285714285714286 1.2326249999999999
0.9642857142857143 1.2326249999999999
1.0 1.2326249999999999
1.1428571428571428 1.2326249999999999
1.1785714285714286 1.2326249999999999
1.2142857142857142 1.2326249999999999
1.25 1.2361875
1.2857142857142858 1.2361875
1.3214285714285714 1.2326249999999999
1.3571428571428572 1.2326249999999999
1.3928571428571428 1.2326249999999999
1.4285714285714286 1.2326249999999999
1.4642857142857142 1.2326249999999999
1.5 1.2326249999999999
1.5357142857142858 1.2326249999999999
1.6785714285714286 1.2575625
1.7142857142857142 1.2326249999999999
1.75 1.2326249999999999
1.7857142857142858 1.2326249999999999
1.8214285714285714 1.2326249999999999
1.8571428571428572 1.2326249999999999
1.8928571428571428 1.2326249999999999
1.9285714285714286 1.2326249999999999
1.9642857142857142 1.2326249999999999
2.0 1.2326249999999999
2.0357142857142856 1.2326249999999999
2.0714285714285716 1.2326249999999999
2.107142857142857 1.2326249999999999
2.25 1.23975
2.2857142857142856 1.23975
2.3214285714285716 1.23975
2.357142857142857 1.23975
2.392857142857143 1.23975
2.4285714285714284 1.23975
2.4642857142857144 1.23975
2.5 1.23975
2.5357142857142856 1.23975
2.5714285714285716 1.23975
2.607142857142857 1.23975
2.642857142857143 1.23975
2.7857142857142856 1.275375
2.8214285714285716 1.23975
2.857142857142857 1.2433124999999998
2.892857142857143 1.2433124999999998
2.9285714285714284 1.2433124999999998
2.9642857142857144 1.2433124999999998
3.0 1.2433124999999998
3.0357142857142856 1.2433124999999998
3.0714285714285716 1.2433124999999998
3.107142857142857 1.2433124999999998
3.142857142857143 1.2433124999999998
3.1785714285714284 1.2433124999999998
3.2142857142857144 1.2433124999999998
3.357142857142857 1.2504374999999999
3.392857142857143 1.246875
3.4285714285714284 1.246875
3.4642857142857144 1.246875
3.5 1.246875
3.5357142857142856 1.246875
3.5714285714285716 1.246875
3.607142857142857 1.246875
3.642857142857143 1.246875
3.6785714285714284 1.246875
3.7142857142857144 1.246875
3.75 1.246875
3.892857142857143 1.318125
3.9285714285714284 1.2504374999999999
3.9642857142857144 1.2504374999999999
4.0 1.2504374999999999
4.035714285714286 1.2504374999999999
4.071428571428571 1.2504374999999999
4.107142857142857 1.2504374999999999
4.142857142857143 1.2504374999999999
4.178571428571429 1.2504374999999999
4.214285714285714 1.2504374999999999
4.25 1.2504374999999999
4.285714285714286 1.2504374999999999
4.321428571428571 1.2504374999999999
4.464285714285714 1.2575625
4.5 1.2504374999999999
4.535714285714286 1.2504374999999999
4.571428571428571 1.2504374999999999
4.607142857142857 1.2504374999999999
4.642857142857143 1.2504374999999999
4.678571428571429 1.2504374999999999
4.714285714285714 1.2504374999999999
4.75 1.2504374999999999
4.785714285714286 1.254
4.821428571428571 1.2504374999999999
4.857142857142857 1.254
5.035714285714286 1.2504374999999999
5.071428571428571 1.2504374999999999
5.107142857142857 1.2504374999999999
5.142857142857143 1.2504374999999999
5.178571428571429 1.2504374999999999
5.214285714285714 1.2504374999999999
5.25 1.2504374999999999
5.285714285714286 1.2504374999999999
5.321428571428571 1.2504374999999999
5.357142857142857 1.2504374999999999
5.392857142857143 1.2504374999999999
5.428571428571429 1.2504374999999999
5.571428571428571 1.2718125
5.607142857142857 1.254
5.642857142857143 1.254
5.678571428571429 1.254
5.714285714285714 1.254
5.75 1.254
5.785714285714286 1.254
5.821428571428571 1.254
5.857142857142857 1.2575625
5.892857142857143 1.254
5.928571428571429 1.254
5.964285714285714 1.254
6.142857142857143 1.2575625
6.178571428571429 1.2575625
6.214285714285714 1.2575625
6.25 1.2575625
6.285714285714286 1.2575625
6.321428571428571 1.2575625
6.357142857142857 1.2575625
6.392857142857143 1.2575625
6.428571428571429 1.2575625
6.464285714285714 1.2575625
6.5 1.2575625
6.535714285714286 1.2575625
6.678571428571429 1.303875
6.714285714285714 1.2575625
6.75 1.2575625
6.785714285714286 1.2575625
6.821428571428571 1.2575625
6.857142857142857 1.2575625
6.892857142857143 1.2611249999999998
6.928571428571429 1.2575625
6.964285714285714 1.2611249999999998
7.0 1.2611249999999998
7.035714285714286 1.2611249999999998
7.071428571428571 1.2575625
7.25 1.2611249999999998
7.285714285714286 1.2611249999999998
7.321428571428571 1.2611249999999998
7.357142857142857 1.2611249999999998
7.392857142857143 1.2611249999999998
7.428571428571429 1.2611249999999998
7.464285714285714 1.2611249999999998
7.5 1.2611249999999998
7.535714285714286 1.2611249999999998
7.571428571428571 1.2611249999999998
7.607142857142857 1.2611249999999998
7.642857142857143 1.2611249999999998
7.785714285714286 1.3359375
7.821428571428571 1.2682499999999999
7.857142857142857 1.2682499999999999
7.892857142857143 1.2682499999999999
7.928571428571429 1.2682499999999999
7.964285714285714 1.2682499999999999
8.0 1.2682499999999999
8.035714285714286 1.2682499999999999
8.071428571428571 1.2682499999999999
8.107142857142858 1.2682499999999999
8.142857142857142 1.2682499999999999
8.178571428571429 1.2682499999999999
8.214285714285714 1.2682499999999999
8.357142857142858 1.275375
8.392857142857142 1.275375
8.428571428571429 1.275375
8.464285714285714 1.2789374999999998
8.5 1.2789374999999998
8.535714285714286 1.2789374999999998
8.571428571428571 1.2789374999999998
8.607142857142858 1.2789374999999998
8.642857142857142 1.2789374999999998
8.678571428571429 1.2789374999999998
8.714285714285714 1.2789374999999998
8.75 1.2789374999999998
8.928571428571429 1.2825
8.964285714285714 1.2825
9.0 1.2825
9.035714285714286 1.2825
9.071428571428571 1.2825
9.107142857142858 1.2825
9.142857142857142 1.2825
9.178571428571429 1.2825
9.214285714285714 1.2825
9.25 1.2860624999999999
9.285714285714286 1.2860624999999999
9.321428571428571 1.2860624999999999
9.464285714285714 1.3003125
9.5 1.2931875
9.535714285714286 1.2931875
9.571428571428571 1.2931875
9.607142857142858 1.2931875
9.642857142857142 1.2931875
9.678571428571429 1.2931875
9.714285714285714 1.2931875
9.75 1.2931875
9.785714285714286 1.2931875
9.821428571428571 1.2931875
9.857142857142858 1.2931875
10.035714285714286 1.3003125
10.071428571428571 1.3003125
10.107142857142858 1.3003125
10.142857142857142 1.3003125
10.178571428571429 1.3003125
10.214285714285714 1.3003125
10.25 1.3003125
10.285714285714286 1.3003125
10.321428571428571 1.3003125
10.357142857142858 1.3003125
10.392857142857142 1.3003125
10.428571428571429 1.303875
10.571428571428571 1.3252499999999998
10.607142857142858 1.311
10.642857142857142 1.311
10.678571428571429 1.311
10.714285714285714 1.3145624999999999
10.75 1.311
10.785714285714286 1.3145624999999999
10.821428571428571 1.3145624999999999
10.857142857142858 1.3145624999999999
10.892857142857142 1.3145624999999999
10.928571428571429 1.3145624999999999
10.964285714285714 1.3145624999999999
11.142857142857142 1.318125
11.178571428571429 1.318125
11.214285714285714 1.318125
11.25 1.318125
11.285714285714286 1.318125
11.321428571428571 1.3216875
11.357142857142858 1.3216875
11.392857142857142 1.3216875
11.428571428571429 1.3216875
11.464285714285714 1.3216875
11.5 1.3216875
11.535714285714286 1.3216875
11.678571428571429 1.3501874999999999
11.714285714285714 1.3288125
11.75 1.3288125
11.785714285714286 1.3288125
11.821428571428571 1.3288125
11.857142857142858 1.3288125
11.892857142857142 1.3288125
11.928571428571429 1.3323749999999999
11.964285714285714 1.3288125
12.0 1.3323749999999999
12.035714285714286 1.3323749999999999
12.071428571428571 1.3323749999999999
12.25 1.3323749999999999
12.285714285714286 1.3323749999999999
12.321428571428571 1.3323749999999999
12.357142857142858 1.3323749999999999
12.392857142857142 1.3323749999999999
12.428571428571429 1.3323749999999999
12.464285714285714 1.3323749999999999
12.5 1.3323749999999999
12.535714285714286 1.3323749999999999
12.571428571428571 1.3323749999999999
12.607142857142858 1.3323749999999999
12.642857142857142 1.3323749999999999
12.785714285714286 1.3858125
12.821428571428571 1.3359375
12.857142857142858 1.3359375
12.892857142857142 1.3359375
12.928571428571429 1.3359375
12.964285714285714 1.3359375
13.0 1.3359375
13.035714285714286 1.3359375
13.071428571428571 1.3359375
13.107142857142858 1.3359375
13.142857142857142 1.3359375
13.178571428571429 1.3359375
13.214285714285714 1.3359375
13.357142857142858 1.3359375
13.392857142857142 1.3359375
13.428571428571429 1.3359375
13.464285714285714 1.3359375
13.5 1.3359375
13.535714285714286 1.3395
13.571428571428571 1.3359375
13.607142857142858 1.3359375
13.642857142857142 1.3359375
13.678571428571429 1.3359375
13.714285714285714 1.3359375
13.75 1.3395
13.928571428571429 1.3430624999999998
13.964285714285714 1.3430624999999998
14.0 1.3430624999999998
14.035714285714286 1.3430624999999998
14.071428571428571 1.3430624999999998
14.107142857142858 1.3430624999999998
14.142857142857142 1.3430624999999998
14.178571428571429 1.3430624999999998
14.214285714285714 1.346625
14.25 1.3430624999999998
14.285714285714286 1.346625
14.464285714285714 1.3573125
14.5 1.3501874999999999
14.535714285714286 1.3501874999999999
14.571428571428571 1.3501874999999999
14.607142857142858 1.3501874999999999
14.642857142857142 1.3501874999999999
14.678571428571429 1.35375
14.714285714285714 1.3501874999999999
14.75 1.3501874999999999
14.785714285714286 1.35375
14.821428571428571 1.35375
15.0 1.3573125
15.035714285714286 1.3573125
15.071428571428571 1.3573125
15.107142857142858 1.3573125
15.142857142857142 1.3573125
15.178571428571429 1.3573125
15.214285714285714 1.3573125
15.25 1.3573125
15.285714285714286 1.3573125
15.321428571428571 1.3573125
15.357142857142858 1.3573125
15.392857142857142 1.3573125
15.571428571428571 1.3608749999999998
15.607142857142858 1.3573125
15.642857142857142 1.3573125
15.678571428571429 1.3573125
15.714285714285714 1.3573125
15.75 1.3608749999999998
15.785714285714286 1.3608749999999998
15.821428571428571 1.3573125
15.857142857142858 1.3608749999999998
15.892857142857142 1.3573125
15.928571428571429 1.3608749999999998
15.964285714285714 1.3608749999999998
16.107142857142858 1.3573125
16.142857142857142 1.3573125
16.178571428571427 1.3573125
16.214285714285715 1.3573125
16.25 1.3573125
16.285714285714285 1.3608749999999998
16.321428571428573 1.3608749999999998
16.357142857142858 1.3608749999999998
16.392857142857142 1.3608749999999998
16.428571428571427 1.3608749999999998
16.464285714285715 1.3608749999999998
16.5 1.3608749999999998
16.678571428571427 1.3573125
16.714285714285715 1.3573125
16.75 1.3573125
16.785714285714285 1.3573125
16.821428571428573 1.3573125
16.857142857142858 1.3573125
16.892857142857142 1.3573125
16.928571428571427 1.3573125
16.964285714285715 1.3573125
17.0 1.3573125
17.035714285714285 1.3573125
17.071428571428573 1.3573125
17.25 1.3573125
17.285714285714285 1.35375
17.321428571428573 1.3573125
17.357142857142858 1.3573125
17.392857142857142 1.3573125
17.428571428571427 1.3573125
17.464285714285715 1.3573125
17.5 1.3573125
17.535714285714285 1.3573125
17.571428571428573 1.3573125
17.607142857142858 1.3573125
17.785714285714285 1.3573125
17.821428571428573 1.3573125
17.857142857142858 1.3573125
17.892857142857142 1.3573125
17.928571428571427 1.3573125
17.964285714285715 1.3573125
18.0 1.3573125
18.035714285714285 1.3573125
18.071428571428573 1.3573125
18.107142857142858 1.3573125
18.142857142857142 1.3573125
18.178571428571427 1.3573125
18.357142857142858 1.3644375
18.392857142857142 1.3644375
18.428571428571427 1.3644375
18.464285714285715 1.3644375
18.5 1.3644375
18.535714285714285 1.3644375
18.571428571428573 1.3644375
18.607142857142858 1.3644375
18.642857142857142 1.3644375
18.678571428571427 1.3644375
18.714285714285715 1.3644375
18.892857142857142 1.375125
18.928571428571427 1.375125
18.964285714285715 1.375125
19.0 1.375125
19.035714285714285 1.3786874999999998
19.071428571428573 1.3786874999999998
19.107142857142858 1.3786874999999998
19.142857142857142 1.375125
19.178571428571427 1.3786874999999998
19.214285714285715 1.375125
19.25 1.3786874999999998
19.285714285714285 1.3786874999999998
19.464285714285715 1.3858125
19.5 1.3858125
19.535714285714285 1.3858125
19.571428571428573 1.3858125
19.607142857142858 1.3858125
19.642857142857142 1.3858125
19.678571428571427 1.3858125
19.714285714285715 1.3858125
19.75 1.3858125
19.785714285714285 1.3893749999999998
19.821428571428573 1.3858125
19.857142857142858 1.3858125
20.0 1.3929375
20.035714285714285 1.3929375
20.071428571428573 1.3929375
20.107142857142858 1.3929375
20.142857142857142 1.3929375
20.178571428571427 1.3929375
20.214285714285715 1.3929375
20.25 1.3929375
20.285714285714285 1.3929375
20.321428571428573 1.3929375
20.357142857142858 1.3929375
20.392857142857142 1.3929375
20.571428571428573 1.4000625
20.607142857142858 1.403625
20.642857142857142 1.403625
20.678571428571427 1.403625
20.714285714285715 1.403625
20.75 1.403625
20.785714285714285 1.403625
20.821428571428573 1.403625
20.857142857142858 1.403625
20.892857142857142 1.403625
20.928571428571427 1.403625
20.964285714285715 1.403625
21.107142857142858 1.41075
21.142857142857142 1.41075
21.178571428571427 1.41075
21.214285714285715 1.41075
21.25 1.41075
21.285714285714285 1.41075
21.321428571428573 1.41075
21.357142857142858 1.41075
21.392857142857142 1.41075
21.428571428571427 1.4143124999999999
21.464285714285715 1.41075
21.5 1.4143124999999999
21.678571428571427 1.417875
21.714285714285715 1.417875
21.75 1.417875
21.785714285714285 1.417875
21.821428571428573 1.417875
21.857142857142858 1.417875
21.892857142857142 1.417875
21.928571428571427 1.417875
21.964285714285715 1.4214375
22.0 1.4214375
22.035714285714285 1.4214375
22.071428571428573 1.4214375
22.25 1.4249999999999998
22.285714285714285 1.4249999999999998
22.321428571428573 1.4249999999999998
22.357142857142858 1.4249999999999998
22.392857142857142 1.4249999999999998
22.428571428571427 1.4249999999999998
22.464285714285715 1.4285625
22.5 1.4285625
22.535714285714285 1.4285625
22.571428571428573 1.4285625
22.607142857142858 1.4285625
22.785714285714285 1.4321249999999999
22.821428571428573 1.4321249999999999
22.857142857142858 1.4356875
22.892857142857142 1.4356875
22.928571428571427 1.4356875
22.964285714285715 1.4356875
23.0 1.4356875
23.035714285714285 1.4356875
23.071428571428573 1.4356875
23.107142857142858 1.4356875
23.142857142857142 1.4356875
23.178571428571427 1.4356875
23.357142857142858 1.446375
23.392857142857142 1.446375
23.428571428571427 1.446375
23.464285714285715 1.446375
23.5 1.446375
23.535714285714285 1.446375
23.571428571428573 1.446375
23.607142857142858 1.446375
23.642857142857142 1.446375
23.678571428571427 1.4499374999999999
23.714285714285715 1.446375
23.892857142857142 1.4534999999999998
23.928571428571427 1.4534999999999998
23.964285714285715 1.4534999999999998
24.0 1.4534999999999998
24.035714285714285 1.4534999999999998
24.071428571428573 1.4534999999999998
24.107142857142858 1.4534999999999998
24.142857142857142 1.4534999999999998
24.178571428571427 1.4534999999999998
24.214285714285715 1.4534999999999998
24.25 1.4534999999999998
24.285714285714285 1.4534999999999998
24.464285714285715 1.4641875
24.5 1.4641875
24.535714285714285 1.4641875
24.571428571428573 1.4641875
24.607142857142858 1.4641875
24.642857142857142 1.4641875
24.678571428571427 1.4641875
24.714285714285715 1.4641875
24.75 1.4641875
24.785714285714285 1.4641875
24.821428571428573 1.4641875
25.0 1.4713124999999998
25.035714285714285 1.4713124999999998
25.071428571428573 1.4713124999999998
25.107142857142858 1.474875
25.142857142857142 1.474875
25.178571428571427 1.474875
25.214285714285715 1.474875
25.25 1.474875
25.285714285714285 1.474875
25.321428571428573 1.474875
25.357142857142858 1.474875
25.392857142857142 1.474875
25.571428571428573 1.4855625
25.607142857142858 1.4855625
25.642857142857142 1.4855625
25.678571428571427 1.4855625
25.714285714285715 1.4855625
25.75 1.4855625
25.785714285714285 1.4855625
25.821428571428573 1.4855625
25.857142857142858 1.4855625
25.892857142857142 1.4855625
25.928571428571427 1.4855625
26.107142857142858 1.4962499999999999
26.142857142857142 1.4962499999999999
26.178571428571427 1.4962499999999999
26.214285714285715 1.4962499999999999
26.25 1.4962499999999999
26.285714285714285 1.4962499999999999
26.321428571428573 1.4962499999999999
26.357142857142858 1.4962499999999999
26.392857142857142 1.4962499999999999
26.428571428571427 1.4962499999999999
26.464285714285715 1.4962499999999999
26.5 1.4962499999999999
26.642857142857142 1.517625
26.678571428571427 1.5105
26.714285714285715 1.5105
26.75 1.5105
26.785714285714285 1.5105
26.821428571428573 1.5105
26.857142857142858 1.5105
26.892857142857142 1.5140624999999999
26.928571428571427 1.5140624999999999
26.964285714285715 1.5140624999999999
27.0 1.5140624999999999
27.035714285714285 1.5140624999999999
27.214285714285715 1.5781874999999999
27.25 1.5247499999999998
27.285714285714285 1.5247499999999998
27.321428571428573 1.5247499999999998
27.357142857142858 1.5247499999999998
27.392857142857142 1.5247499999999998
27.428571428571427 1.5247499999999998
27.464285714285715 1.5247499999999998
27.5 1.5247499999999998
27.535714285714285 1.5247499999999998
27.571428571428573 1.5247499999999998
27.607142857142858 1.5247499999999998
27.75 1.5425624999999998
27.785714285714285 1.5354374999999998
27.821428571428573 1.5354374999999998
27.857142857142858 1.5354374999999998
27.892857142857142 1.5354374999999998
27.928571428571427 1.5354374999999998
27.964285714285715 1.5354374999999998
28.0 1.5354374999999998
28.035714285714285 1.5354374999999998
28.071428571428573 1.5354374999999998
28.107142857142858 1.5354374999999998
28.142857142857142 1.5354374999999998
28.321428571428573 1.546125
28.357142857142858 1.546125
28.392857142857142 1.546125
28.428571428571427 1.546125
28.464285714285715 1.546125
28.5 1.546125
28.535714285714285 1.546125
28.571428571428573 1.546125
28.607142857142858 1.546125
28.642857142857142 1.546125
28.678571428571427 1.546125
28.714285714285715 1.546125
28.857142857142858 1.5710624999999998
28.892857142857142 1.5568125
28.928571428571427 1.5603749999999998
28.964285714285715 1.5603749999999998
29.0 1.5603749999999998
29.035714285714285 1.5603749999999998
29.071428571428573 1.5603749999999998
29.107142857142858 1.5603749999999998
29.142857142857142 1.5603749999999998
29.178571428571427 1.5603749999999998
29.214285714285715 1.5603749999999998
29.25 1.5603749999999998
29.285714285714285 1.5603749999999998
29.428571428571427 1.5710624999999998
29.464285714285715 1.5675
29.5 1.5675
29.535714285714285 1.5710624999999998
29.571428571428573 1.5710624999999998
29.607142857142858 1.5710624999999998
29.642857142857142 1.5710624999999998
29.678571428571427 1.5710624999999998
29.714285714285715 1.5710624999999998
29.75 1.5710624999999998
29.785714285714285 1.5710624999999998
29.821428571428573 1.5710624999999998
29.928571428571427 1.574625
30.0 1.58175
30.035714285714285 1.58175
30.071428571428573 1.58175
30.107142857142858 1.58175
30.142857142857142 1.58175
30.178571428571427 1.58175
30.214285714285715 1.58175
30.25 1.58175
30.285714285714285 1.58175
30.321428571428573 1.58175
30.357142857142858 1.58175
30.535714285714285 1.5888749999999998
30.571428571428573 1.5888749999999998
30.607142857142858 1.5888749999999998
30.642857142857142 1.5924375
30.678571428571427 1.5924375
30.714285714285715 1.5924375
30.75 1.5924375
30.785714285714285 1.5924375
30.821428571428573 1.5924375
30.857142857142858 1.5924375
30.892857142857142 1.5924375
30.928571428571427 1.5924375
31.071428571428573 1.61025
31.107142857142858 1.5995624999999998
31.142857142857142 1.5995624999999998
31.178571428571427 1.603125
31.214285714285715 1.5995624999999998
31.25 1.5995624999999998
31.285714285714285 1.5995624999999998
31.321428571428573 1.5995624999999998
31.357142857142858 1.5995624999999998
31.392857142857142 1.5995624999999998
31.428571428571427 1.5995624999999998
31.464285714285715 1.603125
31.642857142857142 1.61025
31.678571428571427 1.61025
31.714285714285715 1.61025
31.75 1.61025
31.785714285714285 1.61025
31.821428571428573 1.61025
31.857142857142858 1.61025
31.892857142857142 1.61025
31.928571428571427 1.61025
31.964285714285715 1.61025
32.0 1.6138124999999999
32.035714285714285 1.6138124999999999
32.214285714285715 1.6209375
32.25 1.6244999999999998
32.285714285714285 1.6209375
32.32142857142857 1.6244999999999998
32.357142857142854 1.6209375
32.392857142857146 1.6244999999999998
32.42857142857143 1.6244999999999998
32.464285714285715 1.6209375
32.5 1.6209375
32.535714285714285 1.6209375
32.57142857142857 1.6209375
32.75 1.6316249999999999
32.785714285714285 1.6316249999999999
32.82142857142857 1.6316249999999999
32.857142857142854 1.6316249999999999
32.892857142857146 1.6316249999999999
32.92857142857143 1.6316249999999999
32.964285714285715 1.6316249999999999
33.0 1.6316249999999999
33.035714285714285 1.6316249999999999
33.07142857142857 1.6316249999999999
33.107142857142854 1.6351874999999998
33.142857142857146 1.6351874999999998
33.32142857142857 1.6423124999999998
33.357142857142854 1.6423124999999998
33.392857142857146 1.6423124999999998
33.42857142857143 1.6423124999999998
33.464285714285715 1.6423124999999998
33.5 1.6423124999999998
33.535714285714285 1.6423124999999998
33.57142857142857 1.6423124999999998
33.607142857142854 1.6423124999999998
33.642857142857146 1.6423124999999998
33.67857142857143 1.6423124999999998
33.714285714285715 1.645875
33.857142857142854 1.6565625
33.892857142857146 1.6565625
33.92857142857143 1.6565625
33.964285714285715 1.6529999999999998
34.0 1.6529999999999998
34.035714285714285 1.6529999999999998
34.07142857142857 1.6529999999999998
34.107142857142854 1.6565625
34.142857142857146 1.6565625
34.17857142857143 1.6565625
34.214285714285715 1.6565625
34.25 1.6565625
34.42857142857143 1.6636875
34.464285714285715 1.66725
34.5 1.66725
34.535714285714285 1.66725
34.57142857142857 1.66725
34.607142857142854 1.66725
34.642857142857146 1.66725
34.67857142857143 1.66725
34.714285714285715 1.66725
34.75 1.66725
34.785714285714285 1.66725
34.82142857142857 1.66725
35.0 1.6708124999999998
35.035714285714285 1.6708124999999998
35.07142857142857 1.6708124999999998
35.107142857142854 1.6708124999999998
35.142857142857146 1.674375
35.17857142857143 1.674375
35.214285714285715 1.674375
35.25 1.674375
35.285714285714285 1.674375
35.32142857142857 1.674375
35.357142857142854 1.674375
35.464285714285715 1.674375
35.5 1.7385
35.535714285714285 1.6850625
35.57142857142857 1.6814999999999998
35.607142857142854 1.6814999999999998
35.642857142857146 1.6814999999999998
35.67857142857143 1.6814999999999998
35.714285714285715 1.6814999999999998
35.75 1.6814999999999998
35.785714285714285 1.6814999999999998
35.82142857142857 1.6814999999999998
35.857142857142854 1.6814999999999998
35.892857142857146 1.6814999999999998
35.92857142857143 1.6814999999999998
36.07142857142857 1.6957499999999999
36.107142857142854 1.6886249999999998
36.142857142857146 1.6886249999999998
36.17857142857143 1.6850625
36.214285714285715 1.6850625
36.25 1.6814999999999998
36.285714285714285 1.6814999999999998
36.32142857142857 1.6814999999999998
36.357142857142854 1.6814999999999998
36.392857142857146 1.6814999999999998
36.42857142857143 1.6814999999999998
36.464285714285715 1.6814999999999998
36.607142857142854 1.7385
36.642857142857146 1.6886249999999998
36.67857142857143 1.6886249999999998
36.714285714285715 1.6886249999999998
36.75 1.6886249999999998
36.785714285714285 1.6886249999999998
36.82142857142857 1.6886249999999998
36.857142857142854 1.6886249999999998
36.892857142857146 1.6886249999999998
36.92857142857143 1.6886249999999998
36.964285714285715 1.6886249999999998
37.0 1.6886249999999998
37.035714285714285 1.6886249999999998
37.17857142857143 1.7135624999999999
37.214285714285715 1.6957499999999999
37.25 1.6957499999999999
37.285714285714285 1.6957499999999999
37.32142857142857 1.6957499999999999
37.357142857142854 1.6957499999999999
37.392857142857146 1.6957499999999999
37.42857142857143 1.6957499999999999
37.464285714285715 1.6957499999999999
37.5 1.6957499999999999
37.535714285714285 1.6957499999999999
37.57142857142857 1.6957499999999999
37.75 1.7064374999999998
37.785714285714285 1.71
37.82142857142857 1.71
37.857142857142854 1.71
37.892857142857146 1.71
37.92857142857143 1.71
37.964285714285715 1.71
38.0 1.71
38.035714285714285 1.71
38.07142857142857 1.71
38.107142857142854 1.71
38.142857142857146 1.71
38.285714285714285 1.7349374999999998
38.32142857142857 1.7171249999999998
38.357142857142854 1.7171249999999998
38.392857142857146 1.7171249999999998
38.42857142857143 1.7171249999999998
38.464285714285715 1.7171249999999998
38.5 1.7171249999999998
38.535714285714285 1.7171249999999998
38.57142857142857 1.7171249999999998
38.607142857142854 1.7171249999999998
38.642857142857146 1.7171249999999998
38.67857142857143 1.7171249999999998
38.857142857142854 1.7278125
38.892857142857146 1.7278125
38.92857142857143 1.7313749999999999
38.964285714285715 1.7313749999999999
39.0 1.7313749999999999
39.035714285714285 1.7313749999999999
39.07142857142857 1.7278125
39.107142857142854 1.7278125
39.142857142857146 1.7313749999999999
39.17857142857143 1.7313749999999999
39.214285714285715 1.7313749999999999
39.25 1.7313749999999999
39.392857142857146 1.7598749999999999
39.42857142857143 1.7420624999999998
39.464285714285715 1.7420624999999998
39.5 1.7420624999999998
39.535714285714285 1.7420624999999998
39.57142857142857 1.7420624999999998
39.607142857142854 1.7420624999999998
39.642857142857146 1.7420624999999998
39.67857142857143 1.7420624999999998
39.714285714285715 1.7420624999999998
39.75 1.7420624999999998
39.785714285714285 1.7420624999999998
