0.03571428571428571 1.1934375
0.07142857142857142 1.1934375
0.10714285714285714 1.1934375
0.35714285714285715 1.254
0.39285714285714285 1.1863124999999999
0.42857142857142855 1.189875
0.4642857142857143 1.1934375
0.5 1.1969999999999998
0.5357142857142857 1.2005625
0.5714285714285714 1.2005625
0.6071428571428571 1.2005625
0.6428571428571429 1.2005625
0.6785714285714286 1.2005625
0.7142857142857143 1.204125
0.75 1.204125
0.7857142857142857 1.204125
0.8214285714285714 1.204125
0.8571428571428571 1.204125
0.8928571428571429 1.204125
0.9285714285714286 1.204125
0.9642857142857143 1.2076875
1.0 1.2076875
1.0357142857142858 1.2076875
1.0714285714285714 1.2076875
1.1071428571428572 1.2076875
1.3571428571428572 1.2148124999999999
1.3928571428571428 1.204125
1.4285714285714286 1.2076875
1.4642857142857142 1.21125
1.5 1.2148124999999999
1.5357142857142858 1.2148124999999999
1.5714285714285714 1.2148124999999999
1.6071428571428572 1.218375
1.6428571428571428 1.218375
1.6785714285714286 1.218375
1.7142857142857142 1.218375
1.75 1.2219375
1.7857142857142858 1.2219375
1.8214285714285714 1.2219375
1.8571428571428572 1.2219375
1.8928571428571428 1.2219375
1.9285714285714286 1.2219375
1.9642857142857142 1.2219375
2.0 1.2219375
2.0357142857142856 1.2219375
2.0714285714285716 1.2219375
2.357142857142857 1.2076875
2.392857142857143 1.21125
2.4285714285714284 1.2148124999999999
2.4642857142857144 1.218375
2.5 1.2219375
2.5357142857142856 1.2219375
2.5714285714285716 1.2219375
2.607142857142857 1.2254999999999998
2.642857142857143 1.2254999999999998
2.6785714285714284 1.2254999999999998
2.7142857142857144 1.2254999999999998
2.75 1.2290625
2.7857142857142856 1.2290625
2.8214285714285716 1.2290625
2.857142857142857 1.2290625
2.892857142857143 1.2290625
2.9285714285714284 1.2290625
2.9642857142857144 1.2290625
3.0 1.2290625
3.0357142857142856 1.2290625
3.0714285714285716 1.2290625
3.107142857142857 1.2290625
3.357142857142857 1.2860624999999999
3.392857142857143 1.218375
3.4285714285714284 1.2254999999999998
3.4642857142857144 1.2290625
3.5 1.2326249999999999
3.5357142857142856 1.2326249999999999
3.5714285714285716 1.2326249999999999
3.607142857142857 1.2326249999999999
3.642857142857143 1.2326249999999999
3.6785714285714284 1.2361875
3.7142857142857144 1.2361875
3.75 1.2361875
3.7857142857142856 1.2361875
3.8214285714285716 1.2361875
3.857142857142857 1.2361875
3.892857142857143 1.2361875
3.9285714285714284 1.23975
3.9642857142857144 1.23975
4.0 1.23975
4.035714285714286 1.23975
4.071428571428571 1.23975
4.107142857142857 1.23975
4.357142857142857 1.2575625
4.392857142857143 1.218375
4.428571428571429 1.2219375
4.464285714285714 1.2254999999999998
4.5 1.2254999999999998
4.535714285714286 1.2254999999999998
4.571428571428571 1.2254999999999998
4.607142857142857 1.2290625
4.642857142857143 1.2254999999999998
4.678571428571429 1.2254999999999998
4.714285714285714 1.2290625
4.75 1.2290625
4.785714285714286 1.2290625
4.821428571428571 1.2290625
4.857142857142857 1.2290625
4.892857142857143 1.2290625
4.928571428571429 1.2290625
4.964285714285714 1.2290625
5.0 1.2290625
5.035714285714286 1.2290625
5.071428571428571 1.2326249999999999
5.107142857142857 1.2326249999999999
5.357142857142857 1.23975
5.392857142857143 1.23975
5.428571428571429 1.2433124999999998
5.464285714285714 1.2433124999999998
5.5 1.246875
5.535714285714286 1.2504374999999999
5.571428571428571 1.2504374999999999
5.607142857142857 1.254
5.642857142857143 1.254
5.678571428571429 1.254
5.714285714285714 1.254
5.75 1.254
5.785714285714286 1.2575625
5.821428571428571 1.2575625
5.857142857142857 1.2575625
5.892857142857143 1.2575625
5.928571428571429 1.2575625
5.964285714285714 1.2575625
6.0 1.2575625
6.035714285714286 1.2575625
6.071428571428571 1.2575625
6.357142857142857 1.23975
6.392857142857143 1.2433124999999998
6.428571428571429 1.2433124999999998
6.464285714285714 1.2433124999999998
6.5 1.246875
6.535714285714286 1.246875
6.571428571428571 1.246875
6.607142857142857 1.2504374999999999
6.642857142857143 1.2504374999999999
6.678571428571429 1.2504374999999999
6.714285714285714 1.2504374999999999
6.75 1.2504374999999999
6.785714285714286 1.2504374999999999
6.821428571428571 1.2504374999999999
6.857142857142857 1.2504374999999999
6.892857142857143 1.2504374999999999
6.928571428571429 1.2504374999999999
6.964285714285714 1.2504374999999999
7.0 1.2504374999999999
7.035714285714286 1.2504374999999999
7.071428571428571 1.2504374999999999
7.107142857142857 1.2504374999999999
7.357142857142857 1.3003125
7.392857142857143 1.2575625
7.428571428571429 1.2575625
7.464285714285714 1.2611249999999998
7.5 1.2611249999999998
7.535714285714286 1.2611249999999998
7.571428571428571 1.2646875
7.607142857142857 1.2646875
7.642857142857143 1.2646875
7.678571428571429 1.2646875
7.714285714285714 1.2682499999999999
7.75 1.2682499999999999
7.785714285714286 1.2682499999999999
7.821428571428571 1.2682499999999999
7.857142857142857 1.2682499999999999
7.892857142857143 1.2682499999999999
7.928571428571429 1.2682499999999999
7.964285714285714 1.2682499999999999
8.0 1.2718125
8.035714285714286 1.2718125
8.071428571428571 1.2718125
8.107142857142858 1.2718125
8.357142857142858 1.275375
8.392857142857142 1.275375
8.428571428571429 1.2825
8.464285714285714 1.2825
8.5 1.2860624999999999
8.535714285714286 1.2825
8.571428571428571 1.2860624999999999
8.607142857142858 1.2860624999999999
8.642857142857142 1.2896249999999998
8.678571428571429 1.2896249999999998
8.714285714285714 1.2896249999999998
8.75 1.2896249999999998
8.785714285714286 1.2896249999999998
8.821428571428571 1.2896249999999998
8.857142857142858 1.2896249999999998
8.892857142857142 1.2896249999999998
8.928571428571429 1.2896249999999998
8.964285714285714 1.2896249999999998
9.0 1.2896249999999998
9.035714285714286 1.2896249999999998
9.071428571428571 1.2896249999999998
9.357142857142858 1.2931875
9.392857142857142 1.2967499999999998
9.428571428571429 1.3003125
9.464285714285714 1.303875
9.5 1.303875
9.535714285714286 1.303875
9.571428571428571 1.303875
9.607142857142858 1.3074374999999998
9.642857142857142 1.3074374999999998
9.678571428571429 1.3074374999999998
9.714285714285714 1.3074374999999998
9.75 1.3074374999999998
9.785714285714286 1.3074374999999998
9.821428571428571 1.3074374999999998
9.857142857142858 1.3074374999999998
9.892857142857142 1.311
9.928571428571429 1.311
9.964285714285714 1.311
10.0 1.311
10.035714285714286 1.311
10.071428571428571 1.311
10.357142857142858 1.303875
10.392857142857142 1.3074374999999998
10.428571428571429 1.3074374999999998
10.464285714285714 1.311
10.5 1.3145624999999999
10.535714285714286 1.3145624999999999
10.571428571428571 1.318125
10.607142857142858 1.318125
10.642857142857142 1.318125
10.678571428571429 1.318125
10.714285714285714 1.318125
10.75 1.318125
10.785714285714286 1.318125
10.821428571428571 1.318125
10.857142857142858 1.318125
10.892857142857142 1.318125
10.928571428571429 1.3216875
10.964285714285714 1.3216875
11.0 1.3216875
11.035714285714286 1.3216875
11.071428571428571 1.3216875
11.107142857142858 1.3216875
11.357142857142858 1.3288125
11.392857142857142 1.3395
11.428571428571429 1.3395
11.464285714285714 1.3430624999999998
11.5 1.3430624999999998
11.535714285714286 1.346625
11.571428571428571 1.346625
11.607142857142858 1.346625
11.642857142857142 1.346625
11.678571428571429 1.346625
11.714285714285714 1.3501874999999999
11.75 1.346625
11.785714285714286 1.3501874999999999
11.821428571428571 1.3501874999999999
11.857142857142858 1.3501874999999999
11.892857142857142 1.3501874999999999
11.928571428571429 1.3501874999999999
11.964285714285714 1.3501874999999999
12.0 1.346625
12.035714285714286 1.3501874999999999
12.071428571428571 1.3501874999999999
12.357142857142858 1.3501874999999999
12.392857142857142 1.3501874999999999
12.428571428571429 1.3573125
12.464285714285714 1.3573125
12.5 1.3608749999999998
12.535714285714286 1.3608749999999998
12.571428571428571 1.3608749999999998
12.607142857142858 1.3608749999999998
12.642857142857142 1.3644375
12.678571428571429 1.3608749999999998
12.714285714285714 1.3608749999999998
12.75 1.3608749999999998
12.785714285714286 1.3608749999999998
12.821428571428571 1.3608749999999998
12.857142857142858 1.3644375
12.892857142857142 1.3644375
12.928571428571429 1.3644375
12.964285714285714 1.3644375
13.0 1.3644375
13.035714285714286 1.3644375
13.071428571428571 1.3644375
13.357142857142858 1.3715624999999998
13.392857142857142 1.375125
13.428571428571429 1.3786874999999998
13.464285714285714 1.38225
13.5 1.38225
13.535714285714286 1.38225
13.571428571428571 1.38225
13.607142857142858 1.38225
13.642857142857142 1.38225
13.678571428571429 1.38225
13.714285714285714 1.3858125
13.75 1.3858125
13.785714285714286 1.3858125
13.821428571428571 1.3858125
13.857142857142858 1.3858125
13.892857142857142 1.3858125
13.928571428571429 1.3858125
13.964285714285714 1.3858125
14.0 1.3858125
14.035714285714286 1.3858125
14.071428571428571 1.3858125
14.321428571428571 1.4713124999999998
14.357142857142858 1.3893749999999998
14.392857142857142 1.3929375
14.428571428571429 1.3964999999999999
14.464285714285714 1.3964999999999999
14.5 1.3964999999999999
14.535714285714286 1.4000625
14.571428571428571 1.4000625
14.607142857142858 1.4000625
14.642857142857142 1.4000625
14.678571428571429 1.4000625
14.714285714285714 1.4000625
14.75 1.4000625
14.785714285714286 1.4000625
14.821428571428571 1.4000625
14.857142857142858 1.403625
14.892857142857142 1.4000625
14.928571428571429 1.4000625
14.964285714285714 1.403625
15.0 1.403625
15.035714285714286 1.403625
15.071428571428571 1.403625
15.321428571428571 1.4249999999999998
15.357142857142858 1.41075
15.392857142857142 1.41075
15.428571428571429 1.4143124999999999
15.464285714285714 1.4143124999999999
15.5 1.417875
15.535714285714286 1.4143124999999999
15.571428571428571 1.417875
15.607142857142858 1.417875
15.642857142857142 1.417875
15.678571428571429 1.417875
15.714285714285714 1.417875
15.75 1.417875
15.785714285714286 1.417875
15.821428571428571 1.417875
15.857142857142858 1.4214375
15.892857142857142 1.4214375
15.928571428571429 1.4214375
15.964285714285714 1.4214375
16.0 1.4214375
16.035714285714285 1.4214375
16.071428571428573 1.417875
16.357142857142858 1.4249999999999998
16.392857142857142 1.4249999999999998
16.428571428571427 1.4285625
16.464285714285715 1.4321249999999999
16.5 1.4321249999999999
16.535714285714285 1.4321249999999999
16.571428571428573 1.4321249999999999
16.607142857142858 1.4321249999999999
16.642857142857142 1.4321249999999999
16.678571428571427 1.4321249999999999
16.714285714285715 1.4321249999999999
16.75 1.4356875
16.785714285714285 1.4321249999999999
16.821428571428573 1.4321249999999999
16.857142857142858 1.4321249999999999
16.892857142857142 1.4321249999999999
16.928571428571427 1.4321249999999999
16.964285714285715 1.4321249999999999
17.0 1.4321249999999999
17.035714285714285 1.4321249999999999
17.071428571428573 1.4321249999999999
17.321428571428573 1.5069374999999998
17.357142857142858 1.4428124999999998
17.392857142857142 1.446375
17.428571428571427 1.446375
17.464285714285715 1.4499374999999999
17.5 1.4534999999999998
17.535714285714285 1.4534999999999998
17.571428571428573 1.4534999999999998
17.607142857142858 1.4534999999999998
17.642857142857142 1.4534999999999998
17.678571428571427 1.4534999999999998
17.714285714285715 1.4534999999999998
17.75 1.4534999999999998
17.785714285714285 1.4534999999999998
17.821428571428573 1.4534999999999998
17.857142857142858 1.4570625
17.892857142857142 1.4570625
17.928571428571427 1.4570625
17.964285714285715 1.4534999999999998
18.0 1.4570625
18.035714285714285 1.4570625
18.071428571428573 1.4570625
18.321428571428573 1.4713124999999998
18.357142857142858 1.4641875
18.392857142857142 1.4677499999999999
18.428571428571427 1.4677499999999999
18.464285714285715 1.4713124999999998
18.5 1.474875
18.535714285714285 1.474875
18.571428571428573 1.474875
18.607142857142858 1.474875
18.642857142857142 1.4784374999999998
18.678571428571427 1.4784374999999998
18.714285714285715 1.4784374999999998
18.75 1.4784374999999998
18.785714285714285 1.4784374999999998
18.821428571428573 1.4784374999999998
18.857142857142858 1.4784374999999998
18.892857142857142 1.4784374999999998
18.928571428571427 1.4784374999999998
18.964285714285715 1.4784374999999998
19.0 1.4784374999999998
19.035714285714285 1.4784374999999998
19.321428571428573 1.4570625
19.357142857142858 1.4570625
19.392857142857142 1.4606249999999998
19.428571428571427 1.4606249999999998
19.464285714285715 1.4570625
19.5 1.4570625
19.535714285714285 1.4570625
19.571428571428573 1.4570625
19.607142857142858 1.4570625
19.642857142857142 1.4570625
19.678571428571427 1.4570625
19.714285714285715 1.4570625
19.75 1.4606249999999998
19.785714285714285 1.4570625
19.821428571428573 1.4570625
19.857142857142858 1.4570625
19.892857142857142 1.4606249999999998
19.928571428571427 1.4606249999999998
19.964285714285715 1.4570625
20.0 1.4606249999999998
20.035714285714285 1.4606249999999998
20.321428571428573 1.5425624999999998
20.357142857142858 1.4606249999999998
20.392857142857142 1.4677499999999999
20.428571428571427 1.4677499999999999
20.464285714285715 1.4677499999999999
20.5 1.4713124999999998
20.535714285714285 1.4713124999999998
20.571428571428573 1.4713124999999998
20.607142857142858 1.474875
20.642857142857142 1.474875
20.678571428571427 1.474875
20.714285714285715 1.474875
20.75 1.474875
20.785714285714285 1.474875
20.821428571428573 1.474875
20.857142857142858 1.474875
20.892857142857142 1.474875
20.928571428571427 1.474875
20.964285714285715 1.474875
21.0 1.474875
21.035714285714285 1.474875
21.071428571428573 1.474875
21.321428571428573 1.5069374999999998
21.357142857142858 1.4713124999999998
21.392857142857142 1.4784374999999998
21.428571428571427 1.482
21.464285714285715 1.482
21.5 1.4855625
21.535714285714285 1.4855625
21.571428571428573 1.4855625
21.607142857142858 1.4855625
21.642857142857142 1.4855625
21.678571428571427 1.4891249999999998
21.714285714285715 1.4891249999999998
21.75 1.4891249999999998
21.785714285714285 1.4891249999999998
21.821428571428573 1.4891249999999998
21.857142857142858 1.4891249999999998
21.892857142857142 1.4891249999999998
21.928571428571427 1.4891249999999998
21.964285714285715 1.4891249999999998
22.0 1.4891249999999998
22.035714285714285 1.4891249999999998
22.071428571428573 1.4891249999999998
22.321428571428573 1.4926875
22.357142857142858 1.4998125
22.392857142857142 1.503375
22.428571428571427 1.503375
22.464285714285715 1.5069374999999998
22.5 1.5105
22.535714285714285 1.5105
22.571428571428573 1.5105
22.607142857142858 1.5140624999999999
22.642857142857142 1.5140624999999999
22.678571428571427 1.5140624999999999
22.714285714285715 1.5140624999999999
22.75 1.5140624999999999
22.785714285714285 1.5140624999999999
22.821428571428573 1.5140624999999999
22.857142857142858 1.5140624999999999
22.892857142857142 1.5140624999999999
22.928571428571427 1.5140624999999999
22.964285714285715 1.5140624999999999
23.0 1.5140624999999999
23.035714285714285 1.5140624999999999
23.321428571428573 1.4962499999999999
23.357142857142858 1.503375
23.392857142857142 1.503375
23.428571428571427 1.503375
23.464285714285715 1.5069374999999998
23.5 1.5069374999999998
23.535714285714285 1.5069374999999998
23.571428571428573 1.5069374999999998
23.607142857142858 1.5105
23.642857142857142 1.5105
23.678571428571427 1.5069374999999998
23.714285714285715 1.5105
23.75 1.5069374999999998
23.785714285714285 1.5105
23.821428571428573 1.5105
23.857142857142858 1.5105
23.892857142857142 1.5105
23.928571428571427 1.5105
23.964285714285715 1.5105
24.0 1.5069374999999998
24.035714285714285 1.5105
24.321428571428573 1.5354374999999998
24.357142857142858 1.5140624999999999
24.392857142857142 1.517625
24.428571428571427 1.517625
24.464285714285715 1.5211875
24.5 1.5211875
24.535714285714285 1.5211875
24.571428571428573 1.5211875
24.607142857142858 1.5211875
24.642857142857142 1.5211875
24.678571428571427 1.5211875
24.714285714285715 1.5211875
24.75 1.5247499999999998
24.785714285714285 1.5247499999999998
24.821428571428573 1.5211875
24.857142857142858 1.5211875
24.892857142857142 1.5211875
24.928571428571427 1.5211875
24.964285714285715 1.5211875
25.0 1.5211875
25.035714285714285 1.5211875
25.071428571428573 1.5247499999999998
25.321428571428573 1.5318749999999999
25.357142857142858 1.5354374999999998
25.392857142857142 1.539
25.428571428571427 1.5425624999999998
25.464285714285715 1.5425624999999998
25.5 1.5425624999999998
25.535714285714285 1.5425624999999998
25.571428571428573 1.5425624999999998
25.607142857142858 1.5425624999999998
25.642857142857142 1.5425624999999998
25.678571428571427 1.5425624999999998
25.714285714285715 1.5425624999999998
25.75 1.5425624999999998
25.785714285714285 1.546125
25.821428571428573 1.5425624999999998
25.857142857142858 1.5425624999999998
25.892857142857142 1.5425624999999998
25.928571428571427 1.5425624999999998
25.964285714285715 1.5425624999999998
26.0 1.5425624999999998
26.035714285714285 1.5425624999999998
26.285714285714285 1.6138124999999999
26.321428571428573 1.5354374999999998
26.357142857142858 1.539
26.392857142857142 1.539
26.428571428571427 1.539
26.464285714285715 1.539
26.5 1.539
26.535714285714285 1.5425624999999998
26.571428571428573 1.539
26.607142857142858 1.539
26.642857142857142 1.5425624999999998
26.678571428571427 1.5425624999999998
26.714285714285715 1.5425624999999998
26.75 1.5425624999999998
26.785714285714285 1.5425624999999998
26.821428571428573 1.5425624999999998
26.857142857142858 1.5425624999999998
26.892857142857142 1.5425624999999998
26.928571428571427 1.539
26.964285714285715 1.539
27.0 1.5425624999999998
27.035714285714285 1.539
27.285714285714285 1.5710624999999998
27.321428571428573 1.5425624999999998
27.357142857142858 1.5496874999999999
27.392857142857142 1.5496874999999999
27.428571428571427 1.5496874999999999
27.464285714285715 1.5496874999999999
27.5 1.5532499999999998
27.535714285714285 1.5532499999999998
27.571428571428573 1.5532499999999998
27.607142857142858 1.5532499999999998
27.642857142857142 1.5532499999999998
27.678571428571427 1.5532499999999998
27.714285714285715 1.5532499999999998
27.75 1.5532499999999998
27.785714285714285 1.5532499999999998
27.821428571428573 1.5532499999999998
27.857142857142858 1.5532499999999998
27.892857142857142 1.5532499999999998
27.928571428571427 1.5568125
27.964285714285715 1.5532499999999998
28.0 1.5532499999999998
28.035714285714285 1.5532499999999998
28.321428571428573 1.5496874999999999
28.357142857142858 1.5496874999999999
28.392857142857142 1.5532499999999998
28.428571428571427 1.5532499999999998
28.464285714285715 1.5532499999999998
28.5 1.5532499999999998
28.535714285714285 1.5532499999999998
28.571428571428573 1.5532499999999998
28.607142857142858 1.5532499999999998
28.642857142857142 1.5532499999999998
28.678571428571427 1.5532499999999998
28.714285714285715 1.5532499999999998
28.75 1.5532499999999998
28.785714285714285 1.5532499999999998
28.821428571428573 1.5532499999999998
28.857142857142858 1.5532499999999998
28.892857142857142 1.5532499999999998
28.928571428571427 1.5532499999999998
28.964285714285715 1.5532499999999998
29.0 1.5532499999999998
29.035714285714285 1.5532499999999998
29.321428571428573 1.539
29.357142857142858 1.5354374999999998
29.392857142857142 1.5354374999999998
29.428571428571427 1.5354374999999998
29.464285714285715 1.5354374999999998
29.5 1.5354374999999998
29.535714285714285 1.5354374999999998
29.571428571428573 1.5354374999999998
29.607142857142858 1.5354374999999998
29.642857142857142 1.5354374999999998
29.678571428571427 1.5354374999999998
29.714285714285715 1.5354374999999998
29.75 1.5354374999999998
29.785714285714285 1.5354374999999998
29.821428571428573 1.5354374999999998
29.857142857142858 1.5354374999999998
29.892857142857142 1.5354374999999998
29.928571428571427 1.5354374999999998
29.964285714285715 1.5354374999999998
30.0 1.5354374999999998
30.035714285714285 1.5354374999999998
30.321428571428573 1.5140624999999999
30.357142857142858 1.517625
30.392857142857142 1.517625
30.428571428571427 1.517625
30.464285714285715 1.5211875
30.5 1.5211875
30.535714285714285 1.5211875
30.571428571428573 1.5211875
30.607142857142858 1.5211875
30.642857142857142 1.5211875
30.678571428571427 1.5211875
30.714285714285715 1.5211875
30.75 1.5211875
30.785714285714285 1.5211875
30.821428571428573 1.5211875
30.857142857142858 1.5211875
30.892857142857142 1.5211875
30.928571428571427 1.5211875
30.964285714285715 1.5211875
31.0 1.5211875
31.035714285714285 1.5211875
31.285714285714285 1.5781874999999999
31.321428571428573 1.5318749999999999
31.357142857142858 1.539
31.392857142857142 1.539
31.428571428571427 1.5425624999999998
31.464285714285715 1.5425624999999998
31.5 1.5425624999999998
31.535714285714285 1.546125
31.571428571428573 1.546125
31.607142857142858 1.546125
31.642857142857142 1.546125
31.678571428571427 1.546125
31.714285714285715 1.546125
31.75 1.546125
31.785714285714285 1.546125
31.821428571428573 1.546125
31.857142857142858 1.546125
31.892857142857142 1.546125
31.928571428571427 1.546125
31.964285714285715 1.546125
32.0 1.5496874999999999
32.035714285714285 1.5496874999999999
32.32142857142857 1.5354374999999998
32.357142857142854 1.5354374999999998
32.392857142857146 1.539
32.42857142857143 1.539
32.464285714285715 1.5354374999999998
32.5 1.539
32.535714285714285 1.539
32.57142857142857 1.539
32.607142857142854 1.539
32.642857142857146 1.539
32.67857142857143 1.539
32.714285714285715 1.539
32.75 1.539
32.785714285714285 1.539
32.82142857142857 1.539
32.857142857142854 1.539
32.892857142857146 1.539
32.92857142857143 1.539
32.964285714285715 1.539
33.0 1.539
33.035714285714285 1.539
33.07142857142857 1.539
33.32142857142857 1.546125
33.357142857142854 1.5532499999999998
33.392857142857146 1.5568125
33.42857142857143 1.5603749999999998
33.464285714285715 1.5603749999999998
33.5 1.5603749999999998
33.535714285714285 1.5603749999999998
33.57142857142857 1.5639375
33.607142857142854 1.5639375
33.642857142857146 1.5639375
33.67857142857143 1.5639375
33.714285714285715 1.5639375
33.75 1.5639375
33.785714285714285 1.5639375
33.82142857142857 1.5639375
33.857142857142854 1.5639375
33.892857142857146 1.5639375
33.92857142857143 1.5639375
33.964285714285715 1.5639375
34.0 1.5639375
34.035714285714285 1.5639375
34.285714285714285 1.6209375
34.32142857142857 1.5639375
34.357142857142854 1.5710624999999998
34.392857142857146 1.5710624999999998
34.42857142857143 1.574625
34.464285714285715 1.574625
34.5 1.574625
34.535714285714285 1.5781874999999999
34.57142857142857 1.5781874999999999
34.607142857142854 1.5781874999999999
34.642857142857146 1.5781874999999999
34.67857142857143 1.5781874999999999
34.714285714285715 1.5781874999999999
34.75 1.58175
34.785714285714285 1.58175
34.82142857142857 1.58175
34.857142857142854 1.58175
34.892857142857146 1.58175
34.92857142857143 1.58175
34.964285714285715 1.58175
35.0 1.58175
35.035714285714285 1.58175
35.285714285714285 1.5888749999999998
35.32142857142857 1.574625
35.357142857142854 1.5781874999999999
35.392857142857146 1.5781874999999999
35.42857142857143 1.58175
35.464285714285715 1.58175
35.5 1.58175
35.535714285714285 1.58175
35.57142857142857 1.58175
35.607142857142854 1.58175
35.642857142857146 1.58175
35.67857142857143 1.58175
35.714285714285715 1.5853125
35.75 1.5853125
35.785714285714285 1.5853125
35.82142857142857 1.5853125
35.857142857142854 1.5853125
35.892857142857146 1.5853125
35.92857142857143 1.5853125
35.964285714285715 1.5853125
36.0 1.5853125
36.035714285714285 1.5853125
36.32142857142857 1.5675
36.357142857142854 1.5675
36.392857142857146 1.5675
36.42857142857143 1.5675
36.464285714285715 1.5675
36.5 1.5675
36.535714285714285 1.5675
36.57142857142857 1.5710624999999998
36.607142857142854 1.5675
36.642857142857146 1.5675
36.67857142857143 1.5675
36.714285714285715 1.5675
36.75 1.5710624999999998
36.785714285714285 1.5675
36.82142857142857 1.5675
36.857142857142854 1.5675
36.892857142857146 1.5675
36.92857142857143 1.5675
36.964285714285715 1.5675
37.0 1.5675
37.035714285714285 1.5675
37.285714285714285 1.674375
37.32142857142857 1.5675
37.357142857142854 1.574625
37.392857142857146 1.58175
37.42857142857143 1.58175
37.464285714285715 1.5853125
37.5 1.5853125
37.535714285714285 1.5853125
37.57142857142857 1.5888749999999998
37.607142857142854 1.5888749999999998
37.642857142857146 1.5888749999999998
37.67857142857143 1.5888749999999998
37.714285714285715 1.5888749999999998
37.75 1.5888749999999998
37.785714285714285 1.5888749999999998
37.82142857142857 1.5888749999999998
37.857142857142854 1.5888749999999998
37.892857142857146 1.5924375
37.92857142857143 1.5888749999999998
37.964285714285715 1.5888749999999998
38.0 1.5888749999999998
38.035714285714285 1.5924375
38.285714285714285 1.6316249999999999
38.32142857142857 1.5781874999999999
38.357142857142854 1.5781874999999999
38.392857142857146 1.5781874999999999
38.42857142857143 1.58175
38.464285714285715 1.58175
38.5 1.58175
38.535714285714285 1.58175
38.57142857142857 1.58175
38.607142857142854 1.58175
38.642857142857146 1.58175
38.67857142857143 1.58175
38.714285714285715 1.58175
38.75 1.58175
38.785714285714285 1.58175
38.82142857142857 1.58175
38.857142857142854 1.58175
38.892857142857146 1.58175
38.92857142857143 1.58175
38.964285714285715 1.58175
39.0 1.58175
39.035714285714285 1.58175
39.285714285714285 1.5995624999999998
39.32142857142857 1.58175
39.357142857142854 1.5781874999999999
39.392857142857146 1.5781874999999999
39.42857142857143 1.5781874999999999
39.464285714285715 1.5781874999999999
39.5 1.5781874999999999
39.535714285714285 1.5781874999999999
39.57142857142857 1.5781874999999999
39.607142857142854 1.5781874999999999
39.642857142857146 1.5781874999999999
39.67857142857143 1.5781874999999999
39.714285714285715 1.5781874999999999
39.75 1.5781874999999999
39.785714285714285 1.5781874999999999
39.82142857142857 1.5781874999999999
39.857142857142854 1.5781874999999999
39.892857142857146 1.5781874999999999
39.92857142857143 1.5781874999999999
