0.03571428571428571 0.6626249999999999
0.07142857142857142 0.6626249999999999
0.10714285714285714 0.6626249999999999
0.14285714285714285 0.6626249999999999
0.17857142857142858 0.6626249999999999
0.21428571428571427 0.6626249999999999
0.25 0.6626249999999999
0.2857142857142857 0.6626249999999999
0.32142857142857145 0.6626249999999999
0.35714285714285715 0.6626249999999999
0.39285714285714285 0.6626249999999999
0.42857142857142855 0.66975
0.4642857142857143 0.6661874999999999
0.5 0.6661874999999999
0.5357142857142857 0.6661874999999999
0.5714285714285714 0.6661874999999999
0.6071428571428571 0.6661874999999999
0.6428571428571429 0.66975
0.6785714285714286 0.6661874999999999
0.7142857142857143 0.66975
0.75 0.6661874999999999
0.7857142857142857 0.66975
0.8214285714285714 0.66975
0.8571428571428571 0.66975
0.8928571428571429 0.6661874999999999
0.9285714285714286 0.66975
0.9642857142857143 0.66975
1.0 0.66975
1.0357142857142858 0.6733125
1.0714285714285714 0.66975
1.1071428571428572 0.66975
1.1428571428571428 0.66975
1.1785714285714286 0.66975
1.2142857142857142 0.66975
1.25 0.66975
1.2857142857142858 0.66975
1.3214285714285714 0.66975
1.3571428571428572 0.66975
1.3928571428571428 0.66975
1.4285714285714286 0.6733125
1.4642857142857142 0.6733125
1.5 0.66975
1.5357142857142858 0.66975
1.5714285714285714 0.66975
1.6071428571428572 0.66975
1.6428571428571428 0.6733125
1.6785714285714286 0.66975
1.7142857142857142 0.66975
1.75 0.66975
1.7857142857142858 0.66975
1.8214285714285714 0.6733125
1.8571428571428572 0.6733125
1.8928571428571428 0.66975
1.9285714285714286 0.66975
1.9642857142857142 0.6733125
2.0 0.6733125
2.0357142857142856 0.6733125
2.0714285714285716 0.6733125
2.107142857142857 0.66975
2.142857142857143 0.66975
2.1785714285714284 0.66975
2.2142857142857144 0.66975
2.25 0.6733125
2.2857142857142856 0.66975
2.3214285714285716 0.66975
2.357142857142857 0.66975
2.392857142857143 0.66975
2.4285714285714284 0.676875
2.4642857142857144 0.6733125
2.5 0.66975
2.5357142857142856 0.6733125
2.5714285714285716 0.6733125
2.607142857142857 0.6733125
2.642857142857143 0.6733125
2.6785714285714284 0.66975
2.7142857142857144 0.66975
2.75 0.66975
2.7857142857142856 0.66975
2.8214285714285716 0.6733125
2.857142857142857 0.6733125
2.892857142857143 0.6733125
2.9285714285714284 0.6733125
2.9642857142857144 0.6733125
3.0 0.66975
3.0357142857142856 0.676875
3.0714285714285716 0.6733125
3.107142857142857 0.66975
3.142857142857143 0.66975
3.1785714285714284 0.66975
3.2142857142857144 0.66975
3.25 0.6733125
3.2857142857142856 0.66975
3.3214285714285716 0.66975
3.357142857142857 0.66975
3.392857142857143 0.66975
3.4285714285714284 0.6733125
3.4642857142857144 0.6733125
3.5 0.66975
3.5357142857142856 0.6733125
3.5714285714285716 0.66975
3.607142857142857 0.6733125
3.642857142857143 0.6733125
3.6785714285714284 0.66975
3.7142857142857144 0.66975
3.75 0.66975
3.7857142857142856 0.66975
3.8214285714285716 0.6733125
3.857142857142857 0.6733125
3.892857142857143 0.66975
3.9285714285714284 0.66975
3.9642857142857144 0.66975
4.0 0.66975
4.035714285714286 0.6733125
4.071428571428571 0.6733125
4.107142857142857 0.6733125
4.142857142857143 0.6733125
4.178571428571429 0.66975
4.214285714285714 0.66975
4.25 0.6733125
4.285714285714286 0.66975
4.321428571428571 0.66975
4.357142857142857 0.6733125
4.392857142857143 0.66975
4.428571428571429 0.6733125
4.464285714285714 0.66975
4.5 0.6733125
4.535714285714286 0.66975
4.571428571428571 0.66975
4.607142857142857 0.6733125
4.642857142857143 0.6733125
4.678571428571429 0.6733125
4.714285714285714 0.66975
4.75 0.6733125
4.785714285714286 0.6733125
4.821428571428571 0.6733125
4.857142857142857 0.6733125
4.892857142857143 0.66975
4.928571428571429 0.66975
4.964285714285714 0.66975
5.0 0.66975
5.035714285714286 0.6733125
5.071428571428571 0.66975
5.107142857142857 0.66975
5.142857142857143 0.66975
5.178571428571429 0.66975
5.214285714285714 0.66975
5.25 0.6733125
5.285714285714286 0.66975
5.321428571428571 0.66975
5.357142857142857 0.66975
5.392857142857143 0.6733125
5.428571428571429 0.6733125
5.464285714285714 0.676875
5.5 0.66975
5.535714285714286 0.66975
5.571428571428571 0.66975
5.607142857142857 0.6733125
5.642857142857143 0.676875
5.678571428571429 0.6733125
5.714285714285714 0.66975
5.75 0.6733125
5.785714285714286 0.66975
5.821428571428571 0.66975
5.857142857142857 0.66975
5.892857142857143 0.66975
5.928571428571429 0.66975
5.964285714285714 0.6733125
6.0 0.6733125
6.035714285714286 0.676875
6.071428571428571 0.6733125
6.107142857142857 0.66975
6.142857142857143 0.66975
6.178571428571429 0.66975
6.214285714285714 0.66975
6.25 0.6733125
6.285714285714286 0.66975
6.321428571428571 0.66975
6.357142857142857 0.6733125
6.392857142857143 0.66975
6.428571428571429 0.6733125
6.464285714285714 0.6733125
6.5 0.66975
6.535714285714286 0.66975
6.571428571428571 0.66975
6.607142857142857 0.66975
6.642857142857143 0.6733125
6.678571428571429 0.66975
6.714285714285714 0.66975
6.75 0.66975
6.785714285714286 0.66975
6.821428571428571 0.6733125
6.857142857142857 0.6733125
6.892857142857143 0.66975
6.928571428571429 0.66975
6.964285714285714 0.66975
7.0 0.66975
7.035714285714286 0.676875
7.071428571428571 0.6733125
7.107142857142857 0.66975
7.142857142857143 0.66975
7.178571428571429 0.66975
7.214285714285714 0.66975
7.25 0.66975
7.285714285714286 0.66975
7.321428571428571 0.66975
7.357142857142857 0.66975
7.392857142857143 0.66975
7.428571428571429 0.676875
7.464285714285714 0.6733125
7.5 0.66975
7.535714285714286 0.66975
7.571428571428571 0.66975
7.607142857142857 0.66975
7.642857142857143 0.66975
7.678571428571429 0.66975
7.714285714285714 0.66975
7.75 0.6733125
7.785714285714286 0.66975
7.821428571428571 0.66975
7.857142857142857 0.66975
7.892857142857143 0.66975
7.928571428571429 0.66975
7.964285714285714 0.66975
8.0 0.66975
8.035714285714286 0.676875
8.071428571428571 0.66975
8.107142857142858 0.66975
8.142857142857142 0.66975
8.178571428571429 0.6733125
8.214285714285714 0.66975
8.25 0.6733125
8.285714285714286 0.66975
8.321428571428571 0.66975
8.357142857142858 0.66975
8.392857142857142 0.66975
8.428571428571429 0.6733125
8.464285714285714 0.66975
8.5 0.66975
8.535714285714286 0.66975
8.571428571428571 0.66975
8.607142857142858 0.66975
8.642857142857142 0.66975
8.678571428571429 0.66975
8.714285714285714 0.66975
8.75 0.66975
8.785714285714286 0.66975
8.821428571428571 0.6733125
8.857142857142858 0.66975
8.892857142857142 0.66975
8.928571428571429 0.66975
8.964285714285714 0.66975
9.0 0.66975
9.035714285714286 0.6733125
9.071428571428571 0.66975
9.107142857142858 0.66975
9.142857142857142 0.66975
9.178571428571429 0.66975
9.214285714285714 0.66975
9.25 0.66975
9.285714285714286 0.66975
9.321428571428571 0.66975
9.357142857142858 0.66975
9.392857142857142 0.66975
9.428571428571429 0.676875
9.464285714285714 0.66975
9.5 0.66975
9.535714285714286 0.66975
9.571428571428571 0.66975
9.607142857142858 0.6733125
9.642857142857142 0.66975
9.678571428571429 0.6733125
9.714285714285714 0.66975
9.75 0.66975
9.785714285714286 0.66975
9.821428571428571 0.66975
9.857142857142858 0.66975
9.892857142857142 0.66975
9.928571428571429 0.66975
9.964285714285714 0.66975
10.0 0.66975
10.035714285714286 0.6733125
10.071428571428571 0.6733125
10.107142857142858 0.66975
10.142857142857142 0.66975
10.178571428571429 0.66975
10.214285714285714 0.66975
10.25 0.6733125
10.285714285714286 0.66975
10.321428571428571 0.66975
10.357142857142858 0.66975
10.392857142857142 0.66975
10.428571428571429 0.66975
10.464285714285714 0.66975
10.5 0.66975
10.535714285714286 0.66975
10.571428571428571 0.66975
10.607142857142858 0.66975
10.642857142857142 0.6733125
10.678571428571429 0.66975
10.714285714285714 0.66975
10.75 0.66975
10.785714285714286 0.66975
10.821428571428571 0.6733125
10.857142857142858 0.66975
10.892857142857142 0.66975
10.928571428571429 0.66975
10.964285714285714 0.66975
11.0 0.66975
11.035714285714286 0.6733125
11.071428571428571 0.6733125
11.107142857142858 0.66975
11.142857142857142 0.66975
11.178571428571429 0.66975
11.214285714285714 0.66975
11.25 0.66975
11.285714285714286 0.66975
11.321428571428571 0.66975
11.357142857142858 0.66975
11.392857142857142 0.66975
11.428571428571429 0.6733125
11.464285714285714 0.66975
11.5 0.66975
11.535714285714286 0.66975
11.571428571428571 0.66975
11.607142857142858 0.66975
11.642857142857142 0.6733125
11.678571428571429 0.66975
11.714285714285714 0.66975
11.75 0.66975
11.785714285714286 0.66975
11.821428571428571 0.66975
11.857142857142858 0.66975
11.892857142857142 0.66975
11.928571428571429 0.66975
11.964285714285714 0.66975
12.0 0.66975
12.035714285714286 0.6733125
12.071428571428571 0.66975
12.107142857142858 0.66975
12.142857142857142 0.66975
12.178571428571429 0.66975
12.214285714285714 0.66975
12.25 0.66975
12.285714285714286 0.66975
12.321428571428571 0.66975
12.357142857142858 0.66975
12.392857142857142 0.66975
12.428571428571429 0.66975
12.464285714285714 0.66975
12.5 0.66975
12.535714285714286 0.66975
12.571428571428571 0.66975
12.607142857142858 0.66975
12.642857142857142 0.6733125
12.678571428571429 0.66975
12.714285714285714 0.66975
12.75 0.66975
12.785714285714286 0.66975
12.821428571428571 0.6733125
12.857142857142858 0.66975
12.892857142857142 0.66975
12.928571428571429 0.66975
12.964285714285714 0.66975
13.0 0.66975
13.035714285714286 0.6733125
13.071428571428571 0.66975
13.107142857142858 0.66975
13.142857142857142 0.66975
13.178571428571429 0.66975
13.214285714285714 0.66975
13.25 0.6733125
13.285714285714286 0.66975
13.321428571428571 0.66975
13.357142857142858 0.66975
13.392857142857142 0.66975
13.428571428571429 0.6733125
13.464285714285714 0.66975
13.5 0.66975
13.535714285714286 0.66975
13.571428571428571 0.66975
13.607142857142858 0.6733125
13.642857142857142 0.66975
13.678571428571429 0.66975
13.714285714285714 0.66975
13.75 0.66975
13.785714285714286 0.66975
13.821428571428571 0.66975
13.857142857142858 0.66975
13.892857142857142 0.6661874999999999
13.928571428571429 0.66975
13.964285714285714 0.66975
14.0 0.66975
14.035714285714286 0.66975
14.071428571428571 0.66975
14.107142857142858 0.6661874999999999
14.142857142857142 0.66975
14.178571428571429 0.66975
14.214285714285714 0.66975
14.25 0.66975
14.285714285714286 0.66975
14.321428571428571 0.66975
14.357142857142858 0.66975
14.392857142857142 0.66975
14.428571428571429 0.66975
14.464285714285714 0.66975
14.5 0.66975
14.535714285714286 0.66975
14.571428571428571 0.66975
14.607142857142858 0.66975
14.642857142857142 0.66975
14.678571428571429 0.66975
14.714285714285714 0.66975
14.75 0.66975
14.785714285714286 0.66975
14.821428571428571 0.66975
14.857142857142858 0.66975
14.892857142857142 0.66975
14.928571428571429 0.6661874999999999
14.964285714285714 0.66975
15.0 0.66975
15.035714285714286 0.6733125
15.071428571428571 0.66975
15.107142857142858 0.66975
15.142857142857142 0.66975
15.178571428571429 0.66975
15.214285714285714 0.66975
15.25 0.66975
15.285714285714286 0.66975
15.321428571428571 0.66975
15.357142857142858 0.66975
15.392857142857142 0.66975
15.428571428571429 0.66975
15.464285714285714 0.66975
15.5 0.66975
15.535714285714286 0.66975
15.571428571428571 0.66975
15.607142857142858 0.66975
15.642857142857142 0.66975
15.678571428571429 0.66975
15.714285714285714 0.6661874999999999
15.75 0.66975
15.785714285714286 0.66975
15.821428571428571 0.66975
15.857142857142858 0.66975
15.892857142857142 0.6661874999999999
15.928571428571429 0.6661874999999999
15.964285714285714 0.66975
16.0 0.66975
16.035714285714285 0.6733125
16.071428571428573 0.66975
16.107142857142858 0.66975
16.142857142857142 0.66975
16.178571428571427 0.66975
16.214285714285715 0.66975
16.25 0.66975
16.285714285714285 0.66975
16.321428571428573 0.6661874999999999
16.357142857142858 0.66975
16.392857142857142 0.66975
16.428571428571427 0.66975
16.464285714285715 0.66975
16.5 0.6661874999999999
16.535714285714285 0.6661874999999999
16.571428571428573 0.66975
16.607142857142858 0.66975
16.642857142857142 0.66975
16.678571428571427 0.6661874999999999
16.714285714285715 0.66975
16.75 0.66975
16.785714285714285 0.66975
16.821428571428573 0.66975
16.857142857142858 0.66975
16.892857142857142 0.6661874999999999
16.928571428571427 0.6661874999999999
16.964285714285715 0.66975
17.0 0.66975
17.035714285714285 0.676875
17.071428571428573 0.66975
17.107142857142858 0.66975
17.142857142857142 0.66975
17.178571428571427 0.66975
17.214285714285715 0.66975
17.25 0.66975
17.285714285714285 0.6661874999999999
17.321428571428573 0.6661874999999999
17.357142857142858 0.66975
17.392857142857142 0.66975
17.428571428571427 0.6733125
17.464285714285715 0.6661874999999999
17.5 0.6661874999999999
17.535714285714285 0.6661874999999999
17.571428571428573 0.66975
17.607142857142858 0.66975
17.642857142857142 0.66975
17.678571428571427 0.66975
17.714285714285715 0.6661874999999999
17.75 0.6661874999999999
17.785714285714285 0.66975
17.821428571428573 0.66975
17.857142857142858 0.66975
17.892857142857142 0.66975
17.928571428571427 0.66975
17.964285714285715 0.66975
18.0 0.66975
18.035714285714285 0.66975
18.071428571428573 0.6661874999999999
18.107142857142858 0.6661874999999999
18.142857142857142 0.6661874999999999
18.178571428571427 0.6661874999999999
18.214285714285715 0.66975
18.25 0.66975
18.285714285714285 0.66975
18.321428571428573 0.66975
18.357142857142858 0.66975
18.392857142857142 0.66975
18.428571428571427 0.6733125
18.464285714285715 0.6733125
18.5 0.66975
18.535714285714285 0.66975
18.571428571428573 0.66975
18.607142857142858 0.66975
18.642857142857142 0.66975
18.678571428571427 0.66975
18.714285714285715 0.66975
18.75 0.66975
18.785714285714285 0.66975
18.821428571428573 0.66975
18.857142857142858 0.66975
18.892857142857142 0.66975
18.928571428571427 0.66975
18.964285714285715 0.6661874999999999
19.0 0.66975
19.035714285714285 0.6733125
19.071428571428573 0.66975
19.107142857142858 0.66975
19.142857142857142 0.6661874999999999
19.178571428571427 0.66975
19.214285714285715 0.6661874999999999
19.25 0.6733125
19.285714285714285 0.6661874999999999
19.321428571428573 0.66975
19.357142857142858 0.66975
19.392857142857142 0.66975
19.428571428571427 0.66975
19.464285714285715 0.66975
19.5 0.6661874999999999
19.535714285714285 0.6661874999999999
19.571428571428573 0.6661874999999999
19.607142857142858 0.66975
19.642857142857142 0.6661874999999999
19.678571428571427 0.6661874999999999
19.714285714285715 0.6661874999999999
19.75 0.66975
19.785714285714285 0.66975
19.821428571428573 0.66975
19.857142857142858 0.6661874999999999
19.892857142857142 0.6661874999999999
19.928571428571427 0.66975
19.964285714285715 0.6661874999999999
20.0 0.66975
20.035714285714285 0.66975
20.071428571428573 0.6661874999999999
20.107142857142858 0.6661874999999999
20.142857142857142 0.6661874999999999
20.178571428571427 0.6661874999999999
20.214285714285715 0.66975
20.25 0.6661874999999999
20.285714285714285 0.66975
20.321428571428573 0.6661874999999999
20.357142857142858 0.6661874999999999
20.392857142857142 0.6661874999999999
20.428571428571427 0.6733125
20.464285714285715 0.66975
20.5 0.6661874999999999
20.535714285714285 0.66975
20.571428571428573 0.6661874999999999
20.607142857142858 0.66975
20.642857142857142 0.66975
20.678571428571427 0.6661874999999999
20.714285714285715 0.6661874999999999
20.75 0.66975
20.785714285714285 0.66975
20.821428571428573 0.66975
20.857142857142858 0.6661874999999999
20.892857142857142 0.6661874999999999
20.928571428571427 0.6661874999999999
20.964285714285715 0.6661874999999999
21.0 0.66975
21.035714285714285 0.6733125
21.071428571428573 0.6661874999999999
21.107142857142858 0.6661874999999999
21.142857142857142 0.66975
21.178571428571427 0.66975
21.214285714285715 0.66975
21.25 0.66975
21.285714285714285 0.6661874999999999
21.321428571428573 0.6661874999999999
21.357142857142858 0.66975
21.392857142857142 0.66975
21.428571428571427 0.66975
21.464285714285715 0.6661874999999999
21.5 0.6661874999999999
21.535714285714285 0.6661874999999999
21.571428571428573 0.6661874999999999
21.607142857142858 0.66975
21.642857142857142 0.6733125
21.678571428571427 0.6661874999999999
21.714285714285715 0.6661874999999999
21.75 0.6661874999999999
21.785714285714285 0.6661874999999999
21.821428571428573 0.6733125
21.857142857142858 0.6661874999999999
21.892857142857142 0.6661874999999999
21.928571428571427 0.6661874999999999
21.964285714285715 0.66975
22.0 0.66975
22.035714285714285 0.66975
22.071428571428573 0.66975
22.107142857142858 0.6661874999999999
22.142857142857142 0.6661874999999999
22.178571428571427 0.6661874999999999
22.214285714285715 0.66975
22.25 0.6661874999999999
22.285714285714285 0.6661874999999999
22.321428571428573 0.66975
22.357142857142858 0.6661874999999999
22.392857142857142 0.66975
22.428571428571427 0.6733125
22.464285714285715 0.6661874999999999
22.5 0.6661874999999999
22.535714285714285 0.6661874999999999
22.571428571428573 0.66975
22.607142857142858 0.66975
22.642857142857142 0.66975
22.678571428571427 0.6661874999999999
22.714285714285715 0.66975
22.75 0.66975
22.785714285714285 0.66975
22.821428571428573 0.6661874999999999
22.857142857142858 0.6661874999999999
22.892857142857142 0.6661874999999999
22.928571428571427 0.6661874999999999
22.964285714285715 0.66975
23.0 0.66975
23.035714285714285 0.66975
23.071428571428573 0.6661874999999999
23.107142857142858 0.6661874999999999
23.142857142857142 0.6661874999999999
23.178571428571427 0.66975
23.214285714285715 0.6661874999999999
23.25 0.66975
23.285714285714285 0.6661874999999999
23.321428571428573 0.6661874999999999
23.357142857142858 0.66975
23.392857142857142 0.6661874999999999
23.428571428571427 0.6661874999999999
23.464285714285715 0.6661874999999999
23.5 0.66975
23.535714285714285 0.6661874999999999
23.571428571428573 0.6661874999999999
23.607142857142858 0.6661874999999999
23.642857142857142 0.66975
23.678571428571427 0.6661874999999999
23.714285714285715 0.6661874999999999
23.75 0.6661874999999999
23.785714285714285 0.6661874999999999
23.821428571428573 0.66975
23.857142857142858 0.6661874999999999
23.892857142857142 0.6661874999999999
23.928571428571427 0.66975
23.964285714285715 0.6661874999999999
24.0 0.6661874999999999
24.035714285714285 0.66975
24.071428571428573 0.6661874999999999
24.107142857142858 0.6661874999999999
24.142857142857142 0.6661874999999999
24.178571428571427 0.6661874999999999
24.214285714285715 0.66975
24.25 0.6661874999999999
24.285714285714285 0.66975
24.321428571428573 0.6661874999999999
24.357142857142858 0.6661874999999999
24.392857142857142 0.66975
24.428571428571427 0.6733125
24.464285714285715 0.6661874999999999
24.5 0.6661874999999999
24.535714285714285 0.6661874999999999
24.571428571428573 0.6661874999999999
24.607142857142858 0.66975
24.642857142857142 0.66975
24.678571428571427 0.6661874999999999
24.714285714285715 0.6661874999999999
24.75 0.66975
24.785714285714285 0.6661874999999999
24.821428571428573 0.6661874999999999
24.857142857142858 0.66975
24.892857142857142 0.6661874999999999
24.928571428571427 0.66975
24.964285714285715 0.66975
25.0 0.66975
25.035714285714285 0.6733125
25.071428571428573 0.6661874999999999
25.107142857142858 0.6661874999999999
25.142857142857142 0.6661874999999999
25.178571428571427 0.6661874999999999
25.214285714285715 0.6661874999999999
25.25 0.6661874999999999
25.285714285714285 0.6661874999999999
25.321428571428573 0.6661874999999999
25.357142857142858 0.6661874999999999
25.392857142857142 0.6661874999999999
25.428571428571427 0.66975
25.464285714285715 0.6661874999999999
25.5 0.6661874999999999
25.535714285714285 0.6661874999999999
25.571428571428573 0.6661874999999999
25.607142857142858 0.6661874999999999
25.642857142857142 0.66975
25.678571428571427 0.6661874999999999
25.714285714285715 0.6661874999999999
25.75 0.6661874999999999
25.785714285714285 0.66975
25.821428571428573 0.6661874999999999
25.857142857142858 0.6661874999999999
25.892857142857142 0.6661874999999999
25.928571428571427 0.6661874999999999
25.964285714285715 0.6661874999999999
26.0 0.6661874999999999
26.035714285714285 0.66975
26.071428571428573 0.6661874999999999
26.107142857142858 0.6661874999999999
26.142857142857142 0.6661874999999999
26.178571428571427 0.6661874999999999
26.214285714285715 0.66975
26.25 0.6661874999999999
26.285714285714285 0.6661874999999999
26.321428571428573 0.6661874999999999
26.357142857142858 0.6661874999999999
26.392857142857142 0.6661874999999999
26.428571428571427 0.66975
26.464285714285715 0.6661874999999999
26.5 0.6661874999999999
26.535714285714285 0.6661874999999999
26.571428571428573 0.6661874999999999
26.607142857142858 0.6661874999999999
26.642857142857142 0.6661874999999999
26.678571428571427 0.66975
26.714285714285715 0.6661874999999999
26.75 0.6661874999999999
26.785714285714285 0.66975
26.821428571428573 0.66975
26.857142857142858 0.6661874999999999
26.892857142857142 0.6661874999999999
26.928571428571427 0.6661874999999999
26.964285714285715 0.6661874999999999
27.0 0.6661874999999999
27.035714285714285 0.66975
27.071428571428573 0.6661874999999999
27.107142857142858 0.6661874999999999
27.142857142857142 0.6661874999999999
27.178571428571427 0.6661874999999999
27.214285714285715 0.66975
27.25 0.6661874999999999
27.285714285714285 0.6661874999999999
27.321428571428573 0.6661874999999999
27.357142857142858 0.6661874999999999
27.392857142857142 0.6661874999999999
27.428571428571427 0.66975
27.464285714285715 0.66975
27.5 0.6661874999999999
27.535714285714285 0.6661874999999999
27.571428571428573 0.6661874999999999
27.607142857142858 0.6661874999999999
27.642857142857142 0.66975
27.678571428571427 0.6661874999999999
27.714285714285715 0.6661874999999999
27.75 0.6661874999999999
27.785714285714285 0.6661874999999999
27.821428571428573 0.6661874999999999
27.857142857142858 0.6661874999999999
27.892857142857142 0.6661874999999999
27.928571428571427 0.6661874999999999
27.964285714285715 0.6661874999999999
28.0 0.6661874999999999
28.035714285714285 0.66975
28.071428571428573 0.6661874999999999
28.107142857142858 0.6661874999999999
28.142857142857142 0.6661874999999999
28.178571428571427 0.6661874999999999
28.214285714285715 0.6661874999999999
28.25 0.6661874999999999
28.285714285714285 0.6661874999999999
28.321428571428573 0.6661874999999999
28.357142857142858 0.6661874999999999
28.392857142857142 0.6661874999999999
28.428571428571427 0.6733125
28.464285714285715 0.6661874999999999
28.5 0.6661874999999999
28.535714285714285 0.6661874999999999
28.571428571428573 0.6661874999999999
28.607142857142858 0.6661874999999999
28.642857142857142 0.66975
28.678571428571427 0.6661874999999999
28.714285714285715 0.6661874999999999
28.75 0.6661874999999999
28.785714285714285 0.66975
28.821428571428573 0.66975
28.857142857142858 0.6661874999999999
28.892857142857142 0.6661874999999999
28.928571428571427 0.6661874999999999
28.964285714285715 0.6661874999999999
29.0 0.6661874999999999
29.035714285714285 0.66975
29.071428571428573 0.6661874999999999
29.107142857142858 0.6661874999999999
29.142857142857142 0.6661874999999999
29.178571428571427 0.6661874999999999
29.214285714285715 0.6661874999999999
29.25 0.6661874999999999
29.285714285714285 0.6661874999999999
29.321428571428573 0.6661874999999999
29.357142857142858 0.6661874999999999
29.392857142857142 0.66975
29.428571428571427 0.66975
29.464285714285715 0.66975
29.5 0.6661874999999999
29.535714285714285 0.6661874999999999
29.571428571428573 0.6661874999999999
29.607142857142858 0.6661874999999999
29.642857142857142 0.6661874999999999
29.678571428571427 0.6661874999999999
29.714285714285715 0.6661874999999999
29.75 0.6661874999999999
29.785714285714285 0.6661874999999999
29.821428571428573 0.6661874999999999
29.857142857142858 0.6661874999999999
29.892857142857142 0.6661874999999999
29.928571428571427 0.6661874999999999
29.964285714285715 0.6661874999999999
30.0 0.6661874999999999
30.035714285714285 0.6733125
30.071428571428573 0.6661874999999999
30.107142857142858 0.6661874999999999
30.142857142857142 0.6661874999999999
30.178571428571427 0.6661874999999999
30.214285714285715 0.6661874999999999
30.25 0.66975
30.285714285714285 0.6661874999999999
30.321428571428573 0.6661874999999999
30.357142857142858 0.6661874999999999
30.392857142857142 0.6661874999999999
30.428571428571427 0.66975
30.464285714285715 0.6661874999999999
30.5 0.6661874999999999
30.535714285714285 0.6661874999999999
30.571428571428573 0.6661874999999999
30.607142857142858 0.6661874999999999
30.642857142857142 0.6661874999999999
30.678571428571427 0.6661874999999999
30.714285714285715 0.6661874999999999
30.75 0.6661874999999999
30.785714285714285 0.6661874999999999
30.821428571428573 0.66975
30.857142857142858 0.6661874999999999
30.892857142857142 0.6661874999999999
30.928571428571427 0.6661874999999999
30.964285714285715 0.6661874999999999
31.0 0.6661874999999999
31.035714285714285 0.6661874999999999
31.071428571428573 0.6661874999999999
31.107142857142858 0.6661874999999999
31.142857142857142 0.6661874999999999
31.178571428571427 0.6661874999999999
31.214285714285715 0.6661874999999999
31.25 0.66975
31.285714285714285 0.6661874999999999
31.321428571428573 0.6661874999999999
31.357142857142858 0.6661874999999999
31.392857142857142 0.66975
31.428571428571427 0.6733125
31.464285714285715 0.6661874999999999
31.5 0.6626249999999999
31.535714285714285 0.6661874999999999
31.571428571428573 0.6661874999999999
31.607142857142858 0.6661874999999999
31.642857142857142 0.66975
31.678571428571427 0.6661874999999999
31.714285714285715 0.6661874999999999
31.75 0.6661874999999999
31.785714285714285 0.6661874999999999
31.821428571428573 0.66975
31.857142857142858 0.6661874999999999
31.892857142857142 0.6661874999999999
31.928571428571427 0.6661874999999999
31.964285714285715 0.6661874999999999
32.0 0.6661874999999999
32.035714285714285 0.6733125
32.07142857142857 0.6661874999999999
32.107142857142854 0.6661874999999999
32.142857142857146 0.6661874999999999
32.17857142857143 0.6661874999999999
32.214285714285715 0.6661874999999999
32.25 0.6661874999999999
32.285714285714285 0.6661874999999999
32.32142857142857 0.6661874999999999
32.357142857142854 0.6661874999999999
32.392857142857146 0.6661874999999999
32.42857142857143 0.6661874999999999
32.464285714285715 0.6661874999999999
32.5 0.6661874999999999
32.535714285714285 0.6661874999999999
32.57142857142857 0.6661874999999999
32.607142857142854 0.6661874999999999
32.642857142857146 0.66975
32.67857142857143 0.6661874999999999
32.714285714285715 0.6661874999999999
32.75 0.6661874999999999
32.785714285714285 0.6661874999999999
32.82142857142857 0.66975
32.857142857142854 0.6661874999999999
32.892857142857146 0.6661874999999999
32.92857142857143 0.6626249999999999
32.964285714285715 0.6661874999999999
33.0 0.6661874999999999
33.035714285714285 0.6661874999999999
33.07142857142857 0.6661874999999999
33.107142857142854 0.6661874999999999
33.142857142857146 0.6661874999999999
33.17857142857143 0.6661874999999999
33.214285714285715 0.6661874999999999
33.25 0.6626249999999999
33.285714285714285 0.6661874999999999
33.32142857142857 0.6661874999999999
33.357142857142854 0.6661874999999999
33.392857142857146 0.6661874999999999
33.42857142857143 0.66975
33.464285714285715 0.6661874999999999
33.5 0.6661874999999999
33.535714285714285 0.6661874999999999
33.57142857142857 0.6661874999999999
33.607142857142854 0.6661874999999999
33.642857142857146 0.66975
33.67857142857143 0.6661874999999999
33.714285714285715 0.6661874999999999
33.75 0.6661874999999999
33.785714285714285 0.6661874999999999
33.82142857142857 0.6661874999999999
33.857142857142854 0.6661874999999999
33.892857142857146 0.6626249999999999
33.92857142857143 0.6626249999999999
33.964285714285715 0.6661874999999999
34.0 0.6661874999999999
34.035714285714285 0.66975
34.07142857142857 0.6661874999999999
34.107142857142854 0.6661874999999999
34.142857142857146 0.6661874999999999
34.17857142857143 0.6661874999999999
34.214285714285715 0.6661874999999999
34.25 0.6661874999999999
34.285714285714285 0.6661874999999999
34.32142857142857 0.6661874999999999
34.357142857142854 0.6661874999999999
34.392857142857146 0.6661874999999999
34.42857142857143 0.6661874999999999
34.464285714285715 0.6661874999999999
34.5 0.6661874999999999
34.535714285714285 0.6661874999999999
34.57142857142857 0.6661874999999999
34.607142857142854 0.6661874999999999
34.642857142857146 0.66975
34.67857142857143 0.6661874999999999
34.714285714285715 0.6661874999999999
34.75 0.6661874999999999
34.785714285714285 0.6661874999999999
34.82142857142857 0.6661874999999999
34.857142857142854 0.6661874999999999
34.892857142857146 0.6661874999999999
34.92857142857143 0.6661874999999999
34.964285714285715 0.6661874999999999
35.0 0.6661874999999999
35.035714285714285 0.6661874999999999
35.07142857142857 0.6661874999999999
35.107142857142854 0.6661874999999999
35.142857142857146 0.6661874999999999
35.17857142857143 0.6661874999999999
35.214285714285715 0.6661874999999999
35.25 0.6661874999999999
35.285714285714285 0.6626249999999999
35.32142857142857 0.6626249999999999
35.357142857142854 0.6661874999999999
35.392857142857146 0.6661874999999999
35.42857142857143 0.66975
35.464285714285715 0.6661874999999999
35.5 0.6661874999999999
35.535714285714285 0.6661874999999999
35.57142857142857 0.6661874999999999
35.607142857142854 0.66975
35.642857142857146 0.6661874999999999
35.67857142857143 0.6661874999999999
35.714285714285715 0.6661874999999999
35.75 0.6661874999999999
35.785714285714285 0.6661874999999999
35.82142857142857 0.6661874999999999
35.857142857142854 0.6661874999999999
35.892857142857146 0.6626249999999999
35.92857142857143 0.6626249999999999
35.964285714285715 0.6661874999999999
36.0 0.6661874999999999
36.035714285714285 0.66975
36.07142857142857 0.6661874999999999
36.107142857142854 0.6661874999999999
36.142857142857146 0.6661874999999999
36.17857142857143 0.6661874999999999
36.214285714285715 0.6661874999999999
36.25 0.6661874999999999
36.285714285714285 0.6661874999999999
36.32142857142857 0.6661874999999999
36.357142857142854 0.6661874999999999
36.392857142857146 0.6661874999999999
36.42857142857143 0.6661874999999999
36.464285714285715 0.6661874999999999
36.5 0.6626249999999999
36.535714285714285 0.6626249999999999
36.57142857142857 0.6661874999999999
36.607142857142854 0.6661874999999999
36.642857142857146 0.66975
36.67857142857143 0.6626249999999999
36.714285714285715 0.6626249999999999
36.75 0.6626249999999999
36.785714285714285 0.6661874999999999
36.82142857142857 0.6661874999999999
36.857142857142854 0.6661874999999999
36.892857142857146 0.6661874999999999
36.92857142857143 0.6661874999999999
36.964285714285715 0.6661874999999999
37.0 0.6626249999999999
37.035714285714285 0.6661874999999999
37.07142857142857 0.6626249999999999
37.107142857142854 0.6626249999999999
37.142857142857146 0.6626249999999999
37.17857142857143 0.6661874999999999
37.214285714285715 0.6661874999999999
37.25 0.6661874999999999
37.285714285714285 0.6661874999999999
37.32142857142857 0.6626249999999999
37.357142857142854 0.6626249999999999
37.392857142857146 0.6661874999999999
37.42857142857143 0.66975
37.464285714285715 0.6626249999999999
37.5 0.6626249999999999
37.535714285714285 0.6626249999999999
37.57142857142857 0.6661874999999999
37.607142857142854 0.6661874999999999
37.642857142857146 0.6661874999999999
37.67857142857143 0.6626249999999999
37.714285714285715 0.6626249999999999
37.75 0.6626249999999999
37.785714285714285 0.6626249999999999
37.82142857142857 0.6661874999999999
37.857142857142854 0.6626249999999999
37.892857142857146 0.6661874999999999
37.92857142857143 0.6661874999999999
37.964285714285715 0.6661874999999999
38.0 0.6661874999999999
38.035714285714285 0.6661874999999999
38.07142857142857 0.6626249999999999
38.107142857142854 0.6626249999999999
38.142857142857146 0.6661874999999999
38.17857142857143 0.6626249999999999
38.214285714285715 0.6661874999999999
38.25 0.6661874999999999
38.285714285714285 0.6626249999999999
38.32142857142857 0.6626249999999999
38.357142857142854 0.6626249999999999
38.392857142857146 0.6626249999999999
38.42857142857143 0.6661874999999999
38.464285714285715 0.6661874999999999
38.5 0.6626249999999999
38.535714285714285 0.6661874999999999
38.57142857142857 0.6661874999999999
38.607142857142854 0.6626249999999999
38.642857142857146 0.6661874999999999
38.67857142857143 0.6626249999999999
38.714285714285715 0.6626249999999999
38.75 0.6626249999999999
38.785714285714285 0.6626249999999999
38.82142857142857 0.6661874999999999
38.857142857142854 0.6626249999999999
38.892857142857146 0.6626249999999999
38.92857142857143 0.6626249999999999
38.964285714285715 0.6626249999999999
39.0 0.6661874999999999
39.035714285714285 0.66975
39.07142857142857 0.6661874999999999
39.107142857142854 0.6661874999999999
39.142857142857146 0.6661874999999999
39.17857142857143 0.6626249999999999
39.214285714285715 0.6661874999999999
39.25 0.6661874999999999
39.285714285714285 0.6661874999999999
39.32142857142857 0.6626249999999999
39.357142857142854 0.6661874999999999
39.392857142857146 0.6626249999999999
39.42857142857143 0.6661874999999999
39.464285714285715 0.6661874999999999
39.5 0.6626249999999999
39.535714285714285 0.6626249999999999
39.57142857142857 0.6626249999999999
39.607142857142854 0.6661874999999999
39.642857142857146 0.6661874999999999
39.67857142857143 0.6626249999999999
39.714285714285715 0.6626249999999999
39.75 0.6626249999999999
39.785714285714285 0.6626249999999999
39.82142857142857 0.6661874999999999
39.857142857142854 0.6626249999999999
39.892857142857146 0.6626249999999999
39.92857142857143 0.6626249999999999
