0.03571428571428571 1.8453749999999998
0.07142857142857142 1.8489375
0.10714285714285714 1.8489375
0.14285714285714285 1.8489375
0.17857142857142858 1.8489375
0.21428571428571427 1.8524999999999998
0.25 1.8418124999999999
0.2857142857142857 1.83825
0.32142857142857145 1.8489375
0.35714285714285715 1.8489375
0.39285714285714285 1.8489375
0.42857142857142855 1.8489375
0.4642857142857143 1.8489375
0.5 1.8453749999999998
0.5357142857142857 1.83825
0.5714285714285714 1.8453749999999998
0.6071428571428571 1.8453749999999998
0.6428571428571429 1.8453749999999998
0.6785714285714286 1.8453749999999998
0.7142857142857143 1.8453749999999998
0.75 1.8489375
0.7857142857142857 1.83825
0.8214285714285714 1.831125
0.8571428571428571 1.8418124999999999
0.8928571428571429 1.8418124999999999
0.9285714285714286 1.8418124999999999
0.9642857142857143 1.8418124999999999
1.0 1.8453749999999998
1.0357142857142858 1.8418124999999999
1.0714285714285714 1.8346874999999998
1.1071428571428572 1.8346874999999998
1.1428571428571428 1.83825
1.1785714285714286 1.83825
1.2142857142857142 1.83825
1.25 1.83825
1.2857142857142858 1.8418124999999999
1.3214285714285714 1.8346874999999998
1.3571428571428572 1.8346874999999998
1.3928571428571428 1.8346874999999998
1.4285714285714286 1.83825
1.4642857142857142 1.83825
1.5 1.83825
1.5357142857142858 1.83825
1.5714285714285714 1.8418124999999999
1.6071428571428572 1.8275625
1.6428571428571428 1.83825
1.6785714285714286 1.8346874999999998
1.7142857142857142 1.83825
1.75 1.83825
1.7857142857142858 1.83825
1.8214285714285714 1.83825
1.8571428571428572 1.8275625
1.8928571428571428 1.8275625
1.9285714285714286 1.831125
1.9642857142857142 1.8346874999999998
2.0 1.8346874999999998
2.0357142857142856 1.831125
2.0714285714285716 1.831125
2.107142857142857 1.8346874999999998
2.142857142857143 1.8275625
2.1785714285714284 1.831125
2.2142857142857144 1.831125
2.25 1.8346874999999998
2.2857142857142856 1.831125
2.3214285714285716 1.8346874999999998
2.357142857142857 1.8346874999999998
2.392857142857143 1.831125
2.4285714285714284 1.8239999999999998
2.4642857142857144 1.8346874999999998
2.5 1.831125
2.5357142857142856 1.8346874999999998
2.5714285714285716 1.8346874999999998
2.607142857142857 1.8346874999999998
2.642857142857143 1.8346874999999998
2.6785714285714284 1.8275625
2.7142857142857144 1.8239999999999998
2.75 1.8275625
2.7857142857142856 1.831125
2.8214285714285716 1.831125
2.857142857142857 1.831125
2.892857142857143 1.831125
2.9285714285714284 1.8275625
2.9642857142857144 1.8204375
3.0 1.8239999999999998
3.0357142857142856 1.8275625
3.0714285714285716 1.8275625
3.107142857142857 1.831125
3.142857142857143 1.8275625
3.1785714285714284 1.831125
3.2142857142857144 1.8275625
3.25 1.8275625
3.2857142857142856 1.8275625
3.3214285714285716 1.8275625
3.357142857142857 1.8275625
3.392857142857143 1.8275625
3.4285714285714284 1.8275625
3.4642857142857144 1.831125
3.5 1.8168749999999998
3.5357142857142856 1.8275625
3.5714285714285716 1.8275625
3.607142857142857 1.831125
3.642857142857143 1.8275625
3.6785714285714284 1.8275625
3.7142857142857144 1.831125
3.75 1.831125
3.7857142857142856 1.8239999999999998
3.8214285714285716 1.8275625
3.857142857142857 1.8275625
3.892857142857143 1.8275625
3.9285714285714284 1.831125
3.9642857142857144 1.831125
4.0 1.83825
4.035714285714286 1.8275625
4.071428571428571 1.8275625
4.107142857142857 1.831125
4.142857142857143 1.831125
4.178571428571429 1.8346874999999998
4.214285714285714 1.8346874999999998
4.25 1.83825
4.285714285714286 1.83825
4.321428571428571 1.8239999999999998
4.357142857142857 1.83825
4.392857142857143 1.83825
4.428571428571429 1.8418124999999999
4.464285714285714 1.8418124999999999
4.5 1.8418124999999999
4.535714285714286 1.8453749999999998
4.571428571428571 1.8453749999999998
4.607142857142857 1.83825
4.642857142857143 1.8489375
4.678571428571429 1.8524999999999998
4.714285714285714 1.8524999999999998
4.75 1.8524999999999998
4.785714285714286 1.8560625
4.821428571428571 1.8596249999999999
4.857142857142857 1.8418124999999999
4.892857142857143 1.8524999999999998
4.928571428571429 1.8560625
4.964285714285714 1.8560625
5.0 1.8560625
5.035714285714286 1.8596249999999999
5.071428571428571 1.8596249999999999
5.107142857142857 1.8489375
5.142857142857143 1.8418124999999999
5.178571428571429 1.8524999999999998
5.214285714285714 1.8560625
5.25 1.8560625
5.285714285714286 1.8560625
5.321428571428571 1.8560625
5.357142857142857 1.8560625
5.392857142857143 1.8489375
5.428571428571429 1.8489375
5.464285714285714 1.8524999999999998
5.5 1.8560625
5.535714285714286 1.8560625
5.571428571428571 1.8560625
5.607142857142857 1.8596249999999999
5.642857142857143 1.8524999999999998
5.678571428571429 1.8489375
5.714285714285714 1.8524999999999998
5.75 1.8560625
5.785714285714286 1.8560625
5.821428571428571 1.8560625
5.857142857142857 1.8596249999999999
5.892857142857143 1.8596249999999999
5.928571428571429 1.8524999999999998
5.964285714285714 1.8418124999999999
6.0 1.8524999999999998
6.035714285714286 1.8596249999999999
6.071428571428571 1.8596249999999999
6.107142857142857 1.8631874999999998
6.142857142857143 1.8631874999999998
6.178571428571429 1.8596249999999999
6.214285714285714 1.8560625
6.25 1.8596249999999999
6.285714285714286 1.8631874999999998
6.321428571428571 1.86675
6.357142857142857 1.86675
6.392857142857143 1.86675
6.428571428571429 1.873875
6.464285714285714 1.8631874999999998
6.5 1.8631874999999998
6.535714285714286 1.8703124999999998
6.571428571428571 1.8703124999999998
6.607142857142857 1.8703124999999998
6.642857142857143 1.8703124999999998
6.678571428571429 1.873875
6.714285714285714 1.873875
6.75 1.8596249999999999
6.785714285714286 1.8703124999999998
6.821428571428571 1.8703124999999998
6.857142857142857 1.8703124999999998
6.892857142857143 1.8703124999999998
6.928571428571429 1.873875
6.964285714285714 1.8774374999999999
7.0 1.86675
7.035714285714286 1.8703124999999998
7.071428571428571 1.8703124999999998
7.107142857142857 1.8703124999999998
7.142857142857143 1.873875
7.178571428571429 1.873875
7.214285714285714 1.873875
7.25 1.8703124999999998
7.285714285714286 1.86675
7.321428571428571 1.8703124999999998
7.357142857142857 1.873875
7.392857142857143 1.873875
7.428571428571429 1.873875
7.464285714285714 1.873875
7.5 1.873875
7.535714285714286 1.86675
7.571428571428571 1.8596249999999999
7.607142857142857 1.8703124999999998
7.642857142857143 1.8703124999999998
7.678571428571429 1.8703124999999998
7.714285714285714 1.8703124999999998
7.75 1.873875
7.785714285714286 1.873875
7.821428571428571 1.86675
7.857142857142857 1.8703124999999998
7.892857142857143 1.8703124999999998
7.928571428571429 1.873875
7.964285714285714 1.873875
8.0 1.8774374999999999
8.035714285714286 1.8774374999999999
8.071428571428571 1.873875
8.107142857142858 1.873875
8.142857142857142 1.8774374999999999
8.178571428571429 1.873875
8.214285714285714 1.8774374999999999
8.25 1.8774374999999999
8.285714285714286 1.8809999999999998
8.321428571428571 1.8809999999999998
8.357142857142858 1.8774374999999999
8.392857142857142 1.8845625
8.428571428571429 1.8774374999999999
8.464285714285714 1.8774374999999999
8.5 1.8809999999999998
8.535714285714286 1.8809999999999998
8.571428571428571 1.8809999999999998
8.607142857142858 1.8809999999999998
8.642857142857142 1.8774374999999999
8.678571428571429 1.8809999999999998
8.714285714285714 1.8845625
8.75 1.8881249999999998
8.785714285714286 1.8845625
8.821428571428571 1.8845625
8.857142857142858 1.8916875
8.892857142857142 1.8809999999999998
8.928571428571429 1.8916875
8.964285714285714 1.8916875
9.0 1.8952499999999999
9.035714285714286 1.8988124999999998
9.071428571428571 1.8952499999999999
9.107142857142858 1.8988124999999998
9.142857142857142 1.902375
9.178571428571429 1.8809999999999998
9.214285714285714 1.8952499999999999
9.25 1.8916875
9.285714285714286 1.8916875
9.321428571428571 1.8916875
9.357142857142858 1.8952499999999999
9.392857142857142 1.8952499999999999
9.428571428571429 1.8952499999999999
9.464285714285714 1.8881249999999998
9.5 1.8881249999999998
9.535714285714286 1.8881249999999998
9.571428571428571 1.8881249999999998
9.607142857142858 1.8916875
9.642857142857142 1.8916875
9.678571428571429 1.8952499999999999
9.714285714285714 1.8809999999999998
9.75 1.8845625
9.785714285714286 1.8845625
9.821428571428571 1.8845625
9.857142857142858 1.8881249999999998
9.892857142857142 1.8881249999999998
9.928571428571429 1.8916875
9.964285714285714 1.8952499999999999
10.0 1.873875
10.035714285714286 1.8845625
10.071428571428571 1.8845625
10.107142857142858 1.8881249999999998
10.142857142857142 1.8916875
10.178571428571429 1.8952499999999999
10.214285714285714 1.8952499999999999
10.25 1.8845625
10.285714285714286 1.8845625
10.321428571428571 1.8881249999999998
10.357142857142858 1.8881249999999998
10.392857142857142 1.8881249999999998
10.428571428571429 1.8881249999999998
10.464285714285714 1.8916875
10.5 1.8845625
10.535714285714286 1.8774374999999999
10.571428571428571 1.8845625
10.607142857142858 1.8881249999999998
10.642857142857142 1.8881249999999998
10.678571428571429 1.8916875
10.714285714285714 1.8916875
10.75 1.8988124999999998
10.785714285714286 1.8774374999999999
10.821428571428571 1.8881249999999998
10.857142857142858 1.8845625
10.892857142857142 1.8809999999999998
10.928571428571429 1.8881249999999998
10.964285714285714 1.8881249999999998
11.0 1.8881249999999998
11.035714285714286 1.8952499999999999
11.071428571428571 1.8845625
11.107142857142858 1.8881249999999998
11.142857142857142 1.8881249999999998
11.178571428571429 1.8881249999999998
11.214285714285714 1.8881249999999998
11.25 1.8881249999999998
11.285714285714286 1.8952499999999999
11.321428571428571 1.8845625
11.357142857142858 1.8881249999999998
11.392857142857142 1.8881249999999998
11.428571428571429 1.8881249999999998
11.464285714285714 1.8916875
11.5 1.8916875
11.535714285714286 1.8916875
11.571428571428571 1.8988124999999998
11.607142857142858 1.8809999999999998
11.642857142857142 1.8916875
11.678571428571429 1.8881249999999998
11.714285714285714 1.8916875
11.75 1.8881249999999998
11.785714285714286 1.8881249999999998
11.821428571428571 1.8881249999999998
11.857142857142858 1.8845625
11.892857142857142 1.8809999999999998
11.928571428571429 1.8916875
11.964285714285714 1.8916875
12.0 1.8881249999999998
12.035714285714286 1.8916875
12.071428571428571 1.8916875
12.107142857142858 1.8916875
12.142857142857142 1.8845625
12.178571428571429 1.8916875
12.214285714285714 1.8845625
12.25 1.8881249999999998
12.285714285714286 1.8916875
12.321428571428571 1.8916875
12.357142857142858 1.8916875
12.392857142857142 1.8881249999999998
12.428571428571429 1.8845625
12.464285714285714 1.8916875
12.5 1.8916875
12.535714285714286 1.8916875
12.571428571428571 1.8881249999999998
12.607142857142858 1.8881249999999998
12.642857142857142 1.8952499999999999
12.678571428571429 1.8881249999999998
12.714285714285714 1.8845625
12.75 1.8881249999999998
12.785714285714286 1.8881249999999998
12.821428571428571 1.8881249999999998
12.857142857142858 1.8916875
12.892857142857142 1.8916875
12.928571428571429 1.8881249999999998
12.964285714285714 1.8845625
13.0 1.8881249999999998
13.035714285714286 1.8916875
13.071428571428571 1.8916875
13.107142857142858 1.8881249999999998
13.142857142857142 1.8881249999999998
13.178571428571429 1.8881249999999998
13.214285714285714 1.8845625
13.25 1.8845625
13.285714285714286 1.8916875
13.321428571428571 1.8916875
13.357142857142858 1.8916875
13.392857142857142 1.8916875
13.428571428571429 1.8916875
13.464285714285714 1.8988124999999998
13.5 1.8809999999999998
13.535714285714286 1.8916875
13.571428571428571 1.8952499999999999
13.607142857142858 1.8916875
13.642857142857142 1.8952499999999999
13.678571428571429 1.8952499999999999
13.714285714285714 1.8952499999999999
13.75 1.8881249999999998
13.785714285714286 1.8881249999999998
13.821428571428571 1.8881249999999998
13.857142857142858 1.8881249999999998
13.892857142857142 1.8881249999999998
13.928571428571429 1.8881249999999998
13.964285714285714 1.8881249999999998
14.0 1.8952499999999999
14.035714285714286 1.8809999999999998
14.071428571428571 1.8916875
14.107142857142858 1.8881249999999998
14.142857142857142 1.8881249999999998
14.178571428571429 1.8916875
14.214285714285714 1.8881249999999998
14.25 1.8881249999999998
14.285714285714286 1.8952499999999999
14.321428571428571 1.8809999999999998
14.357142857142858 1.8881249999999998
14.392857142857142 1.8845625
14.428571428571429 1.8881249999999998
14.464285714285714 1.8845625
14.5 1.8845625
14.535714285714286 1.8881249999999998
14.571428571428571 1.8809999999999998
14.607142857142858 1.8845625
14.642857142857142 1.8881249999999998
14.678571428571429 1.8881249999999998
14.714285714285714 1.8881249999999998
14.75 1.8881249999999998
14.785714285714286 1.8881249999999998
14.821428571428571 1.8952499999999999
14.857142857142858 1.8809999999999998
14.892857142857142 1.8845625
14.928571428571429 1.8881249999999998
14.964285714285714 1.8881249999999998
15.0 1.8881249999999998
15.035714285714286 1.8881249999999998
15.071428571428571 1.8916875
15.107142857142858 1.8809999999999998
15.142857142857142 1.8916875
15.178571428571429 1.8845625
15.214285714285714 1.8809999999999998
15.25 1.8845625
15.285714285714286 1.8845625
15.321428571428571 1.8845625
15.357142857142858 1.8845625
15.392857142857142 1.8809999999999998
15.428571428571429 1.8774374999999999
15.464285714285714 1.8845625
15.5 1.8845625
15.535714285714286 1.8845625
15.571428571428571 1.8845625
15.607142857142858 1.8881249999999998
15.642857142857142 1.8845625
15.678571428571429 1.8881249999999998
15.714285714285714 1.8881249999999998
15.75 1.8881249999999998
15.785714285714286 1.8881249999999998
15.821428571428571 1.8881249999999998
15.857142857142858 1.8881249999999998
15.892857142857142 1.8952499999999999
15.928571428571429 1.8774374999999999
15.964285714285714 1.8881249999999998
16.0 1.8845625
16.035714285714285 1.8881249999999998
16.071428571428573 1.8845625
16.107142857142858 1.8845625
16.142857142857142 1.8845625
16.178571428571427 1.8845625
16.214285714285715 1.8809999999999998
16.25 1.8809999999999998
16.285714285714285 1.8809999999999998
16.321428571428573 1.8809999999999998
16.357142857142858 1.8845625
16.392857142857142 1.8845625
16.428571428571427 1.8845625
16.464285714285715 1.8845625
16.5 1.8809999999999998
16.535714285714285 1.8809999999999998
16.571428571428573 1.8845625
16.607142857142858 1.8845625
16.642857142857142 1.8845625
16.678571428571427 1.8845625
16.714285714285715 1.8916875
16.75 1.8774374999999999
16.785714285714285 1.8845625
16.821428571428573 1.8845625
16.857142857142858 1.8881249999999998
16.892857142857142 1.8881249999999998
16.928571428571427 1.8881249999999998
16.964285714285715 1.8881249999999998
17.0 1.8809999999999998
17.035714285714285 1.8774374999999999
17.071428571428573 1.8809999999999998
17.107142857142858 1.8845625
17.142857142857142 1.8845625
17.178571428571427 1.8845625
17.214285714285715 1.8845625
17.25 1.8845625
17.285714285714285 1.8774374999999999
17.321428571428573 1.8845625
17.357142857142858 1.8845625
17.392857142857142 1.8845625
17.428571428571427 1.8845625
17.464285714285715 1.8845625
17.5 1.8916875
17.535714285714285 1.8809999999999998
17.571428571428573 1.8774374999999999
17.607142857142858 1.8809999999999998
17.642857142857142 1.8809999999999998
17.678571428571427 1.8809999999999998
17.714285714285715 1.8774374999999999
17.75 1.8809999999999998
17.785714285714285 1.8845625
17.821428571428573 1.8809999999999998
17.857142857142858 1.8916875
17.892857142857142 1.8845625
17.928571428571427 1.8845625
17.964285714285715 1.8845625
18.0 1.8809999999999998
18.035714285714285 1.8881249999999998
18.071428571428573 1.8845625
18.107142857142858 1.8845625
18.142857142857142 1.8845625
18.178571428571427 1.8845625
18.214285714285715 1.8845625
18.25 1.8881249999999998
18.285714285714285 1.8881249999999998
18.321428571428573 1.8916875
18.357142857142858 1.8809999999999998
18.392857142857142 1.8881249999999998
18.428571428571427 1.8845625
18.464285714285715 1.8845625
18.5 1.8845625
18.535714285714285 1.8809999999999998
18.571428571428573 1.8809999999999998
18.607142857142858 1.8809999999999998
18.642857142857142 1.873875
18.678571428571427 1.8881249999999998
18.714285714285715 1.8845625
18.75 1.8845625
18.785714285714285 1.8845625
18.821428571428573 1.8809999999999998
18.857142857142858 1.8845625
18.892857142857142 1.8774374999999999
18.928571428571427 1.8845625
18.964285714285715 1.8809999999999998
19.0 1.8845625
19.035714285714285 1.8809999999999998
19.071428571428573 1.8809999999999998
19.107142857142858 1.8809999999999998
19.142857142857142 1.8845625
19.178571428571427 1.8774374999999999
19.214285714285715 1.8845625
19.25 1.8845625
19.285714285714285 1.8809999999999998
19.321428571428573 1.8809999999999998
19.357142857142858 1.8809999999999998
19.392857142857142 1.8809999999999998
19.428571428571427 1.8774374999999999
19.464285714285715 1.8774374999999999
19.5 1.8774374999999999
19.535714285714285 1.8774374999999999
19.571428571428573 1.8809999999999998
19.607142857142858 1.8809999999999998
19.642857142857142 1.8809999999999998
19.678571428571427 1.8809999999999998
19.714285714285715 1.8774374999999999
19.75 1.8845625
19.785714285714285 1.8881249999999998
19.821428571428573 1.8845625
19.857142857142858 1.8845625
19.892857142857142 1.8845625
19.928571428571427 1.8845625
19.964285714285715 1.8809999999999998
20.0 1.8881249999999998
20.035714285714285 1.8916875
20.071428571428573 1.8916875
20.107142857142858 1.8952499999999999
20.142857142857142 1.8952499999999999
20.178571428571427 1.8988124999999998
20.214285714285715 1.8988124999999998
20.25 1.8881249999999998
20.285714285714285 1.8881249999999998
20.321428571428573 1.8916875
20.357142857142858 1.8952499999999999
20.392857142857142 1.8952499999999999
20.428571428571427 1.8988124999999998
20.464285714285715 1.8988124999999998
20.5 1.8988124999999998
20.535714285714285 1.8881249999999998
20.571428571428573 1.8916875
20.607142857142858 1.8952499999999999
20.642857142857142 1.8952499999999999
20.678571428571427 1.8988124999999998
20.714285714285715 1.8988124999999998
20.75 1.902375
20.785714285714285 1.8916875
20.821428571428573 1.8881249999999998
20.857142857142858 1.8952499999999999
20.892857142857142 1.8916875
20.928571428571427 1.8952499999999999
20.964285714285715 1.8952499999999999
21.0 1.8952499999999999
21.035714285714285 1.902375
21.071428571428573 1.8845625
21.107142857142858 1.8916875
21.142857142857142 1.8916875
21.178571428571427 1.8916875
21.214285714285715 1.8952499999999999
21.25 1.8952499999999999
21.285714285714285 1.8988124999999998
21.321428571428573 1.8988124999999998
21.357142857142858 1.8881249999999998
21.392857142857142 1.8916875
21.428571428571427 1.8916875
21.464285714285715 1.8952499999999999
21.5 1.8988124999999998
21.535714285714285 1.8988124999999998
21.571428571428573 1.902375
21.607142857142858 1.8845625
21.642857142857142 1.8916875
21.678571428571427 1.8916875
21.714285714285715 1.8952499999999999
21.75 1.8952499999999999
21.785714285714285 1.8988124999999998
21.821428571428573 1.8988124999999998
21.857142857142858 1.8916875
21.892857142857142 1.8845625
21.928571428571427 1.8952499999999999
21.964285714285715 1.8952499999999999
22.0 1.8988124999999998
22.035714285714285 1.8988124999999998
22.071428571428573 1.8988124999999998
22.107142857142858 1.902375
22.142857142857142 1.8916875
22.178571428571427 1.8952499999999999
22.214285714285715 1.8988124999999998
22.25 1.8988124999999998
22.285714285714285 1.8988124999999998
22.321428571428573 1.902375
22.357142857142858 1.902375
22.392857142857142 1.8988124999999998
22.428571428571427 1.8952499999999999
22.464285714285715 1.8988124999999998
22.5 1.9059374999999998
22.535714285714285 1.9095
22.571428571428573 1.9095
22.607142857142858 1.9095
22.642857142857142 1.9166249999999998
22.678571428571427 1.902375
22.714285714285715 1.9059374999999998
22.75 1.9095
22.785714285714285 1.9095
22.821428571428573 1.9095
22.857142857142858 1.9166249999999998
22.892857142857142 1.9166249999999998
22.928571428571427 1.9166249999999998
22.964285714285715 1.9059374999999998
23.0 1.9059374999999998
23.035714285714285 1.9095
23.071428571428573 1.9095
23.107142857142858 1.9130624999999999
23.142857142857142 1.9130624999999999
23.178571428571427 1.9166249999999998
23.214285714285715 1.9095
23.25 1.902375
23.285714285714285 1.9059374999999998
23.321428571428573 1.9059374999999998
23.357142857142858 1.9059374999999998
23.392857142857142 1.9059374999999998
23.428571428571427 1.9059374999999998
23.464285714285715 1.9130624999999999
23.5 1.8916875
23.535714285714285 1.8988124999999998
23.571428571428573 1.902375
23.607142857142858 1.902375
23.642857142857142 1.902375
23.678571428571427 1.902375
23.714285714285715 1.902375
23.75 1.8916875
23.785714285714285 1.8809999999999998
23.821428571428573 1.8988124999999998
23.857142857142858 1.902375
23.892857142857142 1.9059374999999998
23.928571428571427 1.9059374999999998
23.964285714285715 1.9059374999999998
24.0 1.9095
24.035714285714285 1.8952499999999999
24.071428571428573 1.8988124999999998
24.107142857142858 1.9059374999999998
24.142857142857142 1.9059374999999998
24.178571428571427 1.9059374999999998
24.214285714285715 1.9059374999999998
24.25 1.9059374999999998
24.285714285714285 1.902375
24.321428571428573 1.8952499999999999
24.357142857142858 1.9059374999999998
24.392857142857142 1.9095
24.428571428571427 1.9095
24.464285714285715 1.9130624999999999
24.5 1.9166249999999998
24.535714285714285 1.9166249999999998
24.571428571428573 1.9059374999999998
24.607142857142858 1.9095
24.642857142857142 1.9095
24.678571428571427 1.9095
24.714285714285715 1.9130624999999999
24.75 1.9130624999999999
24.785714285714285 1.9130624999999999
24.821428571428573 1.9130624999999999
24.857142857142858 1.902375
24.892857142857142 1.9059374999999998
24.928571428571427 1.9059374999999998
24.964285714285715 1.9095
25.0 1.9095
25.035714285714285 1.9095
25.071428571428573 1.9095
25.107142857142858 1.8988124999999998
25.142857142857142 1.902375
25.178571428571427 1.9095
25.214285714285715 1.9095
25.25 1.9130624999999999
25.285714285714285 1.9130624999999999
25.321428571428573 1.9130624999999999
25.357142857142858 1.9166249999999998
25.392857142857142 1.8988124999999998
25.428571428571427 1.9095
25.464285714285715 1.9095
25.5 1.9166249999999998
25.535714285714285 1.9166249999999998
25.571428571428573 1.9166249999999998
25.607142857142858 1.9201875
25.642857142857142 1.9166249999999998
25.678571428571427 1.9059374999999998
25.714285714285715 1.9095
25.75 1.9130624999999999
25.785714285714285 1.9130624999999999
25.821428571428573 1.9166249999999998
25.857142857142858 1.9166249999999998
25.892857142857142 1.9201875
25.928571428571427 1.9059374999999998
25.964285714285715 1.9059374999999998
26.0 1.9095
26.035714285714285 1.9095
26.071428571428573 1.9130624999999999
26.107142857142858 1.9130624999999999
26.142857142857142 1.9130624999999999
26.178571428571427 1.9059374999999998
26.214285714285715 1.8988124999999998
26.25 1.9095
26.285714285714285 1.9130624999999999
26.321428571428573 1.9130624999999999
26.357142857142858 1.9166249999999998
26.392857142857142 1.9166249999999998
26.428571428571427 1.9201875
26.464285714285715 1.9095
26.5 1.9095
26.535714285714285 1.9130624999999999
26.571428571428573 1.9130624999999999
26.607142857142858 1.9166249999999998
26.642857142857142 1.9166249999999998
26.678571428571427 1.9166249999999998
26.714285714285715 1.9201875
26.75 1.902375
26.785714285714285 1.9059374999999998
26.821428571428573 1.9059374999999998
26.857142857142858 1.9059374999999998
26.892857142857142 1.9095
26.928571428571427 1.9095
26.964285714285715 1.9095
27.0 1.8988124999999998
27.035714285714285 1.902375
27.071428571428573 1.9059374999999998
27.107142857142858 1.9095
27.142857142857142 1.9095
27.178571428571427 1.9095
27.214285714285715 1.9095
27.25 1.9095
27.285714285714285 1.8988124999999998
27.321428571428573 1.8952499999999999
27.357142857142858 1.902375
27.392857142857142 1.9059374999999998
27.428571428571427 1.9059374999999998
27.464285714285715 1.9095
27.5 1.9130624999999999
27.535714285714285 1.902375
27.571428571428573 1.8952499999999999
27.607142857142858 1.9059374999999998
27.642857142857142 1.9059374999999998
27.678571428571427 1.9095
27.714285714285715 1.9130624999999999
27.75 1.9130624999999999
27.785714285714285 1.9130624999999999
27.821428571428573 1.902375
27.857142857142858 1.9059374999999998
27.892857142857142 1.9095
27.928571428571427 1.9095
27.964285714285715 1.9095
28.0 1.9166249999999998
28.035714285714285 1.9166249999999998
28.071428571428573 1.9130624999999999
28.107142857142858 1.8952499999999999
28.142857142857142 1.902375
28.178571428571427 1.902375
28.214285714285715 1.902375
28.25 1.9059374999999998
28.285714285714285 1.9059374999999998
28.321428571428573 1.9095
28.357142857142858 1.8916875
28.392857142857142 1.8988124999999998
28.428571428571427 1.9059374999999998
28.464285714285715 1.9059374999999998
28.5 1.9095
28.535714285714285 1.9095
28.571428571428573 1.9130624999999999
28.607142857142858 1.902375
28.642857142857142 1.8952499999999999
28.678571428571427 1.902375
28.714285714285715 1.9059374999999998
28.75 1.9095
28.785714285714285 1.9095
28.821428571428573 1.9095
28.857142857142858 1.9130624999999999
28.892857142857142 1.8988124999999998
28.928571428571427 1.8952499999999999
28.964285714285715 1.902375
29.0 1.9059374999999998
29.035714285714285 1.9059374999999998
29.071428571428573 1.9059374999999998
29.107142857142858 1.9095
29.142857142857142 1.902375
29.178571428571427 1.8988124999999998
29.214285714285715 1.902375
29.25 1.9059374999999998
29.285714285714285 1.9059374999999998
29.321428571428573 1.9059374999999998
29.357142857142858 1.9095
29.392857142857142 1.9130624999999999
29.428571428571427 1.9059374999999998
29.464285714285715 1.8988124999999998
29.5 1.9059374999999998
29.535714285714285 1.9059374999999998
29.571428571428573 1.9059374999999998
29.607142857142858 1.9095
29.642857142857142 1.9095
29.678571428571427 1.9130624999999999
29.714285714285715 1.902375
29.75 1.902375
29.785714285714285 1.902375
29.821428571428573 1.902375
29.857142857142858 1.9059374999999998
29.892857142857142 1.9059374999999998
29.928571428571427 1.9095
29.964285714285715 1.9059374999999998
30.0 1.902375
30.035714285714285 1.9059374999999998
30.071428571428573 1.9166249999999998
30.107142857142858 1.9201875
30.142857142857142 1.9201875
30.178571428571427 1.9201875
30.214285714285715 1.9273124999999998
30.25 1.9130624999999999
30.285714285714285 1.9166249999999998
30.321428571428573 1.9201875
30.357142857142858 1.9237499999999998
30.392857142857142 1.9237499999999998
30.428571428571427 1.9237499999999998
30.464285714285715 1.9273124999999998
30.5 1.9201875
30.535714285714285 1.9130624999999999
30.571428571428573 1.9166249999999998
30.607142857142858 1.9201875
30.642857142857142 1.9237499999999998
30.678571428571427 1.9237499999999998
30.714285714285715 1.9237499999999998
30.75 1.9273124999999998
30.785714285714285 1.9166249999999998
30.821428571428573 1.9130624999999999
30.857142857142858 1.9166249999999998
30.892857142857142 1.9201875
30.928571428571427 1.9237499999999998
30.964285714285715 1.9237499999999998
31.0 1.9237499999999998
31.035714285714285 1.9166249999999998
31.071428571428573 1.9130624999999999
31.107142857142858 1.9166249999999998
31.142857142857142 1.9166249999999998
31.178571428571427 1.9201875
31.214285714285715 1.9201875
31.25 1.9237499999999998
31.285714285714285 1.9237499999999998
31.321428571428573 1.9201875
31.357142857142858 1.9201875
31.392857142857142 1.9201875
31.428571428571427 1.9201875
31.464285714285715 1.9237499999999998
31.5 1.9237499999999998
31.535714285714285 1.9237499999999998
31.571428571428573 1.9273124999999998
31.607142857142858 1.9166249999999998
31.642857142857142 1.9201875
31.678571428571427 1.9237499999999998
31.714285714285715 1.9237499999999998
31.75 1.9273124999999998
31.785714285714285 1.930875
31.821428571428573 1.930875
31.857142857142858 1.9237499999999998
31.892857142857142 1.9201875
31.928571428571427 1.9237499999999998
31.964285714285715 1.9237499999999998
32.0 1.930875
32.035714285714285 1.930875
32.07142857142857 1.930875
32.107142857142854 1.9344374999999998
32.142857142857146 1.9273124999999998
32.17857142857143 1.9273124999999998
32.214285714285715 1.9237499999999998
32.25 1.9273124999999998
32.285714285714285 1.930875
32.32142857142857 1.930875
32.357142857142854 1.9344374999999998
32.392857142857146 1.930875
32.42857142857143 1.9237499999999998
32.464285714285715 1.9201875
32.5 1.9273124999999998
32.535714285714285 1.9273124999999998
32.57142857142857 1.930875
32.607142857142854 1.930875
32.642857142857146 1.9344374999999998
32.67857142857143 1.9273124999999998
32.714285714285715 1.9237499999999998
32.75 1.9237499999999998
32.785714285714285 1.9237499999999998
32.82142857142857 1.930875
32.857142857142854 1.930875
32.892857142857146 1.930875
32.92857142857143 1.9344374999999998
32.964285714285715 1.9201875
33.0 1.9237499999999998
33.035714285714285 1.9273124999999998
33.07142857142857 1.9273124999999998
33.107142857142854 1.930875
33.142857142857146 1.930875
33.17857142857143 1.930875
33.214285714285715 1.930875
33.25 1.9237499999999998
33.285714285714285 1.9237499999999998
33.32142857142857 1.9273124999999998
33.357142857142854 1.930875
33.392857142857146 1.930875
33.42857142857143 1.930875
33.464285714285715 1.9344374999999998
33.5 1.9237499999999998
33.535714285714285 1.9237499999999998
33.57142857142857 1.9273124999999998
33.607142857142854 1.930875
33.642857142857146 1.930875
33.67857142857143 1.930875
33.714285714285715 1.930875
33.75 1.9273124999999998
33.785714285714285 1.9201875
33.82142857142857 1.9237499999999998
33.857142857142854 1.9273124999999998
33.892857142857146 1.9273124999999998
33.92857142857143 1.9273124999999998
33.964285714285715 1.9273124999999998
34.0 1.9273124999999998
34.035714285714285 1.9237499999999998
34.07142857142857 1.9201875
34.107142857142854 1.9273124999999998
34.142857142857146 1.9273124999999998
34.17857142857143 1.9273124999999998
34.214285714285715 1.930875
34.25 1.930875
34.285714285714285 1.9273124999999998
34.32142857142857 1.9237499999999998
34.357142857142854 1.9237499999999998
34.392857142857146 1.9273124999999998
34.42857142857143 1.9273124999999998
34.464285714285715 1.9273124999999998
34.5 1.9273124999999998
34.535714285714285 1.9344374999999998
34.57142857142857 1.9273124999999998
34.607142857142854 1.930875
34.642857142857146 1.9273124999999998
34.67857142857143 1.930875
34.714285714285715 1.930875
34.75 1.9273124999999998
34.785714285714285 1.930875
34.82142857142857 1.9344374999999998
34.857142857142854 1.9273124999999998
34.892857142857146 1.9273124999999998
34.92857142857143 1.9344374999999998
34.964285714285715 1.930875
35.0 1.9344374999999998
35.035714285714285 1.9344374999999998
35.07142857142857 1.938
35.107142857142854 1.9273124999999998
35.142857142857146 1.9273124999999998
35.17857142857143 1.930875
35.214285714285715 1.930875
35.25 1.930875
35.285714285714285 1.930875
35.32142857142857 1.930875
35.357142857142854 1.930875
35.392857142857146 1.9237499999999998
35.42857142857143 1.930875
35.464285714285715 1.930875
35.5 1.9344374999999998
35.535714285714285 1.9344374999999998
35.57142857142857 1.9344374999999998
35.607142857142854 1.9344374999999998
35.642857142857146 1.9344374999999998
35.67857142857143 1.9273124999999998
35.714285714285715 1.930875
35.75 1.9344374999999998
35.785714285714285 1.9344374999999998
35.82142857142857 1.9344374999999998
35.857142857142854 1.9344374999999998
35.892857142857146 1.9344374999999998
35.92857142857143 1.930875
35.964285714285715 1.930875
36.0 1.9344374999999998
36.035714285714285 1.9344374999999998
36.07142857142857 1.9344374999999998
36.107142857142854 1.938
36.142857142857146 1.938
36.17857142857143 1.9344374999999998
36.214285714285715 1.930875
36.25 1.9344374999999998
36.285714285714285 1.938
36.32142857142857 1.938
36.357142857142854 1.938
36.392857142857146 1.938
36.42857142857143 1.938
36.464285714285715 1.938
36.5 1.938
36.535714285714285 1.938
36.57142857142857 1.938
36.607142857142854 1.9415624999999999
36.642857142857146 1.9415624999999999
36.67857142857143 1.9415624999999999
36.714285714285715 1.9415624999999999
36.75 1.9344374999999998
36.785714285714285 1.938
36.82142857142857 1.938
36.857142857142854 1.938
36.892857142857146 1.9415624999999999
36.92857142857143 1.9415624999999999
36.964285714285715 1.9415624999999999
37.0 1.938
37.035714285714285 1.938
37.07142857142857 1.938
37.107142857142854 1.9415624999999999
37.142857142857146 1.9415624999999999
37.17857142857143 1.9415624999999999
37.214285714285715 1.9415624999999999
37.25 1.9451249999999998
37.285714285714285 1.9344374999999998
37.32142857142857 1.9415624999999999
37.357142857142854 1.9415624999999999
37.392857142857146 1.9415624999999999
37.42857142857143 1.9451249999999998
37.464285714285715 1.9451249999999998
37.5 1.9486875
37.535714285714285 1.9451249999999998
37.57142857142857 1.938
37.607142857142854 1.9415624999999999
37.642857142857146 1.9415624999999999
37.67857142857143 1.9415624999999999
37.714285714285715 1.9415624999999999
37.75 1.9451249999999998
37.785714285714285 1.9451249999999998
37.82142857142857 1.938
37.857142857142854 1.938
37.892857142857146 1.938
37.92857142857143 1.9415624999999999
37.964285714285715 1.9415624999999999
38.0 1.9415624999999999
38.035714285714285 1.9415624999999999
38.07142857142857 1.9486875
38.107142857142854 1.9344374999999998
38.142857142857146 1.9415624999999999
38.17857142857143 1.9415624999999999
38.214285714285715 1.9415624999999999
38.25 1.9415624999999999
38.285714285714285 1.9415624999999999
38.32142857142857 1.9451249999999998
38.357142857142854 1.9415624999999999
38.392857142857146 1.9415624999999999
38.42857142857143 1.9451249999999998
38.464285714285715 1.9415624999999999
38.5 1.9415624999999999
38.535714285714285 1.9415624999999999
38.57142857142857 1.9415624999999999
38.607142857142854 1.9415624999999999
38.642857142857146 1.938
38.67857142857143 1.9415624999999999
38.714285714285715 1.9451249999999998
38.75 1.9451249999999998
38.785714285714285 1.9451249999999998
38.82142857142857 1.9451249999999998
38.857142857142854 1.9486875
38.892857142857146 1.9415624999999999
38.92857142857143 1.9451249999999998
38.964285714285715 1.9415624999999999
39.0 1.9415624999999999
39.035714285714285 1.9451249999999998
39.07142857142857 1.9451249999999998
39.107142857142854 1.9451249999999998
39.142857142857146 1.9486875
39.17857142857143 1.9415624999999999
39.214285714285715 1.9415624999999999
39.25 1.9451249999999998
39.285714285714285 1.9451249999999998
39.32142857142857 1.9415624999999999
39.357142857142854 1.9415624999999999
39.392857142857146 1.9486875
39.42857142857143 1.9415624999999999
39.464285714285715 1.9415624999999999
39.5 1.9415624999999999
39.535714285714285 1.9415624999999999
39.57142857142857 1.9415624999999999
39.607142857142854 1.9415624999999999
39.642857142857146 1.9415624999999999
39.67857142857143 1.9486875
39.714285714285715 1.9415624999999999
39.75 1.9451249999999998
39.785714285714285 1.9451249999999998
39.82142857142857 1.9451249999999998
39.857142857142854 1.9415624999999999
39.892857142857146 1.9451249999999998
39.92857142857143 1.9451249999999998
