0.03571428571428571 2.0199374999999997
0.07142857142857142 2.0199374999999997
0.10714285714285714 2.0199374999999997
0.14285714285714285 2.0199374999999997
0.17857142857142858 2.0199374999999997
0.21428571428571427 2.0199374999999997
0.25 2.0199374999999997
0.2857142857142857 2.0199374999999997
0.32142857142857145 2.0199374999999997
0.35714285714285715 2.0199374999999997
0.6428571428571429 1.9700624999999998
0.6785714285714286 2.059125
0.7142857142857143 2.0840625
0.75 2.0805
0.7857142857142857 2.0805
0.8214285714285714 2.0805
0.8571428571428571 2.0805
0.8928571428571429 2.0805
0.9285714285714286 2.0805
0.9642857142857143 2.0805
1.0 2.0805
1.0357142857142858 2.0805
1.0714285714285714 2.0805
1.1071428571428572 2.0805
1.1428571428571428 2.0805
1.1785714285714286 2.0805
1.2142857142857142 2.0805
1.25 2.0805
1.2857142857142858 2.0805
1.3214285714285714 2.0805
1.3571428571428572 2.0805
1.3928571428571428 2.0805
1.4285714285714286 2.0805
1.4642857142857142 2.0805
1.5 2.0805
1.5357142857142858 2.0805
1.5714285714285714 2.0805
1.6071428571428572 2.0805
1.6428571428571428 2.0805
1.9285714285714286 2.0448749999999998
1.9642857142857142 2.15175
2.0 2.15175
2.0357142857142856 2.1481874999999997
2.0714285714285716 2.1481874999999997
2.107142857142857 2.1481874999999997
2.142857142857143 2.1481874999999997
2.1785714285714284 2.1481874999999997
2.2142857142857144 2.1481874999999997
2.25 2.144625
2.2857142857142856 2.1481874999999997
2.3214285714285716 2.144625
2.357142857142857 2.144625
2.392857142857143 2.144625
2.4285714285714284 2.144625
2.4642857142857144 2.144625
2.5 2.144625
2.5357142857142856 2.144625
2.5714285714285716 2.144625
2.607142857142857 2.144625
2.642857142857143 2.144625
2.6785714285714284 2.144625
2.7142857142857144 2.144625
2.75 2.144625
2.7857142857142856 2.144625
2.8214285714285716 2.144625
2.857142857142857 2.1410625
2.892857142857143 2.1410625
3.2142857142857144 2.2087499999999998
3.25 2.2194374999999997
3.2857142857142856 2.215875
3.3214285714285716 2.215875
3.357142857142857 2.215875
3.392857142857143 2.2194374999999997
3.4285714285714284 2.2194374999999997
3.4642857142857144 2.2194374999999997
3.5 2.2194374999999997
3.5357142857142856 2.2194374999999997
3.5714285714285716 2.223
3.607142857142857 2.223
3.642857142857143 2.223
3.6785714285714284 2.223
3.7142857142857144 2.223
3.75 2.223
3.7857142857142856 2.223
3.8214285714285716 2.223
3.857142857142857 2.223
3.892857142857143 2.223
3.9285714285714284 2.223
3.9642857142857144 2.223
4.0 2.223
4.035714285714286 2.223
4.071428571428571 2.223
4.107142857142857 2.223
4.142857142857143 2.223
4.178571428571429 2.223
4.5 2.315625
4.535714285714286 2.3085
4.571428571428571 2.3085
4.607142857142857 2.3049375
4.642857142857143 2.3049375
4.678571428571429 2.3049375
4.714285714285714 2.3049375
4.75 2.3049375
4.785714285714286 2.3049375
4.821428571428571 2.3049375
4.857142857142857 2.3049375
4.892857142857143 2.3049375
4.928571428571429 2.3049375
4.964285714285714 2.3085
5.0 2.3085
5.035714285714286 2.3085
5.071428571428571 2.3049375
5.107142857142857 2.3085
5.142857142857143 2.3085
5.178571428571429 2.3085
5.214285714285714 2.3049375
5.25 2.3085
5.285714285714286 2.3085
5.321428571428571 2.3049375
5.357142857142857 2.3085
5.392857142857143 2.3085
5.428571428571429 2.3049375
5.75 2.3227499999999996
5.785714285714286 2.386875
5.821428571428571 2.3833124999999997
5.857142857142857 2.3761875
5.892857142857143 2.3761875
5.928571428571429 2.3726249999999998
5.964285714285714 2.3726249999999998
6.0 2.3690624999999996
6.035714285714286 2.3690624999999996
6.071428571428571 2.3690624999999996
6.107142857142857 2.3690624999999996
6.142857142857143 2.3690624999999996
6.178571428571429 2.3690624999999996
6.214285714285714 2.3690624999999996
6.25 2.3690624999999996
6.285714285714286 2.3690624999999996
6.321428571428571 2.3690624999999996
6.357142857142857 2.3690624999999996
6.392857142857143 2.3690624999999996
6.428571428571429 2.3690624999999996
6.464285714285714 2.3690624999999996
6.5 2.3690624999999996
6.535714285714286 2.3690624999999996
6.571428571428571 2.3690624999999996
6.607142857142857 2.3690624999999996
6.642857142857143 2.3690624999999996
6.678571428571429 2.3690624999999996
6.714285714285714 2.3690624999999996
7.035714285714286 2.443875
7.071428571428571 2.43675
7.107142857142857 2.4260625
7.142857142857143 2.4225
7.178571428571429 2.4225
7.214285714285714 2.4225
7.25 2.4225
7.285714285714286 2.4225
7.321428571428571 2.4189374999999997
7.357142857142857 2.4189374999999997
7.392857142857143 2.4225
7.428571428571429 2.4225
7.464285714285714 2.4225
7.5 2.4189374999999997
7.535714285714286 2.4225
7.571428571428571 2.4225
7.607142857142857 2.4225
7.642857142857143 2.4225
7.678571428571429 2.4225
7.714285714285714 2.4225
7.75 2.4225
7.785714285714286 2.4225
7.821428571428571 2.4225
7.857142857142857 2.4225
7.892857142857143 2.4189374999999997
7.928571428571429 2.4225
7.964285714285714 2.4225
8.285714285714286 2.49375
8.321428571428571 2.4901874999999998
8.357142857142858 2.4759374999999997
8.392857142857142 2.4759374999999997
8.428571428571429 2.4759374999999997
8.464285714285714 2.472375
8.5 2.472375
8.535714285714286 2.472375
8.571428571428571 2.472375
8.607142857142858 2.472375
8.642857142857142 2.472375
8.678571428571429 2.472375
8.714285714285714 2.4688125
8.75 2.4688125
8.785714285714286 2.4688125
8.821428571428571 2.4688125
8.857142857142858 2.4688125
8.892857142857142 2.4688125
8.928571428571429 2.4688125
8.964285714285714 2.4688125
9.0 2.4688125
9.035714285714286 2.4688125
9.071428571428571 2.4688125
9.107142857142858 2.4688125
9.142857142857142 2.4688125
9.178571428571429 2.4652499999999997
9.214285714285714 2.4652499999999997
9.25 2.4688125
9.535714285714286 2.4545624999999998
9.571428571428571 2.5329374999999996
9.607142857142858 2.5222499999999997
9.642857142857142 2.5186875
9.678571428571429 2.5222499999999997
9.714285714285714 2.5186875
9.75 2.5186875
9.785714285714286 2.5186875
9.821428571428571 2.5186875
9.857142857142858 2.5186875
9.892857142857142 2.5186875
9.928571428571429 2.515125
9.964285714285714 2.515125
10.0 2.515125
10.035714285714286 2.5115624999999997
10.071428571428571 2.515125
10.107142857142858 2.515125
10.142857142857142 2.515125
10.178571428571429 2.515125
10.214285714285714 2.515125
10.25 2.515125
10.285714285714286 2.5115624999999997
10.321428571428571 2.5115624999999997
10.357142857142858 2.5115624999999997
10.392857142857142 2.515125
10.428571428571429 2.515125
10.464285714285714 2.5115624999999997
10.5 2.5115624999999997
10.785714285714286 2.4545624999999998
10.821428571428571 2.565
10.857142857142858 2.5543125
10.892857142857142 2.55075
10.928571428571429 2.5471874999999997
10.964285714285714 2.5471874999999997
11.0 2.5471874999999997
11.035714285714286 2.543625
11.071428571428571 2.543625
11.107142857142858 2.543625
11.142857142857142 2.543625
11.178571428571429 2.543625
11.214285714285714 2.543625
11.25 2.543625
11.285714285714286 2.5400625
11.321428571428571 2.5400625
11.357142857142858 2.5400625
11.392857142857142 2.543625
11.428571428571429 2.5400625
11.464285714285714 2.543625
11.5 2.543625
11.535714285714286 2.543625
11.571428571428571 2.5400625
11.607142857142858 2.5400625
11.642857142857142 2.5400625
11.678571428571429 2.5400625
11.714285714285714 2.5400625
11.75 2.543625
12.071428571428571 2.6041874999999997
12.107142857142858 2.5934999999999997
12.142857142857142 2.586375
12.178571428571429 2.586375
12.214285714285714 2.5828124999999997
12.25 2.586375
12.285714285714286 2.586375
12.321428571428571 2.586375
12.357142857142858 2.586375
12.392857142857142 2.5828124999999997
12.428571428571429 2.5828124999999997
12.464285714285714 2.5828124999999997
12.5 2.5828124999999997
12.535714285714286 2.5828124999999997
12.571428571428571 2.5828124999999997
12.607142857142858 2.5828124999999997
12.642857142857142 2.5828124999999997
12.678571428571429 2.5828124999999997
12.714285714285714 2.5828124999999997
12.75 2.5828124999999997
12.785714285714286 2.5828124999999997
12.821428571428571 2.5828124999999997
12.857142857142858 2.5828124999999997
12.892857142857142 2.5828124999999997
12.928571428571429 2.5828124999999997
12.964285714285714 2.5828124999999997
13.0 2.5828124999999997
13.321428571428571 2.6398124999999997
13.357142857142858 2.6398124999999997
13.392857142857142 2.6291249999999997
13.428571428571429 2.6291249999999997
13.464285714285714 2.6255625
13.5 2.6255625
13.535714285714286 2.6255625
13.571428571428571 2.6255625
13.607142857142858 2.6255625
13.642857142857142 2.6255625
13.678571428571429 2.6255625
13.714285714285714 2.6255625
13.75 2.6255625
13.785714285714286 2.6255625
13.821428571428571 2.6255625
13.857142857142858 2.6255625
13.892857142857142 2.6255625
13.928571428571429 2.622
13.964285714285714 2.6255625
14.0 2.622
14.035714285714286 2.622
14.071428571428571 2.622
14.107142857142858 2.622
14.142857142857142 2.622
14.178571428571429 2.622
14.214285714285714 2.6255625
14.25 2.622
14.285714285714286 2.622
14.571428571428571 2.6041874999999997
14.607142857142858 2.6754374999999997
14.642857142857142 2.6647499999999997
14.678571428571429 2.6611874999999996
14.714285714285714 2.6611874999999996
14.75 2.6611874999999996
14.785714285714286 2.6611874999999996
14.821428571428571 2.6611874999999996
14.857142857142858 2.6611874999999996
14.892857142857142 2.657625
14.928571428571429 2.657625
14.964285714285714 2.657625
15.0 2.657625
15.035714285714286 2.657625
15.071428571428571 2.657625
15.107142857142858 2.657625
15.142857142857142 2.657625
15.178571428571429 2.657625
15.214285714285714 2.657625
15.25 2.657625
15.285714285714286 2.657625
15.321428571428571 2.657625
15.357142857142858 2.657625
15.392857142857142 2.657625
15.428571428571429 2.657625
15.464285714285714 2.657625
15.5 2.657625
15.535714285714286 2.657625
15.821428571428571 2.5899375
15.857142857142858 2.7181875
15.892857142857142 2.7110624999999997
15.928571428571429 2.7075
15.964285714285714 2.7039375
16.0 2.7039375
16.035714285714285 2.7039375
16.071428571428573 2.7003749999999997
16.107142857142858 2.7003749999999997
16.142857142857142 2.7039375
16.178571428571427 2.7039375
16.214285714285715 2.7039375
16.25 2.7003749999999997
16.285714285714285 2.7003749999999997
16.321428571428573 2.7003749999999997
16.357142857142858 2.7003749999999997
16.392857142857142 2.7003749999999997
16.428571428571427 2.7003749999999997
16.464285714285715 2.7003749999999997
16.5 2.7003749999999997
16.535714285714285 2.7003749999999997
16.571428571428573 2.7003749999999997
16.607142857142858 2.7003749999999997
16.642857142857142 2.7003749999999997
16.678571428571427 2.7003749999999997
16.714285714285715 2.7003749999999997
16.75 2.7003749999999997
16.785714285714285 2.7003749999999997
17.107142857142858 2.7609375
17.142857142857142 2.7538125
17.178571428571427 2.75025
17.214285714285715 2.7431249999999996
17.25 2.7431249999999996
17.285714285714285 2.7431249999999996
17.321428571428573 2.7431249999999996
17.357142857142858 2.7431249999999996
17.392857142857142 2.7466874999999997
17.428571428571427 2.7466874999999997
17.464285714285715 2.7466874999999997
17.5 2.7466874999999997
17.535714285714285 2.7466874999999997
17.571428571428573 2.7466874999999997
17.607142857142858 2.7431249999999996
17.642857142857142 2.7431249999999996
17.678571428571427 2.7431249999999996
17.714285714285715 2.7431249999999996
17.75 2.7431249999999996
17.785714285714285 2.7431249999999996
17.821428571428573 2.7431249999999996
17.857142857142858 2.7431249999999996
17.892857142857142 2.7431249999999996
17.928571428571427 2.7431249999999996
17.964285714285715 2.7466874999999997
18.0 2.7431249999999996
18.035714285714285 2.7466874999999997
18.071428571428573 2.7431249999999996
18.357142857142858 2.7466874999999997
18.392857142857142 2.7894375
18.428571428571427 2.7823124999999997
18.464285714285715 2.7823124999999997
18.5 2.7787499999999996
18.535714285714285 2.7787499999999996
18.571428571428573 2.7787499999999996
18.607142857142858 2.7787499999999996
18.642857142857142 2.7787499999999996
18.678571428571427 2.7787499999999996
18.714285714285715 2.7787499999999996
18.75 2.7787499999999996
18.785714285714285 2.7787499999999996
18.821428571428573 2.7751875
18.857142857142858 2.7751875
18.892857142857142 2.7751875
18.928571428571427 2.7751875
18.964285714285715 2.7751875
19.0 2.7751875
19.035714285714285 2.7751875
19.071428571428573 2.7751875
19.107142857142858 2.7751875
19.142857142857142 2.7751875
19.178571428571427 2.7751875
19.214285714285715 2.7751875
19.25 2.7751875
19.285714285714285 2.7751875
19.321428571428573 2.7751875
19.607142857142858 2.7359999999999998
19.642857142857142 2.8179374999999998
19.678571428571427 2.8108125
19.714285714285715 2.8108125
19.75 2.8108125
19.785714285714285 2.8108125
19.821428571428573 2.8108125
19.857142857142858 2.8108125
19.892857142857142 2.8108125
19.928571428571427 2.80725
19.964285714285715 2.8108125
20.0 2.80725
20.035714285714285 2.80725
20.071428571428573 2.8108125
20.107142857142858 2.80725
20.142857142857142 2.80725
20.178571428571427 2.80725
20.214285714285715 2.80725
20.25 2.80725
20.285714285714285 2.80725
20.321428571428573 2.80725
20.357142857142858 2.80725
20.392857142857142 2.80725
20.428571428571427 2.80725
20.464285714285715 2.80725
20.5 2.80725
20.535714285714285 2.80725
20.571428571428573 2.80725
20.892857142857142 2.8535625
20.928571428571427 2.8464375
20.964285714285715 2.842875
21.0 2.842875
21.035714285714285 2.842875
21.071428571428573 2.842875
21.107142857142858 2.842875
21.142857142857142 2.842875
21.178571428571427 2.842875
21.214285714285715 2.842875
21.25 2.842875
21.285714285714285 2.842875
21.321428571428573 2.842875
21.357142857142858 2.842875
21.392857142857142 2.842875
21.428571428571427 2.842875
21.464285714285715 2.842875
21.5 2.842875
21.535714285714285 2.842875
21.571428571428573 2.842875
21.607142857142858 2.842875
21.642857142857142 2.842875
21.678571428571427 2.842875
21.714285714285715 2.842875
21.75 2.842875
21.785714285714285 2.842875
21.821428571428573 2.842875
22.107142857142858 2.7965625
22.142857142857142 2.8963124999999996
22.178571428571427 2.89275
22.214285714285715 2.8891875
22.25 2.8891875
22.285714285714285 2.8856249999999997
22.321428571428573 2.8856249999999997
22.357142857142858 2.8891875
22.392857142857142 2.8891875
22.428571428571427 2.8891875
22.464285714285715 2.8891875
22.5 2.8891875
22.535714285714285 2.8856249999999997
22.571428571428573 2.8856249999999997
22.607142857142858 2.8856249999999997
22.642857142857142 2.8856249999999997
22.678571428571427 2.8856249999999997
22.714285714285715 2.8856249999999997
22.75 2.8820625
22.785714285714285 2.8856249999999997
22.821428571428573 2.8856249999999997
22.857142857142858 2.8820625
22.892857142857142 2.8856249999999997
22.928571428571427 2.8820625
22.964285714285715 2.8820625
23.0 2.8856249999999997
23.035714285714285 2.8820625
23.071428571428573 2.8820625
23.107142857142858 2.8820625
23.392857142857142 2.9248125
23.428571428571427 2.9212499999999997
23.464285714285715 2.9176875
23.5 2.9105624999999997
23.535714285714285 2.914125
23.571428571428573 2.914125
23.607142857142858 2.914125
23.642857142857142 2.914125
23.678571428571427 2.9105624999999997
23.714285714285715 2.9105624999999997
23.75 2.9105624999999997
23.785714285714285 2.9105624999999997
23.821428571428573 2.9105624999999997
23.857142857142858 2.9105624999999997
23.892857142857142 2.9105624999999997
23.928571428571427 2.9105624999999997
23.964285714285715 2.9105624999999997
24.0 2.9105624999999997
24.035714285714285 2.9105624999999997
24.071428571428573 2.9105624999999997
24.107142857142858 2.9105624999999997
24.142857142857142 2.9105624999999997
24.178571428571427 2.9105624999999997
24.214285714285715 2.9105624999999997
24.25 2.9105624999999997
24.285714285714285 2.9105624999999997
24.321428571428573 2.9105624999999997
24.357142857142858 2.9105624999999997
24.642857142857142 2.871375
24.678571428571427 2.9390625
24.714285714285715 2.9354999999999998
24.75 2.9319374999999996
24.785714285714285 2.928375
24.821428571428573 2.928375
24.857142857142858 2.928375
24.892857142857142 2.928375
24.928571428571427 2.928375
24.964285714285715 2.9248125
25.0 2.928375
25.035714285714285 2.9248125
25.071428571428573 2.9248125
25.107142857142858 2.9248125
25.142857142857142 2.9248125
25.178571428571427 2.9212499999999997
25.214285714285715 2.9212499999999997
25.25 2.9248125
25.285714285714285 2.9212499999999997
25.321428571428573 2.9248125
25.357142857142858 2.9248125
25.392857142857142 2.9248125
25.428571428571427 2.9248125
25.464285714285715 2.9248125
25.5 2.9248125
25.535714285714285 2.9248125
25.571428571428573 2.9248125
25.607142857142858 2.9212499999999997
25.892857142857142 2.857125
25.928571428571427 2.9461874999999997
25.964285714285715 2.9426249999999996
26.0 2.9354999999999998
26.035714285714285 2.9354999999999998
26.071428571428573 2.9354999999999998
26.107142857142858 2.9354999999999998
26.142857142857142 2.9354999999999998
26.178571428571427 2.9354999999999998
26.214285714285715 2.9354999999999998
26.25 2.9354999999999998
26.285714285714285 2.9319374999999996
26.321428571428573 2.9319374999999996
26.357142857142858 2.9319374999999996
26.392857142857142 2.9319374999999996
26.428571428571427 2.9319374999999996
26.464285714285715 2.9319374999999996
26.5 2.9319374999999996
26.535714285714285 2.9319374999999996
26.571428571428573 2.9319374999999996
26.607142857142858 2.9319374999999996
26.642857142857142 2.9319374999999996
26.678571428571427 2.9319374999999996
26.714285714285715 2.9319374999999996
26.75 2.9319374999999996
26.785714285714285 2.9319374999999996
26.821428571428573 2.9319374999999996
26.857142857142858 2.9319374999999996
27.142857142857142 2.8535625
27.178571428571427 2.9782499999999996
27.214285714285715 2.9746875
27.25 2.964
27.285714285714285 2.964
27.321428571428573 2.964
27.357142857142858 2.964
27.392857142857142 2.964
27.428571428571427 2.964
27.464285714285715 2.964
27.5 2.964
27.535714285714285 2.964
27.571428571428573 2.964
27.607142857142858 2.964
27.642857142857142 2.964
27.678571428571427 2.964
27.714285714285715 2.9604375
27.75 2.9604375
27.785714285714285 2.9604375
27.821428571428573 2.9604375
27.857142857142858 2.9604375
27.892857142857142 2.9604375
27.928571428571427 2.9604375
27.964285714285715 2.9604375
28.0 2.9604375
28.035714285714285 2.9604375
28.071428571428573 2.9604375
28.107142857142858 2.9604375
28.428571428571427 2.999625
28.464285714285715 2.9960625
28.5 2.9889374999999996
28.535714285714285 2.9889374999999996
28.571428571428573 2.9889374999999996
28.607142857142858 2.9889374999999996
28.642857142857142 2.9889374999999996
28.678571428571427 2.9889374999999996
28.714285714285715 2.9889374999999996
28.75 2.9889374999999996
28.785714285714285 2.9889374999999996
28.821428571428573 2.9889374999999996
28.857142857142858 2.9889374999999996
28.892857142857142 2.9889374999999996
28.928571428571427 2.9889374999999996
28.964285714285715 2.9889374999999996
29.0 2.9889374999999996
29.035714285714285 2.9889374999999996
29.071428571428573 2.9889374999999996
29.107142857142858 2.9889374999999996
29.142857142857142 2.9889374999999996
29.178571428571427 2.9889374999999996
29.214285714285715 2.9889374999999996
29.25 2.9889374999999996
29.285714285714285 2.9889374999999996
29.321428571428573 2.9889374999999996
29.357142857142858 2.9889374999999996
29.678571428571427 3.0281249999999997
29.714285714285715 3.0245624999999996
29.75 3.0174374999999998
29.785714285714285 3.0174374999999998
29.821428571428573 3.0174374999999998
29.857142857142858 3.0174374999999998
29.892857142857142 3.0174374999999998
29.928571428571427 3.0174374999999998
29.964285714285715 3.0174374999999998
30.0 3.0174374999999998
30.035714285714285 3.0174374999999998
30.071428571428573 3.0174374999999998
30.107142857142858 3.0174374999999998
30.142857142857142 3.0174374999999998
30.178571428571427 3.0174374999999998
30.214285714285715 3.0174374999999998
30.25 3.0174374999999998
30.285714285714285 3.0174374999999998
30.321428571428573 3.0174374999999998
30.357142857142858 3.0174374999999998
30.392857142857142 3.0174374999999998
30.428571428571427 3.0174374999999998
30.464285714285715 3.0174374999999998
30.5 3.0174374999999998
30.535714285714285 3.0174374999999998
30.571428571428573 3.0174374999999998
30.607142857142858 3.0174374999999998
30.642857142857142 3.0174374999999998
30.928571428571427 3.0031874999999997
30.964285714285715 3.056625
31.0 3.0494999999999997
31.035714285714285 3.0459375
31.071428571428573 3.0459375
31.107142857142858 3.0459375
31.142857142857142 3.0459375
31.178571428571427 3.0459375
31.214285714285715 3.0459375
31.25 3.0459375
31.285714285714285 3.0459375
31.321428571428573 3.042375
31.357142857142858 3.0459375
31.392857142857142 3.0459375
31.428571428571427 3.0459375
31.464285714285715 3.0459375
31.5 3.0459375
31.535714285714285 3.0459375
31.571428571428573 3.0459375
31.607142857142858 3.0459375
31.642857142857142 3.0459375
31.678571428571427 3.0459375
31.714285714285715 3.0459375
31.75 3.0459375
31.785714285714285 3.0459375
31.821428571428573 3.0459375
31.857142857142858 3.0459375
31.892857142857142 3.0459375
32.17857142857143 2.9818124999999998
32.214285714285715 3.09225
32.25 3.0851249999999997
32.285714285714285 3.0815625
32.32142857142857 3.0815625
32.357142857142854 3.078
32.392857142857146 3.078
32.42857142857143 3.078
32.464285714285715 3.078
32.5 3.078
32.535714285714285 3.078
32.57142857142857 3.078
32.607142857142854 3.078
32.642857142857146 3.078
32.67857142857143 3.078
32.714285714285715 3.078
32.75 3.078
32.785714285714285 3.078
32.82142857142857 3.078
32.857142857142854 3.0744374999999997
32.892857142857146 3.078
32.92857142857143 3.0744374999999997
32.964285714285715 3.0744374999999997
33.0 3.0744374999999997
33.035714285714285 3.078
33.07142857142857 3.078
33.107142857142854 3.0744374999999997
33.142857142857146 3.078
33.464285714285715 3.1100624999999997
33.5 3.1064999999999996
33.535714285714285 3.0993749999999998
33.57142857142857 3.0993749999999998
33.607142857142854 3.0993749999999998
33.642857142857146 3.0958124999999996
33.67857142857143 3.0993749999999998
33.714285714285715 3.0993749999999998
33.75 3.0993749999999998
33.785714285714285 3.0993749999999998
33.82142857142857 3.0958124999999996
33.857142857142854 3.0958124999999996
33.892857142857146 3.0993749999999998
33.92857142857143 3.0958124999999996
33.964285714285715 3.0958124999999996
34.0 3.0958124999999996
34.035714285714285 3.0958124999999996
34.07142857142857 3.0958124999999996
34.107142857142854 3.0958124999999996
34.142857142857146 3.0958124999999996
34.17857142857143 3.0958124999999996
34.214285714285715 3.0993749999999998
34.25 3.0993749999999998
34.285714285714285 3.0958124999999996
34.32142857142857 3.0958124999999996
34.357142857142854 3.0958124999999996
34.392857142857146 3.0958124999999996
34.714285714285715 3.127875
34.75 3.1243125
34.785714285714285 3.1171875
34.82142857142857 3.1171875
34.857142857142854 3.1171875
34.892857142857146 3.1171875
34.92857142857143 3.1171875
34.964285714285715 3.113625
35.0 3.1171875
35.035714285714285 3.113625
35.07142857142857 3.113625
35.107142857142854 3.113625
35.142857142857146 3.113625
35.17857142857143 3.113625
35.214285714285715 3.1100624999999997
35.25 3.113625
35.285714285714285 3.113625
35.32142857142857 3.113625
35.357142857142854 3.113625
35.392857142857146 3.113625
35.42857142857143 3.113625
35.464285714285715 3.113625
35.5 3.113625
35.535714285714285 3.113625
35.57142857142857 3.113625
35.607142857142854 3.113625
35.642857142857146 3.113625
35.964285714285715 3.1421249999999996
36.0 3.1421249999999996
36.035714285714285 3.135
36.07142857142857 3.1314374999999997
36.107142857142854 3.1314374999999997
36.142857142857146 3.1314374999999997
36.17857142857143 3.1314374999999997
36.214285714285715 3.135
36.25 3.135
36.285714285714285 3.135
36.32142857142857 3.135
36.357142857142854 3.135
36.392857142857146 3.135
36.42857142857143 3.135
36.464285714285715 3.1314374999999997
36.5 3.1314374999999997
36.535714285714285 3.135
36.57142857142857 3.135
36.607142857142854 3.135
36.642857142857146 3.135
36.67857142857143 3.135
36.714285714285715 3.1314374999999997
36.75 3.135
36.785714285714285 3.1314374999999997
36.82142857142857 3.135
36.857142857142854 3.135
36.892857142857146 3.135
36.92857142857143 3.1314374999999997
37.214285714285715 3.113625
37.25 3.1813124999999998
37.285714285714285 3.170625
37.32142857142857 3.1670624999999997
37.357142857142854 3.1670624999999997
37.392857142857146 3.1670624999999997
37.42857142857143 3.170625
37.464285714285715 3.1670624999999997
37.5 3.1670624999999997
37.535714285714285 3.1670624999999997
37.57142857142857 3.170625
37.607142857142854 3.1670624999999997
37.642857142857146 3.1670624999999997
37.67857142857143 3.1670624999999997
37.714285714285715 3.1670624999999997
37.75 3.1670624999999997
37.785714285714285 3.170625
37.82142857142857 3.1670624999999997
37.857142857142854 3.1670624999999997
37.892857142857146 3.1670624999999997
37.92857142857143 3.170625
37.964285714285715 3.170625
38.0 3.170625
38.035714285714285 3.170625
38.07142857142857 3.170625
38.107142857142854 3.1670624999999997
38.142857142857146 3.1670624999999997
38.17857142857143 3.1670624999999997
38.464285714285715 3.1100624999999997
38.5 3.2026874999999997
38.535714285714285 3.1884374999999996
38.57142857142857 3.1884374999999996
38.607142857142854 3.184875
38.642857142857146 3.1884374999999996
38.67857142857143 3.1884374999999996
38.714285714285715 3.184875
38.75 3.1884374999999996
38.785714285714285 3.184875
38.82142857142857 3.1884374999999996
38.857142857142854 3.1884374999999996
38.892857142857146 3.1884374999999996
38.92857142857143 3.1884374999999996
38.964285714285715 3.1884374999999996
39.0 3.184875
39.035714285714285 3.184875
39.07142857142857 3.184875
39.107142857142854 3.184875
39.142857142857146 3.184875
39.17857142857143 3.184875
39.214285714285715 3.184875
39.25 3.184875
39.285714285714285 3.184875
39.32142857142857 3.184875
39.357142857142854 3.184875
39.392857142857146 3.184875
39.42857142857143 3.184875
39.714285714285715 3.113625
39.75 3.2098125
39.785714285714285 3.20625
39.82142857142857 3.2026874999999997
39.857142857142854 3.20625
39.892857142857146 3.2026874999999997
