0.03571428571428571 2.2380781250000004
0.07142857142857142 2.2380781250000004
0.10714285714285714 2.2380781250000004
0.14285714285714285 2.2380781250000004
0.17857142857142858 2.2380781250000004
0.4642857142857143 2.2841875000000003
0.5 2.280640625
0.5357142857142857 2.27709375
0.5714285714285714 2.27709375
0.6071428571428571 2.27709375
0.6428571428571429 2.27709375
0.6785714285714286 2.27709375
0.7142857142857143 2.27709375
0.75 2.27709375
0.7857142857142857 2.27709375
0.8214285714285714 2.27709375
0.8571428571428571 2.27709375
0.8928571428571429 2.27709375
0.9285714285714286 2.27709375
0.9642857142857143 2.27709375
1.0 2.27709375
1.0357142857142858 2.27709375
1.0714285714285714 2.27709375
1.1071428571428572 2.27709375
1.1428571428571428 2.27709375
1.1785714285714286 2.27709375
1.2142857142857142 2.27709375
1.25 2.27709375
1.2857142857142858 2.27709375
1.5714285714285714 2.2558125
1.6071428571428572 2.323203125
1.6428571428571428 2.3161093750000004
1.6785714285714286 2.3161093750000004
1.7142857142857142 2.3125625000000003
1.75 2.3125625000000003
1.7857142857142858 2.3125625000000003
1.8214285714285714 2.3125625000000003
1.8571428571428572 2.3125625000000003
1.8928571428571428 2.3125625000000003
1.9285714285714286 2.3125625000000003
1.9642857142857142 2.3125625000000003
2.0 2.3125625000000003
2.0357142857142856 2.3125625000000003
2.0714285714285716 2.3125625000000003
2.107142857142857 2.3125625000000003
2.142857142857143 2.3125625000000003
2.1785714285714284 2.3125625000000003
2.2142857142857144 2.3125625000000003
2.25 2.3125625000000003
2.2857142857142856 2.3125625000000003
2.3214285714285716 2.3125625000000003
2.357142857142857 2.3125625000000003
2.392857142857143 2.3125625000000003
2.4285714285714284 2.3125625000000003
2.7142857142857144 2.3657656250000003
2.75 2.358671875
2.7857142857142856 2.355125
2.8214285714285716 2.351578125
2.857142857142857 2.351578125
2.892857142857143 2.351578125
2.9285714285714284 2.351578125
2.9642857142857144 2.351578125
3.0 2.351578125
3.0357142857142856 2.351578125
3.0714285714285716 2.351578125
3.107142857142857 2.351578125
3.142857142857143 2.351578125
3.1785714285714284 2.351578125
3.2142857142857144 2.351578125
3.25 2.351578125
3.2857142857142856 2.351578125
3.3214285714285716 2.351578125
3.357142857142857 2.351578125
3.392857142857143 2.351578125
3.4285714285714284 2.351578125
3.4642857142857144 2.351578125
3.5 2.351578125
3.5357142857142856 2.351578125
3.8214285714285716 2.3905937500000003
3.857142857142857 2.379953125
3.892857142857143 2.3728593750000004
3.9285714285714284 2.3728593750000004
3.9642857142857144 2.3728593750000004
4.0 2.3728593750000004
4.035714285714286 2.3728593750000004
4.071428571428571 2.3728593750000004
4.107142857142857 2.3728593750000004
4.142857142857143 2.3728593750000004
4.178571428571429 2.3728593750000004
4.214285714285714 2.3728593750000004
4.25 2.3693125000000004
4.285714285714286 2.3693125000000004
4.321428571428571 2.3693125000000004
4.357142857142857 2.3693125000000004
4.392857142857143 2.3693125000000004
4.428571428571429 2.3693125000000004
4.464285714285714 2.3693125000000004
4.5 2.3693125000000004
4.535714285714286 2.3693125000000004
4.571428571428571 2.3693125000000004
4.607142857142857 2.3693125000000004
4.642857142857143 2.3693125000000004
4.928571428571429 2.34803125
4.964285714285714 2.408328125
5.0 2.401234375
5.035714285714286 2.3976875000000004
5.071428571428571 2.3976875000000004
5.107142857142857 2.3976875000000004
5.142857142857143 2.3976875000000004
5.178571428571429 2.3976875000000004
5.214285714285714 2.3976875000000004
5.25 2.3976875000000004
5.285714285714286 2.3976875000000004
5.321428571428571 2.3976875000000004
5.357142857142857 2.3976875000000004
5.392857142857143 2.3976875000000004
5.428571428571429 2.3976875000000004
5.464285714285714 2.3976875000000004
5.5 2.3976875000000004
5.535714285714286 2.3976875000000004
5.571428571428571 2.3976875000000004
5.607142857142857 2.3976875000000004
5.642857142857143 2.3976875000000004
5.678571428571429 2.3976875000000004
5.714285714285714 2.3976875000000004
5.75 2.3976875000000004
6.035714285714286 2.3373906250000003
6.071428571428571 2.411875
6.107142857142857 2.40478125
6.142857142857143 2.40478125
6.178571428571429 2.40478125
6.214285714285714 2.40478125
6.25 2.40478125
6.285714285714286 2.40478125
6.321428571428571 2.40478125
6.357142857142857 2.40478125
6.392857142857143 2.40478125
6.428571428571429 2.40478125
6.464285714285714 2.40478125
6.5 2.40478125
6.535714285714286 2.40478125
6.571428571428571 2.40478125
6.607142857142857 2.40478125
6.642857142857143 2.40478125
6.678571428571429 2.40478125
6.714285714285714 2.40478125
6.75 2.40478125
6.785714285714286 2.40478125
6.821428571428571 2.40478125
6.857142857142857 2.40478125
6.892857142857143 2.40478125
7.142857142857143 2.3409375000000003
7.178571428571429 2.43315625
7.214285714285714 2.4260625
7.25 2.4225156250000004
7.285714285714286 2.4225156250000004
7.321428571428571 2.4225156250000004
7.357142857142857 2.4225156250000004
7.392857142857143 2.4225156250000004
7.428571428571429 2.4189687500000003
7.464285714285714 2.4225156250000004
7.5 2.4225156250000004
7.535714285714286 2.4225156250000004
7.571428571428571 2.4225156250000004
7.607142857142857 2.4225156250000004
7.642857142857143 2.4189687500000003
7.678571428571429 2.4189687500000003
7.714285714285714 2.4189687500000003
7.75 2.4189687500000003
7.785714285714286 2.4189687500000003
7.821428571428571 2.4189687500000003
7.857142857142857 2.4189687500000003
7.892857142857143 2.4189687500000003
7.928571428571429 2.4189687500000003
7.964285714285714 2.4189687500000003
8.0 2.4189687500000003
8.285714285714286 2.4473437500000004
8.321428571428571 2.4402500000000003
8.357142857142858 2.43315625
8.392857142857142 2.43315625
8.428571428571429 2.43315625
8.464285714285714 2.43315625
8.5 2.43315625
8.535714285714286 2.43315625
8.571428571428571 2.43315625
8.607142857142858 2.43315625
8.642857142857142 2.43315625
8.678571428571429 2.43315625
8.714285714285714 2.43315625
8.75 2.43315625
8.785714285714286 2.43315625
8.821428571428571 2.43315625
8.857142857142858 2.43315625
8.892857142857142 2.43315625
8.928571428571429 2.429609375
8.964285714285714 2.43315625
9.0 2.43315625
9.035714285714286 2.43315625
9.071428571428571 2.429609375
9.107142857142858 2.429609375
9.392857142857142 2.4437968750000003
9.428571428571429 2.436703125
9.464285714285714 2.43315625
9.5 2.429609375
9.535714285714286 2.429609375
9.571428571428571 2.429609375
9.607142857142858 2.429609375
9.642857142857142 2.429609375
9.678571428571429 2.429609375
9.714285714285714 2.429609375
9.75 2.429609375
9.785714285714286 2.429609375
9.821428571428571 2.429609375
9.857142857142858 2.429609375
9.892857142857142 2.429609375
9.928571428571429 2.429609375
9.964285714285714 2.429609375
10.0 2.429609375
10.035714285714286 2.429609375
10.071428571428571 2.429609375
10.107142857142858 2.429609375
10.142857142857142 2.429609375
10.178571428571429 2.429609375
10.214285714285714 2.429609375
10.5 2.4402500000000003
10.535714285714286 2.429609375
10.571428571428571 2.4260625
10.607142857142858 2.4225156250000004
10.642857142857142 2.4225156250000004
10.678571428571429 2.4225156250000004
10.714285714285714 2.4225156250000004
10.75 2.4225156250000004
10.785714285714286 2.4225156250000004
10.821428571428571 2.4225156250000004
10.857142857142858 2.4225156250000004
10.892857142857142 2.4225156250000004
10.928571428571429 2.4225156250000004
10.964285714285714 2.4225156250000004
11.0 2.4225156250000004
11.035714285714286 2.4225156250000004
11.071428571428571 2.4225156250000004
11.107142857142858 2.4225156250000004
11.142857142857142 2.4225156250000004
11.178571428571429 2.4225156250000004
11.214285714285714 2.4225156250000004
11.25 2.4225156250000004
11.285714285714286 2.4225156250000004
11.321428571428571 2.4225156250000004
11.607142857142858 2.4437968750000003
11.642857142857142 2.436703125
11.678571428571429 2.43315625
11.714285714285714 2.429609375
11.75 2.4260625
11.785714285714286 2.4260625
11.821428571428571 2.4260625
11.857142857142858 2.4260625
11.892857142857142 2.4260625
11.928571428571429 2.4260625
11.964285714285714 2.4260625
12.0 2.4260625
12.035714285714286 2.4260625
12.071428571428571 2.4260625
12.107142857142858 2.4260625
12.142857142857142 2.4260625
12.178571428571429 2.4260625
12.214285714285714 2.4260625
12.25 2.4260625
12.285714285714286 2.4260625
12.321428571428571 2.4260625
12.357142857142858 2.4260625
12.392857142857142 2.4260625
12.428571428571429 2.4260625
12.714285714285714 2.436703125
12.75 2.429609375
12.785714285714286 2.4260625
12.821428571428571 2.4225156250000004
12.857142857142858 2.4225156250000004
12.892857142857142 2.4225156250000004
12.928571428571429 2.4225156250000004
12.964285714285714 2.4225156250000004
13.0 2.4225156250000004
13.035714285714286 2.4225156250000004
13.071428571428571 2.4225156250000004
13.107142857142858 2.4225156250000004
13.142857142857142 2.4225156250000004
13.178571428571429 2.4225156250000004
13.214285714285714 2.4225156250000004
13.25 2.4225156250000004
13.285714285714286 2.4225156250000004
13.321428571428571 2.4225156250000004
13.357142857142858 2.4225156250000004
13.392857142857142 2.4225156250000004
13.428571428571429 2.4225156250000004
13.464285714285714 2.4225156250000004
13.5 2.4225156250000004
13.535714285714286 2.4225156250000004
13.821428571428571 2.43315625
13.857142857142858 2.4260625
13.892857142857142 2.4189687500000003
13.928571428571429 2.4189687500000003
13.964285714285714 2.4189687500000003
14.0 2.4189687500000003
14.035714285714286 2.4189687500000003
14.071428571428571 2.4189687500000003
14.107142857142858 2.4189687500000003
14.142857142857142 2.4189687500000003
14.178571428571429 2.4189687500000003
14.214285714285714 2.4189687500000003
14.25 2.4189687500000003
14.285714285714286 2.4189687500000003
14.321428571428571 2.4189687500000003
14.357142857142858 2.4189687500000003
14.392857142857142 2.4189687500000003
14.428571428571429 2.4189687500000003
14.464285714285714 2.4154218750000003
14.5 2.4154218750000003
14.535714285714286 2.4189687500000003
14.571428571428571 2.4189687500000003
14.607142857142858 2.4189687500000003
14.642857142857142 2.4189687500000003
14.964285714285714 2.4260625
15.0 2.4154218750000003
15.035714285714286 2.411875
15.071428571428571 2.411875
15.107142857142858 2.411875
15.142857142857142 2.411875
15.178571428571429 2.411875
15.214285714285714 2.411875
15.25 2.411875
15.285714285714286 2.411875
15.321428571428571 2.411875
15.357142857142858 2.411875
15.392857142857142 2.411875
15.428571428571429 2.411875
15.464285714285714 2.411875
15.5 2.411875
15.535714285714286 2.411875
15.571428571428571 2.411875
15.607142857142858 2.411875
15.642857142857142 2.411875
15.678571428571429 2.411875
15.714285714285714 2.411875
15.75 2.411875
16.071428571428573 2.43315625
16.107142857142858 2.4225156250000004
16.142857142857142 2.4189687500000003
16.178571428571427 2.4189687500000003
16.214285714285715 2.4189687500000003
16.25 2.4189687500000003
16.285714285714285 2.4189687500000003
16.321428571428573 2.4189687500000003
16.357142857142858 2.4189687500000003
16.392857142857142 2.4189687500000003
16.428571428571427 2.4189687500000003
16.464285714285715 2.4189687500000003
16.5 2.4189687500000003
16.535714285714285 2.4189687500000003
16.571428571428573 2.4189687500000003
16.607142857142858 2.4189687500000003
16.642857142857142 2.4189687500000003
16.678571428571427 2.4189687500000003
16.714285714285715 2.4189687500000003
16.75 2.4189687500000003
16.785714285714285 2.4189687500000003
16.821428571428573 2.4189687500000003
16.857142857142858 2.4189687500000003
17.178571428571427 2.429609375
17.214285714285715 2.4225156250000004
17.25 2.411875
17.285714285714285 2.411875
17.321428571428573 2.411875
17.357142857142858 2.411875
17.392857142857142 2.411875
17.428571428571427 2.411875
17.464285714285715 2.411875
17.5 2.411875
17.535714285714285 2.411875
17.571428571428573 2.4154218750000003
17.607142857142858 2.411875
17.642857142857142 2.4154218750000003
17.678571428571427 2.411875
17.714285714285715 2.411875
17.75 2.411875
17.785714285714285 2.411875
17.821428571428573 2.411875
17.857142857142858 2.411875
17.892857142857142 2.411875
17.928571428571427 2.411875
17.964285714285715 2.411875
18.25 2.3161093750000004
18.285714285714285 2.4189687500000003
18.321428571428573 2.411875
18.357142857142858 2.408328125
18.392857142857142 2.408328125
18.428571428571427 2.408328125
18.464285714285715 2.408328125
18.5 2.408328125
18.535714285714285 2.408328125
18.571428571428573 2.408328125
18.607142857142858 2.408328125
18.642857142857142 2.408328125
18.678571428571427 2.408328125
18.714285714285715 2.408328125
18.75 2.408328125
18.785714285714285 2.408328125
18.821428571428573 2.408328125
18.857142857142858 2.408328125
18.892857142857142 2.408328125
18.928571428571427 2.408328125
18.964285714285715 2.408328125
19.0 2.408328125
19.035714285714285 2.408328125
19.071428571428573 2.408328125
19.107142857142858 2.408328125
19.392857142857142 2.429609375
19.428571428571427 2.4260625
19.464285714285715 2.4189687500000003
19.5 2.4154218750000003
19.535714285714285 2.4154218750000003
19.571428571428573 2.4154218750000003
19.607142857142858 2.4154218750000003
19.642857142857142 2.4154218750000003
19.678571428571427 2.4154218750000003
19.714285714285715 2.4154218750000003
19.75 2.4154218750000003
19.785714285714285 2.4154218750000003
19.821428571428573 2.4154218750000003
19.857142857142858 2.4154218750000003
19.892857142857142 2.4154218750000003
19.928571428571427 2.4154218750000003
19.964285714285715 2.4154218750000003
20.0 2.4154218750000003
20.035714285714285 2.4154218750000003
20.071428571428573 2.4154218750000003
20.107142857142858 2.4154218750000003
20.142857142857142 2.4154218750000003
20.178571428571427 2.4154218750000003
20.214285714285715 2.4154218750000003
20.5 2.429609375
20.535714285714285 2.4225156250000004
20.571428571428573 2.4189687500000003
20.607142857142858 2.4189687500000003
20.642857142857142 2.4154218750000003
20.678571428571427 2.4154218750000003
20.714285714285715 2.4154218750000003
20.75 2.4189687500000003
20.785714285714285 2.4189687500000003
20.821428571428573 2.4189687500000003
20.857142857142858 2.4189687500000003
20.892857142857142 2.4154218750000003
20.928571428571427 2.4189687500000003
20.964285714285715 2.4189687500000003
21.0 2.4154218750000003
21.035714285714285 2.4189687500000003
21.071428571428573 2.4189687500000003
21.107142857142858 2.4189687500000003
21.142857142857142 2.4189687500000003
21.178571428571427 2.4154218750000003
21.214285714285715 2.4189687500000003
21.25 2.4154218750000003
21.285714285714285 2.4154218750000003
21.321428571428573 2.4154218750000003
21.607142857142858 2.4473437500000004
21.642857142857142 2.4437968750000003
21.678571428571427 2.4402500000000003
21.714285714285715 2.436703125
21.75 2.436703125
21.785714285714285 2.436703125
21.821428571428573 2.436703125
21.857142857142858 2.436703125
21.892857142857142 2.436703125
21.928571428571427 2.436703125
21.964285714285715 2.436703125
22.0 2.436703125
22.035714285714285 2.43315625
22.071428571428573 2.43315625
22.107142857142858 2.43315625
22.142857142857142 2.43315625
22.178571428571427 2.43315625
22.214285714285715 2.43315625
22.25 2.43315625
22.285714285714285 2.43315625
22.321428571428573 2.43315625
22.357142857142858 2.43315625
22.392857142857142 2.43315625
22.428571428571427 2.43315625
22.714285714285715 2.3976875000000004
22.75 2.4473437500000004
22.785714285714285 2.4402500000000003
22.821428571428573 2.4402500000000003
22.857142857142858 2.4402500000000003
22.892857142857142 2.4402500000000003
22.928571428571427 2.4402500000000003
22.964285714285715 2.4402500000000003
23.0 2.4402500000000003
23.035714285714285 2.4402500000000003
23.071428571428573 2.4402500000000003
23.107142857142858 2.4402500000000003
23.142857142857142 2.4402500000000003
23.178571428571427 2.4402500000000003
23.214285714285715 2.4402500000000003
23.25 2.4402500000000003
23.285714285714285 2.4402500000000003
23.321428571428573 2.4402500000000003
23.357142857142858 2.4402500000000003
23.392857142857142 2.4402500000000003
23.428571428571427 2.4402500000000003
23.464285714285715 2.4402500000000003
23.5 2.4402500000000003
23.535714285714285 2.4402500000000003
23.821428571428573 2.401234375
23.857142857142858 2.457984375
23.892857142857142 2.4544375
23.928571428571427 2.4508906250000004
23.964285714285715 2.4508906250000004
24.0 2.4508906250000004
24.035714285714285 2.4508906250000004
24.071428571428573 2.4508906250000004
24.107142857142858 2.4508906250000004
24.142857142857142 2.4508906250000004
24.178571428571427 2.4508906250000004
24.214285714285715 2.4508906250000004
24.25 2.4508906250000004
24.285714285714285 2.4508906250000004
24.321428571428573 2.4508906250000004
24.357142857142858 2.4508906250000004
24.392857142857142 2.4508906250000004
24.428571428571427 2.4508906250000004
24.464285714285715 2.4508906250000004
24.5 2.4508906250000004
24.535714285714285 2.4508906250000004
24.571428571428573 2.4508906250000004
24.607142857142858 2.4508906250000004
24.642857142857142 2.4508906250000004
24.928571428571427 2.40478125
24.964285714285715 2.4721718750000004
25.0 2.46153125
25.035714285714285 2.4544375
25.071428571428573 2.4544375
25.107142857142858 2.4544375
25.142857142857142 2.4544375
25.178571428571427 2.4544375
25.214285714285715 2.4544375
25.25 2.4544375
25.285714285714285 2.4544375
25.321428571428573 2.4544375
25.357142857142858 2.4544375
25.392857142857142 2.4544375
25.428571428571427 2.4544375
25.464285714285715 2.4544375
25.5 2.4544375
25.535714285714285 2.4544375
25.571428571428573 2.4544375
25.607142857142858 2.4544375
25.642857142857142 2.4544375
25.678571428571427 2.4544375
25.714285714285715 2.4544375
25.75 2.4544375
26.035714285714285 2.401234375
26.071428571428573 2.4721718750000004
26.107142857142858 2.4650781250000002
26.142857142857142 2.46153125
26.178571428571427 2.46153125
26.214285714285715 2.46153125
26.25 2.46153125
26.285714285714285 2.46153125
26.321428571428573 2.46153125
26.357142857142858 2.46153125
26.392857142857142 2.46153125
26.428571428571427 2.46153125
26.464285714285715 2.46153125
26.5 2.46153125
26.535714285714285 2.46153125
26.571428571428573 2.46153125
26.607142857142858 2.46153125
26.642857142857142 2.46153125
26.678571428571427 2.46153125
26.714285714285715 2.46153125
26.75 2.46153125
26.785714285714285 2.46153125
26.821428571428573 2.46153125
26.857142857142858 2.46153125
26.892857142857142 2.46153125
27.142857142857142 2.3905937500000003
27.178571428571427 2.5005468750000004
27.214285714285715 2.5005468750000004
27.25 2.4934531250000003
27.285714285714285 2.48990625
27.321428571428573 2.48990625
27.357142857142858 2.48990625
27.392857142857142 2.48990625
27.428571428571427 2.48990625
27.464285714285715 2.48990625
27.5 2.48990625
27.535714285714285 2.48990625
27.571428571428573 2.48990625
27.607142857142858 2.48990625
27.642857142857142 2.48990625
27.678571428571427 2.48990625
27.714285714285715 2.48990625
27.75 2.48990625
27.785714285714285 2.48990625
27.821428571428573 2.48990625
27.857142857142858 2.48990625
27.892857142857142 2.48990625
27.928571428571427 2.48990625
27.964285714285715 2.48990625
28.0 2.48990625
28.285714285714285 2.5218281250000003
28.321428571428573 2.5182812500000002
28.357142857142858 2.5111875
28.392857142857142 2.507640625
28.428571428571427 2.50409375
28.464285714285715 2.50409375
28.5 2.50409375
28.535714285714285 2.50409375
28.571428571428573 2.50409375
28.607142857142858 2.507640625
28.642857142857142 2.50409375
28.678571428571427 2.50409375
28.714285714285715 2.507640625
28.75 2.507640625
28.785714285714285 2.50409375
28.821428571428573 2.50409375
28.857142857142858 2.50409375
28.892857142857142 2.50409375
28.928571428571427 2.50409375
28.964285714285715 2.50409375
29.0 2.50409375
29.035714285714285 2.50409375
29.071428571428573 2.50409375
29.107142857142858 2.50409375
29.392857142857142 2.536015625
29.428571428571427 2.53246875
29.464285714285715 2.5253750000000004
29.5 2.5218281250000003
29.535714285714285 2.5182812500000002
29.571428571428573 2.5182812500000002
29.607142857142858 2.5182812500000002
29.642857142857142 2.5182812500000002
29.678571428571427 2.5182812500000002
29.714285714285715 2.5182812500000002
29.75 2.5182812500000002
29.785714285714285 2.5182812500000002
29.821428571428573 2.5182812500000002
29.857142857142858 2.5182812500000002
29.892857142857142 2.5182812500000002
29.928571428571427 2.5182812500000002
29.964285714285715 2.5182812500000002
30.0 2.5182812500000002
30.035714285714285 2.5182812500000002
30.071428571428573 2.5182812500000002
30.107142857142858 2.5182812500000002
30.142857142857142 2.5182812500000002
30.178571428571427 2.5182812500000002
30.214285714285715 2.5182812500000002
30.5 2.53246875
30.535714285714285 2.5289218750000004
30.571428571428573 2.5182812500000002
30.607142857142858 2.5111875
30.642857142857142 2.5111875
30.678571428571427 2.5111875
30.714285714285715 2.5111875
30.75 2.5111875
30.785714285714285 2.5111875
30.821428571428573 2.5111875
30.857142857142858 2.5111875
30.892857142857142 2.5111875
30.928571428571427 2.5111875
30.964285714285715 2.5111875
31.0 2.5111875
31.035714285714285 2.5111875
31.071428571428573 2.5111875
31.107142857142858 2.5111875
31.142857142857142 2.5111875
31.178571428571427 2.5111875
31.214285714285715 2.5111875
31.25 2.5111875
31.285714285714285 2.5111875
31.321428571428573 2.5111875
31.607142857142858 2.4828125
31.642857142857142 2.5502031250000003
31.678571428571427 2.5466562500000003
31.714285714285715 2.5395625
31.75 2.5395625
31.785714285714285 2.5395625
31.821428571428573 2.5395625
31.857142857142858 2.5395625
31.892857142857142 2.5395625
31.928571428571427 2.5395625
31.964285714285715 2.5395625
32.0 2.5395625
32.035714285714285 2.5395625
32.07142857142857 2.5395625
32.107142857142854 2.5395625
32.142857142857146 2.5395625
32.17857142857143 2.5395625
32.214285714285715 2.5395625
32.25 2.5395625
32.285714285714285 2.5395625
32.32142857142857 2.5395625
32.357142857142854 2.5395625
32.392857142857146 2.5395625
32.42857142857143 2.5395625
32.464285714285715 2.5395625
32.75 2.5785781250000004
32.785714285714285 2.5785781250000004
32.82142857142857 2.5714843750000003
32.857142857142854 2.5679375
32.892857142857146 2.564390625
32.92857142857143 2.564390625
32.964285714285715 2.564390625
33.0 2.564390625
33.035714285714285 2.564390625
33.07142857142857 2.564390625
33.107142857142854 2.564390625
33.142857142857146 2.564390625
33.17857142857143 2.564390625
33.214285714285715 2.5679375
33.25 2.564390625
33.285714285714285 2.564390625
33.32142857142857 2.564390625
33.357142857142854 2.564390625
33.392857142857146 2.564390625
33.42857142857143 2.564390625
33.464285714285715 2.564390625
33.5 2.564390625
33.535714285714285 2.564390625
33.57142857142857 2.564390625
33.857142857142854 2.6069531250000004
33.892857142857146 2.6069531250000004
33.92857142857143 2.5963125000000002
33.964285714285715 2.592765625
34.0 2.592765625
34.035714285714285 2.592765625
34.07142857142857 2.592765625
34.107142857142854 2.592765625
34.142857142857146 2.592765625
34.17857142857143 2.592765625
34.214285714285715 2.592765625
34.25 2.592765625
34.285714285714285 2.592765625
34.32142857142857 2.592765625
34.357142857142854 2.592765625
34.392857142857146 2.592765625
34.42857142857143 2.58921875
34.464285714285715 2.58921875
34.5 2.58921875
34.535714285714285 2.58921875
34.57142857142857 2.58921875
34.607142857142854 2.58921875
34.642857142857146 2.58921875
34.67857142857143 2.58921875
35.0 2.592765625
35.035714285714285 2.5821250000000004
35.07142857142857 2.5821250000000004
35.107142857142854 2.5785781250000004
35.142857142857146 2.5785781250000004
35.17857142857143 2.5785781250000004
35.214285714285715 2.5785781250000004
35.25 2.5821250000000004
35.285714285714285 2.5821250000000004
35.32142857142857 2.5785781250000004
35.357142857142854 2.5821250000000004
35.392857142857146 2.5785781250000004
35.42857142857143 2.5785781250000004
35.464285714285715 2.5821250000000004
35.5 2.5821250000000004
35.535714285714285 2.5821250000000004
35.57142857142857 2.5821250000000004
35.607142857142854 2.5821250000000004
35.642857142857146 2.5785781250000004
35.67857142857143 2.5785781250000004
35.714285714285715 2.5821250000000004
35.75 2.5821250000000004
35.785714285714285 2.5821250000000004
36.107142857142854 2.585671875
36.142857142857146 2.5750312500000003
36.17857142857143 2.5714843750000003
36.214285714285715 2.5714843750000003
36.25 2.5714843750000003
36.285714285714285 2.5714843750000003
36.32142857142857 2.5714843750000003
36.357142857142854 2.5714843750000003
36.392857142857146 2.5714843750000003
36.42857142857143 2.5714843750000003
36.464285714285715 2.5714843750000003
36.5 2.5714843750000003
36.535714285714285 2.5714843750000003
36.57142857142857 2.5714843750000003
36.607142857142854 2.5714843750000003
36.642857142857146 2.5714843750000003
36.67857142857143 2.5714843750000003
36.714285714285715 2.5714843750000003
36.75 2.5714843750000003
36.785714285714285 2.5714843750000003
36.82142857142857 2.5714843750000003
36.857142857142854 2.5714843750000003
36.892857142857146 2.5714843750000003
36.92857142857143 2.5714843750000003
37.214285714285715 2.585671875
37.25 2.5714843750000003
37.285714285714285 2.5679375
37.32142857142857 2.5679375
37.357142857142854 2.564390625
37.392857142857146 2.564390625
37.42857142857143 2.5679375
37.464285714285715 2.564390625
37.5 2.5679375
37.535714285714285 2.564390625
37.57142857142857 2.5679375
37.607142857142854 2.5679375
37.642857142857146 2.564390625
37.67857142857143 2.564390625
37.714285714285715 2.5679375
37.75 2.564390625
37.785714285714285 2.5679375
37.82142857142857 2.5679375
37.857142857142854 2.5679375
37.892857142857146 2.5679375
37.92857142857143 2.5679375
37.964285714285715 2.5679375
38.0 2.5679375
38.035714285714285 2.564390625
38.32142857142857 2.5821250000000004
38.357142857142854 2.5714843750000003
38.392857142857146 2.5679375
38.42857142857143 2.5679375
38.464285714285715 2.5679375
38.5 2.5679375
38.535714285714285 2.564390625
38.57142857142857 2.5679375
38.607142857142854 2.5679375
38.642857142857146 2.5679375
38.67857142857143 2.5679375
38.714285714285715 2.5679375
38.75 2.564390625
38.785714285714285 2.564390625
38.82142857142857 2.5679375
38.857142857142854 2.5679375
38.892857142857146 2.564390625
38.92857142857143 2.564390625
38.964285714285715 2.564390625
39.0 2.564390625
39.035714285714285 2.564390625
39.07142857142857 2.564390625
39.107142857142854 2.5679375
39.142857142857146 2.564390625
39.42857142857143 2.585671875
39.464285714285715 2.5750312500000003
39.5 2.5679375
39.535714285714285 2.5679375
39.57142857142857 2.5679375
39.607142857142854 2.5679375
39.642857142857146 2.5679375
39.67857142857143 2.5679375
39.714285714285715 2.5679375
39.75 2.5679375
39.785714285714285 2.5679375
39.82142857142857 2.5679375
39.857142857142854 2.5679375
39.892857142857146 2.5679375
39.92857142857143 2.5679375
